field_vs_time
----------------------------------
0	-281.0304
1.44E-09	-957.5852
2.97E-09	-1478.012
4.41E-09	-3247.4629
5.95E-09	-4444.4444
7.48E-09	-6682.2795
8.92E-09	-8972.1572
1.05E-08	-10013.0107
1.20E-08	-12615.1444
1.34E-08	-13239.6565
1.50E-08	-16466.3024
1.64E-08	-19276.6068
1.79E-08	-21150.1431
1.95E-08	-26562.5813
2.09E-08	-32391.3609
2.24E-08	-35618.0068
2.40E-08	-41394.7437
2.54E-08	-44673.4322
2.70E-08	-50398.1265
2.85E-08	-55498.3086
2.99E-08	-57892.2717
3.15E-08	-62315.899
3.29E-08	-67572.2092
3.44E-08	-70278.4283
3.60E-08	-76003.1226
3.74E-08	-78605.2563
3.90E-08	-84381.9932
4.05E-08	-90418.9435
4.19E-08	-92604.7359
4.35E-08	-98901.8996
4.50E-08	-105563.362
4.64E-08	-107488.9409
4.80E-08	-112224.8244
4.94E-08	-115191.2568
5.09E-08	-120187.3536
5.25E-08	-125495.7065
5.39E-08	-127837.6269
5.55E-08	-132157.1689
5.70E-08	-137153.2657
5.84E-08	-138766.5886
6.00E-08	-143138.1733
6.15E-08	-146833.2032
6.29E-08	-148134.2701
6.45E-08	-151256.8306
6.59E-08	-152401.7695
6.74E-08	-154171.2204
6.90E-08	-155420.2446
7.04E-08	-155940.6714
7.20E-08	-157189.6956
7.35E-08	-156981.5249
7.49E-08	-156721.3115
7.65E-08	-155888.6287
7.79E-08	-155212.0739
7.94E-08	-153494.6656
8.10E-08	-151881.3427
8.24E-08	-151048.6599
8.39E-08	-150163.9344
8.55E-08	-149279.209
8.69E-08	-148810.8249
8.85E-08	-148966.9529
9.00E-08	-149071.0383
9.14E-08	-149227.1663
9.30E-08	-148706.7395
9.44E-08	-148966.9529
9.59E-08	-149643.5077
9.75E-08	-149955.7637
9.89E-08	-150580.2758
1.00E-07	-150372.1051
1.02E-07	-150163.9344
1.03E-07	-150111.8918
1.05E-07	-149487.3797
1.06E-07	-149018.9956
1.08E-07	-148290.3981
1.09E-07	-148238.3555
1.11E-07	-148238.3555
1.12E-07	-148238.3555
1.14E-07	-148550.6115
1.15E-07	-149331.2516
1.17E-07	-150215.9771
1.18E-07	-150476.1905
1.20E-07	-150944.5746
1.21E-07	-151152.7453
1.23E-07	-151152.7453
1.24E-07	-151152.7453
1.26E-07	-151100.7026
1.27E-07	-151100.7026
1.29E-07	-151152.7453
1.30E-07	-151152.7453
1.32E-07	-151152.7453
1.33E-07	-151152.7453
1.35E-07	-151100.7026
1.36E-07	-151048.6599
1.38E-07	-150892.5319
1.39E-07	-150684.3612
1.41E-07	-150632.3185
1.42E-07	-150632.3185
1.44E-07	-150215.9771
1.45E-07	-150163.9344
1.47E-07	-150111.8918
1.48E-07	-150111.8918
1.50E-07	-150111.8918
1.51E-07	-150163.9344
1.53E-07	-150215.9771
1.54E-07	-150424.1478
1.56E-07	-150580.2758
1.57E-07	-150163.9344
1.59E-07	-150163.9344
1.60E-07	-150163.9344
1.62E-07	-150163.9344
1.63E-07	-150163.9344
1.65E-07	-150163.9344
1.66E-07	-150111.8918
1.68E-07	-149435.337
1.69E-07	-149227.1663
1.71E-07	-149383.2943
1.72E-07	-149175.1236
1.74E-07	-148966.9529
1.75E-07	-148290.3981
1.77E-07	-148238.3555
1.78E-07	-148238.3555
1.80E-07	-148186.3128
1.81E-07	-147249.5446
1.83E-07	-146833.2032
1.85E-07	-146260.7338
1.86E-07	-146260.7338
1.87E-07	-146260.7338
1.89E-07	-146260.7338
1.90E-07	-146260.7338
1.92E-07	-146260.7338
1.93E-07	-146260.7338
1.95E-07	-146260.7338
1.96E-07	-146260.7338
1.98E-07	-146260.7338
1.99E-07	-146208.6911
2.01E-07	-145584.179
2.02E-07	-145219.8803
2.04E-07	-144283.1122
2.05E-07	-143086.1306
2.07E-07	-142773.8746
2.08E-07	-142097.3198
2.10E-07	-141420.765
2.11E-07	-140171.7408
2.11E-07	-137309.3937
2.13E-07	-138090.0338
2.14E-07	-136372.6256
2.16E-07	-133302.1077
2.17E-07	-130752.0167
2.19E-07	-129346.8644
2.20E-07	-126068.1759
2.22E-07	-124663.0237
2.23E-07	-120083.2683
2.25E-07	-119979.1829
2.25E-07	-115295.3422
2.26E-07	-112120.739
2.28E-07	-107749.1543
2.30E-07	-102909.1855
2.31E-07	-100307.0518
2.32E-07	-95675.2537
2.34E-07	-93749.6747
2.35E-07	-88493.3646
2.37E-07	-83965.6518
2.38E-07	-81103.3047
2.40E-07	-76471.5066
2.41E-07	-70798.8551
2.43E-07	-67676.2946
2.44E-07	-62367.9417
2.46E-07	-57788.1863
2.47E-07	-55602.394
2.49E-07	-50710.3825
2.50E-07	-48264.3768
2.52E-07	-43476.4507
2.53E-07	-39052.8233
2.55E-07	-36294.5615
2.56E-07	-32859.745
2.58E-07	-30101.4832
2.59E-07	-27915.6909
2.61E-07	-24637.0023
2.62E-07	-23856.3622
2.64E-07	-21878.7406
2.65E-07	-20369.503
2.67E-07	-19692.9482
2.68E-07	-18860.2654
2.70E-07	-17559.1985
2.71E-07	-16986.7291
2.73E-07	-15529.5342
2.74E-07	-14905.0221
2.76E-07	-14592.7661
2.77E-07	-14020.2966
2.79E-07	-13916.2113
2.80E-07	-13916.2113
2.82E-07	-13864.1686
2.83E-07	-13864.1686
2.85E-07	-13603.9552
2.86E-07	-13291.6992
2.88E-07	-12511.0591
2.89E-07	-12406.9737
2.91E-07	-12406.9737
2.92E-07	-12354.931
2.94E-07	-11522.2482
2.95E-07	-11105.9068
2.97E-07	-10741.6081
2.98E-07	-10481.3947
3.00E-07	-9856.8826
3.01E-07	-9232.3705
3.03E-07	-9232.3705
3.04E-07	-9180.3279
3.06E-07	-8347.6451
3.07E-07	-8035.389
3.09E-07	-7723.133
3.10E-07	-7723.133
3.12E-07	-7723.133
3.13E-07	-7567.0049
3.15E-07	-7254.7489
3.16E-07	-6890.4502
3.18E-07	-6422.0661
3.19E-07	-6109.81
3.21E-07	-5433.2553
3.22E-07	-5173.0419
3.24E-07	-4548.5298
3.25E-07	-4548.5298
3.27E-07	-4548.5298
3.28E-07	-4548.5298
3.30E-07	-4548.5298
3.31E-07	-4548.5298
3.33E-07	-4548.5298
3.34E-07	-4548.5298
3.36E-07	-4288.3164
3.37E-07	-3767.8897
3.39E-07	-3507.6763
3.40E-07	-3507.6763
3.42E-07	-3403.5909
3.43E-07	-3091.3349
3.45E-07	-3091.3349
3.46E-07	-3039.2922
3.48E-07	-3039.2922
3.49E-07	-2883.1642
3.51E-07	-2570.9081
3.53E-07	-2206.6094
3.54E-07	-2258.6521
3.55E-07	-2310.6948
3.57E-07	-2362.7374
3.58E-07	-2206.6094
3.60E-07	-1842.3107
3.61E-07	-1478.012
3.63E-07	-1425.9693
3.64E-07	-1373.9266
3.66E-07	-1321.8839
3.67E-07	-1373.9266
3.69E-07	-1373.9266
3.70E-07	-1373.9266
----------------------------------
