BOLSIG+ version: 03/2016
Collision input data:
--------------------------------------------------
N2                                                              
NO.txt
--------------------------------------------------
O2                                                              
NO.txt
--------------------------------------------------
NO                                                              
NO.txt
 
 
 
 Transport coefficients
A1     Mean energy (eV)                                                
A2     Mobility *N (1/m/V/s)                                           
A6     Diffusion coefficient *N (1/m/s)                                
A11    Energy mobility *N (1/m/V/s)                                    
A12    Energy diffusion coef. D*N (1/m/s)                              
A13    Total collision freq. /N (m3/s)                                 
A14    Momentum frequency /N (m3/s)                                    
A16    Total ionization freq. /N (m3/s)                                
A17    Total attachment freq. /N (m3/s)                                
A18    Townsend ioniz. coef. alpha/N (m2)                              
A19    Townsend attach. coef. eta/N (m2)                               
A20    Power /N (eV m3/s)                                              
A21    Elastic power loss /N (eV m3/s)                                 
A22    Inelastic power loss /N (eV m3/s)                               
A23    Growth power /N (eV m3/s)                                       
A27    Maximum energy                                                  
A28    # of iterations                                                 
A29    # of grid trials                                                
          R#    E/N (Td)      A1          A2          A6         A11         A12         A13         A14         A16         A17         A18         A19         A20         A21         A22         A23         A27         A28         A29    
           1   1.000      0.4040      0.1494E+25  0.5006E+24  0.2242E+25  0.5595E+24  0.8697E-13  0.1177E-12   0.000       0.000       0.000       0.000      0.1494E-17  0.1494E-17   0.000       0.000       2.666       8.000       2.000    
           2   1.277      0.4924      0.1305E+25  0.5325E+24  0.1961E+25  0.5956E+24  0.9961E-13  0.1348E-12   0.000       0.000       0.000       0.000      0.2128E-17  0.2128E-17   0.000       0.000       2.666       4.000       1.000    
           3   1.631      0.5995      0.1134E+25  0.5664E+24  0.1700E+25  0.6324E+24  0.1142E-12  0.1550E-12   0.000       0.000       0.000       0.000      0.3017E-17  0.3017E-17   0.000       0.000       3.176       8.000       2.000    
           4   2.082      0.7218      0.9728E+24  0.5985E+24  0.1446E+25  0.6622E+24  0.1309E-12  0.1808E-12   0.000       0.000       0.000       0.000      0.4218E-17  0.4218E-17   0.000       0.000       3.782       8.000       2.000    
           5   2.659      0.8510      0.8179E+24  0.6233E+24  0.1206E+25  0.6779E+24  0.1504E-12  0.2150E-12   0.000      0.1010E-26   0.000      0.4646E-30  0.5783E-17  0.5784E-17  0.4657E-26 -0.8598E-27   5.365       12.00       3.000    
           6   3.395      0.9824      0.6787E+24  0.6374E+24  0.9984E+24  0.6783E+24  0.1734E-12  0.2592E-12   0.000      0.1844E-23   0.000      0.8001E-27  0.7824E-17  0.7827E-17  0.8967E-23 -0.1811E-23   7.610       11.00       3.000    
           7   4.336       1.127      0.5662E+24  0.6430E+24  0.8403E+24  0.6713E+24  0.2015E-12  0.3107E-12   0.000      0.4375E-21   0.000      0.1782E-24  0.1064E-16  0.1065E-16  0.2265E-20 -0.4929E-21   9.064       8.000       2.000    
           8   5.537       1.326      0.4890E+24  0.6513E+24  0.7457E+24  0.6852E+24  0.2360E-12  0.3597E-12  0.8260E-29  0.1985E-19  0.3051E-32  0.7330E-23  0.1499E-16  0.1491E-16  0.1095E-18 -0.2632E-19   12.85       12.00       3.000    
           9   7.070       1.650      0.4486E+24  0.6870E+24  0.7101E+24  0.7707E+24  0.2744E-12  0.3921E-12  0.2624E-24  0.2440E-18  0.8273E-28  0.7692E-22  0.2242E-16  0.2141E-16  0.1423E-17 -0.4025E-18   15.28       10.00       2.000    
          10   9.028       2.128      0.4305E+24  0.7676E+24  0.6926E+24  0.9353E+24  0.3098E-12  0.4086E-12  0.2279E-21  0.1188E-17  0.5864E-25  0.3056E-21  0.3509E-16  0.3036E-16  0.7259E-17 -0.2527E-17   18.15       12.00       2.000    
          11   11.53       2.807      0.4133E+24  0.8980E+24  0.6546E+24  0.1157E+25  0.3423E-12  0.4255E-12  0.1992E-19  0.3202E-17  0.4180E-23  0.6720E-21  0.5494E-16  0.4332E-16  0.2056E-16 -0.8932E-17   21.54       14.00       2.000    
          12   14.72       3.714      0.3867E+24  0.1066E+25  0.5938E+24  0.1390E+25  0.3752E-12  0.4549E-12  0.3450E-18  0.5612E-17  0.6060E-22  0.9858E-21  0.8381E-16  0.6250E-16  0.4087E-16 -0.1956E-16   21.54       7.000       1.000    
          13   18.80       4.512      0.3620E+24  0.1200E+25  0.5437E+24  0.1547E+25  0.4014E-12  0.4858E-12  0.1852E-17  0.6956E-17  0.2721E-21  0.1022E-20  0.1279E-15  0.8148E-16  0.6949E-16 -0.2303E-16   25.55       12.00       2.000    
          14   24.01       5.002      0.3476E+24  0.1273E+25  0.5148E+24  0.1631E+25  0.4171E-12  0.5060E-12  0.5207E-17  0.7295E-17  0.6241E-21  0.8742E-21  0.2003E-15  0.9455E-16  0.1162E-15 -0.1044E-16   25.55       5.000       1.000    
          15   30.65       5.324      0.3388E+24  0.1315E+25  0.4970E+24  0.1683E+25  0.4277E-12  0.5191E-12  0.1097E-16  0.7313E-17  0.1056E-20  0.7041E-21  0.3184E-15  0.1039E-15  0.1951E-15  0.1947E-16   30.30       12.00       2.000    
          16   39.15       5.583      0.3319E+24  0.1348E+25  0.4842E+24  0.1722E+25  0.4365E-12  0.5299E-12  0.2022E-16  0.7274E-17  0.1556E-20  0.5598E-21  0.5086E-15  0.1117E-15  0.3247E-15  0.7228E-16   30.30       7.000       1.000    
          17   49.99       5.831      0.3254E+24  0.1378E+25  0.4735E+24  0.1757E+25  0.4451E-12  0.5405E-12  0.3479E-16  0.7242E-17  0.2139E-20  0.4452E-21  0.8131E-15  0.1193E-15  0.5332E-15  0.1606E-15   35.90       14.00       2.000    
          18   63.83       6.092      0.3188E+24  0.1410E+25  0.4635E+24  0.1792E+25  0.4542E-12  0.5517E-12  0.5761E-16  0.7229E-17  0.2831E-20  0.3552E-21  0.1299E-14  0.1274E-15  0.8646E-15  0.3070E-15   35.90       7.000       1.000    
          19   81.51       6.383      0.3119E+24  0.1445E+25  0.4537E+24  0.1830E+25  0.4641E-12  0.5640E-12  0.9321E-16  0.7232E-17  0.3667E-20  0.2845E-21  0.2072E-14  0.1365E-15  0.1387E-14  0.5488E-15   42.53       16.00       2.000    
          20   104.1       6.713      0.3045E+24  0.1485E+25  0.4437E+24  0.1872E+25  0.4752E-12  0.5776E-12  0.1485E-15  0.7244E-17  0.4685E-20  0.2286E-21  0.3299E-14  0.1470E-15  0.2204E-14  0.9482E-15   42.53       8.000       1.000    
          21   132.9       7.096      0.2966E+24  0.1531E+25  0.4331E+24  0.1920E+25  0.4875E-12  0.5930E-12  0.2338E-15  0.7255E-17  0.5931E-20  0.1840E-21  0.5240E-14  0.1593E-15  0.3473E-14  0.1608E-14   50.36       16.00       2.000    
          22   169.7       7.541      0.2881E+24  0.1582E+25  0.4218E+24  0.1975E+25  0.5013E-12  0.6106E-12  0.3647E-15  0.7247E-17  0.7458E-20  0.1482E-21  0.8299E-14  0.1741E-15  0.5429E-14  0.2695E-14   59.62       16.00       2.000    
          23   216.7       8.061      0.2789E+24  0.1640E+25  0.4098E+24  0.2040E+25  0.5168E-12  0.6306E-12  0.5637E-15  0.7199E-17  0.9325E-20  0.1191E-21  0.1310E-13  0.1918E-15  0.8423E-14  0.4486E-14   70.56       16.00       2.000    
          24   276.8       8.674      0.2691E+24  0.1706E+25  0.3970E+24  0.2117E+25  0.5343E-12  0.6535E-12  0.8638E-15  0.7089E-17  0.1160E-19  0.9517E-22  0.2062E-13  0.2134E-15  0.1297E-13  0.7432E-14   70.56       8.000       1.000    
          25   353.4       9.400      0.2589E+24  0.1780E+25  0.3835E+24  0.2210E+25  0.5540E-12  0.6794E-12  0.1312E-14  0.6898E-17  0.1434E-19  0.7540E-22  0.3234E-13  0.2398E-15  0.1983E-13  0.1227E-13   83.50       16.00       2.000    
          26   451.3       10.27      0.2483E+24  0.1865E+25  0.3695E+24  0.2321E+25  0.5762E-12  0.7084E-12  0.1975E-14  0.6618E-17  0.1762E-19  0.5906E-22  0.5057E-13  0.2724E-15  0.3010E-13  0.2020E-13   116.9       23.00       3.000    
          27   576.3       11.30      0.2376E+24  0.1963E+25  0.3552E+24  0.2457E+25  0.6011E-12  0.7404E-12  0.2944E-14  0.6254E-17  0.2151E-19  0.4568E-22  0.7890E-13  0.3128E-15  0.4537E-13  0.3322E-13   138.2       14.00       2.000    
          28   735.9       12.56      0.2268E+24  0.2077E+25  0.3409E+24  0.2624E+25  0.6290E-12  0.7753E-12  0.4350E-14  0.5820E-17  0.2606E-19  0.3486E-22  0.1229E-12  0.3634E-15  0.6790E-13  0.5459E-13   163.5       14.00       2.000    
          29   939.7       14.11      0.2163E+24  0.2214E+25  0.3267E+24  0.2832E+25  0.6598E-12  0.8133E-12  0.6363E-14  0.5335E-17  0.3131E-19  0.2625E-22  0.1910E-12  0.4274E-15  0.1008E-12  0.8973E-13   193.4       14.00       2.000    
          30   1200.       16.03      0.2059E+24  0.2379E+25  0.3129E+24  0.3098E+25  0.6939E-12  0.8541E-12  0.9211E-14  0.4821E-17  0.3727E-19  0.1951E-22  0.2965E-12  0.5092E-15  0.1484E-12  0.1476E-12   270.4       20.00       3.000    
 
 
Rate coefficients (m3/s)
 C1    N2    Elastic                                             
 C2    N2    Elastic                                             
 C3    N2    Elastic                                             
 C4    N2    Ionization    15.58 eV                              
 C5    N2    Ionization    30.00 eV                              
 C6    N2    Ionization    70.00 eV                              
 C7    O2    Attachment                                          
 C8    O2    Elastic                                             
 C9    O2    Elastic                                             
 C10   O2    Elastic                                             
 C11   O2    Ionization    12.06 eV                              
 C12   O2    Ionization    23.00 eV                              
 C13   O2    Ionization    73.00 eV                              
 C14   NO    Attachment                                          
 C15   NO    Ionization    9.26 eV                               
 C16   NO    Ionization    20.10 eV                              
 C17   NO    Ionization    21.60 eV                              
 C18   NO    Ionization    40.00 eV                              
          R#    E/N (Td) Energy (eV)      C1          C2          C3          C4          C5          C6          C7          C8          C9         C10         C11         C12         C13         C14         C15         C16         C17         C18    
           1   1.000      0.4040      0.3440E-13  0.3098E-13  0.2891E-13   0.000       0.000       0.000       0.000      0.2143E-13  0.1781E-13  0.1841E-13   0.000       0.000       0.000      0.3157E-18   0.000       0.000       0.000       0.000    
           2   1.277      0.4924      0.3947E-13  0.3501E-13  0.3360E-13   0.000       0.000       0.000       0.000      0.2368E-13  0.2101E-13  0.2106E-13   0.000       0.000       0.000      0.3486E-18   0.000       0.000       0.000       0.000    
           3   1.631      0.5995      0.4507E-13  0.3987E-13  0.3907E-13   0.000       0.000       0.000       0.000      0.2621E-13  0.2458E-13  0.2407E-13   0.000       0.000       0.000      0.3848E-18   0.000       0.000       0.000       0.000    
           4   2.082      0.7218      0.5125E-13  0.4568E-13  0.4562E-13   0.000       0.000       0.000       0.000      0.2893E-13  0.2831E-13  0.2729E-13   0.000       0.000       0.000      0.4229E-18   0.000       0.000       0.000       0.000    
           5   2.659      0.8510      0.5815E-13  0.5251E-13  0.5381E-13   0.000       0.000       0.000      0.5052E-26  0.3168E-13  0.3188E-13  0.3049E-13   0.000       0.000       0.000      0.4601E-18   0.000       0.000       0.000       0.000    
           6   3.395      0.9824      0.6585E-13  0.6065E-13  0.6449E-13   0.000       0.000       0.000      0.9219E-23  0.3436E-13  0.3513E-13  0.3356E-13   0.000       0.000       0.000      0.4954E-18   0.000       0.000       0.000       0.000    
           7   4.336       1.127      0.7442E-13  0.7067E-13  0.7876E-13   0.000       0.000       0.000      0.2187E-20  0.3717E-13  0.3818E-13  0.3669E-13   0.000       0.000       0.000      0.5310E-18   0.000       0.000       0.000       0.000    
           8   5.537       1.326      0.8382E-13  0.8322E-13  0.9722E-13   0.000       0.000       0.000      0.9923E-19  0.4079E-13  0.4156E-13  0.4060E-13  0.4130E-28   0.000       0.000      0.5758E-18  0.2207E-23   0.000       0.000       0.000    
           9   7.070       1.650      0.9360E-13  0.9739E-13  0.1174E-12   0.000       0.000       0.000      0.1220E-17  0.4618E-13  0.4592E-13  0.4638E-13  0.1312E-23   0.000       0.000      0.7045E-18  0.1558E-20   0.000       0.000       0.000    
          10   9.028       2.128      0.1027E-12  0.1106E-12  0.1342E-12  0.3375E-24   0.000       0.000      0.5938E-17  0.5363E-13  0.5142E-13  0.5445E-13  0.1138E-20   0.000       0.000      0.1685E-17  0.1272E-18   0.000       0.000       0.000    
          11   11.53       2.807      0.1114E-12  0.1225E-12  0.1470E-12  0.3148E-21   0.000       0.000      0.1601E-16  0.6370E-13  0.5845E-13  0.6571E-13  0.9833E-19   0.000       0.000      0.6155E-17  0.2635E-17   0.000       0.000       0.000    
          12   14.72       3.714      0.1205E-12  0.1345E-12  0.1579E-12  0.2341E-19   0.000       0.000      0.2806E-16  0.7664E-13  0.6720E-13  0.8089E-13  0.1631E-17   0.000       0.000      0.1549E-16  0.1970E-16   0.000       0.000       0.000    
          13   18.80       4.512      0.1277E-12  0.1440E-12  0.1659E-12  0.3089E-18   0.000       0.000      0.3478E-16  0.8762E-13  0.7452E-13  0.9430E-13  0.8025E-17  0.3000E-28   0.000      0.2363E-16  0.6320E-16  0.2158E-28  0.7554E-28   0.000    
          14   24.01       5.002      0.1321E-12  0.1496E-12  0.1709E-12  0.1534E-17   0.000       0.000      0.3647E-16  0.9408E-13  0.7882E-13  0.1025E-12  0.1990E-16  0.1659E-25   0.000      0.2727E-16  0.1231E-15  0.7750E-26  0.2713E-25   0.000    
          15   30.65       5.324      0.1350E-12  0.1533E-12  0.1744E-12  0.4684E-17  0.2757E-32   0.000      0.3656E-16  0.9813E-13  0.8154E-13  0.1077E-12  0.3612E-16  0.1828E-23   0.000      0.2863E-16  0.1917E-15  0.6129E-24  0.2147E-23   0.000    
          16   39.15       5.583      0.1374E-12  0.1565E-12  0.1776E-12  0.1109E-16  0.5063E-29   0.000      0.3637E-16  0.1013E-12  0.8370E-13  0.1117E-12  0.5672E-16  0.6726E-22   0.000      0.2922E-16  0.2701E-15  0.1750E-22  0.6143E-22   0.000    
          17   49.99       5.831      0.1397E-12  0.1595E-12  0.1807E-12  0.2272E-16  0.9097E-26   0.000      0.3621E-16  0.1043E-12  0.8573E-13  0.1156E-12  0.8306E-16  0.1152E-20   0.000      0.2960E-16  0.3627E-15  0.2464E-21  0.8692E-21   0.000    
          18   63.83       6.092      0.1421E-12  0.1627E-12  0.1841E-12  0.4262E-16  0.1117E-23   0.000      0.3614E-16  0.1073E-12  0.8786E-13  0.1195E-12  0.1176E-15  0.1129E-19   0.000      0.2994E-16  0.4761E-15  0.2077E-20  0.7398E-20   0.000    
          19   81.51       6.383      0.1447E-12  0.1662E-12  0.1879E-12  0.7549E-16  0.5198E-22   0.000      0.3616E-16  0.1107E-12  0.9019E-13  0.1238E-12  0.1640E-15  0.7345E-19   0.000      0.3031E-16  0.6190E-15  0.1202E-19  0.4345E-19   0.000    
          20   104.1       6.713      0.1476E-12  0.1701E-12  0.1922E-12  0.1286E-15  0.1145E-20   0.000      0.3622E-16  0.1144E-12  0.9278E-13  0.1286E-12  0.2277E-15  0.3505E-18   0.000      0.3071E-16  0.8033E-15  0.5233E-19  0.1933E-18   0.000    
          21   132.9       7.096      0.1506E-12  0.1744E-12  0.1970E-12  0.2128E-15  0.1422E-19   0.000      0.3627E-16  0.1186E-12  0.9570E-13  0.1340E-12  0.3164E-15  0.1321E-17   0.000      0.3112E-16  0.1045E-14  0.1836E-18  0.6978E-18   0.000    
          22   169.7       7.541      0.1540E-12  0.1791E-12  0.2024E-12  0.3444E-15  0.1132E-18   0.000      0.3623E-16  0.1232E-12  0.9897E-13  0.1402E-12  0.4411E-15  0.4151E-17   0.000      0.3152E-16  0.1366E-14  0.5454E-18  0.2147E-17  0.4295E-27
          23   216.7       8.061      0.1576E-12  0.1844E-12  0.2087E-12  0.5468E-15  0.6365E-18  0.1047E-30  0.3600E-16  0.1285E-12  0.1026E-12  0.1471E-12  0.6176E-15  0.1130E-16   0.000      0.3184E-16  0.1795E-14  0.1425E-17  0.5842E-17  0.9418E-25
          24   276.8       8.674      0.1615E-12  0.1903E-12  0.2159E-12  0.8531E-15  0.2723E-17  0.3313E-28  0.3545E-16  0.1343E-12  0.1067E-12  0.1550E-12  0.8682E-15  0.2744E-16   0.000      0.3200E-16  0.2372E-14  0.3381E-17  0.1441E-16  0.6720E-23
          25   353.4       9.400      0.1657E-12  0.1969E-12  0.2243E-12  0.1309E-14  0.9405E-17  0.9114E-25  0.3449E-16  0.1407E-12  0.1112E-12  0.1640E-12  0.1224E-14  0.6074E-16  0.8216E-25  0.3188E-16  0.3147E-14  0.7487E-17  0.3278E-16  0.2080E-21
          26   451.3       10.27      0.1702E-12  0.2041E-12  0.2339E-12  0.1977E-14  0.2743E-16  0.5055E-23  0.3309E-16  0.1479E-12  0.1161E-12  0.1741E-12  0.1730E-14  0.1247E-15  0.5379E-23  0.3140E-16  0.4183E-14  0.1581E-16  0.6960E-16  0.3337E-20
          27   576.3       11.30      0.1750E-12  0.2121E-12  0.2450E-12  0.2940E-14  0.6995E-16  0.1298E-21  0.3127E-16  0.1557E-12  0.1214E-12  0.1855E-12  0.2443E-14  0.2409E-15  0.1524E-21  0.3047E-16  0.5561E-14  0.3230E-16  0.1391E-15  0.3204E-19
          28   735.9       12.56      0.1800E-12  0.2208E-12  0.2577E-12  0.4305E-14  0.1605E-15  0.1881E-20  0.2910E-16  0.1641E-12  0.1269E-12  0.1983E-12  0.3447E-14  0.4429E-15  0.2322E-20  0.2910E-16  0.7383E-14  0.6428E-16  0.2639E-15  0.2073E-18
          29   939.7       14.11      0.1850E-12  0.2302E-12  0.2720E-12  0.6209E-14  0.3380E-15  0.1725E-19  0.2668E-16  0.1733E-12  0.1325E-12  0.2127E-12  0.4848E-14  0.7819E-15  0.2167E-19  0.2732E-16  0.9772E-14  0.1244E-15  0.4779E-15  0.9849E-18
          30   1200.       16.03      0.1901E-12  0.2402E-12  0.2880E-12  0.8819E-14  0.6636E-15  0.1110E-18  0.2410E-16  0.1831E-12  0.1379E-12  0.2288E-12  0.6786E-14  0.1335E-14  0.1393E-18  0.2523E-16  0.1288E-13  0.2334E-15  0.8309E-15  0.3686E-17
 
 
