BOLSIG+ version: 03/2016
Collision input data:
--------------------------------------------------
N2                                                              
Cross_section_all.txt
--------------------------------------------------
O2                                                              
Cross_section_all.txt
 
 
 
 Transport coefficients
A1     Mean energy (eV)                                                
A2     Mobility *N (1/m/V/s)                                           
A6     Diffusion coefficient *N (1/m/s)                                
A11    Energy mobility *N (1/m/V/s)                                    
A12    Energy diffusion coef. D*N (1/m/s)                              
A13    Total collision freq. /N (m3/s)                                 
A14    Momentum frequency /N (m3/s)                                    
A16    Total ionization freq. /N (m3/s)                                
A17    Total attachment freq. /N (m3/s)                                
A18    Townsend ioniz. coef. alpha/N (m2)                              
A19    Townsend attach. coef. eta/N (m2)                               
A20    Power /N (eV m3/s)                                              
A21    Elastic power loss /N (eV m3/s)                                 
A22    Inelastic power loss /N (eV m3/s)                               
A23    Growth power /N (eV m3/s)                                       
A27    Maximum energy                                                  
A28    # of iterations                                                 
A29    # of grid trials                                                
          R#    E/N (Td)      A1          A2          A6         A11         A12         A13         A14         A16         A17         A18         A19         A20         A21         A22         A23         A27         A28         A29    
           1   1.000      0.1518      0.2190E+25  0.2843E+24  0.3293E+25  0.3116E+24  0.5813E-13  0.8030E-13   0.000      0.7096E-36   0.000      0.3240E-39  0.2190E-17  0.2919E-18  0.1889E-17 -0.1077E-36   1.250       20.00       5.000    
           2   1.277      0.1641      0.2054E+25  0.2903E+24  0.3111E+25  0.3178E+24  0.6161E-13  0.8561E-13   0.000      0.6658E-36   0.000      0.2538E-39  0.3350E-17  0.3455E-18  0.2995E-17 -0.1093E-36   1.488       9.000       2.000    
           3   1.631      0.1783      0.1930E+25  0.2966E+24  0.2928E+25  0.3248E+24  0.6550E-13  0.9114E-13   0.000      0.6214E-36   0.000      0.1975E-39  0.5131E-17  0.4130E-18  0.4707E-17 -0.1108E-36   1.488       4.000       1.000    
           4   2.082      0.1953      0.1808E+25  0.3036E+24  0.2741E+25  0.3331E+24  0.7003E-13  0.9728E-13   0.000      0.5755E-36   0.000      0.1529E-39  0.7839E-17  0.5013E-18  0.7293E-17 -0.1124E-36   1.773       8.000       2.000    
           5   2.659      0.2171      0.1683E+25  0.3121E+24  0.2540E+25  0.3437E+24  0.7559E-13  0.1045E-12   0.000      0.5270E-36   0.000      0.1178E-39  0.1190E-16  0.6262E-18  0.1122E-16 -0.1144E-36   1.773       4.000       1.000    
           6   3.395      0.2467      0.1551E+25  0.3226E+24  0.2320E+25  0.3580E+24  0.8271E-13  0.1134E-12   0.000      0.4754E-36   0.000      0.9030E-40  0.1788E-16  0.8169E-18  0.1706E-16 -0.1173E-36   2.111       9.000       2.000    
           7   4.336      0.2891      0.1412E+25  0.3364E+24  0.2074E+25  0.3784E+24  0.9221E-13  0.1245E-12   0.000      0.4218E-36   0.000      0.6888E-40  0.2655E-16  0.1132E-17  0.2542E-16 -0.1220E-36   2.111       4.000       1.000    
           8   5.537      0.3526      0.1262E+25  0.3553E+24  0.1807E+25  0.4059E+24  0.1054E-12  0.1394E-12   0.000      0.3642E-36   0.000      0.5212E-40  0.3868E-16  0.1669E-17  0.3702E-16 -0.1284E-36   2.111       4.000       1.000    
           9   7.070      0.4405      0.1104E+25  0.3794E+24  0.1551E+25  0.4368E+24  0.1226E-12  0.1593E-12   0.000      0.3044E-36   0.000      0.3899E-40  0.5520E-16  0.2495E-17  0.5270E-16 -0.1341E-36   2.111       4.000       1.000    
          10   9.028      0.5441      0.9545E+24  0.4058E+24  0.1343E+25  0.4646E+24  0.1421E-12  0.1843E-12   0.000      0.2483E-36   0.000      0.2882E-40  0.7780E-16  0.3555E-17  0.7425E-16 -0.1351E-36   2.515       10.00       2.000    
          11   11.53      0.6475      0.8278E+24  0.4304E+24  0.1189E+25  0.4861E+24  0.1608E-12  0.2125E-12   0.000      0.2018E-36   0.000      0.2115E-40  0.1100E-15  0.4694E-17  0.1053E-15 -0.1307E-36   2.515       5.000       1.000    
          12   14.72      0.7385      0.7284E+24  0.4503E+24  0.1076E+25  0.5011E+24  0.1772E-12  0.2415E-12   0.000      0.1668E-36   0.000      0.1555E-40  0.1579E-15  0.5777E-17  0.1521E-15 -0.1232E-36   2.515       5.000       1.000    
          13   18.80      0.8141      0.6519E+24  0.4652E+24  0.9877E+24  0.5109E+24  0.1909E-12  0.2698E-12   0.000      0.1417E-36   0.000      0.1156E-40  0.2304E-15  0.6758E-17  0.2237E-15 -0.1154E-36   2.995       10.00       2.000    
          14   24.01      0.8761      0.5917E+24  0.4755E+24  0.9137E+24  0.5169E+24  0.2025E-12  0.2972E-12   0.000      0.1241E-36   0.000      0.8738E-41  0.3410E-15  0.7652E-17  0.3334E-15 -0.1087E-36   2.995       5.000       1.000    
          15   30.65      0.9279      0.5423E+24  0.4823E+24  0.8479E+24  0.5197E+24  0.2130E-12  0.3243E-12   0.000      0.3563E-30   0.000      0.2143E-34  0.5096E-15  0.8500E-17  0.5011E-15 -0.3305E-30   4.248       12.00       3.000    
          16   39.15      0.9724      0.5004E+24  0.4861E+24  0.7882E+24  0.5197E+24  0.2230E-12  0.3515E-12   0.000      0.5615E-24   0.000      0.2867E-28  0.7668E-15  0.9343E-17  0.7575E-15 -0.5460E-24   8.548       23.00       5.000    
          17   49.99       1.012      0.4651E+24  0.4877E+24  0.7343E+24  0.5175E+24  0.2331E-12  0.3782E-12  0.8132E-30  0.6152E-22  0.3498E-34  0.2646E-26  0.1162E-14  0.1023E-16  0.1152E-14 -0.6225E-22   12.12       15.00       3.000    
          18   63.83       1.050      0.4352E+24  0.4875E+24  0.6856E+24  0.5135E+24  0.2440E-12  0.4041E-12  0.1755E-25  0.2215E-20  0.6318E-30  0.7974E-25  0.1773E-14  0.1125E-16  0.1762E-14 -0.2326E-20   14.42       10.00       2.000    
          19   81.51       1.097      0.4095E+24  0.4867E+24  0.6404E+24  0.5114E+24  0.2573E-12  0.4295E-12  0.3544E-23  0.3351E-19  0.1062E-27  0.1004E-23  0.2721E-14  0.1265E-16  0.2707E-14 -0.3673E-19   17.13       10.00       2.000    
          20   104.1       1.188      0.3862E+24  0.4898E+24  0.5949E+24  0.5301E+24  0.2762E-12  0.4554E-12  0.2256E-21  0.2574E-18  0.5611E-26  0.6403E-23  0.4184E-14  0.1531E-16  0.4168E-14 -0.3046E-18   17.13       4.000       1.000    
          21   132.9       1.401      0.3633E+24  0.5088E+24  0.5491E+24  0.6135E+24  0.3066E-12  0.4842E-12  0.6004E-20  0.1157E-17  0.1244E-24  0.2396E-22  0.6417E-14  0.2136E-16  0.6399E-14 -0.1612E-17   20.34       8.000       2.000    
          22   169.7       1.848      0.3403E+24  0.5602E+24  0.5040E+24  0.7633E+24  0.3526E-12  0.5168E-12  0.8262E-19  0.3350E-17  0.1430E-23  0.5800E-22  0.9804E-14  0.3347E-16  0.9778E-14 -0.6039E-17   24.14       8.000       2.000    
          23   216.7       2.529      0.3177E+24  0.6459E+24  0.4676E+24  0.9205E+24  0.4088E-12  0.5536E-12  0.7007E-18  0.6793E-17  0.1018E-22  0.9865E-22  0.1492E-13  0.5191E-16  0.1489E-13 -0.1541E-16   28.62       8.000       2.000    
          24   276.8       3.323      0.2971E+24  0.7484E+24  0.4388E+24  0.1046E+25  0.4639E-12  0.5920E-12  0.4196E-17  0.1057E-16  0.5102E-22  0.1286E-21  0.2276E-13  0.7407E-16  0.2271E-13 -0.2117E-16   33.92       8.000       2.000    
          25   353.4       4.113      0.2787E+24  0.8487E+24  0.4140E+24  0.1146E+25  0.5111E-12  0.6311E-12  0.1938E-16  0.1375E-16  0.1967E-21  0.1396E-21  0.3481E-13  0.9758E-16  0.3469E-13  0.2314E-16   40.19       8.000       2.000    
          26   451.3       4.880      0.2622E+24  0.9404E+24  0.3906E+24  0.1231E+25  0.5512E-12  0.6708E-12  0.7290E-16  0.1596E-16  0.6161E-21  0.1349E-21  0.5340E-13  0.1225E-15  0.5300E-13  0.2779E-15   47.59       8.000       2.000    
          27   576.3       5.660      0.2468E+24  0.1025E+25  0.3678E+24  0.1314E+25  0.5876E-12  0.7126E-12  0.2312E-15  0.1720E-16  0.1626E-20  0.1209E-21  0.8197E-13  0.1506E-15  0.8061E-13  0.1211E-14   56.35       8.000       2.000    
          28   735.9       6.510      0.2322E+24  0.1108E+25  0.3454E+24  0.1405E+25  0.6241E-12  0.7575E-12  0.6338E-15  0.1762E-16  0.3709E-20  0.1032E-21  0.1257E-12  0.1844E-15  0.1215E-12  0.4012E-14   78.93       15.00       3.000    
          29   939.7       7.492      0.2180E+24  0.1194E+25  0.3239E+24  0.1509E+25  0.6630E-12  0.8066E-12  0.1530E-14  0.1742E-16  0.7465E-20  0.8501E-22  0.1926E-12  0.2267E-15  0.1810E-12  0.1133E-13   93.39       10.00       2.000    
          30   1200.       8.663      0.2044E+24  0.1288E+25  0.3037E+24  0.1635E+25  0.7054E-12  0.8605E-12  0.3303E-14  0.1677E-16  0.1347E-19  0.6836E-22  0.2943E-12  0.2803E-15  0.2656E-12  0.2847E-13   110.5       11.00       2.000    
 
 
Rate coefficients (m3/s)
 C1    N2    Effective (momentum)                                
 C2    N2    Effective (momentum)                                
 C3    N2    Effective (momentum)                                
 C4    N2    Excitation    0.0014 eV                             
 C5    N2    Excitation    0.29 eV                               
 C6    N2    Excitation    6.17 eV                               
 C7    N2    Excitation    7.35 eV                               
 C8    N2    Excitation    7.36 eV                               
 C9    N2    Excitation    8.16 eV                               
 C10   N2    Excitation    8.40 eV                               
 C11   N2    Excitation    8.55 eV                               
 C12   N2    Excitation    8.89 eV                               
 C13   N2    Excitation    9.75 eV                               
 C14   N2    Excitation    11.03 eV                              
 C15   N2    Excitation    11.87 eV                              
 C16   N2    Excitation    12.25 eV                              
 C17   N2    Excitation    12.85 eV                              
 C18   N2    Excitation    12.94 eV                              
 C19   N2    Ionization    15.58 eV                              
 C20   N2    Ionization    15.58 eV                              
 C21   N2    Ionization    30.00 eV                              
 C22   N2    Ionization    70.00 eV                              
 C23   N2    Excitation    0.020 eV                              
 C24   N2    Effective (momentum)                                
 C25   N2    Excitation    0.020 eV                              
 C26   N2    Excitation    0.29 eV                               
 C27   N2    Excitation    0.29 eV                               
 C28   N2    Excitation    0.59 eV                               
 C29   N2    Excitation    0.88 eV                               
 C30   N2    Excitation    1.17 eV                               
 C31   N2    Excitation    1.47 eV                               
 C32   N2    Excitation    1.76 eV                               
 C33   N2    Excitation    2.06 eV                               
 C34   N2    Excitation    2.35 eV                               
 C35   N2    Excitation    6.17 eV                               
 C36   N2    Excitation    7.00 eV                               
 C37   N2    Excitation    7.35 eV                               
 C38   N2    Excitation    7.36 eV                               
 C39   N2    Excitation    7.80 eV                               
 C40   N2    Excitation    8.16 eV                               
 C41   N2    Excitation    8.40 eV                               
 C42   N2    Excitation    8.55 eV                               
 C43   N2    Excitation    8.89 eV                               
 C44   N2    Excitation    11.03 eV                              
 C45   N2    Excitation    11.87 eV                              
 C46   N2    Excitation    12.25 eV                              
 C47   N2    Excitation    13.00 eV                              
 C48   N2    Ionization    15.60 eV                              
 C49   N2    Ionization    18.80 eV                              
 C50   O2    Attachment                                          
 C51   O2    Effective (momentum)                                
 C52   O2    Effective (momentum)                                
 C53   O2    Effective (momentum)                                
 C54   O2    Excitation    0.19 eV                               
 C55   O2    Excitation    0.19 eV                               
 C56   O2    Excitation    0.38 eV                               
 C57   O2    Excitation    0.38 eV                               
 C58   O2    Excitation    0.57 eV                               
 C59   O2    Excitation    0.57 eV                               
 C60   O2    Excitation    0.98 eV                               
 C61   O2    Excitation    1.63 eV                               
 C62   O2    Excitation    4.05 eV                               
 C63   O2    Excitation    6.12 eV                               
 C64   O2    Excitation    6.12 eV                               
 C65   O2    Excitation    6.12 eV                               
 C66   O2    Excitation    6.12 eV                               
 C67   O2    Ionization    12.06 eV                              
 C68   O2    Ionization    12.06 eV                              
 C69   O2    Ionization    23.00 eV                              
 C70   O2    Ionization    73.00 eV                              
 C71   O2    Excitation    0.0000 eV                             
 C72   O2    Attachment                                          
 C73   O2    Attachment                                          
 C74   O2    Effective (momentum)                                
 C75   O2    Excitation    0.020 eV                              
 C76   O2    Excitation    0.19 eV                               
 C77   O2    Excitation    0.19 eV                               
 C78   O2    Excitation    0.38 eV                               
 C79   O2    Excitation    0.38 eV                               
 C80   O2    Excitation    0.57 eV                               
 C81   O2    Excitation    0.75 eV                               
 C82   O2    Excitation    0.98 eV                               
 C83   O2    Excitation    1.63 eV                               
 C84   O2    Excitation    4.50 eV                               
 C85   O2    Excitation    6.00 eV                               
 C86   O2    Excitation    8.40 eV                               
 C87   O2    Excitation    9.97 eV                               
 C88   O2    Ionization    12.06 eV                              
          R#    E/N (Td) Energy (eV)      C1          C2          C3          C4          C5          C6          C7          C8          C9         C10         C11         C12         C13         C14         C15         C16         C17         C18         C19         C20         C21         C22         C23         C24         C25         C26         C27         C28         C29         C30         C31         C32         C33         C34         C35         C36         C37         C38         C39         C40         C41         C42         C43         C44         C45         C46         C47         C48         C49         C50         C51         C52         C53         C54         C55         C56         C57         C58         C59         C60         C61         C62         C63         C64         C65         C66         C67         C68         C69         C70         C71         C72         C73         C74         C75         C76         C77         C78         C79         C80         C81         C82         C83         C84         C85         C86         C87         C88    
           1   1.000      0.1518      0.1588E-13  0.1850E-13  0.1314E-13  0.7722E-15  0.2566E-18   0.000       0.000       0.000       0.000       0.000       0.000       0.000       0.000       0.000       0.000       0.000       0.000       0.000       0.000       0.000       0.000       0.000      0.3302E-23  0.1587E-13  0.5438E-16  0.3391E-18   0.000       0.000       0.000       0.000       0.000       0.000       0.000       0.000       0.000       0.000       0.000       0.000       0.000       0.000       0.000       0.000       0.000       0.000       0.000       0.000       0.000       0.000       0.000       0.000      0.1317E-13  0.7164E-14  0.9511E-14  0.1265E-17  0.2449E-16  0.1067E-19  0.2600E-19  0.5675E-22  0.5664E-22  0.6764E-26   0.000       0.000       0.000       0.000       0.000       0.000       0.000       0.000       0.000       0.000       0.000      0.3548E-35   0.000      0.7235E-14  0.3462E-17  0.1320E-16   0.000      0.1136E-19   0.000      0.1344E-22  0.2961E-24  0.3337E-26   0.000       0.000       0.000       0.000       0.000       0.000    
           2   1.277      0.1641      0.1698E-13  0.1925E-13  0.1400E-13  0.8078E-15  0.4672E-18   0.000       0.000       0.000       0.000       0.000       0.000       0.000       0.000       0.000       0.000       0.000       0.000       0.000       0.000       0.000       0.000       0.000      0.6000E-22  0.1697E-13  0.5670E-16  0.5593E-18   0.000       0.000       0.000       0.000       0.000       0.000       0.000       0.000       0.000       0.000       0.000       0.000       0.000       0.000       0.000       0.000       0.000       0.000       0.000       0.000       0.000       0.000       0.000       0.000      0.1369E-13  0.7739E-14  0.1002E-13  0.1737E-17  0.4061E-16  0.2642E-19  0.1012E-18  0.3351E-21  0.3050E-21  0.2755E-24   0.000       0.000       0.000       0.000       0.000       0.000       0.000       0.000       0.000       0.000       0.000      0.3329E-35   0.000      0.7833E-14  0.4110E-17  0.2242E-16   0.000      0.5078E-19   0.000      0.1281E-21  0.4123E-23  0.1371E-24   0.000       0.000       0.000       0.000       0.000       0.000    
           3   1.631      0.1783      0.1821E-13  0.2006E-13  0.1499E-13  0.8478E-15  0.8102E-18   0.000       0.000       0.000       0.000       0.000       0.000       0.000       0.000       0.000       0.000       0.000       0.000       0.000       0.000       0.000       0.000       0.000      0.9581E-21  0.1819E-13  0.5919E-16  0.8788E-18   0.000       0.000       0.000       0.000       0.000       0.000       0.000       0.000       0.000       0.000       0.000       0.000       0.000       0.000       0.000       0.000       0.000       0.000       0.000       0.000       0.000       0.000       0.000       0.000      0.1427E-13  0.8394E-14  0.1058E-13  0.2385E-17  0.6502E-16  0.6156E-19  0.3644E-18  0.1815E-20  0.1395E-20  0.8807E-23   0.000       0.000       0.000       0.000       0.000       0.000       0.000       0.000       0.000       0.000       0.000      0.3107E-35   0.000      0.8519E-14  0.4968E-17  0.3705E-16   0.000      0.2072E-18   0.000      0.1223E-20  0.5113E-22  0.4440E-23   0.000       0.000       0.000       0.000       0.000       0.000    
           4   2.082      0.1953      0.1963E-13  0.2099E-13  0.1615E-13  0.8950E-15  0.1354E-17   0.000       0.000       0.000       0.000       0.000       0.000       0.000       0.000       0.000       0.000       0.000       0.000       0.000       0.000       0.000       0.000       0.000      0.1155E-19  0.1959E-13  0.6202E-16  0.1327E-17  0.6049E-26  0.4217E-29   0.000       0.000       0.000       0.000       0.000       0.000       0.000       0.000       0.000       0.000       0.000       0.000       0.000       0.000       0.000       0.000       0.000       0.000       0.000       0.000       0.000       0.000      0.1493E-13  0.9169E-14  0.1125E-13  0.3290E-17  0.1002E-15  0.1368E-18  0.1162E-17  0.8765E-20  0.5146E-20  0.1845E-21  0.1104E-28   0.000       0.000       0.000       0.000       0.000       0.000       0.000       0.000       0.000       0.000      0.2877E-35   0.000      0.9337E-14  0.6113E-17  0.5958E-16   0.000      0.7571E-18   0.000      0.1020E-19  0.5007E-21  0.9475E-22  0.2697E-29   0.000       0.000       0.000       0.000       0.000    
           5   2.659      0.2171      0.2138E-13  0.2212E-13  0.1761E-13  0.9544E-15  0.2253E-17   0.000       0.000       0.000       0.000       0.000       0.000       0.000       0.000       0.000       0.000       0.000       0.000       0.000       0.000       0.000       0.000       0.000      0.1043E-18  0.2130E-13  0.6544E-16  0.1979E-17  0.8773E-24  0.2848E-27   0.000       0.000       0.000       0.000       0.000       0.000       0.000       0.000       0.000       0.000       0.000       0.000       0.000       0.000       0.000       0.000       0.000       0.000       0.000       0.000       0.000       0.000      0.1572E-13  0.1014E-13  0.1207E-13  0.4640E-17  0.1493E-15  0.3027E-18  0.3293E-17  0.3898E-19  0.1580E-19  0.2529E-20  0.1560E-26   0.000       0.000       0.000       0.000       0.000       0.000       0.000       0.000       0.000       0.000      0.2635E-35   0.000      0.1037E-13  0.7676E-17  0.9398E-16   0.000      0.2516E-17   0.000      0.7025E-19  0.3972E-20  0.1329E-20  0.3388E-27   0.000       0.000       0.000       0.000       0.000    
           6   3.395      0.2467      0.2362E-13  0.2359E-13  0.1951E-13  0.1034E-14  0.3839E-17   0.000       0.000       0.000       0.000       0.000       0.000       0.000       0.000       0.000       0.000       0.000       0.000       0.000       0.000       0.000       0.000       0.000      0.6974E-18  0.2342E-13  0.6990E-16  0.2987E-17  0.6640E-22  0.6491E-25  0.1325E-26  0.3012E-29  0.1872E-31   0.000       0.000       0.000       0.000       0.000       0.000       0.000       0.000       0.000       0.000       0.000       0.000       0.000       0.000       0.000       0.000       0.000       0.000       0.000      0.1672E-13  0.1141E-13  0.1313E-13  0.6796E-17  0.2130E-15  0.6755E-18  0.8004E-17  0.1546E-18  0.3993E-19  0.2292E-19  0.1349E-24   0.000       0.000       0.000       0.000       0.000       0.000       0.000       0.000       0.000       0.000      0.2377E-35   0.000      0.1173E-13  0.9879E-17  0.1437E-15   0.000      0.7416E-17   0.000      0.3751E-18  0.2538E-19  0.1236E-19  0.3058E-25   0.000       0.000       0.000       0.000       0.000    
           7   4.336      0.2891      0.2658E-13  0.2561E-13  0.2208E-13  0.1150E-14  0.7096E-17   0.000       0.000       0.000       0.000       0.000       0.000       0.000       0.000       0.000       0.000       0.000       0.000       0.000       0.000       0.000       0.000       0.000      0.3413E-17  0.2615E-13  0.7641E-16  0.4835E-17  0.2285E-20  0.2865E-23  0.5066E-25  0.1814E-27  0.8279E-30   0.000       0.000       0.000       0.000       0.000       0.000       0.000       0.000       0.000       0.000       0.000       0.000       0.000       0.000       0.000       0.000       0.000       0.000       0.000      0.1802E-13  0.1315E-13  0.1458E-13  0.1048E-16  0.2847E-15  0.1498E-17  0.1615E-16  0.5193E-18  0.8188E-19  0.1388E-18  0.5320E-23   0.000       0.000       0.000       0.000       0.000       0.000       0.000       0.000       0.000       0.000      0.2109E-35   0.000      0.1360E-13  0.1306E-16  0.2093E-15   0.000      0.1864E-16   0.000      0.1490E-17  0.1254E-18  0.7683E-19  0.1320E-23   0.000       0.000       0.000       0.000       0.000    
           8   5.537      0.3526      0.3063E-13  0.2856E-13  0.2569E-13  0.1326E-14  0.1494E-16   0.000       0.000       0.000       0.000       0.000       0.000       0.000       0.000       0.000       0.000       0.000       0.000       0.000       0.000       0.000       0.000       0.000      0.1243E-16  0.2981E-13  0.8717E-16  0.8941E-17  0.3893E-19  0.1050E-21  0.1234E-23  0.6255E-26  0.4075E-28   0.000       0.000       0.000       0.000       0.000       0.000       0.000       0.000       0.000       0.000       0.000       0.000       0.000       0.000       0.000       0.000       0.000       0.000       0.000      0.1981E-13  0.1561E-13  0.1661E-13  0.1686E-16  0.3502E-15  0.3168E-17  0.2714E-16  0.1440E-17  0.1382E-18  0.5830E-18  0.1011E-21   0.000       0.000       0.000       0.000       0.000       0.000       0.000       0.000       0.000       0.000      0.1821E-35   0.000      0.1630E-13  0.1751E-16  0.2837E-15   0.000      0.3897E-16   0.000      0.4426E-17  0.4677E-18  0.3309E-18  0.2804E-22   0.000       0.000       0.000       0.000       0.000    
           9   7.070      0.4405      0.3578E-13  0.3257E-13  0.3043E-13  0.1578E-14  0.3411E-16   0.000       0.000       0.000       0.000       0.000       0.000       0.000       0.000       0.000       0.000       0.000       0.000       0.000       0.000       0.000       0.000       0.000      0.3393E-16  0.3446E-13  0.1045E-15  0.1788E-16  0.3616E-18  0.2460E-20  0.3662E-22  0.1255E-24  0.1129E-26   0.000       0.000       0.000       0.000       0.000       0.000       0.000       0.000       0.000       0.000       0.000       0.000       0.000       0.000       0.000       0.000       0.000       0.000       0.000      0.2212E-13  0.1884E-13  0.1929E-13  0.2671E-16  0.3901E-15  0.5995E-17  0.3802E-16  0.3221E-17  0.1933E-18  0.1746E-17  0.1016E-20   0.000       0.000       0.000       0.000       0.000       0.000       0.000       0.000       0.000       0.000      0.1522E-35   0.000      0.1992E-13  0.2301E-16  0.3498E-15   0.000      0.6673E-16   0.000      0.9901E-17  0.1295E-17  0.1014E-17  0.3169E-21   0.000       0.000       0.000       0.000       0.000    
          10   9.028      0.5441      0.4146E-13  0.3723E-13  0.3582E-13  0.1891E-14  0.7665E-16   0.000       0.000       0.000       0.000       0.000       0.000       0.000       0.000       0.000       0.000       0.000       0.000       0.000       0.000       0.000       0.000       0.000      0.7152E-16  0.3966E-13  0.1286E-15  0.3387E-16  0.2044E-17  0.3379E-19  0.1044E-20  0.3608E-23  0.3182E-24  0.2953E-27  0.4348E-29  0.3027E-33   0.000       0.000       0.000       0.000       0.000       0.000       0.000       0.000       0.000       0.000       0.000       0.000       0.000       0.000       0.000       0.000      0.2469E-13  0.2246E-13  0.2232E-13  0.3931E-16  0.3956E-15  0.9814E-17  0.4540E-16  0.5842E-17  0.2302E-18  0.3896E-17  0.6027E-20   0.000       0.000       0.000       0.000       0.000       0.000       0.000       0.000       0.000       0.000      0.1242E-35   0.000      0.2407E-13  0.2853E-16  0.3906E-15   0.000      0.9464E-16   0.000      0.1720E-16  0.2713E-17  0.2308E-17  0.2113E-20   0.000       0.000       0.000       0.000       0.000    
          11   11.53      0.6475      0.4682E-13  0.4186E-13  0.4106E-13  0.2223E-14  0.1597E-15   0.000       0.000       0.000       0.000       0.000       0.000       0.000       0.000       0.000       0.000       0.000       0.000       0.000       0.000       0.000       0.000       0.000      0.1230E-15  0.4471E-13  0.1575E-15  0.5634E-16  0.7933E-17  0.2844E-18  0.1748E-19  0.1090E-21  0.1083E-22  0.1478E-25  0.2440E-27  0.1991E-31   0.000       0.000       0.000       0.000       0.000       0.000       0.000       0.000       0.000       0.000       0.000       0.000       0.000       0.000       0.000       0.000      0.2715E-13  0.2592E-13  0.2523E-13  0.5270E-16  0.3749E-15  0.1402E-16  0.4823E-16  0.8907E-17  0.2438E-18  0.6911E-17  0.2374E-19   0.000       0.000       0.000       0.000       0.000       0.000       0.000       0.000       0.000       0.000      0.1009E-35   0.000      0.2809E-13  0.3294E-16  0.4020E-15   0.000      0.1156E-15   0.000      0.2448E-16  0.4523E-17  0.4172E-17  0.9308E-20   0.000       0.000       0.000       0.000       0.000    
          12   14.72      0.7385      0.5138E-13  0.4596E-13  0.4565E-13  0.2536E-14  0.3040E-15   0.000       0.000       0.000       0.000       0.000       0.000       0.000       0.000       0.000       0.000       0.000       0.000       0.000       0.000       0.000       0.000       0.000      0.1844E-15  0.4916E-13  0.1897E-15  0.8202E-16  0.2356E-16  0.1608E-17  0.1729E-18  0.2432E-20  0.3969E-21  0.1284E-23  0.2844E-25  0.4138E-29   0.000       0.000       0.000       0.000       0.000       0.000       0.000       0.000       0.000       0.000       0.000       0.000       0.000       0.000       0.000       0.000      0.2924E-13  0.2882E-13  0.2770E-13  0.6518E-16  0.3434E-15  0.1804E-16  0.4776E-16  0.1197E-16  0.2407E-18  0.1042E-16  0.6897E-19   0.000       0.000       0.000       0.000       0.000       0.000       0.000       0.000       0.000       0.000      0.8340E-36   0.000      0.3150E-13  0.3577E-16  0.3934E-15   0.000      0.1275E-15   0.000      0.3024E-16  0.6370E-17  0.6406E-17  0.3003E-19   0.000       0.000       0.000       0.000       0.000    
          13   18.80      0.8141      0.5512E-13  0.4946E-13  0.4955E-13  0.2819E-14  0.5322E-15   0.000       0.000       0.000       0.000       0.000       0.000       0.000       0.000       0.000       0.000       0.000       0.000       0.000       0.000       0.000       0.000       0.000      0.2573E-15  0.5296E-13  0.2274E-15  0.1071E-15  0.5836E-16  0.6704E-17  0.1128E-17  0.3460E-19  0.8617E-20  0.8811E-22  0.3174E-23  0.2201E-25   0.000       0.000       0.000       0.000       0.000       0.000       0.000       0.000       0.000       0.000       0.000       0.000       0.000       0.000       0.000       0.000      0.3092E-13  0.3112E-13  0.2969E-13  0.7610E-16  0.3119E-15  0.2163E-16  0.4568E-16  0.1481E-16  0.2298E-18  0.1414E-16  0.1606E-18   0.000       0.000       0.000       0.000       0.000       0.000       0.000       0.000       0.000       0.000      0.7087E-36   0.000      0.3419E-13  0.3715E-16  0.3753E-15   0.000      0.1321E-15   0.000      0.3405E-16  0.7985E-17  0.8846E-17  0.7706E-19   0.000       0.000       0.000       0.000       0.000    
          14   24.01      0.8761      0.5825E-13  0.5248E-13  0.5296E-13  0.3073E-14  0.8639E-15   0.000       0.000       0.000       0.000       0.000       0.000       0.000       0.000       0.000       0.000       0.000       0.000       0.000       0.000       0.000       0.000       0.000      0.3539E-15  0.5627E-13  0.2775E-15  0.1287E-15  0.1272E-15  0.2210E-16  0.5323E-17  0.3224E-18  0.1068E-18  0.3006E-20  0.1697E-21  0.3261E-23   0.000       0.000       0.000       0.000       0.000       0.000       0.000       0.000       0.000       0.000       0.000       0.000       0.000       0.000       0.000       0.000      0.3227E-13  0.3290E-13  0.3127E-13  0.8550E-16  0.2847E-15  0.2477E-16  0.4314E-16  0.1736E-16  0.2166E-18  0.1793E-16  0.3174E-18   0.000       0.000       0.000       0.000       0.000       0.000       0.000       0.000       0.000       0.000      0.6206E-36   0.000      0.3626E-13  0.3745E-16  0.3547E-15   0.000      0.1319E-15   0.000      0.3612E-16  0.9236E-17  0.1141E-16  0.1668E-18   0.000       0.000       0.000       0.000       0.000    
          15   30.65      0.9279      0.6102E-13  0.5521E-13  0.5615E-13  0.3307E-14  0.1309E-14   0.000       0.000       0.000       0.000       0.000       0.000       0.000       0.000       0.000       0.000       0.000       0.000       0.000       0.000       0.000       0.000       0.000      0.5008E-15  0.5933E-13  0.3524E-15  0.1452E-15  0.2512E-15  0.6040E-16  0.1942E-16  0.2075E-17  0.8344E-18  0.5362E-19  0.4576E-20  0.2005E-21   0.000       0.000       0.000       0.000       0.000       0.000       0.000       0.000       0.000       0.000       0.000       0.000       0.000       0.000       0.000      0.1781E-29  0.3336E-13  0.3431E-13  0.3253E-13  0.9376E-16  0.2626E-15  0.2756E-16  0.4065E-16  0.1969E-16  0.2039E-18  0.2177E-16  0.5550E-18  0.7640E-27   0.000       0.000       0.000       0.000       0.000       0.000       0.000       0.000       0.000      0.5579E-36   0.000      0.3785E-13  0.3705E-16  0.3349E-15  0.2325E-26  0.1291E-15  0.1550E-26  0.3690E-16  0.1010E-16  0.1410E-16  0.3179E-18   0.000       0.000       0.000       0.000       0.000    
          16   39.15      0.9724      0.6360E-13  0.5782E-13  0.5934E-13  0.3526E-14  0.1860E-14  0.3704E-24  0.6733E-26  0.4098E-25  0.1086E-26  0.2425E-27   0.000       0.000       0.000       0.000       0.000       0.000       0.000       0.000       0.000       0.000       0.000       0.000      0.7413E-15  0.6236E-13  0.4695E-15  0.1561E-15  0.4550E-15  0.1408E-15  0.5708E-16  0.9664E-17  0.4478E-17  0.5555E-18  0.6882E-19  0.5773E-20  0.4965E-25  0.6320E-25  0.2271E-24  0.3886E-25  0.6772E-26  0.3726E-26  0.4513E-27   0.000       0.000       0.000       0.000       0.000       0.000       0.000       0.000      0.1593E-23  0.3428E-13  0.3544E-13  0.3359E-13  0.1012E-15  0.2452E-15  0.3011E-16  0.3847E-16  0.2186E-16  0.1929E-18  0.2567E-16  0.8862E-18  0.9474E-23  0.1094E-23  0.2975E-25  0.2838E-23  0.2376E-24   0.000       0.000       0.000       0.000      0.2463E-25  0.5120E-36  0.1215E-23  0.3910E-13  0.3623E-16  0.3174E-15  0.2219E-22  0.1252E-15  0.1099E-22  0.3681E-16  0.1061E-16  0.1692E-16  0.5521E-18  0.9192E-23  0.6016E-23  0.4041E-25   0.000       0.000    
          17   49.99       1.012      0.6611E-13  0.6042E-13  0.6276E-13  0.3736E-14  0.2499E-14  0.8372E-22  0.2230E-22  0.1102E-22  0.7785E-24  0.1048E-23  0.6448E-23  0.1356E-23  0.9041E-26  0.1068E-25  0.9650E-27   0.000       0.000       0.000       0.000       0.000       0.000       0.000      0.1135E-14  0.6556E-13  0.6515E-15  0.1616E-15  0.7640E-15  0.2866E-15  0.1391E-15  0.3375E-16  0.1750E-16  0.3599E-17  0.6152E-18  0.8423E-19  0.8189E-23  0.1400E-22  0.5391E-22  0.1503E-22  0.3281E-23  0.2610E-23  0.1365E-23  0.2373E-23  0.8019E-24  0.4216E-26  0.4667E-27   0.000       0.000       0.000       0.000      0.1681E-21  0.3509E-13  0.3638E-13  0.3450E-13  0.1081E-15  0.2311E-15  0.3251E-16  0.3657E-16  0.2393E-16  0.1832E-18  0.2974E-16  0.1332E-17  0.9928E-21  0.1704E-21  0.4634E-23  0.4422E-21  0.3701E-22  0.1025E-29  0.1025E-29   0.000       0.000      0.1143E-22  0.4784E-36  0.1394E-21  0.4008E-13  0.3517E-16  0.3021E-15  0.2365E-20  0.1209E-15  0.1124E-20  0.3617E-16  0.1082E-16  0.1995E-16  0.9017E-18  0.1049E-20  0.8657E-21  0.1108E-21  0.2350E-26  0.2016E-29
          18   63.83       1.050      0.6867E-13  0.6318E-13  0.6664E-13  0.3946E-14  0.3205E-14  0.5252E-20  0.2014E-20  0.7867E-21  0.6746E-22  0.1141E-21  0.6299E-21  0.1607E-21  0.1985E-23  0.4694E-23  0.5510E-24  0.1222E-25  0.4483E-27  0.2592E-27   0.000       0.000       0.000       0.000      0.1760E-14  0.6923E-13  0.9266E-15  0.1626E-15  0.1202E-14  0.5210E-15  0.2895E-15  0.9309E-16  0.5310E-16  0.1613E-16  0.3633E-17  0.7198E-18  0.4212E-21  0.8706E-21  0.3484E-20  0.1133E-20  0.2672E-21  0.2203E-21  0.1275E-21  0.2352E-21  0.9567E-22  0.2095E-23  0.2537E-24  0.6953E-26  0.7490E-26   0.000       0.000      0.5873E-20  0.3583E-13  0.3719E-13  0.3532E-13  0.1152E-15  0.2201E-15  0.3498E-16  0.3500E-16  0.2608E-16  0.1753E-18  0.3433E-16  0.1967E-17  0.3594E-19  0.8345E-20  0.2270E-21  0.2166E-19  0.1813E-20  0.2243E-25  0.2243E-25   0.000       0.000      0.9075E-21  0.4524E-36  0.5203E-20  0.4088E-13  0.3397E-16  0.2889E-15  0.8666E-19  0.1163E-15  0.4001E-19  0.3514E-16  0.1078E-16  0.2352E-16  0.1451E-17  0.3965E-19  0.3938E-19  0.9718E-20  0.5107E-24  0.4291E-25
          19   81.51       1.097      0.7153E-13  0.6650E-13  0.7149E-13  0.4188E-14  0.3986E-14  0.1266E-18  0.6483E-19  0.2218E-19  0.2233E-20  0.4423E-20  0.2195E-19  0.6463E-20  0.1314E-21  0.5132E-21  0.7062E-22  0.2682E-23  0.1470E-24  0.9739E-25  0.1743E-26  0.1743E-26   0.000       0.000      0.2703E-14  0.7392E-13  0.1328E-14  0.1604E-15  0.1791E-14  0.8641E-15  0.5285E-15  0.2117E-15  0.1313E-15  0.5387E-16  0.1529E-16  0.3989E-17  0.8766E-20  0.2109E-19  0.8656E-19  0.3191E-19  0.8130E-20  0.6833E-20  0.4291E-20  0.8282E-20  0.3885E-20  0.2542E-21  0.3165E-22  0.1522E-23  0.2767E-23  0.1573E-26   0.000      0.8676E-19  0.3669E-13  0.3804E-13  0.3626E-13  0.1257E-15  0.2101E-15  0.3872E-16  0.3351E-16  0.2909E-16  0.1678E-18  0.4125E-16  0.3246E-17  0.5662E-18  0.1661E-18  0.4517E-20  0.4310E-18  0.3608E-19  0.4572E-23  0.4572E-23   0.000       0.000      0.2677E-19  0.4296E-36  0.8081E-19  0.4166E-13  0.3259E-16  0.2763E-15  0.1372E-17  0.1115E-15  0.6216E-18  0.3400E-16  0.1064E-16  0.2933E-16  0.2614E-17  0.6332E-18  0.7246E-18  0.3014E-18  0.3312E-22  0.8558E-23
          20   104.1       1.188      0.7530E-13  0.7126E-13  0.7843E-13  0.4558E-14  0.4875E-14  0.1457E-17  0.9403E-18  0.3042E-18  0.3625E-19  0.7647E-19  0.3468E-18  0.1129E-18  0.3517E-20  0.1989E-19  0.2855E-20  0.1781E-21  0.1338E-22  0.9939E-23  0.7305E-24  0.7305E-24   0.000       0.000      0.4041E-14  0.8072E-13  0.1883E-14  0.1579E-15  0.2543E-14  0.1326E-14  0.8628E-15  0.4088E-15  0.2725E-15  0.1403E-15  0.4799E-16  0.1525E-16  0.9084E-19  0.2471E-18  0.1031E-17  0.4214E-18  0.1154E-18  0.9822E-19  0.6586E-19  0.1316E-18  0.6868E-19  0.1116E-19  0.1240E-20  0.1007E-21  0.2752E-21  0.6638E-24   0.000      0.6538E-18  0.3820E-13  0.3934E-13  0.3790E-13  0.1555E-15  0.1981E-15  0.4962E-16  0.3165E-16  0.3640E-16  0.1585E-18  0.5821E-16  0.7299E-17  0.4646E-17  0.1652E-17  0.4493E-19  0.4287E-17  0.3588E-18  0.2929E-21  0.2929E-21   0.000       0.000      0.3693E-18  0.4030E-36  0.6332E-18  0.4277E-13  0.3075E-16  0.2607E-15  0.1123E-16  0.1052E-15  0.5027E-17  0.3393E-16  0.1115E-16  0.4471E-16  0.6168E-17  0.5155E-17  0.6613E-17  0.4197E-17  0.8483E-21  0.5335E-21
          21   132.9       1.401      0.8109E-13  0.7910E-13  0.8924E-13  0.5249E-14  0.5855E-14  0.9424E-17  0.7306E-17  0.2355E-17  0.3415E-18  0.6985E-18  0.2957E-17  0.1025E-17  0.4759E-19  0.3434E-18  0.4712E-19  0.4693E-20  0.4607E-21  0.3776E-21  0.9306E-22  0.9306E-22   0.000       0.000      0.5704E-14  0.9122E-13  0.2560E-14  0.1615E-15  0.3390E-14  0.1867E-14  0.1257E-14  0.6740E-15  0.4778E-15  0.2901E-15  0.1146E-15  0.4185E-16  0.5465E-18  0.1641E-17  0.6902E-17  0.3086E-17  0.8986E-18  0.7749E-18  0.5474E-18  0.1125E-17  0.6329E-18  0.2187E-18  0.1980E-19  0.2652E-20  0.1011E-19  0.8518E-22  0.4291E-25  0.2893E-17  0.4164E-13  0.4199E-13  0.4167E-13  0.2519E-15  0.1797E-15  0.8526E-16  0.2873E-16  0.5723E-16  0.1439E-18  0.1048E-15  0.1976E-16  0.2275E-16  0.9577E-17  0.2604E-18  0.2485E-16  0.2080E-17  0.7690E-20  0.7690E-20   0.000       0.000      0.2818E-17  0.3662E-36  0.2891E-17  0.4504E-13  0.2788E-16  0.2364E-15  0.5439E-16  0.9532E-16  0.2420E-16  0.3954E-16  0.1512E-16  0.8837E-16  0.1659E-16  0.2465E-16  0.3483E-16  0.3125E-16  0.1055E-19  0.1355E-19
          22   169.7       1.848      0.8987E-13  0.9128E-13  0.1049E-12  0.6433E-14  0.6749E-14  0.3818E-16  0.3420E-16  0.1138E-16  0.2048E-17  0.3797E-17  0.1531E-16  0.5468E-17  0.3838E-18  0.3091E-17  0.3809E-18  0.5937E-19  0.7407E-20  0.6482E-20  0.3849E-20  0.3849E-20   0.000       0.000      0.7314E-14  0.1060E-12  0.3204E-14  0.1802E-15  0.4128E-14  0.2357E-14  0.1611E-14  0.9425E-15  0.7021E-15  0.4791E-15  0.2105E-15  0.8444E-16  0.2114E-17  0.6868E-17  0.2891E-16  0.1403E-16  0.4282E-17  0.3760E-17  0.2768E-17  0.5818E-17  0.3435E-17  0.2205E-17  0.1548E-18  0.3360E-19  0.1685E-18  0.3537E-20  0.6495E-23  0.8265E-17  0.4852E-13  0.4704E-13  0.4929E-13  0.4849E-15  0.1521E-15  0.1719E-15  0.2431E-16  0.1040E-15  0.1218E-18  0.2038E-15  0.4738E-16  0.7288E-16  0.3591E-16  0.9757E-18  0.9310E-16  0.7792E-17  0.9956E-19  0.9955E-19  0.3001E-25   0.000      0.1333E-16  0.3096E-36  0.8485E-17  0.4956E-13  0.2358E-16  0.1999E-15  0.1712E-15  0.8056E-16  0.7599E-16  0.5994E-16  0.2796E-16  0.1819E-15  0.3896E-16  0.7620E-16  0.1173E-15  0.1402E-15  0.7360E-19  0.1690E-18
          23   216.7       2.529      0.1008E-12  0.1065E-12  0.1234E-12  0.7975E-14  0.7267E-14  0.1061E-15  0.1063E-15  0.3737E-16  0.8370E-17  0.1357E-16  0.5307E-16  0.1900E-16  0.2104E-17  0.1644E-16  0.1749E-17  0.4206E-18  0.6595E-19  0.5915E-19  0.7008E-19  0.7008E-19   0.000       0.000      0.8322E-14  0.1228E-12  0.3593E-14  0.2168E-15  0.4509E-14  0.2632E-14  0.1803E-14  0.1120E-14  0.8668E-15  0.6405E-15  0.3036E-15  0.1297E-15  0.5731E-17  0.1981E-16  0.8275E-16  0.4358E-16  0.1372E-16  0.1234E-16  0.9378E-17  0.2015E-16  0.1215E-16  0.1286E-16  0.6898E-18  0.2392E-18  0.1511E-17  0.6456E-19  0.2896E-21  0.1656E-16  0.5873E-13  0.5433E-13  0.6079E-13  0.8769E-15  0.1186E-15  0.3179E-15  0.1895E-16  0.1783E-15  0.9495E-19  0.3521E-15  0.8939E-16  0.1655E-15  0.9521E-16  0.2580E-17  0.2461E-15  0.2060E-16  0.7398E-18  0.7394E-18  0.7115E-23   0.000      0.4309E-16  0.2412E-36  0.1741E-16  0.5646E-13  0.1843E-16  0.1559E-15  0.3794E-15  0.6285E-16  0.1684E-15  0.1017E-15  0.5349E-16  0.3218E-15  0.7227E-16  0.1653E-15  0.2751E-15  0.4193E-15  0.3252E-18  0.1204E-17
          24   276.8       3.323      0.1118E-12  0.1217E-12  0.1407E-12  0.9502E-14  0.7291E-14  0.2223E-15  0.2434E-15  0.9187E-16  0.2518E-16  0.3540E-16  0.1367E-15  0.4779E-16  0.8732E-17  0.5849E-16  0.5264E-17  0.1926E-17  0.3785E-18  0.3356E-18  0.6861E-18  0.6861E-18  0.5766E-24   0.000      0.8519E-14  0.1377E-12  0.3648E-14  0.2641E-15  0.4481E-14  0.2647E-14  0.1809E-14  0.1168E-14  0.9304E-15  0.7250E-15  0.3622E-15  0.1615E-15  0.1195E-16  0.4340E-16  0.1781E-15  0.1022E-15  0.3268E-16  0.3025E-16  0.2353E-16  0.5194E-16  0.3109E-16  0.4906E-16  0.2027E-17  0.1104E-17  0.8512E-17  0.6332E-18  0.5654E-20  0.2547E-16  0.7035E-13  0.6249E-13  0.7413E-13  0.1363E-14  0.8723E-16  0.4992E-15  0.1395E-16  0.2664E-15  0.6986E-19  0.5159E-15  0.1359E-15  0.2914E-15  0.1969E-15  0.5294E-17  0.5048E-15  0.4226E-16  0.3641E-17  0.3635E-17  0.3735E-21   0.000      0.1057E-15  0.1775E-36  0.2738E-16  0.6473E-13  0.1364E-16  0.1148E-15  0.6473E-15  0.4637E-16  0.2879E-15  0.1610E-15  0.8929E-16  0.4756E-15  0.1087E-15  0.2757E-15  0.4939E-15  0.9282E-15  0.1028E-17  0.5659E-17
          25   353.4       4.113      0.1214E-12  0.1349E-12  0.1550E-12  0.1074E-13  0.6937E-14  0.3843E-15  0.4504E-15  0.1850E-15  0.6032E-16  0.7392E-16  0.2869E-15  0.9585E-16  0.2958E-16  0.1552E-15  0.1177E-16  0.6456E-17  0.1588E-17  0.1359E-17  0.4271E-17  0.4272E-17  0.5616E-22   0.000      0.8102E-14  0.1493E-12  0.3454E-14  0.3130E-15  0.4176E-14  0.2482E-14  0.1688E-14  0.1118E-14  0.9091E-15  0.7335E-15  0.3798E-15  0.1743E-15  0.2093E-16  0.7898E-16  0.3152E-15  0.1986E-15  0.6361E-16  0.6058E-16  0.4783E-16  0.1096E-15  0.6338E-16  0.1371E-15  0.4461E-17  0.3728E-17  0.3438E-16  0.3949E-17  0.5992E-19  0.3276E-16  0.8161E-13  0.7027E-13  0.8737E-13  0.1855E-14  0.6304E-16  0.6820E-15  0.1008E-16  0.3513E-15  0.5050E-19  0.6626E-15  0.1771E-15  0.4325E-15  0.3488E-15  0.9221E-17  0.8780E-15  0.7351E-16  0.1342E-16  0.1336E-16  0.8574E-20   0.000      0.2168E-15  0.1284E-36  0.3600E-16  0.7330E-13  0.9933E-17  0.8307E-16  0.9243E-15  0.3366E-16  0.4122E-15  0.2274E-15  0.1290E-15  0.6130E-15  0.1413E-15  0.3841E-15  0.7397E-15  0.1676E-14  0.2594E-17  0.1989E-16
          26   451.3       4.880      0.1298E-12  0.1463E-12  0.1668E-12  0.1165E-13  0.6389E-14  0.5855E-15  0.7235E-15  0.3265E-15  0.1222E-15  0.1323E-15  0.5257E-15  0.1648E-15  0.8573E-16  0.3341E-15  0.2156E-16  0.1732E-16  0.5329E-17  0.4363E-17  0.1918E-16  0.1919E-16  0.2098E-20   0.000      0.7379E-14  0.1583E-12  0.3139E-14  0.3603E-15  0.3751E-14  0.2235E-14  0.1514E-14  0.1019E-14  0.8406E-15  0.6939E-15  0.3682E-15  0.1722E-15  0.3281E-16  0.1277E-15  0.4902E-15  0.3412E-15  0.1085E-15  0.1058E-15  0.8422E-16  0.2030E-15  0.1105E-15  0.3067E-15  0.8115E-17  0.1007E-16  0.1097E-15  0.1778E-16  0.4058E-18  0.3760E-16  0.9205E-13  0.7743E-13  0.1000E-12  0.2296E-14  0.4612E-16  0.8451E-15  0.7380E-17  0.4242E-15  0.3696E-19  0.7805E-15  0.2093E-15  0.5762E-15  0.5680E-15  0.1458E-16  0.1384E-14  0.1159E-15  0.4058E-16  0.4019E-16  0.1067E-18   0.000      0.3996E-15  0.9396E-37  0.4222E-16  0.8192E-13  0.7329E-17  0.6088E-16  0.1176E-14  0.2476E-16  0.5260E-15  0.2920E-15  0.1669E-15  0.7235E-15  0.1680E-15  0.4763E-15  0.9861E-15  0.2657E-14  0.5666E-17  0.5741E-16
          27   576.3       5.660      0.1375E-12  0.1566E-12  0.1774E-12  0.1230E-13  0.5779E-14  0.8192E-15  0.1052E-14  0.5250E-15  0.2175E-15  0.2111E-15  0.8731E-15  0.2534E-15  0.2183E-15  0.6148E-15  0.3443E-16  0.3933E-16  0.1510E-16  0.1184E-16  0.6751E-16  0.6766E-16  0.3879E-19   0.000      0.6548E-14  0.1657E-12  0.2782E-14  0.4075E-15  0.3298E-14  0.1967E-14  0.1327E-14  0.9029E-15  0.7522E-15  0.6302E-15  0.3401E-15  0.1612E-15  0.4781E-16  0.1907E-15  0.6977E-15  0.5379E-15  0.1690E-15  0.1670E-15  0.1334E-15  0.3433E-15  0.1722E-15  0.5814E-15  0.1301E-16  0.2290E-16  0.2940E-15  0.6286E-16  0.1966E-17  0.4003E-16  0.1020E-12  0.8424E-13  0.1124E-12  0.2658E-14  0.3463E-16  0.9776E-15  0.5545E-17  0.4810E-15  0.2777E-19  0.8693E-15  0.2323E-15  0.7152E-15  0.8849E-15  0.2175E-16  0.2052E-14  0.1721E-15  0.1064E-15  0.1044E-15  0.8374E-18   0.000      0.6880E-15  0.7070E-37  0.4598E-16  0.9081E-13  0.5550E-17  0.4579E-16  0.1384E-14  0.1869E-16  0.6206E-15  0.3481E-15  0.1992E-15  0.8086E-15  0.1894E-15  0.5455E-15  0.1217E-14  0.3867E-14  0.1125E-16  0.1443E-15
          28   735.9       6.510      0.1450E-12  0.1668E-12  0.1883E-12  0.1276E-13  0.5179E-14  0.1077E-14  0.1419E-14  0.7836E-15  0.3475E-15  0.3071E-15  0.1339E-14  0.3575E-15  0.4960E-15  0.9988E-15  0.4998E-16  0.7794E-16  0.3732E-16  0.2823E-16  0.1965E-15  0.1976E-15  0.4157E-18  0.5498E-27  0.5707E-14  0.1730E-12  0.2423E-14  0.4592E-15  0.2858E-14  0.1704E-14  0.1146E-14  0.7851E-15  0.6586E-15  0.5570E-15  0.3041E-15  0.1455E-15  0.6590E-16  0.2681E-15  0.9297E-15  0.7902E-15  0.2455E-15  0.2433E-15  0.1940E-15  0.5400E-15  0.2455E-15  0.9677E-15  0.1914E-16  0.4522E-16  0.6856E-15  0.1844E-15  0.7355E-17  0.4047E-16  0.1120E-12  0.9111E-13  0.1253E-12  0.2928E-14  0.2666E-16  0.1074E-14  0.4271E-17  0.5204E-15  0.2139E-19  0.9325E-15  0.2472E-15  0.8440E-15  0.1340E-14  0.3121E-16  0.2916E-14  0.2454E-15  0.2500E-15  0.2420E-15  0.4607E-17  0.4384E-27  0.1124E-14  0.5435E-37  0.4766E-16  0.1003E-12  0.4304E-17  0.3531E-16  0.1539E-14  0.1446E-16  0.6909E-15  0.3913E-15  0.2231E-15  0.8724E-15  0.2071E-15  0.5893E-15  0.1420E-14  0.5306E-14  0.2083E-16  0.3268E-15
          29   939.7       7.492      0.1525E-12  0.1775E-12  0.2005E-12  0.1309E-13  0.4627E-14  0.1346E-14  0.1798E-14  0.1095E-14  0.5051E-15  0.4122E-15  0.1916E-14  0.4688E-15  0.1016E-14  0.1462E-14  0.6759E-16  0.1373E-15  0.8187E-16  0.6035E-16  0.4899E-15  0.4954E-15  0.2895E-17  0.1318E-24  0.4897E-14  0.1806E-12  0.2079E-14  0.5195E-15  0.2442E-14  0.1456E-14  0.9769E-15  0.6719E-15  0.5664E-15  0.4822E-15  0.2654E-15  0.1278E-15  0.8650E-16  0.3573E-15  0.1174E-14  0.1088E-14  0.3353E-15  0.3303E-15  0.2623E-15  0.7965E-15  0.3250E-15  0.1447E-14  0.2646E-16  0.7892E-16  0.1422E-14  0.4650E-15  0.2235E-16  0.3939E-16  0.1224E-12  0.9833E-13  0.1390E-12  0.3100E-14  0.2089E-16  0.1131E-14  0.3348E-17  0.5417E-15  0.1677E-19  0.9726E-15  0.2551E-15  0.9563E-15  0.1976E-14  0.4334E-16  0.3992E-14  0.3378E-15  0.5368E-15  0.5099E-15  0.1911E-16  0.1345E-24  0.1750E-14  0.4261E-37  0.4771E-16  0.1108E-12  0.3393E-17  0.2771E-16  0.1633E-14  0.1138E-16  0.7341E-15  0.4185E-15  0.2372E-15  0.9183E-15  0.2221E-15  0.6073E-15  0.1586E-14  0.6961E-14  0.3651E-16  0.6796E-15
          30   1200.       8.663      0.1603E-12  0.1889E-12  0.2145E-12  0.1333E-13  0.4137E-14  0.1612E-14  0.2158E-14  0.1439E-14  0.6748E-15  0.5157E-15  0.2570E-14  0.5773E-15  0.1892E-14  0.1958E-14  0.8648E-16  0.2176E-15  0.1615E-15  0.1174E-15  0.1072E-14  0.1094E-14  0.1429E-16  0.1012E-22  0.4137E-14  0.1890E-12  0.1756E-14  0.5892E-15  0.2057E-14  0.1225E-14  0.8207E-15  0.5661E-15  0.4790E-15  0.4095E-15  0.2268E-15  0.1098E-15  0.1084E-15  0.4529E-15  0.1415E-14  0.1407E-14  0.4329E-15  0.4212E-15  0.3325E-15  0.1107E-14  0.4037E-15  0.1978E-14  0.3478E-16  0.1235E-15  0.2665E-14  0.1033E-14  0.5728E-16  0.3723E-16  0.1335E-12  0.1060E-12  0.1542E-12  0.3174E-14  0.1652E-16  0.1151E-14  0.2648E-17  0.5457E-15  0.1326E-19  0.9920E-15  0.2571E-15  0.1046E-14  0.2823E-14  0.5824E-16  0.5264E-14  0.4492E-15  0.1067E-14  0.9892E-15  0.6309E-16  0.1164E-22  0.2596E-14  0.3356E-37  0.4661E-16  0.1223E-12  0.2695E-17  0.2193E-16  0.1667E-14  0.9023E-17  0.7498E-15  0.4288E-15  0.2412E-15  0.9484E-15  0.2349E-15  0.6016E-15  0.1710E-14  0.8803E-14  0.6107E-16  0.1313E-14
 
 
