

Mean energy (eV)
COMMENT: generated by bolsig_convert.py
-----------------------
1.000000000000000000e+00 1.517999999999999905e-01
1.276999999999999913e+00 1.640999999999999959e-01
1.631000000000000005e+00 1.782999999999999863e-01
2.081999999999999851e+00 1.953000000000000014e-01
2.658999999999999808e+00 2.170999999999999874e-01
3.395000000000000018e+00 2.467000000000000026e-01
4.336000000000000298e+00 2.891000000000000236e-01
5.536999999999999922e+00 3.526000000000000245e-01
7.070000000000000284e+00 4.405000000000000027e-01
9.028000000000000469e+00 5.441000000000000281e-01
1.152999999999999936e+01 6.474999999999999645e-01
1.472000000000000064e+01 7.385000000000000453e-01
1.880000000000000071e+01 8.141000000000000458e-01
2.401000000000000156e+01 8.760999999999999899e-01
3.064999999999999858e+01 9.278999999999999471e-01
3.914999999999999858e+01 9.724000000000000421e-01
4.999000000000000199e+01 1.012000000000000011e+00
6.382999999999999829e+01 1.050000000000000044e+00
8.151000000000000512e+01 1.096999999999999975e+00
1.040999999999999943e+02 1.187999999999999945e+00
1.329000000000000057e+02 1.401000000000000023e+00
1.696999999999999886e+02 1.848000000000000087e+00
2.166999999999999886e+02 2.528999999999999915e+00
2.768000000000000114e+02 3.322999999999999954e+00
3.533999999999999773e+02 4.113000000000000433e+00
4.513000000000000114e+02 4.879999999999999893e+00
5.762999999999999545e+02 5.660000000000000142e+00
7.358999999999999773e+02 6.509999999999999787e+00
9.397000000000000455e+02 7.491999999999999993e+00
1.200000000000000000e+03 8.663000000000000256e+00
-----------------------


Mobility *N (1/m/V/s)
COMMENT: generated by bolsig_convert.py
-----------------------
1.000000000000000000e+00 2.190000000000000055e+24
1.276999999999999913e+00 2.053999999999999870e+24
1.631000000000000005e+00 1.929999999999999962e+24
2.081999999999999851e+00 1.808000000000000101e+24
2.658999999999999808e+00 1.682999999999999901e+24
3.395000000000000018e+00 1.551000000000000078e+24
4.336000000000000298e+00 1.412000000000000092e+24
5.536999999999999922e+00 1.262000000000000122e+24
7.070000000000000284e+00 1.103999999999999966e+24
9.028000000000000469e+00 9.545000000000000073e+23
1.152999999999999936e+01 8.278000000000000105e+23
1.472000000000000064e+01 7.283999999999999455e+23
1.880000000000000071e+01 6.519000000000000598e+23
2.401000000000000156e+01 5.916999999999999864e+23
3.064999999999999858e+01 5.423000000000000010e+23
3.914999999999999858e+01 5.003999999999999874e+23
4.999000000000000199e+01 4.651000000000000052e+23
6.382999999999999829e+01 4.352000000000000000e+23
8.151000000000000512e+01 4.094999999999999843e+23
1.040999999999999943e+02 3.862000000000000105e+23
1.329000000000000057e+02 3.633000000000000325e+23
1.696999999999999886e+02 3.402999999999999717e+23
2.166999999999999886e+02 3.176999999999999738e+23
2.768000000000000114e+02 2.970999999999999885e+23
3.533999999999999773e+02 2.787000000000000136e+23
4.513000000000000114e+02 2.622000000000000021e+23
5.762999999999999545e+02 2.467999999999999958e+23
7.358999999999999773e+02 2.322000000000000147e+23
9.397000000000000455e+02 2.179999999999999958e+23
1.200000000000000000e+03 2.044000000000000042e+23
-----------------------


Diffusion coefficient *N (1/m/s)
COMMENT: generated by bolsig_convert.py
-----------------------
1.000000000000000000e+00 2.842999999999999885e+23
1.276999999999999913e+00 2.902999999999999927e+23
1.631000000000000005e+00 2.966000000000000105e+23
2.081999999999999851e+00 3.035999999999999706e+23
2.658999999999999808e+00 3.121000000000000325e+23
3.395000000000000018e+00 3.226000000000000063e+23
4.336000000000000298e+00 3.364000000000000294e+23
5.536999999999999922e+00 3.552999999999999822e+23
7.070000000000000284e+00 3.794000000000000147e+23
9.028000000000000469e+00 4.058000000000000063e+23
1.152999999999999936e+01 4.303999999999999832e+23
1.472000000000000064e+01 4.503000000000000262e+23
1.880000000000000071e+01 4.652000000000000210e+23
2.401000000000000156e+01 4.755000000000000304e+23
3.064999999999999858e+01 4.823000000000000262e+23
3.914999999999999858e+01 4.861000000000000199e+23
4.999000000000000199e+01 4.877000000000000031e+23
6.382999999999999829e+01 4.874999999999999717e+23
8.151000000000000512e+01 4.866999999999999801e+23
1.040999999999999943e+02 4.897999999999999979e+23
1.329000000000000057e+02 5.088000000000000336e+23
1.696999999999999886e+02 5.601999999999999979e+23
2.166999999999999886e+02 6.459000000000000556e+23
2.768000000000000114e+02 7.484000000000000042e+23
3.533999999999999773e+02 8.487000000000000094e+23
4.513000000000000114e+02 9.404000000000000042e+23
5.762999999999999545e+02 1.025000000000000023e+24
7.358999999999999773e+02 1.108000000000000059e+24
9.397000000000000455e+02 1.194000000000000029e+24
1.200000000000000000e+03 1.287999999999999916e+24
-----------------------


Townsend ioniz. coef. alpha/N (m2)
COMMENT: generated by bolsig_convert.py
-----------------------
1.000000000000000000e+00 0.000000000000000000e+00
1.276999999999999913e+00 0.000000000000000000e+00
1.631000000000000005e+00 0.000000000000000000e+00
2.081999999999999851e+00 0.000000000000000000e+00
2.658999999999999808e+00 0.000000000000000000e+00
3.395000000000000018e+00 0.000000000000000000e+00
4.336000000000000298e+00 0.000000000000000000e+00
5.536999999999999922e+00 0.000000000000000000e+00
7.070000000000000284e+00 0.000000000000000000e+00
9.028000000000000469e+00 0.000000000000000000e+00
1.152999999999999936e+01 0.000000000000000000e+00
1.472000000000000064e+01 0.000000000000000000e+00
1.880000000000000071e+01 0.000000000000000000e+00
2.401000000000000156e+01 0.000000000000000000e+00
3.064999999999999858e+01 0.000000000000000000e+00
3.914999999999999858e+01 0.000000000000000000e+00
4.999000000000000199e+01 3.498000000000000020e-35
6.382999999999999829e+01 6.318000000000000330e-31
8.151000000000000512e+01 1.061999999999999920e-28
1.040999999999999943e+02 5.611000000000000070e-27
1.329000000000000057e+02 1.243999999999999922e-25
1.696999999999999886e+02 1.429999999999999992e-24
2.166999999999999886e+02 1.017999999999999983e-23
2.768000000000000114e+02 5.101999999999999881e-23
3.533999999999999773e+02 1.966999999999999889e-22
4.513000000000000114e+02 6.160999999999999667e-22
5.762999999999999545e+02 1.626000000000000031e-21
7.358999999999999773e+02 3.709000000000000021e-21
9.397000000000000455e+02 7.464999999999999254e-21
1.200000000000000000e+03 1.346999999999999939e-20
-----------------------


Townsend attach. coef. eta/N (m2)
COMMENT: generated by bolsig_convert.py
-----------------------
1.000000000000000000e+00 3.240000000000000065e-40
1.276999999999999913e+00 2.537999999999999806e-40
1.631000000000000005e+00 1.975000000000000085e-40
2.081999999999999851e+00 1.528999999999999999e-40
2.658999999999999808e+00 1.178000000000000073e-40
3.395000000000000018e+00 9.030000000000000112e-41
4.336000000000000298e+00 6.887999999999999825e-41
5.536999999999999922e+00 5.211999999999999850e-41
7.070000000000000284e+00 3.899000000000000080e-41
9.028000000000000469e+00 2.881999999999999815e-41
1.152999999999999936e+01 2.115000000000000093e-41
1.472000000000000064e+01 1.554999999999999906e-41
1.880000000000000071e+01 1.156000000000000038e-41
2.401000000000000156e+01 8.737999999999999918e-42
3.064999999999999858e+01 2.143000000000000032e-35
3.914999999999999858e+01 2.867000000000000155e-29
4.999000000000000199e+01 2.646000000000000142e-27
6.382999999999999829e+01 7.973999999999999922e-26
8.151000000000000512e+01 1.003999999999999912e-24
1.040999999999999943e+02 6.403000000000000054e-24
1.329000000000000057e+02 2.396000000000000122e-23
1.696999999999999886e+02 5.800000000000000329e-23
2.166999999999999886e+02 9.865000000000000170e-23
2.768000000000000114e+02 1.286000000000000047e-22
3.533999999999999773e+02 1.395999999999999956e-22
4.513000000000000114e+02 1.349000000000000038e-22
5.762999999999999545e+02 1.209000000000000111e-22
7.358999999999999773e+02 1.031999999999999958e-22
9.397000000000000455e+02 8.501000000000000359e-23
1.200000000000000000e+03 6.835999999999999600e-23
-----------------------


C5 N2 Excitation 0.29 eV
COMMENT: generated by bolsig_convert.py
-----------------------
1.000000000000000000e+00 2.565999999999999962e-19
1.276999999999999913e+00 4.672000000000000062e-19
1.631000000000000005e+00 8.102000000000000299e-19
2.081999999999999851e+00 1.354000000000000075e-18
2.658999999999999808e+00 2.252999999999999875e-18
3.395000000000000018e+00 3.839000000000000141e-18
4.336000000000000298e+00 7.095999999999999836e-18
5.536999999999999922e+00 1.493999999999999908e-17
7.070000000000000284e+00 3.411000000000000108e-17
9.028000000000000469e+00 7.664999999999999813e-17
1.152999999999999936e+01 1.597000000000000115e-16
1.472000000000000064e+01 3.040000000000000094e-16
1.880000000000000071e+01 5.321999999999999507e-16
2.401000000000000156e+01 8.638999999999999961e-16
3.064999999999999858e+01 1.308999999999999971e-15
3.914999999999999858e+01 1.859999999999999853e-15
4.999000000000000199e+01 2.499000000000000178e-15
6.382999999999999829e+01 3.204999999999999817e-15
8.151000000000000512e+01 3.985999999999999689e-15
1.040999999999999943e+02 4.874999999999999738e-15
1.329000000000000057e+02 5.854999999999999885e-15
1.696999999999999886e+02 6.748999999999999818e-15
2.166999999999999886e+02 7.267000000000000741e-15
2.768000000000000114e+02 7.290999999999999553e-15
3.533999999999999773e+02 6.936999999999999717e-15
4.513000000000000114e+02 6.389000000000000279e-15
5.762999999999999545e+02 5.779000000000000228e-15
7.358999999999999773e+02 5.178999999999999945e-15
9.397000000000000455e+02 4.626999999999999652e-15
1.200000000000000000e+03 4.136999999999999973e-15
-----------------------


C6 N2 Excitation 6.17 eV
COMMENT: generated by bolsig_convert.py
-----------------------
1.000000000000000000e+00 0.000000000000000000e+00
1.276999999999999913e+00 0.000000000000000000e+00
1.631000000000000005e+00 0.000000000000000000e+00
2.081999999999999851e+00 0.000000000000000000e+00
2.658999999999999808e+00 0.000000000000000000e+00
3.395000000000000018e+00 0.000000000000000000e+00
4.336000000000000298e+00 0.000000000000000000e+00
5.536999999999999922e+00 0.000000000000000000e+00
7.070000000000000284e+00 0.000000000000000000e+00
9.028000000000000469e+00 0.000000000000000000e+00
1.152999999999999936e+01 0.000000000000000000e+00
1.472000000000000064e+01 0.000000000000000000e+00
1.880000000000000071e+01 0.000000000000000000e+00
2.401000000000000156e+01 0.000000000000000000e+00
3.064999999999999858e+01 0.000000000000000000e+00
3.914999999999999858e+01 3.704000000000000074e-25
4.999000000000000199e+01 8.371999999999999953e-23
6.382999999999999829e+01 5.251999999999999876e-21
8.151000000000000512e+01 1.265999999999999898e-19
1.040999999999999943e+02 1.457000000000000028e-18
1.329000000000000057e+02 9.424000000000000083e-18
1.696999999999999886e+02 3.817999999999999868e-17
2.166999999999999886e+02 1.061000000000000009e-16
2.768000000000000114e+02 2.222999999999999835e-16
3.533999999999999773e+02 3.843000000000000028e-16
4.513000000000000114e+02 5.855000000000000477e-16
5.762999999999999545e+02 8.191999999999999797e-16
7.358999999999999773e+02 1.076999999999999948e-15
9.397000000000000455e+02 1.345999999999999981e-15
1.200000000000000000e+03 1.611999999999999964e-15
-----------------------


C7 N2 Excitation 7.35 eV
COMMENT: generated by bolsig_convert.py
-----------------------
1.000000000000000000e+00 0.000000000000000000e+00
1.276999999999999913e+00 0.000000000000000000e+00
1.631000000000000005e+00 0.000000000000000000e+00
2.081999999999999851e+00 0.000000000000000000e+00
2.658999999999999808e+00 0.000000000000000000e+00
3.395000000000000018e+00 0.000000000000000000e+00
4.336000000000000298e+00 0.000000000000000000e+00
5.536999999999999922e+00 0.000000000000000000e+00
7.070000000000000284e+00 0.000000000000000000e+00
9.028000000000000469e+00 0.000000000000000000e+00
1.152999999999999936e+01 0.000000000000000000e+00
1.472000000000000064e+01 0.000000000000000000e+00
1.880000000000000071e+01 0.000000000000000000e+00
2.401000000000000156e+01 0.000000000000000000e+00
3.064999999999999858e+01 0.000000000000000000e+00
3.914999999999999858e+01 6.733000000000000107e-27
4.999000000000000199e+01 2.230000000000000078e-23
6.382999999999999829e+01 2.013999999999999949e-21
8.151000000000000512e+01 6.482999999999999997e-20
1.040999999999999943e+02 9.402999999999999193e-19
1.329000000000000057e+02 7.305999999999999489e-18
1.696999999999999886e+02 3.419999999999999983e-17
2.166999999999999886e+02 1.062999999999999967e-16
2.768000000000000114e+02 2.434000000000000206e-16
3.533999999999999773e+02 4.503999999999999823e-16
4.513000000000000114e+02 7.235000000000000221e-16
5.762999999999999545e+02 1.051999999999999937e-15
7.358999999999999773e+02 1.418999999999999984e-15
9.397000000000000455e+02 1.798000000000000028e-15
1.200000000000000000e+03 2.157999999999999962e-15
-----------------------


C11 N2 Excitation 8.55 eV
COMMENT: generated by bolsig_convert.py
-----------------------
1.000000000000000000e+00 0.000000000000000000e+00
1.276999999999999913e+00 0.000000000000000000e+00
1.631000000000000005e+00 0.000000000000000000e+00
2.081999999999999851e+00 0.000000000000000000e+00
2.658999999999999808e+00 0.000000000000000000e+00
3.395000000000000018e+00 0.000000000000000000e+00
4.336000000000000298e+00 0.000000000000000000e+00
5.536999999999999922e+00 0.000000000000000000e+00
7.070000000000000284e+00 0.000000000000000000e+00
9.028000000000000469e+00 0.000000000000000000e+00
1.152999999999999936e+01 0.000000000000000000e+00
1.472000000000000064e+01 0.000000000000000000e+00
1.880000000000000071e+01 0.000000000000000000e+00
2.401000000000000156e+01 0.000000000000000000e+00
3.064999999999999858e+01 0.000000000000000000e+00
3.914999999999999858e+01 0.000000000000000000e+00
4.999000000000000199e+01 6.448000000000000110e-24
6.382999999999999829e+01 6.298999999999999937e-22
8.151000000000000512e+01 2.195000000000000044e-20
1.040999999999999943e+02 3.468000000000000055e-19
1.329000000000000057e+02 2.957000000000000135e-18
1.696999999999999886e+02 1.530999999999999942e-17
2.166999999999999886e+02 5.306999999999999880e-17
2.768000000000000114e+02 1.367000000000000075e-16
3.533999999999999773e+02 2.868999999999999879e-16
4.513000000000000114e+02 5.257000000000000423e-16
5.762999999999999545e+02 8.731000000000000273e-16
7.358999999999999773e+02 1.339000000000000064e-15
9.397000000000000455e+02 1.915999999999999974e-15
1.200000000000000000e+03 2.569999999999999951e-15
-----------------------


C13 N2 Excitation 9.75 eV
COMMENT: generated by bolsig_convert.py
-----------------------
1.000000000000000000e+00 0.000000000000000000e+00
1.276999999999999913e+00 0.000000000000000000e+00
1.631000000000000005e+00 0.000000000000000000e+00
2.081999999999999851e+00 0.000000000000000000e+00
2.658999999999999808e+00 0.000000000000000000e+00
3.395000000000000018e+00 0.000000000000000000e+00
4.336000000000000298e+00 0.000000000000000000e+00
5.536999999999999922e+00 0.000000000000000000e+00
7.070000000000000284e+00 0.000000000000000000e+00
9.028000000000000469e+00 0.000000000000000000e+00
1.152999999999999936e+01 0.000000000000000000e+00
1.472000000000000064e+01 0.000000000000000000e+00
1.880000000000000071e+01 0.000000000000000000e+00
2.401000000000000156e+01 0.000000000000000000e+00
3.064999999999999858e+01 0.000000000000000000e+00
3.914999999999999858e+01 0.000000000000000000e+00
4.999000000000000199e+01 9.040999999999999829e-27
6.382999999999999829e+01 1.985000000000000074e-24
8.151000000000000512e+01 1.313999999999999938e-22
1.040999999999999943e+02 3.516999999999999906e-21
1.329000000000000057e+02 4.758999999999999820e-20
1.696999999999999886e+02 3.837999999999999819e-19
2.166999999999999886e+02 2.104000000000000129e-18
2.768000000000000114e+02 8.731999999999999451e-18
3.533999999999999773e+02 2.957999999999999822e-17
4.513000000000000114e+02 8.573000000000000220e-17
5.762999999999999545e+02 2.182999999999999924e-16
7.358999999999999773e+02 4.959999999999999739e-16
9.397000000000000455e+02 1.015999999999999943e-15
1.200000000000000000e+03 1.891999999999999978e-15
-----------------------


C14 N2 Excitation 11.03 eV
COMMENT: generated by bolsig_convert.py
-----------------------
1.000000000000000000e+00 0.000000000000000000e+00
1.276999999999999913e+00 0.000000000000000000e+00
1.631000000000000005e+00 0.000000000000000000e+00
2.081999999999999851e+00 0.000000000000000000e+00
2.658999999999999808e+00 0.000000000000000000e+00
3.395000000000000018e+00 0.000000000000000000e+00
4.336000000000000298e+00 0.000000000000000000e+00
5.536999999999999922e+00 0.000000000000000000e+00
7.070000000000000284e+00 0.000000000000000000e+00
9.028000000000000469e+00 0.000000000000000000e+00
1.152999999999999936e+01 0.000000000000000000e+00
1.472000000000000064e+01 0.000000000000000000e+00
1.880000000000000071e+01 0.000000000000000000e+00
2.401000000000000156e+01 0.000000000000000000e+00
3.064999999999999858e+01 0.000000000000000000e+00
3.914999999999999858e+01 0.000000000000000000e+00
4.999000000000000199e+01 1.067999999999999932e-26
6.382999999999999829e+01 4.694000000000000301e-24
8.151000000000000512e+01 5.132000000000000369e-22
1.040999999999999943e+02 1.988999999999999946e-20
1.329000000000000057e+02 3.433999999999999889e-19
1.696999999999999886e+02 3.090999999999999962e-18
2.166999999999999886e+02 1.643999999999999880e-17
2.768000000000000114e+02 5.849000000000000231e-17
3.533999999999999773e+02 1.551999999999999877e-16
4.513000000000000114e+02 3.340999999999999956e-16
5.762999999999999545e+02 6.147999999999999518e-16
7.358999999999999773e+02 9.987999999999999793e-16
9.397000000000000455e+02 1.462000000000000091e-15
1.200000000000000000e+03 1.957999999999999867e-15
-----------------------


C15 N2 Excitation 11.87 eV
COMMENT: generated by bolsig_convert.py
-----------------------
1.000000000000000000e+00 0.000000000000000000e+00
1.276999999999999913e+00 0.000000000000000000e+00
1.631000000000000005e+00 0.000000000000000000e+00
2.081999999999999851e+00 0.000000000000000000e+00
2.658999999999999808e+00 0.000000000000000000e+00
3.395000000000000018e+00 0.000000000000000000e+00
4.336000000000000298e+00 0.000000000000000000e+00
5.536999999999999922e+00 0.000000000000000000e+00
7.070000000000000284e+00 0.000000000000000000e+00
9.028000000000000469e+00 0.000000000000000000e+00
1.152999999999999936e+01 0.000000000000000000e+00
1.472000000000000064e+01 0.000000000000000000e+00
1.880000000000000071e+01 0.000000000000000000e+00
2.401000000000000156e+01 0.000000000000000000e+00
3.064999999999999858e+01 0.000000000000000000e+00
3.914999999999999858e+01 0.000000000000000000e+00
4.999000000000000199e+01 9.650000000000000300e-28
6.382999999999999829e+01 5.510000000000000011e-25
8.151000000000000512e+01 7.062000000000000503e-23
1.040999999999999943e+02 2.855000000000000138e-21
1.329000000000000057e+02 4.711999999999999704e-20
1.696999999999999886e+02 3.808999999999999820e-19
2.166999999999999886e+02 1.749000000000000092e-18
2.768000000000000114e+02 5.263999999999999877e-18
3.533999999999999773e+02 1.176999999999999977e-17
4.513000000000000114e+02 2.155999999999999929e-17
5.762999999999999545e+02 3.442999999999999937e-17
7.358999999999999773e+02 4.998000000000000060e-17
9.397000000000000455e+02 6.759000000000000474e-17
1.200000000000000000e+03 8.648000000000000206e-17
-----------------------


C19 N2 Ionization 15.58 eV
COMMENT: generated by bolsig_convert.py
-----------------------
1.000000000000000000e+00 0.000000000000000000e+00
1.276999999999999913e+00 0.000000000000000000e+00
1.631000000000000005e+00 0.000000000000000000e+00
2.081999999999999851e+00 0.000000000000000000e+00
2.658999999999999808e+00 0.000000000000000000e+00
3.395000000000000018e+00 0.000000000000000000e+00
4.336000000000000298e+00 0.000000000000000000e+00
5.536999999999999922e+00 0.000000000000000000e+00
7.070000000000000284e+00 0.000000000000000000e+00
9.028000000000000469e+00 0.000000000000000000e+00
1.152999999999999936e+01 0.000000000000000000e+00
1.472000000000000064e+01 0.000000000000000000e+00
1.880000000000000071e+01 0.000000000000000000e+00
2.401000000000000156e+01 0.000000000000000000e+00
3.064999999999999858e+01 0.000000000000000000e+00
3.914999999999999858e+01 0.000000000000000000e+00
4.999000000000000199e+01 0.000000000000000000e+00
6.382999999999999829e+01 0.000000000000000000e+00
8.151000000000000512e+01 1.743000000000000173e-27
1.040999999999999943e+02 7.305000000000000439e-25
1.329000000000000057e+02 9.305999999999999586e-23
1.696999999999999886e+02 3.848999999999999853e-21
2.166999999999999886e+02 7.008000000000000574e-20
2.768000000000000114e+02 6.860999999999999546e-19
3.533999999999999773e+02 4.270999999999999846e-18
4.513000000000000114e+02 1.918000000000000117e-17
5.762999999999999545e+02 6.750999999999999900e-17
7.358999999999999773e+02 1.964999999999999883e-16
9.397000000000000455e+02 4.899000000000000325e-16
1.200000000000000000e+03 1.072000000000000064e-15
-----------------------


C20 N2 Ionization 15.58 eV
COMMENT: generated by bolsig_convert.py
-----------------------
1.000000000000000000e+00 0.000000000000000000e+00
1.276999999999999913e+00 0.000000000000000000e+00
1.631000000000000005e+00 0.000000000000000000e+00
2.081999999999999851e+00 0.000000000000000000e+00
2.658999999999999808e+00 0.000000000000000000e+00
3.395000000000000018e+00 0.000000000000000000e+00
4.336000000000000298e+00 0.000000000000000000e+00
5.536999999999999922e+00 0.000000000000000000e+00
7.070000000000000284e+00 0.000000000000000000e+00
9.028000000000000469e+00 0.000000000000000000e+00
1.152999999999999936e+01 0.000000000000000000e+00
1.472000000000000064e+01 0.000000000000000000e+00
1.880000000000000071e+01 0.000000000000000000e+00
2.401000000000000156e+01 0.000000000000000000e+00
3.064999999999999858e+01 0.000000000000000000e+00
3.914999999999999858e+01 0.000000000000000000e+00
4.999000000000000199e+01 0.000000000000000000e+00
6.382999999999999829e+01 0.000000000000000000e+00
8.151000000000000512e+01 1.743000000000000173e-27
1.040999999999999943e+02 7.305000000000000439e-25
1.329000000000000057e+02 9.305999999999999586e-23
1.696999999999999886e+02 3.848999999999999853e-21
2.166999999999999886e+02 7.008000000000000574e-20
2.768000000000000114e+02 6.860999999999999546e-19
3.533999999999999773e+02 4.272000000000000071e-18
4.513000000000000114e+02 1.919000000000000035e-17
5.762999999999999545e+02 6.765999999999999897e-17
7.358999999999999773e+02 1.975999999999999963e-16
9.397000000000000455e+02 4.954000000000000233e-16
1.200000000000000000e+03 1.094000000000000027e-15
-----------------------


C21 N2 Ionization 30.00 eV
COMMENT: generated by bolsig_convert.py
-----------------------
1.000000000000000000e+00 0.000000000000000000e+00
1.276999999999999913e+00 0.000000000000000000e+00
1.631000000000000005e+00 0.000000000000000000e+00
2.081999999999999851e+00 0.000000000000000000e+00
2.658999999999999808e+00 0.000000000000000000e+00
3.395000000000000018e+00 0.000000000000000000e+00
4.336000000000000298e+00 0.000000000000000000e+00
5.536999999999999922e+00 0.000000000000000000e+00
7.070000000000000284e+00 0.000000000000000000e+00
9.028000000000000469e+00 0.000000000000000000e+00
1.152999999999999936e+01 0.000000000000000000e+00
1.472000000000000064e+01 0.000000000000000000e+00
1.880000000000000071e+01 0.000000000000000000e+00
2.401000000000000156e+01 0.000000000000000000e+00
3.064999999999999858e+01 0.000000000000000000e+00
3.914999999999999858e+01 0.000000000000000000e+00
4.999000000000000199e+01 0.000000000000000000e+00
6.382999999999999829e+01 0.000000000000000000e+00
8.151000000000000512e+01 0.000000000000000000e+00
1.040999999999999943e+02 0.000000000000000000e+00
1.329000000000000057e+02 0.000000000000000000e+00
1.696999999999999886e+02 0.000000000000000000e+00
2.166999999999999886e+02 0.000000000000000000e+00
2.768000000000000114e+02 5.766000000000000205e-25
3.533999999999999773e+02 5.615999999999999968e-23
4.513000000000000114e+02 2.097999999999999999e-21
5.762999999999999545e+02 3.879000000000000097e-20
7.358999999999999773e+02 4.156999999999999817e-19
9.397000000000000455e+02 2.895000000000000003e-18
1.200000000000000000e+03 1.429000000000000023e-17
-----------------------


C22 N2 Ionization 70.00 eV
COMMENT: generated by bolsig_convert.py
-----------------------
1.000000000000000000e+00 0.000000000000000000e+00
1.276999999999999913e+00 0.000000000000000000e+00
1.631000000000000005e+00 0.000000000000000000e+00
2.081999999999999851e+00 0.000000000000000000e+00
2.658999999999999808e+00 0.000000000000000000e+00
3.395000000000000018e+00 0.000000000000000000e+00
4.336000000000000298e+00 0.000000000000000000e+00
5.536999999999999922e+00 0.000000000000000000e+00
7.070000000000000284e+00 0.000000000000000000e+00
9.028000000000000469e+00 0.000000000000000000e+00
1.152999999999999936e+01 0.000000000000000000e+00
1.472000000000000064e+01 0.000000000000000000e+00
1.880000000000000071e+01 0.000000000000000000e+00
2.401000000000000156e+01 0.000000000000000000e+00
3.064999999999999858e+01 0.000000000000000000e+00
3.914999999999999858e+01 0.000000000000000000e+00
4.999000000000000199e+01 0.000000000000000000e+00
6.382999999999999829e+01 0.000000000000000000e+00
8.151000000000000512e+01 0.000000000000000000e+00
1.040999999999999943e+02 0.000000000000000000e+00
1.329000000000000057e+02 0.000000000000000000e+00
1.696999999999999886e+02 0.000000000000000000e+00
2.166999999999999886e+02 0.000000000000000000e+00
2.768000000000000114e+02 0.000000000000000000e+00
3.533999999999999773e+02 0.000000000000000000e+00
4.513000000000000114e+02 0.000000000000000000e+00
5.762999999999999545e+02 0.000000000000000000e+00
7.358999999999999773e+02 5.497999999999999730e-28
9.397000000000000455e+02 1.317999999999999942e-25
1.200000000000000000e+03 1.012000000000000073e-23
-----------------------


C48 N2 Ionization 15.60 eV
COMMENT: generated by bolsig_convert.py
-----------------------
1.000000000000000000e+00 0.000000000000000000e+00
1.276999999999999913e+00 0.000000000000000000e+00
1.631000000000000005e+00 0.000000000000000000e+00
2.081999999999999851e+00 0.000000000000000000e+00
2.658999999999999808e+00 0.000000000000000000e+00
3.395000000000000018e+00 0.000000000000000000e+00
4.336000000000000298e+00 0.000000000000000000e+00
5.536999999999999922e+00 0.000000000000000000e+00
7.070000000000000284e+00 0.000000000000000000e+00
9.028000000000000469e+00 0.000000000000000000e+00
1.152999999999999936e+01 0.000000000000000000e+00
1.472000000000000064e+01 0.000000000000000000e+00
1.880000000000000071e+01 0.000000000000000000e+00
2.401000000000000156e+01 0.000000000000000000e+00
3.064999999999999858e+01 0.000000000000000000e+00
3.914999999999999858e+01 0.000000000000000000e+00
4.999000000000000199e+01 0.000000000000000000e+00
6.382999999999999829e+01 0.000000000000000000e+00
8.151000000000000512e+01 1.573000000000000081e-27
1.040999999999999943e+02 6.637999999999999573e-25
1.329000000000000057e+02 8.518000000000000494e-23
1.696999999999999886e+02 3.536999999999999667e-21
2.166999999999999886e+02 6.456000000000000545e-20
2.768000000000000114e+02 6.332000000000000280e-19
3.533999999999999773e+02 3.949000000000000326e-18
4.513000000000000114e+02 1.777999999999999938e-17
5.762999999999999545e+02 6.285999999999999986e-17
7.358999999999999773e+02 1.843999999999999987e-16
9.397000000000000455e+02 4.649999999999999632e-16
1.200000000000000000e+03 1.033000000000000022e-15
-----------------------


C49 N2 Ionization 18.80 eV
COMMENT: generated by bolsig_convert.py
-----------------------
1.000000000000000000e+00 0.000000000000000000e+00
1.276999999999999913e+00 0.000000000000000000e+00
1.631000000000000005e+00 0.000000000000000000e+00
2.081999999999999851e+00 0.000000000000000000e+00
2.658999999999999808e+00 0.000000000000000000e+00
3.395000000000000018e+00 0.000000000000000000e+00
4.336000000000000298e+00 0.000000000000000000e+00
5.536999999999999922e+00 0.000000000000000000e+00
7.070000000000000284e+00 0.000000000000000000e+00
9.028000000000000469e+00 0.000000000000000000e+00
1.152999999999999936e+01 0.000000000000000000e+00
1.472000000000000064e+01 0.000000000000000000e+00
1.880000000000000071e+01 0.000000000000000000e+00
2.401000000000000156e+01 0.000000000000000000e+00
3.064999999999999858e+01 0.000000000000000000e+00
3.914999999999999858e+01 0.000000000000000000e+00
4.999000000000000199e+01 0.000000000000000000e+00
6.382999999999999829e+01 0.000000000000000000e+00
8.151000000000000512e+01 0.000000000000000000e+00
1.040999999999999943e+02 0.000000000000000000e+00
1.329000000000000057e+02 4.290999999999999789e-26
1.696999999999999886e+02 6.494999999999999794e-24
2.166999999999999886e+02 2.895999999999999911e-22
2.768000000000000114e+02 5.653999999999999740e-21
3.533999999999999773e+02 5.992000000000000067e-20
4.513000000000000114e+02 4.057999999999999901e-19
5.762999999999999545e+02 1.966000000000000170e-18
7.358999999999999773e+02 7.354999999999999767e-18
9.397000000000000455e+02 2.234999999999999894e-17
1.200000000000000000e+03 5.728000000000000336e-17
-----------------------


C50 O2 Attachment
COMMENT: generated by bolsig_convert.py
-----------------------
1.000000000000000000e+00 0.000000000000000000e+00
1.276999999999999913e+00 0.000000000000000000e+00
1.631000000000000005e+00 0.000000000000000000e+00
2.081999999999999851e+00 0.000000000000000000e+00
2.658999999999999808e+00 0.000000000000000000e+00
3.395000000000000018e+00 0.000000000000000000e+00
4.336000000000000298e+00 0.000000000000000000e+00
5.536999999999999922e+00 0.000000000000000000e+00
7.070000000000000284e+00 0.000000000000000000e+00
9.028000000000000469e+00 0.000000000000000000e+00
1.152999999999999936e+01 0.000000000000000000e+00
1.472000000000000064e+01 0.000000000000000000e+00
1.880000000000000071e+01 0.000000000000000000e+00
2.401000000000000156e+01 0.000000000000000000e+00
3.064999999999999858e+01 1.780999999999999966e-30
3.914999999999999858e+01 1.593000000000000081e-24
4.999000000000000199e+01 1.680999999999999891e-22
6.382999999999999829e+01 5.873000000000000059e-21
8.151000000000000512e+01 8.675999999999999614e-20
1.040999999999999943e+02 6.538000000000000378e-19
1.329000000000000057e+02 2.892999999999999937e-18
1.696999999999999886e+02 8.265000000000000318e-18
2.166999999999999886e+02 1.656000000000000125e-17
2.768000000000000114e+02 2.547000000000000083e-17
3.533999999999999773e+02 3.276000000000000133e-17
4.513000000000000114e+02 3.759999999999999714e-17
5.762999999999999545e+02 4.003000000000000039e-17
7.358999999999999773e+02 4.047000000000000113e-17
9.397000000000000455e+02 3.938999999999999763e-17
1.200000000000000000e+03 3.723000000000000296e-17
-----------------------


C67 O2 Ionization 12.06 eV
COMMENT: generated by bolsig_convert.py
-----------------------
1.000000000000000000e+00 0.000000000000000000e+00
1.276999999999999913e+00 0.000000000000000000e+00
1.631000000000000005e+00 0.000000000000000000e+00
2.081999999999999851e+00 0.000000000000000000e+00
2.658999999999999808e+00 0.000000000000000000e+00
3.395000000000000018e+00 0.000000000000000000e+00
4.336000000000000298e+00 0.000000000000000000e+00
5.536999999999999922e+00 0.000000000000000000e+00
7.070000000000000284e+00 0.000000000000000000e+00
9.028000000000000469e+00 0.000000000000000000e+00
1.152999999999999936e+01 0.000000000000000000e+00
1.472000000000000064e+01 0.000000000000000000e+00
1.880000000000000071e+01 0.000000000000000000e+00
2.401000000000000156e+01 0.000000000000000000e+00
3.064999999999999858e+01 0.000000000000000000e+00
3.914999999999999858e+01 0.000000000000000000e+00
4.999000000000000199e+01 1.025000000000000085e-30
6.382999999999999829e+01 2.242999999999999906e-26
8.151000000000000512e+01 4.572000000000000279e-24
1.040999999999999943e+02 2.929000000000000119e-22
1.329000000000000057e+02 7.690000000000000705e-21
1.696999999999999886e+02 9.955999999999999977e-20
2.166999999999999886e+02 7.398000000000000039e-19
2.768000000000000114e+02 3.641000000000000116e-18
3.533999999999999773e+02 1.341999999999999947e-17
4.513000000000000114e+02 4.057999999999999823e-17
5.762999999999999545e+02 1.064000000000000008e-16
7.358999999999999773e+02 2.500000000000000194e-16
9.397000000000000455e+02 5.367999999999999663e-16
1.200000000000000000e+03 1.066999999999999983e-15
-----------------------


C68 O2 Ionization 12.06 eV
COMMENT: generated by bolsig_convert.py
-----------------------
1.000000000000000000e+00 0.000000000000000000e+00
1.276999999999999913e+00 0.000000000000000000e+00
1.631000000000000005e+00 0.000000000000000000e+00
2.081999999999999851e+00 0.000000000000000000e+00
2.658999999999999808e+00 0.000000000000000000e+00
3.395000000000000018e+00 0.000000000000000000e+00
4.336000000000000298e+00 0.000000000000000000e+00
5.536999999999999922e+00 0.000000000000000000e+00
7.070000000000000284e+00 0.000000000000000000e+00
9.028000000000000469e+00 0.000000000000000000e+00
1.152999999999999936e+01 0.000000000000000000e+00
1.472000000000000064e+01 0.000000000000000000e+00
1.880000000000000071e+01 0.000000000000000000e+00
2.401000000000000156e+01 0.000000000000000000e+00
3.064999999999999858e+01 0.000000000000000000e+00
3.914999999999999858e+01 0.000000000000000000e+00
4.999000000000000199e+01 1.025000000000000085e-30
6.382999999999999829e+01 2.242999999999999906e-26
8.151000000000000512e+01 4.572000000000000279e-24
1.040999999999999943e+02 2.929000000000000119e-22
1.329000000000000057e+02 7.690000000000000705e-21
1.696999999999999886e+02 9.954999999999999462e-20
2.166999999999999886e+02 7.393999999999999907e-19
2.768000000000000114e+02 3.635000000000000302e-18
3.533999999999999773e+02 1.335999999999999978e-17
4.513000000000000114e+02 4.018999999999999954e-17
5.762999999999999545e+02 1.044000000000000053e-16
7.358999999999999773e+02 2.419999999999999880e-16
9.397000000000000455e+02 5.098999999999999631e-16
1.200000000000000000e+03 9.891999999999999811e-16
-----------------------


C69 O2 Ionization 23.00 eV
COMMENT: generated by bolsig_convert.py
-----------------------
1.000000000000000000e+00 0.000000000000000000e+00
1.276999999999999913e+00 0.000000000000000000e+00
1.631000000000000005e+00 0.000000000000000000e+00
2.081999999999999851e+00 0.000000000000000000e+00
2.658999999999999808e+00 0.000000000000000000e+00
3.395000000000000018e+00 0.000000000000000000e+00
4.336000000000000298e+00 0.000000000000000000e+00
5.536999999999999922e+00 0.000000000000000000e+00
7.070000000000000284e+00 0.000000000000000000e+00
9.028000000000000469e+00 0.000000000000000000e+00
1.152999999999999936e+01 0.000000000000000000e+00
1.472000000000000064e+01 0.000000000000000000e+00
1.880000000000000071e+01 0.000000000000000000e+00
2.401000000000000156e+01 0.000000000000000000e+00
3.064999999999999858e+01 0.000000000000000000e+00
3.914999999999999858e+01 0.000000000000000000e+00
4.999000000000000199e+01 0.000000000000000000e+00
6.382999999999999829e+01 0.000000000000000000e+00
8.151000000000000512e+01 0.000000000000000000e+00
1.040999999999999943e+02 0.000000000000000000e+00
1.329000000000000057e+02 0.000000000000000000e+00
1.696999999999999886e+02 3.000999999999999998e-26
2.166999999999999886e+02 7.114999999999999508e-24
2.768000000000000114e+02 3.734999999999999879e-22
3.533999999999999773e+02 8.573999999999999478e-21
4.513000000000000114e+02 1.067000000000000033e-19
5.762999999999999545e+02 8.373999999999999699e-19
7.358999999999999773e+02 4.607000000000000215e-18
9.397000000000000455e+02 1.911000000000000077e-17
1.200000000000000000e+03 6.309000000000000557e-17
-----------------------


C70 O2 Ionization 73.00 eV
COMMENT: generated by bolsig_convert.py
-----------------------
1.000000000000000000e+00 0.000000000000000000e+00
1.276999999999999913e+00 0.000000000000000000e+00
1.631000000000000005e+00 0.000000000000000000e+00
2.081999999999999851e+00 0.000000000000000000e+00
2.658999999999999808e+00 0.000000000000000000e+00
3.395000000000000018e+00 0.000000000000000000e+00
4.336000000000000298e+00 0.000000000000000000e+00
5.536999999999999922e+00 0.000000000000000000e+00
7.070000000000000284e+00 0.000000000000000000e+00
9.028000000000000469e+00 0.000000000000000000e+00
1.152999999999999936e+01 0.000000000000000000e+00
1.472000000000000064e+01 0.000000000000000000e+00
1.880000000000000071e+01 0.000000000000000000e+00
2.401000000000000156e+01 0.000000000000000000e+00
3.064999999999999858e+01 0.000000000000000000e+00
3.914999999999999858e+01 0.000000000000000000e+00
4.999000000000000199e+01 0.000000000000000000e+00
6.382999999999999829e+01 0.000000000000000000e+00
8.151000000000000512e+01 0.000000000000000000e+00
1.040999999999999943e+02 0.000000000000000000e+00
1.329000000000000057e+02 0.000000000000000000e+00
1.696999999999999886e+02 0.000000000000000000e+00
2.166999999999999886e+02 0.000000000000000000e+00
2.768000000000000114e+02 0.000000000000000000e+00
3.533999999999999773e+02 0.000000000000000000e+00
4.513000000000000114e+02 0.000000000000000000e+00
5.762999999999999545e+02 0.000000000000000000e+00
7.358999999999999773e+02 4.384000000000000365e-28
9.397000000000000455e+02 1.345000000000000095e-25
1.200000000000000000e+03 1.163999999999999937e-23
-----------------------


C72 O2 Attachment
COMMENT: generated by bolsig_convert.py
-----------------------
1.000000000000000000e+00 3.548000000000000268e-36
1.276999999999999913e+00 3.329000000000000244e-36
1.631000000000000005e+00 3.106999999999999909e-36
2.081999999999999851e+00 2.877000000000000080e-36
2.658999999999999808e+00 2.635000000000000007e-36
3.395000000000000018e+00 2.376999999999999942e-36
4.336000000000000298e+00 2.108999999999999842e-36
5.536999999999999922e+00 1.821000000000000003e-36
7.070000000000000284e+00 1.522000000000000025e-36
9.028000000000000469e+00 1.242000000000000014e-36
1.152999999999999936e+01 1.009000000000000040e-36
1.472000000000000064e+01 8.340000000000000758e-37
1.880000000000000071e+01 7.086999999999999935e-37
2.401000000000000156e+01 6.205999999999999990e-37
3.064999999999999858e+01 5.579000000000000195e-37
3.914999999999999858e+01 5.119999999999999638e-37
4.999000000000000199e+01 4.784000000000000327e-37
6.382999999999999829e+01 4.524000000000000055e-37
8.151000000000000512e+01 4.295999999999999598e-37
1.040999999999999943e+02 4.030000000000000040e-37
1.329000000000000057e+02 3.662000000000000079e-37
1.696999999999999886e+02 3.095999999999999853e-37
2.166999999999999886e+02 2.412000000000000152e-37
2.768000000000000114e+02 1.774999999999999945e-37
3.533999999999999773e+02 1.283999999999999991e-37
4.513000000000000114e+02 9.395999999999999665e-38
5.762999999999999545e+02 7.069999999999999590e-38
7.358999999999999773e+02 5.434999999999999775e-38
9.397000000000000455e+02 4.261000000000000244e-38
1.200000000000000000e+03 3.356000000000000125e-38
-----------------------


C73 O2 Attachment
COMMENT: generated by bolsig_convert.py
-----------------------
1.000000000000000000e+00 0.000000000000000000e+00
1.276999999999999913e+00 0.000000000000000000e+00
1.631000000000000005e+00 0.000000000000000000e+00
2.081999999999999851e+00 0.000000000000000000e+00
2.658999999999999808e+00 0.000000000000000000e+00
3.395000000000000018e+00 0.000000000000000000e+00
4.336000000000000298e+00 0.000000000000000000e+00
5.536999999999999922e+00 0.000000000000000000e+00
7.070000000000000284e+00 0.000000000000000000e+00
9.028000000000000469e+00 0.000000000000000000e+00
1.152999999999999936e+01 0.000000000000000000e+00
1.472000000000000064e+01 0.000000000000000000e+00
1.880000000000000071e+01 0.000000000000000000e+00
2.401000000000000156e+01 0.000000000000000000e+00
3.064999999999999858e+01 0.000000000000000000e+00
3.914999999999999858e+01 1.215000000000000050e-24
4.999000000000000199e+01 1.394000000000000064e-22
6.382999999999999829e+01 5.202999999999999784e-21
8.151000000000000512e+01 8.081000000000000324e-20
1.040999999999999943e+02 6.332000000000000280e-19
1.329000000000000057e+02 2.890999999999999870e-18
1.696999999999999886e+02 8.485000000000000688e-18
2.166999999999999886e+02 1.740999999999999903e-17
2.768000000000000114e+02 2.738000000000000068e-17
3.533999999999999773e+02 3.599999999999999949e-17
4.513000000000000114e+02 4.221999999999999875e-17
5.762999999999999545e+02 4.597999999999999723e-17
7.358999999999999773e+02 4.766000000000000062e-17
9.397000000000000455e+02 4.771000000000000267e-17
1.200000000000000000e+03 4.661000000000000082e-17
-----------------------


C88 O2 Ionization 12.06 eV
COMMENT: generated by bolsig_convert.py
-----------------------
1.000000000000000000e+00 0.000000000000000000e+00
1.276999999999999913e+00 0.000000000000000000e+00
1.631000000000000005e+00 0.000000000000000000e+00
2.081999999999999851e+00 0.000000000000000000e+00
2.658999999999999808e+00 0.000000000000000000e+00
3.395000000000000018e+00 0.000000000000000000e+00
4.336000000000000298e+00 0.000000000000000000e+00
5.536999999999999922e+00 0.000000000000000000e+00
7.070000000000000284e+00 0.000000000000000000e+00
9.028000000000000469e+00 0.000000000000000000e+00
1.152999999999999936e+01 0.000000000000000000e+00
1.472000000000000064e+01 0.000000000000000000e+00
1.880000000000000071e+01 0.000000000000000000e+00
2.401000000000000156e+01 0.000000000000000000e+00
3.064999999999999858e+01 0.000000000000000000e+00
3.914999999999999858e+01 0.000000000000000000e+00
4.999000000000000199e+01 2.015999999999999916e-30
6.382999999999999829e+01 4.290999999999999789e-26
8.151000000000000512e+01 8.558000000000000381e-24
1.040999999999999943e+02 5.335000000000000051e-22
1.329000000000000057e+02 1.354999999999999994e-20
1.696999999999999886e+02 1.690000000000000011e-19
2.166999999999999886e+02 1.203999999999999910e-18
2.768000000000000114e+02 5.658999999999999702e-18
3.533999999999999773e+02 1.989000000000000125e-17
4.513000000000000114e+02 5.741000000000000498e-17
5.762999999999999545e+02 1.442999999999999979e-16
7.358999999999999773e+02 3.268000000000000052e-16
9.397000000000000455e+02 6.796000000000000385e-16
1.200000000000000000e+03 1.313000000000000036e-15
-----------------------
