efield[V/m]_vs_mu[m2/Vs]
AIR
COMMENT: generated by bolsig_convert.py
-----------------------
2.414323855084169554e+04 2.620195292640000173e-01
2.597812468070566683e+04 2.546882841360000316e-01
2.795787024187467978e+04 2.476469752560000459e-01
3.005833199579791471e+04 2.405228274480000483e-01
3.235193965812787428e+04 2.338128742800000270e-01
3.481454999031372427e+04 2.269786627200000295e-01
3.744616299235546467e+04 2.202272900880000162e-01
4.029506514135478938e+04 2.135173369200000504e-01
4.336125643731168384e+04 2.068073837520000291e-01
4.664473688022614806e+04 1.998903332640000474e-01
5.019379294719988684e+04 1.930147022400000301e-01
5.400842463823287108e+04 1.860562322880000286e-01
5.808863195332512259e+04 1.790563428720000350e-01
6.250684460812914767e+04 1.721392923840000255e-01
6.726306260264496086e+04 1.651808224320000240e-01
7.235728593687256216e+04 1.582223524800000225e-01
7.786194432646446512e+04 1.515538187760000211e-01
8.375289453286984644e+04 1.449681240000000315e-01
9.012670951029205753e+04 1.386723654720000143e-01
9.695924602018026053e+04 1.326665431920000249e-01
1.043229337781869690e+05 1.269506571600000078e-01
1.122419160228630353e+05 1.216075463040000165e-01
1.207644792313101498e+05 1.165957911600000174e-01
1.299389098806299880e+05 1.119153917280000243e-01
1.397893512093734171e+05 1.075663480080000095e-01
1.504123761717437883e+05 1.035072405360000225e-01
1.618321280062918959e+05 9.982090824000001972e-02
1.741210364286703116e+05 9.638309272800001104e-02
1.873273879159807111e+05 9.319379400000002422e-02
2.015477554224265041e+05 9.029443152000002359e-02
2.168545686636600876e+05 8.764358582400001707e-02
2.333202573553341499e+05 8.515841798400000662e-02
2.510896809287536307e+05 8.292176692800001803e-02
2.701628393839185592e+05 8.080937426400000567e-02
2.906845921521339915e+05 7.890407892000000922e-02
3.126549392333999276e+05 7.712304196800001677e-02
3.363153130132248043e+05 7.542484394400002234e-02
3.619071458771170001e+05 7.397516270400002203e-02
3.894304378250764566e+05 7.248406200000001576e-02
4.188851888571034651e+05 7.120005861600001151e-02
4.507542637442144915e+05 6.983321630400000923e-02
4.850376624864096520e+05 6.879772970400001297e-02
5.217353850836890051e+05 6.759656524800000676e-02
5.613302963070694823e+05 6.656107864800001050e-02
6.040638285420591710e+05 6.556701151200000632e-02
6.499359817886585370e+05 6.461436384000000810e-02
6.991881884323754348e+05 6.357887724000001184e-02
7.523033132442272035e+05 6.270906849600001165e-02
8.095227886097220471e+05 6.179784028800001244e-02
8.708466145288599655e+05 6.092803154400001225e-02
9.369990881581662688e+05 5.993396440800001501e-02
1.008221641883149161e+06 5.906415566400000094e-02
1.084755708089317428e+06 5.827718584800000573e-02
1.167084151547687594e+06 5.720027978400000351e-02
1.255689837029276416e+06 5.637189050400000928e-02
1.351055629305101233e+06 5.541924283200001106e-02
1.453422960760670248e+06 5.459085355200000989e-02
1.563757560938016511e+06 5.363820588000001166e-02
1.682542294608157594e+06 5.268555820800001344e-02
1.810260026542110369e+06 5.189858839200000434e-02
1.947876486281908117e+06 5.094594072000000612e-02
2.095633106213059044e+06 5.020039036800000992e-02
2.254737048263106029e+06 4.928916216000000378e-02
2.426395474359590560e+06 4.854361180800000758e-02
2.609884087345987093e+06 4.771522252800000641e-02
2.807858643462888896e+06 4.696967217600000327e-02
3.020319142710295971e+06 4.618270236000000806e-02
3.249679908943292219e+06 4.543715200800000492e-02
3.498355266016962007e+06 4.477444058400000676e-02
3.763930890076220501e+06 4.398747076800000461e-02
4.048821104976152070e+06 4.332475934400000644e-02
4.355440234571842477e+06 4.257920899200000331e-02
4.686202602718372829e+06 4.187507810400000613e-02
5.043522533270830289e+06 4.116680526960000974e-02
5.424985702374127693e+06 4.044610659600000185e-02
5.837835081593521871e+06 3.971712402960000943e-02
6.279656347073925659e+06 3.905855455200000353e-02
6.757692470380590297e+06 3.829643641440000357e-02
7.269529127658434212e+06 3.765857666880000759e-02
7.822409290472709574e+06 3.692131020960000287e-02
8.416332958823414519e+06 3.622546321440000411e-02
9.056128780420720577e+06 3.555446789760000753e-02
9.741796755264623091e+06 3.484205311680000500e-02
1.048299417877546512e+07 3.415863196080000386e-02
1.127730672709815763e+07 3.346692691200000430e-02
1.213439169565303624e+07 3.279593159520000772e-02
1.305666340829518810e+07 3.210008460000000896e-02
1.404653618887969665e+07 3.142494733679999930e-02
1.511366733282690123e+07 3.077051980560000649e-02
1.626047116399188153e+07 3.009952448880000644e-02
1.749419065393989161e+07 2.941610333280000530e-02
1.882206877423618734e+07 2.877410164080000318e-02
2.025134849644601345e+07 2.813209994880000453e-02
2.178927279213463143e+07 2.749009825680000588e-02
2.344308463286728412e+07 2.685223851120000643e-02
2.522968428562957048e+07 2.623508849760000650e-02
2.713700013114606589e+07 2.562622237680000151e-02
2.918917540796760842e+07 2.502149820240000266e-02
3.141035335464504361e+07 2.442505792080000224e-02
3.380053397117837518e+07 2.385346931760000400e-02
-----------------------


efield[V/m]_vs_dif[m2/s]
AIR
COMMENT: generated by bolsig_convert.py
-----------------------
2.414323855084169554e+04 5.338968909600000368e-02
2.597812468070566683e+04 5.372104480800001663e-02
2.795787024187467978e+04 5.413523944800001375e-02
3.005833199579791471e+04 5.450801462400001185e-02
3.235193965812787428e+04 5.496362872800000798e-02
3.481454999031372427e+04 5.550208176000000909e-02
3.744616299235546467e+04 5.604053479200001020e-02
4.029506514135478938e+04 5.670324621600000142e-02
4.336125643731168384e+04 5.740737710400001248e-02
4.664473688022614806e+04 5.819434692000000769e-02
5.019379294719988684e+04 5.910557512800000690e-02
5.400842463823287108e+04 6.001680333600000611e-02
5.808863195332512259e+04 6.109370940000000832e-02
6.250684460812914767e+04 6.221203492800000956e-02
6.726306260264496086e+04 6.337177992000000981e-02
7.235728593687256216e+04 6.457294437600001602e-02
7.786194432646446512e+04 6.577410883200000835e-02
8.375289453286984644e+04 6.701669275200000664e-02
9.012670951029205753e+04 6.817643774400002077e-02
9.695924602018026053e+04 6.933618273600000714e-02
1.043229337781869690e+05 7.037166933600001728e-02
1.122419160228630353e+05 7.140715593600001354e-02
1.207644792313101498e+05 7.231838414400000581e-02
1.299389098806299880e+05 7.318819288800000600e-02
1.397893512093734171e+05 7.393374324000001607e-02
1.504123761717437883e+05 7.463787412800000631e-02
1.618321280062918959e+05 7.525916608800001240e-02
1.741210364286703116e+05 7.579761912000002044e-02
1.873273879159807111e+05 7.629465268800000866e-02
2.015477554224265041e+05 7.670884732800001271e-02
2.168545686636600876e+05 7.704020304000000485e-02
2.333202573553341499e+05 7.737155875200001087e-02
2.510896809287536307e+05 7.762007553600001886e-02
2.701628393839185592e+05 7.786859232000001296e-02
2.906845921521339915e+05 7.803427017600000903e-02
3.126549392333999276e+05 7.819994803200001898e-02
3.363153130132248043e+05 7.832420642400000910e-02
3.619071458771170001e+05 7.836562588800000118e-02
3.894304378250764566e+05 7.844846481600001309e-02
4.188851888571034651e+05 7.848988428000000517e-02
4.507542637442144915e+05 7.848988428000000517e-02
4.850376624864096520e+05 7.848988428000000517e-02
5.217353850836890051e+05 7.844846481600001309e-02
5.613302963070694823e+05 7.840704535200000713e-02
6.040638285420591710e+05 7.836562588800000118e-02
6.499359817886585370e+05 7.828278696000001702e-02
6.991881884323754348e+05 7.819994803200001898e-02
7.523033132442272035e+05 7.807568964000001499e-02
8.095227886097220471e+05 7.799285071200000308e-02
8.708466145288599655e+05 7.795143124800001100e-02
9.369990881581662688e+05 7.791001178400000504e-02
1.008221641883149161e+06 7.795143124800001100e-02
1.084755708089317428e+06 7.811710910400000707e-02
1.167084151547687594e+06 7.848988428000000517e-02
1.255689837029276416e+06 7.906975677600001917e-02
1.351055629305101233e+06 8.002240444800001740e-02
1.453422960760670248e+06 8.134782729600001372e-02
1.563757560938016511e+06 8.321170317600000421e-02
1.682542294608157594e+06 8.573829048000000674e-02
1.810260026542110369e+06 8.876191135200001137e-02
1.947876486281908117e+06 9.244824364800001415e-02
2.095633106213059044e+06 9.688012629600001313e-02
2.254737048263106029e+06 1.017262035840000023e-01
2.426395474359590560e+06 1.070278949760000153e-01
2.609884087345987093e+06 1.127437810080000186e-01
2.807858643462888896e+06 1.187081838240000159e-01
3.020319142710295971e+06 1.247968450320000311e-01
3.249679908943292219e+06 1.309683451680000166e-01
3.498355266016962007e+06 1.372226842320000417e-01
3.763930890076220501e+06 1.432699259760000232e-01
4.048821104976152070e+06 1.493171677200000325e-01
4.355440234571842477e+06 1.551158926800000337e-01
4.686202602718372829e+06 1.608731981760000151e-01
5.043522533270830289e+06 1.665476647440000124e-01
5.424985702374127693e+06 1.721392923840000255e-01
5.837835081593521871e+06 1.775652421680000426e-01
6.279656347073925659e+06 1.831982892720000200e-01
6.757692470380590297e+06 1.884999806640000053e-01
7.269529127658434212e+06 1.942572861600000145e-01
7.822409290472709574e+06 1.997246554080000236e-01
8.416332958823414519e+06 2.053577025120000010e-01
9.056128780420720577e+06 2.111150080080000380e-01
9.741796755264623091e+06 2.169137329680000392e-01
1.048299417877546512e+07 2.229609747120000485e-01
1.127730672709815763e+07 2.290910553840000419e-01
1.213439169565303624e+07 2.355110723040000353e-01
1.305666340829518810e+07 2.420553476160000050e-01
1.404653618887969665e+07 2.488895591760000303e-01
1.511366733282690123e+07 2.560551264480000477e-01
1.626047116399188153e+07 2.633863715760000335e-01
1.749419065393989161e+07 2.709247140240000351e-01
1.882206877423618734e+07 2.790015095040000448e-01
2.025134849644601345e+07 2.873682412320000545e-01
2.178927279213463143e+07 2.961491676000000406e-01
2.344308463286728412e+07 3.053442886080000584e-01
2.522968428562957048e+07 3.150364431840000923e-01
2.713700013114606589e+07 3.252670507920000786e-01
2.918917540796760842e+07 3.361189503600000572e-01
3.141035335464504361e+07 3.476335613520000201e-01
3.380053397117837518e+07 3.599765616240000465e-01
-----------------------


efield[V/m]_vs_alpha[1/m]
AIR
COMMENT: generated by bolsig_convert.py
-----------------------
2.414323855084169554e+04 0.000000000000000000e+00
2.597812468070566683e+04 0.000000000000000000e+00
2.795787024187467978e+04 0.000000000000000000e+00
3.005833199579791471e+04 0.000000000000000000e+00
3.235193965812787428e+04 0.000000000000000000e+00
3.481454999031372427e+04 0.000000000000000000e+00
3.744616299235546467e+04 0.000000000000000000e+00
4.029506514135478938e+04 0.000000000000000000e+00
4.336125643731168384e+04 0.000000000000000000e+00
4.664473688022614806e+04 0.000000000000000000e+00
5.019379294719988684e+04 0.000000000000000000e+00
5.400842463823287108e+04 0.000000000000000000e+00
5.808863195332512259e+04 0.000000000000000000e+00
6.250684460812914767e+04 0.000000000000000000e+00
6.726306260264496086e+04 0.000000000000000000e+00
7.235728593687256216e+04 0.000000000000000000e+00
7.786194432646446512e+04 0.000000000000000000e+00
8.375289453286984644e+04 0.000000000000000000e+00
9.012670951029205753e+04 0.000000000000000000e+00
9.695924602018026053e+04 0.000000000000000000e+00
1.043229337781869690e+05 0.000000000000000000e+00
1.122419160228630353e+05 0.000000000000000000e+00
1.207644792313101498e+05 0.000000000000000000e+00
1.299389098806299880e+05 0.000000000000000000e+00
1.397893512093734171e+05 0.000000000000000000e+00
1.504123761717437883e+05 0.000000000000000000e+00
1.618321280062918959e+05 0.000000000000000000e+00
1.741210364286703116e+05 0.000000000000000000e+00
1.873273879159807111e+05 0.000000000000000000e+00
2.015477554224265041e+05 0.000000000000000000e+00
2.168545686636600876e+05 0.000000000000000000e+00
2.333202573553341499e+05 0.000000000000000000e+00
2.510896809287536307e+05 0.000000000000000000e+00
2.701628393839185592e+05 0.000000000000000000e+00
2.906845921521339915e+05 0.000000000000000000e+00
3.126549392333999276e+05 0.000000000000000000e+00
3.363153130132248043e+05 0.000000000000000000e+00
3.619071458771170001e+05 0.000000000000000000e+00
3.894304378250764566e+05 0.000000000000000000e+00
4.188851888571034651e+05 0.000000000000000000e+00
4.507542637442144915e+05 0.000000000000000000e+00
4.850376624864096520e+05 3.788074128627062042e-08
5.217353850836890051e+05 3.737373327670294348e-07
5.613302963070694823e+05 2.345998489985287771e-06
6.040638285420591710e+05 1.256655566571310316e-05
6.499359817886585370e+05 5.960965598202814874e-05
6.991881884323754348e+05 2.530211400128209737e-04
7.523033132442272035e+05 9.802154851641729349e-04
8.095227886097220471e+05 3.486283646741541141e-03
8.708466145288599655e+05 1.105760325628549721e-02
9.369990881581662688e+05 3.307623681465312465e-02
1.008221641883149161e+06 9.198573887870686860e-02
1.084755708089317428e+06 2.393802102315954472e-01
1.167084151547687594e+06 5.857149672434195375e-01
1.255689837029276416e+06 1.363127248580522366e+00
1.351055629305101233e+06 2.996175904159454451e+00
1.453422960760670248e+06 6.301385261769683055e+00
1.563757560938016511e+06 1.264139970522071188e+01
1.682542294608157594e+06 2.457781684475684969e+01
1.810260026542110369e+06 4.546171819123491531e+01
1.947876486281908117e+06 8.121785448503146654e+01
2.095633106213059044e+06 1.408516537056104596e+02
2.254737048263106029e+06 2.354448623478082254e+02
2.426395474359590560e+06 3.804974395612651392e+02
2.609884087345987093e+06 5.999594779884162108e+02
2.807858643462888896e+06 9.188916592450350436e+02
3.020319142710295971e+06 1.373267408771875807e+03
3.249679908943292219e+06 2.004613096876386180e+03
3.498355266016962007e+06 2.863388092129825509e+03
3.763930890076220501e+06 4.010191923294806202e+03
4.048821104976152070e+06 5.507072713446990747e+03
4.355440234571842477e+06 7.440946121369411230e+03
4.686202602718372829e+06 9.893899158134927347e+03
5.043522533270830289e+06 1.295526180638165533e+04
5.424985702374127693e+06 1.675057890657397002e+04
5.837835081593521871e+06 2.136435179363981661e+04
6.279656347073925659e+06 2.694385422273933364e+04
6.757692470380590297e+06 3.358324482422080473e+04
7.269529127658434212e+06 4.140565411469350511e+04
7.822409290472709574e+06 5.055594152546252008e+04
8.416332958823414519e+06 6.113068001073117921e+04
9.056128780420720577e+06 7.322644252470287029e+04
9.741796755264623091e+06 8.696394526013178984e+04
1.048299417877546512e+07 1.024397611712213256e+05
1.127730672709815763e+07 1.197021767350731388e+05
1.213439169565303624e+07 1.387994784287889197e+05
1.305666340829518810e+07 1.599006689222245768e+05
1.404653618887969665e+07 1.829091752611766860e+05
1.511366733282690123e+07 2.078008542070944677e+05
1.626047116399188153e+07 2.347205651912829780e+05
1.749419065393989161e+07 2.636441649751913501e+05
1.882206877423618734e+07 2.943060779347603093e+05
2.025134849644601345e+07 3.268994499783965875e+05
2.178927279213463143e+07 3.611828487205917481e+05
2.344308463286728412e+07 3.971562741613459657e+05
2.522968428562957048e+07 4.348197263006590074e+05
2.713700013114606589e+07 4.736903403675140580e+05
2.918917540796760842e+07 5.140095487474197289e+05
3.141035335464504361e+07 5.555359190548674669e+05
3.380053397117837518e+07 5.975451541333319619e+05
-----------------------


efield[V/m]_vs_eta[1/m]
AIR
COMMENT: generated by bolsig_convert.py
-----------------------
0.0 0.0
4.0e7 0.0
-----------------------


efield[V/m]_vs_energy[eV]
AIR
COMMENT: generated by bolsig_convert.py
-----------------------
2.414323855084169554e+04 2.273000000000000020e-01
2.597812468070566683e+04 2.361999999999999933e-01
2.795787024187467978e+04 2.457000000000000017e-01
3.005833199579791471e+04 2.560999999999999943e-01
3.235193965812787428e+04 2.675000000000000155e-01
3.481454999031372427e+04 2.801000000000000156e-01
3.744616299235546467e+04 2.942000000000000171e-01
4.029506514135478938e+04 3.098000000000000198e-01
4.336125643731168384e+04 3.271000000000000019e-01
4.664473688022614806e+04 3.469999999999999751e-01
5.019379294719988684e+04 3.687000000000000277e-01
5.400842463823287108e+04 3.926000000000000045e-01
5.808863195332512259e+04 4.188999999999999946e-01
6.250684460812914767e+04 4.471999999999999864e-01
6.726306260264496086e+04 4.773000000000000020e-01
7.235728593687256216e+04 5.091999999999999860e-01
7.786194432646446512e+04 5.413999999999999924e-01
8.375289453286984644e+04 5.748999999999999666e-01
9.012670951029205753e+04 6.079999999999999849e-01
9.695924602018026053e+04 6.411000000000000032e-01
1.043229337781869690e+05 6.732000000000000206e-01
1.122419160228630353e+05 7.042000000000000481e-01
1.207644792313101498e+05 7.339999999999999858e-01
1.299389098806299880e+05 7.622999999999999776e-01
1.397893512093734171e+05 7.890000000000000346e-01
1.504123761717437883e+05 8.142000000000000348e-01
1.618321280062918959e+05 8.374000000000000332e-01
1.741210364286703116e+05 8.594000000000000528e-01
1.873273879159807111e+05 8.797000000000000375e-01
2.015477554224265041e+05 8.982999999999999874e-01
2.168545686636600876e+05 9.153999999999999915e-01
2.333202573553341499e+05 9.314000000000000057e-01
2.510896809287536307e+05 9.461000000000000520e-01
2.701628393839185592e+05 9.597999999999999865e-01
2.906845921521339915e+05 9.721999999999999531e-01
3.126549392333999276e+05 9.838999999999999968e-01
3.363153130132248043e+05 9.949000000000000066e-01
3.619071458771170001e+05 1.004000000000000004e+00
3.894304378250764566e+05 1.014000000000000012e+00
4.188851888571034651e+05 1.022999999999999909e+00
4.507542637442144915e+05 1.032000000000000028e+00
4.850376624864096520e+05 1.040000000000000036e+00
5.217353850836890051e+05 1.048000000000000043e+00
5.613302963070694823e+05 1.056000000000000050e+00
6.040638285420591710e+05 1.064000000000000057e+00
6.499359817886585370e+05 1.072000000000000064e+00
6.991881884323754348e+05 1.080000000000000071e+00
7.523033132442272035e+05 1.088999999999999968e+00
8.095227886097220471e+05 1.100000000000000089e+00
8.708466145288599655e+05 1.112999999999999989e+00
9.369990881581662688e+05 1.127999999999999892e+00
1.008221641883149161e+06 1.147999999999999909e+00
1.084755708089317428e+06 1.175000000000000044e+00
1.167084151547687594e+06 1.211000000000000076e+00
1.255689837029276416e+06 1.258999999999999897e+00
1.351055629305101233e+06 1.322000000000000064e+00
1.453422960760670248e+06 1.403000000000000025e+00
1.563757560938016511e+06 1.506000000000000005e+00
1.682542294608157594e+06 1.635999999999999899e+00
1.810260026542110369e+06 1.790000000000000036e+00
1.947876486281908117e+06 1.967999999999999972e+00
2.095633106213059044e+06 2.178999999999999826e+00
2.254737048263106029e+06 2.406000000000000139e+00
2.426395474359590560e+06 2.652000000000000135e+00
2.609884087345987093e+06 2.915000000000000036e+00
2.807858643462888896e+06 3.189000000000000057e+00
3.020319142710295971e+06 3.471000000000000085e+00
3.249679908943292219e+06 3.758999999999999897e+00
3.498355266016962007e+06 4.051000000000000156e+00
3.763930890076220501e+06 4.339999999999999858e+00
4.048821104976152070e+06 4.636000000000000121e+00
4.355440234571842477e+06 4.924999999999999822e+00
4.686202602718372829e+06 5.219999999999999751e+00
5.043522533270830289e+06 5.517999999999999794e+00
5.424985702374127693e+06 5.820999999999999730e+00
5.837835081593521871e+06 6.126000000000000334e+00
6.279656347073925659e+06 6.451999999999999957e+00
6.757692470380590297e+06 6.772000000000000242e+00
7.269529127658434212e+06 7.123000000000000220e+00
7.822409290472709574e+06 7.474999999999999645e+00
8.416332958823414519e+06 7.847000000000000419e+00
9.056128780420720577e+06 8.240000000000000213e+00
9.741796755264623091e+06 8.647999999999999687e+00
1.048299417877546512e+07 9.086999999999999744e+00
1.127730672709815763e+07 9.544999999999999929e+00
1.213439169565303624e+07 1.003999999999999915e+01
1.305666340829518810e+07 1.055000000000000071e+01
1.404653618887969665e+07 1.110999999999999943e+01
1.511366733282690123e+07 1.169999999999999929e+01
1.626047116399188153e+07 1.233000000000000007e+01
1.749419065393989161e+07 1.299000000000000021e+01
1.882206877423618734e+07 1.371000000000000085e+01
2.025134849644601345e+07 1.449000000000000021e+01
2.178927279213463143e+07 1.531000000000000050e+01
2.344308463286728412e+07 1.619999999999999929e+01
2.522968428562957048e+07 1.714999999999999858e+01
2.713700013114606589e+07 1.817999999999999972e+01
2.918917540796760842e+07 1.928999999999999915e+01
3.141035335464504361e+07 2.048999999999999844e+01
3.380053397117837518e+07 2.178999999999999915e+01
-----------------------
