# Generated at STP using Siglo cross sections with particle swarms.

efield[V/m]_vs_mu[m2/Vs]
AIR
-----------------------
 5.000e+04  1.900e-01
 5.910e+04  1.760e-01
 7.000e+04  1.600e-01
 8.280e+04  1.450e-01
 9.790e+04  1.310e-01
 1.160e+05  1.190e-01
 1.370e+05  1.080e-01
 1.620e+05  9.930e-02
 1.920e+05  9.210e-02
 2.270e+05  8.610e-02
 2.680e+05  8.110e-02
 3.170e+05  7.640e-02
 3.750e+05  7.250e-02
 4.440e+05  7.010e-02
 5.250e+05  6.710e-02
 6.210e+05  6.440e-02
 7.350e+05  6.220e-02
 8.690e+05  6.000e-02
 1.030e+06  5.770e-02
 1.220e+06  5.540e-02
 1.440e+06  5.380e-02
 1.700e+06  5.160e-02
 2.010e+06  4.950e-02
 2.380e+06  4.790e-02
 2.820e+06  4.610e-02
 3.330e+06  4.470e-02
 3.940e+06  4.310e-02
 4.660e+06  4.150e-02
 5.520e+06  3.990e-02
 6.520e+06  3.830e-02
 7.720e+06  3.680e-02
 9.130e+06  3.520e-02
 1.080e+07  3.350e-02
 1.280e+07  3.190e-02
 1.510e+07  3.020e-02
 1.790e+07  2.880e-02
 2.110e+07  2.710e-02
 2.500e+07  2.560e-02
 2.960e+07  2.420e-02
 3.500e+07  2.280e-02
-----------------------

efield[V/m]_vs_dif[m2/s]
AIR
-----------------------
 5.000e+04  5.810e-02
 5.910e+04  6.050e-02
 7.000e+04  6.320e-02
 8.280e+04  6.590e-02
 9.790e+04  6.840e-02
 1.160e+05  7.080e-02
 1.370e+05  7.250e-02
 1.620e+05  7.420e-02
 1.920e+05  7.510e-02
 2.270e+05  7.600e-02
 2.680e+05  7.660e-02
 3.170e+05  7.700e-02
 3.750e+05  7.670e-02
 4.440e+05  7.630e-02
 5.250e+05  7.630e-02
 6.210e+05  7.580e-02
 7.350e+05  7.500e-02
 8.690e+05  7.490e-02
 1.030e+06  7.410e-02
 1.220e+06  7.410e-02
 1.440e+06  7.590e-02
 1.700e+06  8.040e-02
 2.010e+06  8.800e-02
 2.380e+06  9.680e-02
 2.820e+06  1.100e-01
 3.330e+06  1.230e-01
 3.940e+06  1.330e-01
 4.660e+06  1.430e-01
 5.520e+06  1.560e-01
 6.520e+06  1.660e-01
 7.720e+06  1.750e-01
 9.130e+06  1.840e-01
 1.080e+07  1.930e-01
 1.280e+07  2.050e-01
 1.510e+07  2.160e-01
 1.790e+07  2.260e-01
 2.110e+07  2.390e-01
 2.500e+07  2.520e-01
 2.960e+07  2.690e-01
 3.500e+07  2.870e-01
-----------------------

efield[V/m]_vs_alpha[1/m]
AIR
-----------------------
 5.000e+04  0.000e+00
 5.910e+04  0.000e+00
 7.000e+04  0.000e+00
 8.280e+04  0.000e+00
 9.790e+04  0.000e+00
 1.160e+05  0.000e+00
 1.370e+05  0.000e+00
 1.620e+05  0.000e+00
 1.920e+05  0.000e+00
 2.270e+05  0.000e+00
 2.680e+05  0.000e+00
 3.170e+05  0.000e+00
 3.750e+05  0.000e+00
 4.440e+05  0.000e+00
 5.250e+05  0.000e+00
 6.210e+05  0.000e+00
 7.350e+05  0.000e+00
 8.690e+05  4.490e-02
 1.030e+06  2.750e-01
 1.220e+06  1.290e+00
 1.440e+06  8.210e+00
 1.700e+06  3.160e+01
 2.010e+06  1.090e+02
 2.380e+06  3.570e+02
 2.820e+06  9.300e+02
 3.330e+06  2.340e+03
 3.940e+06  4.890e+03
 4.660e+06  9.470e+03
 5.520e+06  1.760e+04
 6.520e+06  2.960e+04
 7.720e+06  4.740e+04
 9.130e+06  7.420e+04
 1.080e+07  1.070e+05
 1.280e+07  1.510e+05
 1.510e+07  2.060e+05
 1.790e+07  2.710e+05
 2.110e+07  3.430e+05
 2.500e+07  4.300e+05
 2.960e+07  5.190e+05
 3.500e+07  6.200e+05
-----------------------

efield[V/m]_vs_eta[1/m]
AIR
-----------------------
 5.000e+04  4.190e+03
 5.910e+04  3.430e+03
 7.000e+04  2.780e+03
 8.280e+04  2.260e+03
 9.790e+04  1.840e+03
 1.160e+05  1.490e+03
 1.370e+05  1.220e+03
 1.620e+05  9.970e+02
 1.920e+05  8.240e+02
 2.270e+05  6.850e+02
 2.680e+05  5.740e+02
 3.170e+05  4.860e+02
 3.750e+05  4.130e+02
 4.440e+05  3.490e+02
 5.250e+05  2.970e+02
 6.210e+05  2.530e+02
 7.350e+05  2.200e+02
 8.690e+05  2.010e+02
 1.030e+06  2.010e+02
 1.220e+06  2.450e+02
 1.440e+06  3.360e+02
 1.700e+06  4.910e+02
 2.010e+06  6.730e+02
 2.380e+06  8.480e+02
 2.820e+06  9.840e+02
 3.330e+06  1.050e+03
 3.940e+06  1.060e+03
 4.660e+06  1.020e+03
 5.520e+06  9.590e+02
 6.520e+06  8.770e+02
 7.720e+06  7.850e+02
 9.130e+06  6.930e+02
 1.080e+07  6.090e+02
 1.280e+07  5.280e+02
 1.510e+07  4.570e+02
 1.790e+07  3.920e+02
 2.110e+07  3.400e+02
 2.500e+07  2.930e+02
 2.960e+07  2.530e+02
 3.500e+07  2.200e+02
-----------------------
