field_vs_length
---------------
0.000000000000000000e+00 2.500000000000000000e+06
1.001251564455569429e-04 2.500000000000000000e+06
2.002503128911138858e-04 2.500000000000000000e+06
3.003754693366708422e-04 2.500000000000000000e+06
4.005006257822277716e-04 2.500000000000000000e+06
5.006257822277847009e-04 2.500000000000000000e+06
6.007509386733416844e-04 2.500000000000000000e+06
7.008760951188985596e-04 2.500000000000000000e+06
8.010012515644555431e-04 2.500000000000000000e+06
9.011264080100125267e-04 2.500000000000000000e+06
1.001251564455569402e-03 2.500000000000000000e+06
1.101376720901126385e-03 2.500000000000000000e+06
1.201501877346683369e-03 2.500000000000000000e+06
1.301627033792240352e-03 2.500000000000000000e+06
1.401752190237797119e-03 2.500000000000000000e+06
1.501877346683354103e-03 2.500000000000000000e+06
1.602002503128911086e-03 2.500000000000000000e+06
1.702127659574468070e-03 2.500000000000000000e+06
1.802252816020025053e-03 2.500000000000000000e+06
1.902377972465581820e-03 2.500000000000000000e+06
2.002503128911138804e-03 2.500000000000000000e+06
2.102628285356695787e-03 2.500000000000000000e+06
2.202753441802252771e-03 2.500000000000000000e+06
2.302878598247809754e-03 2.500000000000000000e+06
2.403003754693366738e-03 2.500000000000000000e+06
2.503128911138923721e-03 2.500000000000000000e+06
2.603254067584480705e-03 2.500000000000000000e+06
2.703379224030037255e-03 2.500000000000000000e+06
2.803504380475594238e-03 2.500000000000000000e+06
2.903629536921151222e-03 2.500000000000000000e+06
3.003754693366708205e-03 2.500000000000000000e+06
3.103879849812265189e-03 2.500000000000000000e+06
3.204005006257822172e-03 2.500000000000000000e+06
3.304130162703379156e-03 2.500000000000000000e+06
3.404255319148936140e-03 2.500000000000000000e+06
3.504380475594493123e-03 2.500000000000000000e+06
3.604505632040050107e-03 2.500000000000000000e+06
3.704630788485607090e-03 2.500000000000000000e+06
3.804755944931163640e-03 2.500000000000000000e+06
3.904881101376720624e-03 2.500000000000000000e+06
4.005006257822277607e-03 2.500000000000000000e+06
4.105131414267835024e-03 2.500000000000000000e+06
4.205256570713391574e-03 2.500000000000000000e+06
4.305381727158948124e-03 2.500000000000000000e+06
4.405506883604505541e-03 2.500000000000000000e+06
4.505632040050062091e-03 2.500000000000000000e+06
4.605757196495619508e-03 2.500000000000000000e+06
4.705882352941176058e-03 2.500000000000000000e+06
4.806007509386733476e-03 2.500000000000000000e+06
4.906132665832290025e-03 2.500000000000000000e+06
5.006257822277847443e-03 2.500000000000000000e+06
5.106382978723403993e-03 2.500000000000000000e+06
5.206508135168961410e-03 2.500000000000000000e+06
5.306633291614517960e-03 2.500000000000000000e+06
5.406758448060074509e-03 2.500000000000000000e+06
5.506883604505631927e-03 2.500000000000000000e+06
5.607008760951188477e-03 2.500000000000000000e+06
5.707133917396745894e-03 2.500000000000000000e+06
5.807259073842302444e-03 2.500000000000000000e+06
5.907384230287859861e-03 2.500000000000000000e+06
6.007509386733416411e-03 2.500000000000000000e+06
6.107634543178973828e-03 2.500000000000000000e+06
6.207759699624530378e-03 2.500000000000000000e+06
6.307884856070087795e-03 2.500000000000000000e+06
6.408010012515644345e-03 2.500000000000000000e+06
6.508135168961200895e-03 2.500000000000000000e+06
6.608260325406758312e-03 2.500000000000000000e+06
6.708385481852314862e-03 2.500000000000000000e+06
6.808510638297872279e-03 2.500000000000000000e+06
6.908635794743428829e-03 2.500000000000000000e+06
7.008760951188986246e-03 2.500000000000000000e+06
7.108886107634542796e-03 2.500000000000000000e+06
7.209011264080100213e-03 2.500000000000000000e+06
7.309136420525656763e-03 2.500000000000000000e+06
7.409261576971214180e-03 2.500000000000000000e+06
7.509386733416770730e-03 2.500000000000000000e+06
7.609511889862327280e-03 2.500000000000000000e+06
7.709637046307884697e-03 2.500000000000000000e+06
7.809762202753441247e-03 2.500000000000000000e+06
7.909887359198997797e-03 2.500000000000000000e+06
8.010012515644555214e-03 2.500000000000000000e+06
8.110137672090112632e-03 2.500000000000000000e+06
8.210262828535670049e-03 2.500000000000000000e+06
8.310387984981225731e-03 2.500000000000000000e+06
8.410513141426783149e-03 2.500000000000000000e+06
8.510638297872340566e-03 2.500000000000000000e+06
8.610763454317896248e-03 2.500000000000000000e+06
8.710888610763453666e-03 2.500000000000000000e+06
8.811013767209011083e-03 2.500000000000000000e+06
8.911138923654568500e-03 2.500000000000000000e+06
9.011264080100124182e-03 2.500000000000000000e+06
9.111389236545681600e-03 2.500000000000000000e+06
9.211514392991239017e-03 2.500000000000000000e+06
9.311639549436796434e-03 2.500000000000000000e+06
9.411764705882352117e-03 2.500000000000000000e+06
9.511889862327909534e-03 2.500000000000000000e+06
9.612015018773466951e-03 2.500000000000000000e+06
9.712140175219022634e-03 2.500000000000000000e+06
9.812265331664580051e-03 2.500000000000000000e+06
9.912390488110137468e-03 2.500000000000000000e+06
1.001251564455569489e-02 2.500000000000000000e+06
1.011264080100125057e-02 2.500000000000000000e+06
1.021276595744680799e-02 2.500000000000000000e+06
1.031289111389236540e-02 2.500000000000000000e+06
1.041301627033792282e-02 2.500000000000000000e+06
1.051314142678347850e-02 2.500000000000000000e+06
1.061326658322903592e-02 2.500000000000000000e+06
1.071339173967459334e-02 2.500000000000000000e+06
1.081351689612014902e-02 2.500000000000000000e+06
1.091364205256570644e-02 2.500000000000000000e+06
1.101376720901126385e-02 2.500000000000000000e+06
1.111389236545682127e-02 2.500000000000000000e+06
1.121401752190237695e-02 2.500000000000000000e+06
1.131414267834793437e-02 2.500000000000000000e+06
1.141426783479349179e-02 2.500000000000000000e+06
1.151439299123904920e-02 2.500000000000000000e+06
1.161451814768460489e-02 2.500000000000000000e+06
1.171464330413016230e-02 2.500000000000000000e+06
1.181476846057571972e-02 2.500000000000000000e+06
1.191489361702127540e-02 2.500000000000000000e+06
1.201501877346683282e-02 2.500000000000000000e+06
1.211514392991239024e-02 2.500000000000000000e+06
1.221526908635794766e-02 2.500000000000000000e+06
1.231539424280350334e-02 2.500000000000000000e+06
1.241551939924906076e-02 2.500000000000000000e+06
1.251564455569461817e-02 2.500000000000000000e+06
1.261576971214017559e-02 2.500000000000000000e+06
1.271589486858573127e-02 2.500000000000000000e+06
1.281602002503128869e-02 2.500000000000000000e+06
1.291614518147684611e-02 2.500000000000000000e+06
1.301627033792240179e-02 2.500000000000000000e+06
1.311639549436795921e-02 2.500000000000000000e+06
1.321652065081351662e-02 2.500000000000000000e+06
1.331664580725907404e-02 2.500000000000000000e+06
1.341677096370462972e-02 2.500000000000000000e+06
1.351689612015018714e-02 2.500000000000000000e+06
1.361702127659574456e-02 2.500000000000000000e+06
1.371714643304130198e-02 2.500000000000000000e+06
1.381727158948685766e-02 2.500000000000000000e+06
1.391739674593241508e-02 2.500000000000000000e+06
1.401752190237797249e-02 2.500000000000000000e+06
1.411764705882352818e-02 2.500000000000000000e+06
1.421777221526908559e-02 2.500000000000000000e+06
1.431789737171464301e-02 2.500000000000000000e+06
1.441802252816020043e-02 2.500000000000000000e+06
1.451814768460575611e-02 2.500000000000000000e+06
1.461827284105131353e-02 2.500000000000000000e+06
1.471839799749687094e-02 2.500000000000000000e+06
1.481852315394242836e-02 2.500000000000000000e+06
1.491864831038798404e-02 2.500000000000000000e+06
1.501877346683354146e-02 2.500000000000000000e+06
1.511889862327909888e-02 2.500000000000000000e+06
1.521902377972465456e-02 2.500000000000000000e+06
1.531914893617021198e-02 2.500000000000000000e+06
1.541927409261576939e-02 2.500000000000000000e+06
1.551939924906132681e-02 2.500000000000000000e+06
1.561952440550688249e-02 2.500000000000000000e+06
1.571964956195244165e-02 2.500000000000000000e+06
1.581977471839799559e-02 2.500000000000000000e+06
1.591989987484355301e-02 2.500000000000000000e+06
1.602002503128911043e-02 2.500000000000000000e+06
1.612015018773466785e-02 2.500000000000000000e+06
1.622027534418022526e-02 2.500000000000000000e+06
1.632040050062578268e-02 2.500000000000000000e+06
1.642052565707134010e-02 2.500000000000000000e+06
1.652065081351689405e-02 2.500000000000000000e+06
1.662077596996245146e-02 2.500000000000000000e+06
1.672090112640800888e-02 2.500000000000000000e+06
1.682102628285356630e-02 2.500000000000000000e+06
1.692115143929912371e-02 2.500000000000000000e+06
1.702127659574468113e-02 2.500000000000000000e+06
1.712140175219023855e-02 2.500000000000000000e+06
1.722152690863579250e-02 2.500000000000000000e+06
1.732165206508134991e-02 2.500000000000000000e+06
1.742177722152690733e-02 2.500000000000000000e+06
1.752190237797246475e-02 2.500000000000000000e+06
1.762202753441802217e-02 2.500000000000000000e+06
1.772215269086357958e-02 2.500000000000000000e+06
1.782227784730913700e-02 2.500000000000000000e+06
1.792240300375469442e-02 2.500000000000000000e+06
1.802252816020024836e-02 2.500000000000000000e+06
1.812265331664580578e-02 2.500000000000000000e+06
1.822277847309136320e-02 2.500000000000000000e+06
1.832290362953692062e-02 2.500000000000000000e+06
1.842302878598247803e-02 2.500000000000000000e+06
1.852315394242803545e-02 2.500000000000000000e+06
1.862327909887359287e-02 2.500000000000000000e+06
1.872340425531914682e-02 2.500000000000000000e+06
1.882352941176470423e-02 2.500000000000000000e+06
1.892365456821026165e-02 2.500000000000000000e+06
1.902377972465581907e-02 2.500000000000000000e+06
1.912390488110137649e-02 2.500000000000000000e+06
1.922403003754693390e-02 2.500000000000000000e+06
1.932415519399249132e-02 2.500000000000000000e+06
1.942428035043804527e-02 2.500000000000000000e+06
1.952440550688360268e-02 2.500000000000000000e+06
1.962453066332916010e-02 2.500000000000000000e+06
1.972465581977471752e-02 2.500000000000000000e+06
1.982478097622027494e-02 2.500000000000000000e+06
1.992490613266583235e-02 2.500000000000000000e+06
2.002503128911138977e-02 2.498999061652923003e+06
2.012515644555694719e-02 2.495001566083425190e+06
2.022528160200250114e-02 2.491014064247639850e+06
2.032540675844805855e-02 2.487036531161244959e+06
2.042553191489361597e-02 2.483068941902380437e+06
2.052565707133917339e-02 2.479111271611491218e+06
2.062578222778473080e-02 2.475163495491168462e+06
2.072590738423028822e-02 2.471225588806000538e+06
2.082603254067584564e-02 2.467297526882411446e+06
2.092615769712139959e-02 2.463379285108510405e+06
2.102628285356695700e-02 2.459470838933935389e+06
2.112640801001251442e-02 2.455572163869701792e+06
2.122653316645807184e-02 2.451683235488045961e+06
2.132665832290362926e-02 2.447804029422274325e+06
2.142678347934918667e-02 2.443934521366609260e+06
2.152690863579474409e-02 2.440074687076038681e+06
2.162703379224029804e-02 2.436224502366163302e+06
2.172715894868585546e-02 2.432383943113042042e+06
2.182728410513141287e-02 2.428552985253047198e+06
2.192740926157697029e-02 2.424731604782707989e+06
2.202753441802252771e-02 2.420919777758562006e+06
2.212765957446808512e-02 2.417117480297007598e+06
2.222778473091364254e-02 2.413324688574149273e+06
2.232790988735919996e-02 2.409541378825653344e+06
2.242803504380475391e-02 2.405767527346597053e+06
2.252816020025031132e-02 2.402003110491317697e+06
2.262828535669586874e-02 2.398248104673269205e+06
2.272841051314142616e-02 2.394502486364870332e+06
2.282853566958698358e-02 2.390766232097359374e+06
2.292866082603254099e-02 2.387039318460646085e+06
2.302878598247809841e-02 2.383321722103165463e+06
2.312891113892365236e-02 2.379613419731732458e+06
2.322903629536920977e-02 2.375914388111392967e+06
2.332916145181476719e-02 2.372224604065282270e+06
2.342928660826032461e-02 2.368544044474476017e+06
2.352941176470588203e-02 2.364872686277848668e+06
2.362953692115143944e-02 2.361210506471926346e+06
2.372966207759699686e-02 2.357557482110744342e+06
2.382978723404255081e-02 2.353913590305702761e+06
2.392991239048810823e-02 2.350278808225423098e+06
2.403003754693366564e-02 2.346653113095605746e+06
2.413016270337922306e-02 2.343036482198886108e+06
2.423028785982478048e-02 2.339428892874693032e+06
2.433041301627033789e-02 2.335830322519107722e+06
2.443053817271589531e-02 2.332240748584718909e+06
2.453066332916145273e-02 2.328660148580486886e+06
2.463078848560700668e-02 2.325088500071597286e+06
2.473091364205256409e-02 2.321525780679323711e+06
2.483103879849812151e-02 2.317971968080885708e+06
2.493116395494367893e-02 2.314427040009310469e+06
2.503128911138923635e-02 2.310890974253293127e+06
2.513141426783479376e-02 2.307363748657055665e+06
2.523153942428035118e-02 2.303845341120210476e+06
2.533166458072590513e-02 2.300335729597620200e+06
2.543178973717146255e-02 2.296834892099260818e+06
2.553191489361701996e-02 2.293342806690083351e+06
2.563204005006257738e-02 2.289859451489876024e+06
2.573216520650813480e-02 2.286384804673127830e+06
2.583229036295369221e-02 2.282918844468891621e+06
2.593241551939924963e-02 2.279461549160647672e+06
2.603254067584480358e-02 2.276012897086166777e+06
2.613266583229036100e-02 2.272572866637376137e+06
2.623279098873591841e-02 2.269141436260222457e+06
2.633291614518147583e-02 2.265718584454538301e+06
2.643304130162703325e-02 2.262304289773905650e+06
2.653316645807259067e-02 2.258898530825523660e+06
2.663329161451814808e-02 2.255501286270072684e+06
2.673341677096370203e-02 2.252112534821581095e+06
2.683354192740925945e-02 2.248732255247292574e+06
2.693366708385481686e-02 2.245360426367533393e+06
2.703379224030037428e-02 2.241997027055576909e+06
2.713391739674593170e-02 2.238642036237515509e+06
2.723404255319148912e-02 2.235295432892126031e+06
2.733416770963704653e-02 2.231957196050736122e+06
2.743429286608260395e-02 2.228627304797098041e+06
2.753441802252815790e-02 2.225305738267253153e+06
2.763454317897371532e-02 2.221992475649402477e+06
2.773466833541927273e-02 2.218687496183776297e+06
2.783479349186483015e-02 2.215390779162505642e+06
2.793491864831038757e-02 2.212102303929490503e+06
2.803504380475594499e-02 2.208822049880270846e+06
2.813516896120150240e-02 2.205549996461897157e+06
2.823529411764705635e-02 2.202286123172803782e+06
2.833541927409261377e-02 2.199030409562678076e+06
2.843554443053817118e-02 2.195782835232333280e+06
2.853566958698372860e-02 2.192543379833579995e+06
2.863579474342928602e-02 2.189312023069100454e+06
2.873591989987484344e-02 2.186088744692320004e+06
2.883604505632040085e-02 2.182873524507278576e+06
2.893617021276595480e-02 2.179666342368508223e+06
2.903629536921151222e-02 2.176467178180903196e+06
2.913642052565706964e-02 2.173276011899597012e+06
2.923654568210262705e-02 2.170092823529832996e+06
2.933667083854818447e-02 2.166917593126844615e+06
2.943679599499374189e-02 2.163750300795722753e+06
2.953692115143929930e-02 2.160590926691300236e+06
2.963704630788485672e-02 2.157439451018019579e+06
2.973717146433041067e-02 2.154295854029813781e+06
2.983729662077596809e-02 2.151160116029980127e+06
2.993742177722152550e-02 2.148032217371057719e+06
3.003754693366708292e-02 2.144912138454704545e+06
3.013767209011264034e-02 2.141799859731575474e+06
3.023779724655819776e-02 2.138695361701196060e+06
3.033792240300375517e-02 2.135598624911844730e+06
3.043804755944930912e-02 2.132509629960430320e+06
3.053817271589486654e-02 2.129428357492366806e+06
3.063829787234042396e-02 2.126354788201456890e+06
3.073842302878598137e-02 2.123288902829766739e+06
3.083854818523153879e-02 2.120230682167509105e+06
3.093867334167709621e-02 2.117180107052919921e+06
3.103879849812265362e-02 2.114137158372140024e+06
3.113892365456820757e-02 2.111101817059095018e+06
3.123904881101376499e-02 2.108074064095375594e+06
3.133917396745932588e-02 2.105053880510117859e+06
3.143929912390488329e-02 2.102041247379885986e+06
3.153942428035043377e-02 2.099036145828552544e+06
3.163954943679599119e-02 2.096038557027178816e+06
3.173967459324154861e-02 2.093048462193900952e+06
3.183979974968710602e-02 2.090065842593807960e+06
3.193992490613266344e-02 2.087090679538826691e+06
3.204005006257822086e-02 2.084122954387604026e+06
3.214017521902377827e-02 2.081162648545390693e+06
3.224030037546933569e-02 2.078209743463923223e+06
3.234042553191489311e-02 2.075264220641309861e+06
3.244055068836045053e-02 2.072326061621912755e+06
3.254067584480600794e-02 2.069395247996233869e+06
3.264080100125156536e-02 2.066471761400797870e+06
3.274092615769712278e-02 2.063555583518039435e+06
3.284105131414268020e-02 2.060646696076185675e+06
3.294117647058823761e-02 2.057745080849144608e+06
3.304130162703378809e-02 2.054850719656388275e+06
3.314142678347934551e-02 2.051963594362840056e+06
3.324155193992490293e-02 2.049083686878761975e+06
3.334167709637046034e-02 2.046210979159639450e+06
3.344180225281601776e-02 2.043345453206069535e+06
3.354192740926157518e-02 2.040487091063647764e+06
3.364205256570713259e-02 2.037635874822855461e+06
3.374217772215269001e-02 2.034791786618947983e+06
3.384230287859824743e-02 2.031954808631842257e+06
3.394242803504380485e-02 2.029124923086005962e+06
3.404255319148936226e-02 2.026302112250344828e+06
3.414267834793491968e-02 2.023486358438092750e+06
3.424280350438047710e-02 2.020677644006700488e+06
3.434292866082603451e-02 2.017875951357724844e+06
3.444305381727158499e-02 2.015081262936718995e+06
3.454317897371714241e-02 2.012293561233122135e+06
3.464330413016269983e-02 2.009512828780150041e+06
3.474342928660825724e-02 2.006739048154684948e+06
3.484355444305381466e-02 2.003972201977167279e+06
3.494367959949937208e-02 2.001212272911486682e+06
3.504380475594492950e-02 1.998459243664871668e+06
3.514392991239048691e-02 1.995713096987784142e+06
3.524405506883604433e-02 1.992973815673809033e+06
3.534418022528160175e-02 1.990241382559547666e+06
3.544430538172715917e-02 1.987515780524509959e+06
3.554443053817271658e-02 1.984796992491006153e+06
3.564455569461827400e-02 1.982085001424041577e+06
3.574468085106383142e-02 1.979379790331209078e+06
3.584480600750938883e-02 1.976681342262581456e+06
3.594493116395493931e-02 1.973989640310607618e+06
3.604505632040049673e-02 1.971304667610004544e+06
3.614518147684605415e-02 1.968626407337652287e+06
3.624530663329161156e-02 1.965954842712489422e+06
3.634543178973716898e-02 1.963289956995406654e+06
3.644555694618272640e-02 1.960631733489142032e+06
3.654568210262828382e-02 1.957980155538177816e+06
3.664580725907384123e-02 1.955335206528633833e+06
3.674593241551939865e-02 1.952696869888165500e+06
3.684605757196495607e-02 1.950065129085858818e+06
3.694618272841051348e-02 1.947439967632126994e+06
3.704630788485607090e-02 1.944821369078606833e+06
3.714643304130162832e-02 1.942209317018056521e+06
3.724655819774718574e-02 1.939603795084252255e+06
3.734668335419274315e-02 1.937004786951885791e+06
3.744680851063829363e-02 1.934412276336462004e+06
3.754693366708385105e-02 1.931826246994196670e+06
3.764705882352940847e-02 1.929246682721915655e+06
3.774718397997496588e-02 1.926673567356952233e+06
3.784730913642052330e-02 1.924106884777046740e+06
3.794743429286608072e-02 1.921546618900244590e+06
3.804755944931163814e-02 1.918992753684796859e+06
3.814768460575719555e-02 1.916445273129058070e+06
3.824780976220275297e-02 1.913904161271387478e+06
3.834793491864831039e-02 1.911369402190048015e+06
3.844806007509386780e-02 1.908840980003107805e+06
3.854818523153942522e-02 1.906318878868338186e+06
3.864831038798498264e-02 1.903803082983117318e+06
3.874843554443054006e-02 1.901293576584329829e+06
3.884856070087609053e-02 1.898790343948267866e+06
3.894868585732164795e-02 1.896293369390532374e+06
3.904881101376720537e-02 1.893802637265935540e+06
3.914893617021276279e-02 1.891318131968403235e+06
3.924906132665832020e-02 1.888839837930875830e+06
3.934918648310387762e-02 1.886367739625211107e+06
3.944931163954943504e-02 1.883901821562087629e+06
3.954943679599499246e-02 1.881442068290907424e+06
3.964956195244054987e-02 1.878988464399697958e+06
3.974968710888610729e-02 1.876540994515017839e+06
3.984981226533166471e-02 1.874099643301858567e+06
3.994993742177722212e-02 1.871664395463549532e+06
4.005006257822277954e-02 1.869235235741661396e+06
4.015018773466833696e-02 1.866812148915910861e+06
4.025031289111389438e-02 1.864395119804065907e+06
4.035043804755944485e-02 1.861984133261849638e+06
4.045056320400500227e-02 1.859579174182845280e+06
4.055068836045055969e-02 1.857180227498403285e+06
4.065081351689611711e-02 1.854787278177544475e+06
4.075093867334167452e-02 1.852400311226868536e+06
4.085106382978723194e-02 1.850019311690457165e+06
4.095118898623278936e-02 1.847644264649783028e+06
4.105131414267834677e-02 1.845275155223613605e+06
4.115143929912390419e-02 1.842911968567921314e+06
4.125156445556946161e-02 1.840554689875787590e+06
4.135168961201501903e-02 1.838203304377310444e+06
4.145181476846057644e-02 1.835857797339514364e+06
4.155193992490613386e-02 1.833518154066254618e+06
4.165206508135169128e-02 1.831184359898128081e+06
4.175219023779724176e-02 1.828856400212379172e+06
4.185231539424279917e-02 1.826534260422809515e+06
4.195244055068835659e-02 1.824217925979686668e+06
4.205256570713391401e-02 1.821907382369651459e+06
4.215269086357947143e-02 1.819602615115629276e+06
4.225281602002502884e-02 1.817303609776737168e+06
4.235294117647058626e-02 1.815010351948195137e+06
4.245306633291614368e-02 1.812722827261235099e+06
4.255319148936170109e-02 1.810441021383009618e+06
4.265331664580725851e-02 1.808164920016505290e+06
4.275344180225281593e-02 1.805894508900449611e+06
4.285356695869837335e-02 1.803629773809224134e+06
4.295369211514393076e-02 1.801370700552774128e+06
4.305381727158948818e-02 1.799117274976520333e+06
4.315394242803504560e-02 1.796869482961268863e+06
4.325406758448059608e-02 1.794627310423125513e+06
4.335419274092615349e-02 1.792390743313404266e+06
4.345431789737171091e-02 1.790159767618541373e+06
4.355444305381726833e-02 1.787934369360006880e+06
4.365456821026282574e-02 1.785714534594217781e+06
4.375469336670838316e-02 1.783500249412449077e+06
4.385481852315394058e-02 1.781291499940748094e+06
4.395494367959949800e-02 1.779088272339846473e+06
4.405506883604505541e-02 1.776890552805074956e+06
4.415519399249061283e-02 1.774698327566275373e+06
4.425531914893617025e-02 1.772511582887714263e+06
4.435544430538172767e-02 1.770330305067999056e+06
4.445556946182728508e-02 1.768154480439989362e+06
4.455569461827284250e-02 1.765984095370712690e+06
4.465581977471839992e-02 1.763819136261280160e+06
4.475594493116395040e-02 1.761659589546798496e+06
4.485607008760950781e-02 1.759505441696287598e+06
4.495619524405506523e-02 1.757356679212594405e+06
4.505632040050062265e-02 1.755213288632309297e+06
4.515644555694618006e-02 1.753075256525680423e+06
4.525657071339173748e-02 1.750942569496531039e+06
4.535669586983729490e-02 1.748815214182173600e+06
4.545682102628285232e-02 1.746693177253328962e+06
4.555694618272840973e-02 1.744576445414039772e+06
4.565707133917396715e-02 1.742465005401589442e+06
4.575719649561952457e-02 1.740358843986417167e+06
4.585732165206508198e-02 1.738257947972037131e+06
4.595744680851063940e-02 1.736162304194954224e+06
4.605757196495619682e-02 1.734071899524581619e+06
4.615769712140174730e-02 1.731986720863160212e+06
4.625782227784730471e-02 1.729906755145673407e+06
4.635794743429286213e-02 1.727831989339768654e+06
4.645807259073841955e-02 1.725762410445673857e+06
4.655819774718397697e-02 1.723698005496116355e+06
4.665832290362953438e-02 1.721638761556241196e+06
4.675844806007509180e-02 1.719584665723530576e+06
4.685857321652064922e-02 1.717535705127724446e+06
4.695869837296620664e-02 1.715491866930736229e+06
4.705882352941176405e-02 1.713453138326576445e+06
4.715894868585732147e-02 1.711419506541268434e+06
4.725907384230287889e-02 1.709390958832772914e+06
4.735919899874843630e-02 1.707367482490903698e+06
4.745932415519399372e-02 1.705349064837251324e+06
4.755944931163955114e-02 1.703335693225101568e+06
4.765957446808510162e-02 1.701327355039357441e+06
4.775969962453065903e-02 1.699324037696459331e+06
4.785982478097621645e-02 1.697325728644306539e+06
4.795994993742177387e-02 1.695332415362178814e+06
4.806007509386733129e-02 1.693344085360658122e+06
4.816020025031288870e-02 1.691360726181548787e+06
4.826032540675844612e-02 1.689382325397801353e+06
4.836045056320400354e-02 1.687408870613434352e+06
4.846057571964956096e-02 1.685440349463455379e+06
4.856070087609511837e-02 1.683476749613784719e+06
4.866082603254067579e-02 1.681518058761178516e+06
4.876095118898623321e-02 1.679564264633150073e+06
4.886107634543179062e-02 1.677615354987894651e+06
4.896120150187734804e-02 1.675671317614211468e+06
4.906132665832290546e-02 1.673732140331428032e+06
4.916145181476845594e-02 1.671797810989323538e+06
4.926157697121401335e-02 1.669868317468052264e+06
4.936170212765957077e-02 1.667943647678068839e+06
4.946182728410512819e-02 1.666023789560051169e+06
4.956195244055068561e-02 1.664108731084825704e+06
4.966207759699624302e-02 1.662198460253291298e+06
4.976220275344180044e-02 1.660292965096345637e+06
4.986232790988735786e-02 1.658392233674807940e+06
4.996245306633291527e-02 1.656496254079346079e+06
5.006257822277847269e-02 1.654605014430400915e+06
5.016270337922403011e-02 1.652718502878112718e+06
5.026282853566958753e-02 1.650836707602245733e+06
5.036295369211514494e-02 1.648959616812115069e+06
5.046307884856070236e-02 1.647087218746512430e+06
5.056320400500625284e-02 1.645219501673633000e+06
5.066332916145181026e-02 1.643356453891000710e+06
5.076345431789736767e-02 1.641498063725396059e+06
5.086357947434292509e-02 1.639644319532782538e+06
5.096370463078848251e-02 1.637795209698233753e+06
5.106382978723403993e-02 1.635950722635860788e+06
5.116395494367959734e-02 1.634110846788739087e+06
5.126408010012515476e-02 1.632275570628836285e+06
5.136420525657071218e-02 1.630444882656940958e+06
5.146433041301626959e-02 1.628618771402588580e+06
5.156445556946182701e-02 1.626797225423990982e+06
5.166458072590738443e-02 1.624980233307965565e+06
5.176470588235294185e-02 1.623167783669861034e+06
5.186483103879849926e-02 1.621359865153489169e+06
5.196495619524405668e-02 1.619556466431051027e+06
5.206508135168960716e-02 1.617757576203068020e+06
5.216520650813516458e-02 1.615963183198309503e+06
5.226533166458072199e-02 1.614173276173723862e+06
5.236545682102627941e-02 1.612387843914365862e+06
5.246558197747183683e-02 1.610606875233328436e+06
5.256570713391739424e-02 1.608830358971672133e+06
5.266583229036295166e-02 1.607058283998353640e+06
5.276595744680850908e-02 1.605290639210158493e+06
5.286608260325406650e-02 1.603527413531628903e+06
5.296620775969962391e-02 1.601768595914997160e+06
5.306633291614518133e-02 1.600014175340113696e+06
5.316645807259073875e-02 1.598264140814380487e+06
5.326658322903629617e-02 1.596518481372680049e+06
5.336670838548185358e-02 1.594777186077307910e+06
5.346683354192740406e-02 1.593040244017904159e+06
5.356695869837296148e-02 1.591307644311384298e+06
5.366708385481851890e-02 1.589579376101871952e+06
5.376720901126407631e-02 1.587855428560630418e+06
5.386733416770963373e-02 1.586135790885994211e+06
5.396745932415519115e-02 1.584420452303302940e+06
5.406758448060074856e-02 1.582709402064831695e+06
5.416770963704630598e-02 1.581002629449726315e+06
5.426783479349186340e-02 1.579300123763933312e+06
5.436795994993742082e-02 1.577601874340135371e+06
5.446808510638297823e-02 1.575907870537682902e+06
5.456821026282853565e-02 1.574218101742527913e+06
5.466833541927409307e-02 1.572532557367157890e+06
5.476846057571965048e-02 1.570851226850528736e+06
5.486858573216520790e-02 1.569174099657999352e+06
5.496871088861075838e-02 1.567501165281265043e+06
5.506883604505631580e-02 1.565832413238291163e+06
5.516896120150187321e-02 1.564167833073249320e+06
5.526908635794743063e-02 1.562507414356449852e+06
5.536921151439298805e-02 1.560851146684277803e+06
5.546933667083854547e-02 1.559199019679126795e+06
5.556946182728410288e-02 1.557551022989334771e+06
5.566958698372966030e-02 1.555907146289118566e+06
5.576971214017521772e-02 1.554267379278509878e+06
5.586983729662077514e-02 1.552631711683290079e+06
5.596996245306633255e-02 1.551000133254925720e+06
5.607008760951188997e-02 1.549372633770504966e+06
5.617021276595744739e-02 1.547749203032673802e+06
5.627033792240300480e-02 1.546129830869570607e+06
5.637046307884856222e-02 1.544514507134763990e+06
5.647058823529411270e-02 1.542903221707188524e+06
5.657071339173967012e-02 1.541295964491081424e+06
5.667083854818522753e-02 1.539692725415918976e+06
5.677096370463078495e-02 1.538093494436354376e+06
5.687108886107634237e-02 1.536498261532153469e+06
5.697121401752189979e-02 1.534907016708133742e+06
5.707133917396745720e-02 1.533319749994099606e+06
5.717146433041301462e-02 1.531736451444780920e+06
5.727158948685857204e-02 1.530157111139771296e+06
5.737171464330412946e-02 1.528581719183465466e+06
5.747183979974968687e-02 1.527010265704996418e+06
5.757196495619524429e-02 1.525442740858174860e+06
5.767209011264080171e-02 1.523879134821426589e+06
5.777221526908635912e-02 1.522319437797731953e+06
5.787234042553190960e-02 1.520763640014563221e+06
5.797246558197746702e-02 1.519211731723824050e+06
5.807259073842302444e-02 1.517663703201788245e+06
5.817271589486858185e-02 1.516119544749039225e+06
5.827284105131413927e-02 1.514579246690409258e+06
5.837296620775969669e-02 1.513042799374917755e+06
5.847309136420525411e-02 1.511510193175711669e+06
5.857321652065081152e-02 1.509981418490005657e+06
5.867334167709636894e-02 1.508456465739021078e+06
5.877346683354192636e-02 1.506935325367925456e+06
5.887359198998748377e-02 1.505417987845774740e+06
5.897371714643304119e-02 1.503904443665450905e+06
5.907384230287859861e-02 1.502394683343604906e+06
5.917396745932415603e-02 1.500888697420595214e+06
5.927409261576971344e-02 1.499386476460429607e+06
5.937421777221526392e-02 1.497888011050705798e+06
5.947434292866082134e-02 1.496393291802552994e+06
5.957446808510637876e-02 1.494902309350571828e+06
5.967459324155193617e-02 1.493415054352776613e+06
5.977471839799749359e-02 1.491931517490537371e+06
5.987484355444305101e-02 1.490451689468519296e+06
5.997496871088860843e-02 1.488975561014627106e+06
6.007509386733416584e-02 1.487503122879944975e+06
6.017521902377972326e-02 1.486034365838679951e+06
6.027534418022528068e-02 1.484569280688103521e+06
6.037546933667083809e-02 1.483107858248493169e+06
6.047559449311639551e-02 1.481650089363076724e+06
6.057571964956195293e-02 1.480195964897973463e+06
6.067584480600751035e-02 1.478745475742137060e+06
6.077596996245306776e-02 1.477298612807299010e+06
6.087609511889861824e-02 1.475855367027912289e+06
6.097622027534417566e-02 1.474415729361092206e+06
6.107634543178973308e-02 1.472979690786562162e+06
6.117647058823529049e-02 1.471547242306596367e+06
6.127659574468084791e-02 1.470118374945963034e+06
6.137672090112640533e-02 1.468693079751868267e+06
6.147684605757196274e-02 1.467271347793900874e+06
6.157697121401752016e-02 1.465853170163974632e+06
6.167709637046307758e-02 1.464438537976274267e+06
6.177722152690863500e-02 1.463027442367198877e+06
6.187734668335419241e-02 1.461619874495306751e+06
6.197747183979974983e-02 1.460215825541259022e+06
6.207759699624530725e-02 1.458815286707766121e+06
6.217772215269086467e-02 1.457418249219530728e+06
6.227784730913641514e-02 1.456024704323194921e+06
6.237797246558197256e-02 1.454634643287283368e+06
6.247809762202752998e-02 1.453248057402148843e+06
6.257822277847309433e-02 1.451864937979919836e+06
6.267834793491865175e-02 1.450485276354443049e+06
6.277847309136420917e-02 1.449109063881231239e+06
6.287859824780976659e-02 1.447736291937408503e+06
6.297872340425532400e-02 1.446366951921655331e+06
6.307884856070086754e-02 1.445001035254156683e+06
6.317897371714642496e-02 1.443638533376545645e+06
6.327909887359198238e-02 1.442279437751852442e+06
6.337922403003753979e-02 1.440923739864449017e+06
6.347934918648309721e-02 1.439571431219996884e+06
6.357947434292865463e-02 1.438222503345392644e+06
6.367959949937421205e-02 1.436876947788716294e+06
6.377972465581976946e-02 1.435534756119177677e+06
6.387984981226532688e-02 1.434195919927062932e+06
6.397997496871088430e-02 1.432860430823682807e+06
6.408010012515644171e-02 1.431528280441320268e+06
6.418022528160199913e-02 1.430199460433176719e+06
6.428035043804755655e-02 1.428873962473321240e+06
6.438047559449311397e-02 1.427551778256637510e+06
6.448060075093867138e-02 1.426232899498771410e+06
6.458072590738422880e-02 1.424917317936080974e+06
6.468085106382978622e-02 1.423605025325581664e+06
6.478097622027534364e-02 1.422296013444898184e+06
6.488110137672090105e-02 1.420990274092209525e+06
6.498122653316645847e-02 1.419687799086200073e+06
6.508135168961201589e-02 1.418388580266008154e+06
6.518147684605757330e-02 1.417092609491172479e+06
6.528160200250313072e-02 1.415799878641584422e+06
6.538172715894868814e-02 1.414510379617435159e+06
6.548185231539424556e-02 1.413224104339164915e+06
6.558197747183980297e-02 1.411941044747413602e+06
6.568210262828536039e-02 1.410661192802968901e+06
6.578222778473091781e-02 1.409384540486716432e+06
6.588235294117647523e-02 1.408111079799590632e+06
6.598247809762201876e-02 1.406840802762522362e+06
6.608260325406757618e-02 1.405573701416390482e+06
6.618272841051313360e-02 1.404309767821972026e+06
6.628285356695869102e-02 1.403048994059891906e+06
6.638297872340424843e-02 1.401791372230573324e+06
6.648310387984980585e-02 1.400536894454188412e+06
6.658322903629536327e-02 1.399285552870608866e+06
6.668335419274092069e-02 1.398037339639357058e+06
6.678347934918647810e-02 1.396792246939555975e+06
6.688360450563203552e-02 1.395550266969881253e+06
6.698372966207759294e-02 1.394311391948511358e+06
6.708385481852315035e-02 1.393075614113079850e+06
6.718397997496870777e-02 1.391842925720625790e+06
6.728410513141426519e-02 1.390613319047545781e+06
6.738423028785982261e-02 1.389386786389545538e+06
6.748435544430538002e-02 1.388163320061591221e+06
6.758448060075093744e-02 1.386942912397861714e+06
6.768460575719649486e-02 1.385725555751700420e+06
6.778473091364205227e-02 1.384511242495567538e+06
6.788485607008760969e-02 1.383299965020991862e+06
6.798498122653316711e-02 1.382091715738523286e+06
6.808510638297872453e-02 1.380886487077685772e+06
6.818523153942428194e-02 1.379684271486929152e+06
6.828535669586983936e-02 1.378485061433582101e+06
6.838548185231539678e-02 1.377288849403805099e+06
6.848560700876095420e-02 1.376095627902542707e+06
6.858573216520651161e-02 1.374905389453477925e+06
6.868585732165206903e-02 1.373718126598984236e+06
6.878598247809762645e-02 1.372533831900078803e+06
6.888610763454316999e-02 1.371352497936376836e+06
6.898623279098872740e-02 1.370174117306043860e+06
6.908635794743428482e-02 1.368998682625750545e+06
6.918648310387984224e-02 1.367826186530625448e+06
6.928660826032539966e-02 1.366656621674209600e+06
6.938673341677095707e-02 1.365489980728409719e+06
6.948685857321651449e-02 1.364326256383453961e+06
6.958698372966207191e-02 1.363165441347843036e+06
6.968710888610762932e-02 1.362007528348307824e+06
6.978723404255318674e-02 1.360852510129761882e+06
6.988735919899874416e-02 1.359700379455256276e+06
6.998748435544430158e-02 1.358551129105935339e+06
7.008760951188985899e-02 1.357404751880989177e+06
7.018773466833541641e-02 1.356261240597610828e+06
7.028785982478097383e-02 1.355120588090950157e+06
7.038798498122653124e-02 1.353982787214068929e+06
7.048811013767208866e-02 1.352847830837896559e+06
7.058823529411764608e-02 1.351715711851184955e+06
7.068836045056320350e-02 1.350586423160464503e+06
7.078848560700876091e-02 1.349459957689998206e+06
7.088861076345431833e-02 1.348336308381739538e+06
7.098873591989987575e-02 1.347215468195286812e+06
7.108886107634543317e-02 1.346097430107838707e+06
7.118898623279099058e-02 1.344982187114151893e+06
7.128911138923654800e-02 1.343869732226495165e+06
7.138923654568210542e-02 1.342760058474607300e+06
7.148936170212766283e-02 1.341653158905652352e+06
7.158948685857322025e-02 1.340549026584176812e+06
7.168961201501877767e-02 1.339447654592065606e+06
7.178973717146432121e-02 1.338349036028498784e+06
7.188986232790987863e-02 1.337253164009908447e+06
7.198998748435543604e-02 1.336160031669935910e+06
7.209011264080099346e-02 1.335069632159388391e+06
7.219023779724655088e-02 1.333981958646195475e+06
7.229036295369210829e-02 1.332897004315367434e+06
7.239048811013766571e-02 1.331814762368952157e+06
7.249061326658322313e-02 1.330735226025991840e+06
7.259073842302878055e-02 1.329658388522481546e+06
7.269086357947433796e-02 1.328584243111326359e+06
7.279098873591989538e-02 1.327512783062298317e+06
7.289111389236545280e-02 1.326444001661996357e+06
7.299123904881101021e-02 1.325377892213801621e+06
7.309136420525656763e-02 1.324314448037837399e+06
7.319148936170212505e-02 1.323253662470926763e+06
7.329161451814768247e-02 1.322195528866550187e+06
7.339173967459323988e-02 1.321140040594805498e+06
7.349186483103879730e-02 1.320087191042363644e+06
7.359198998748435472e-02 1.319036973612430505e+06
7.369211514392991214e-02 1.317989381724703126e+06
7.379224030037546955e-02 1.316944408815329196e+06
7.389236545682102697e-02 1.315902048336866312e+06
7.399249061326658439e-02 1.314862293758240761e+06
7.409261576971214180e-02 1.313825138564706082e+06
7.419274092615769922e-02 1.312790576257803245e+06
7.429286608260325664e-02 1.311758600355318747e+06
7.439299123904881406e-02 1.310729204391245265e+06
7.449311639549437147e-02 1.309702381915739737e+06
7.459324155193992889e-02 1.308678126495084260e+06
7.469336670838548631e-02 1.307656431711645331e+06
7.479349186483102985e-02 1.306637291163832881e+06
7.489361702127658726e-02 1.305620698466061382e+06
7.499374217772214468e-02 1.304606647248708876e+06
7.509386733416770210e-02 1.303595131158077624e+06
7.519399249061325952e-02 1.302586143856354291e+06
7.529411764705881693e-02 1.301579679021569900e+06
7.539424280350437435e-02 1.300575730347560253e+06
7.549436795994993177e-02 1.299574291543926811e+06
7.559449311639548919e-02 1.298575356335996883e+06
7.569461827284104660e-02 1.297578918464784510e+06
7.579474342928660402e-02 1.296584971686950885e+06
7.589486858573216144e-02 1.295593509774766164e+06
7.599499374217771885e-02 1.294604526516069425e+06
7.609511889862327627e-02 1.293618015714230016e+06
7.619524405506883369e-02 1.292633971188108902e+06
7.629536921151439111e-02 1.291652386772020254e+06
7.639549436795994852e-02 1.290673256315692328e+06
7.649561952440550594e-02 1.289696573684228584e+06
7.659574468085106336e-02 1.288722332758069970e+06
7.669586983729662077e-02 1.287750527432956733e+06
7.679599499374217819e-02 1.286781151619889541e+06
7.689612015018773561e-02 1.285814199245091062e+06
7.699624530663329303e-02 1.284849664249969181e+06
7.709637046307885044e-02 1.283887540591077413e+06
7.719649561952440786e-02 1.282927822240078356e+06
7.729662077596996528e-02 1.281970503183705965e+06
7.739674593241552270e-02 1.281015577423726209e+06
7.749687108886108011e-02 1.280063038976901677e+06
7.759699624530663753e-02 1.279112881874952232e+06
7.769712140175218107e-02 1.278165100164518924e+06
7.779724655819773849e-02 1.277219687907126034e+06
7.789737171464329590e-02 1.276276639179144287e+06
7.799749687108885332e-02 1.275335948071752675e+06
7.809762202753441074e-02 1.274397608690903289e+06
7.819774718397996816e-02 1.273461615157282911e+06
7.829787234042552557e-02 1.272527961606276222e+06
7.839799749687108299e-02 1.271596642187929712e+06
7.849812265331664041e-02 1.270667651066914899e+06
7.859824780976219782e-02 1.269740982422491536e+06
7.869837296620775524e-02 1.268816630448471056e+06
7.879849812265331266e-02 1.267894589353180490e+06
7.889862327909887008e-02 1.266974853359426372e+06
7.899874843554442749e-02 1.266057416704457253e+06
7.909887359198998491e-02 1.265142273639929714e+06
7.919899874843554233e-02 1.264229418431870174e+06
7.929912390488109974e-02 1.263318845360640902e+06
7.939924906132665716e-02 1.262410548720902530e+06
7.949937421777221458e-02 1.261504522821579361e+06
7.959949937421777200e-02 1.260600761985823046e+06
7.969962453066332941e-02 1.259699260550978128e+06
7.979974968710888683e-02 1.258800012868545018e+06
7.989987484355444425e-02 1.257903013304145541e+06
8.000000000000000167e-02 1.257008256237487774e+06
---------------
