field_vs_length
---------------
0.000000000000000000e+00 2.500000000000000000e+06
1.001251564455569429e-04 2.500000000000000000e+06
2.002503128911138858e-04 2.500000000000000000e+06
3.003754693366708422e-04 2.500000000000000000e+06
4.005006257822277716e-04 2.500000000000000000e+06
5.006257822277847009e-04 2.500000000000000000e+06
6.007509386733416844e-04 2.500000000000000000e+06
7.008760951188985596e-04 2.500000000000000000e+06
8.010012515644555431e-04 2.500000000000000000e+06
9.011264080100125267e-04 2.500000000000000000e+06
1.001251564455569402e-03 2.500000000000000000e+06
1.101376720901126385e-03 2.500000000000000000e+06
1.201501877346683369e-03 2.500000000000000000e+06
1.301627033792240352e-03 2.500000000000000000e+06
1.401752190237797119e-03 2.500000000000000000e+06
1.501877346683354103e-03 2.500000000000000000e+06
1.602002503128911086e-03 2.500000000000000000e+06
1.702127659574468070e-03 2.500000000000000000e+06
1.802252816020025053e-03 2.500000000000000000e+06
1.902377972465581820e-03 2.500000000000000000e+06
2.002503128911138804e-03 2.500000000000000000e+06
2.102628285356695787e-03 2.500000000000000000e+06
2.202753441802252771e-03 2.500000000000000000e+06
2.302878598247809754e-03 2.500000000000000000e+06
2.403003754693366738e-03 2.500000000000000000e+06
2.503128911138923721e-03 2.500000000000000000e+06
2.603254067584480705e-03 2.500000000000000000e+06
2.703379224030037255e-03 2.500000000000000000e+06
2.803504380475594238e-03 2.500000000000000000e+06
2.903629536921151222e-03 2.500000000000000000e+06
3.003754693366708205e-03 2.500000000000000000e+06
3.103879849812265189e-03 2.500000000000000000e+06
3.204005006257822172e-03 2.500000000000000000e+06
3.304130162703379156e-03 2.500000000000000000e+06
3.404255319148936140e-03 2.500000000000000000e+06
3.504380475594493123e-03 2.500000000000000000e+06
3.604505632040050107e-03 2.500000000000000000e+06
3.704630788485607090e-03 2.500000000000000000e+06
3.804755944931163640e-03 2.500000000000000000e+06
3.904881101376720624e-03 2.500000000000000000e+06
4.005006257822277607e-03 2.500000000000000000e+06
4.105131414267835024e-03 2.500000000000000000e+06
4.205256570713391574e-03 2.500000000000000000e+06
4.305381727158948124e-03 2.500000000000000000e+06
4.405506883604505541e-03 2.500000000000000000e+06
4.505632040050062091e-03 2.500000000000000000e+06
4.605757196495619508e-03 2.500000000000000000e+06
4.705882352941176058e-03 2.500000000000000000e+06
4.806007509386733476e-03 2.500000000000000000e+06
4.906132665832290025e-03 2.500000000000000000e+06
5.006257822277847443e-03 2.500000000000000000e+06
5.106382978723403993e-03 2.500000000000000000e+06
5.206508135168961410e-03 2.500000000000000000e+06
5.306633291614517960e-03 2.500000000000000000e+06
5.406758448060074509e-03 2.500000000000000000e+06
5.506883604505631927e-03 2.500000000000000000e+06
5.607008760951188477e-03 2.500000000000000000e+06
5.707133917396745894e-03 2.500000000000000000e+06
5.807259073842302444e-03 2.500000000000000000e+06
5.907384230287859861e-03 2.500000000000000000e+06
6.007509386733416411e-03 2.500000000000000000e+06
6.107634543178973828e-03 2.500000000000000000e+06
6.207759699624530378e-03 2.500000000000000000e+06
6.307884856070087795e-03 2.500000000000000000e+06
6.408010012515644345e-03 2.500000000000000000e+06
6.508135168961200895e-03 2.500000000000000000e+06
6.608260325406758312e-03 2.500000000000000000e+06
6.708385481852314862e-03 2.500000000000000000e+06
6.808510638297872279e-03 2.500000000000000000e+06
6.908635794743428829e-03 2.500000000000000000e+06
7.008760951188986246e-03 2.500000000000000000e+06
7.108886107634542796e-03 2.500000000000000000e+06
7.209011264080100213e-03 2.500000000000000000e+06
7.309136420525656763e-03 2.500000000000000000e+06
7.409261576971214180e-03 2.500000000000000000e+06
7.509386733416770730e-03 2.500000000000000000e+06
7.609511889862327280e-03 2.500000000000000000e+06
7.709637046307884697e-03 2.500000000000000000e+06
7.809762202753441247e-03 2.500000000000000000e+06
7.909887359198997797e-03 2.500000000000000000e+06
8.010012515644555214e-03 2.500000000000000000e+06
8.110137672090112632e-03 2.500000000000000000e+06
8.210262828535670049e-03 2.500000000000000000e+06
8.310387984981225731e-03 2.500000000000000000e+06
8.410513141426783149e-03 2.500000000000000000e+06
8.510638297872340566e-03 2.500000000000000000e+06
8.610763454317896248e-03 2.500000000000000000e+06
8.710888610763453666e-03 2.500000000000000000e+06
8.811013767209011083e-03 2.500000000000000000e+06
8.911138923654568500e-03 2.500000000000000000e+06
9.011264080100124182e-03 2.500000000000000000e+06
9.111389236545681600e-03 2.500000000000000000e+06
9.211514392991239017e-03 2.500000000000000000e+06
9.311639549436796434e-03 2.500000000000000000e+06
9.411764705882352117e-03 2.500000000000000000e+06
9.511889862327909534e-03 2.500000000000000000e+06
9.612015018773466951e-03 2.500000000000000000e+06
9.712140175219022634e-03 2.500000000000000000e+06
9.812265331664580051e-03 2.500000000000000000e+06
9.912390488110137468e-03 2.500000000000000000e+06
1.001251564455569489e-02 2.500000000000000000e+06
1.011264080100125057e-02 2.500000000000000000e+06
1.021276595744680799e-02 2.500000000000000000e+06
1.031289111389236540e-02 2.500000000000000000e+06
1.041301627033792282e-02 2.500000000000000000e+06
1.051314142678347850e-02 2.500000000000000000e+06
1.061326658322903592e-02 2.500000000000000000e+06
1.071339173967459334e-02 2.500000000000000000e+06
1.081351689612014902e-02 2.500000000000000000e+06
1.091364205256570644e-02 2.500000000000000000e+06
1.101376720901126385e-02 2.500000000000000000e+06
1.111389236545682127e-02 2.500000000000000000e+06
1.121401752190237695e-02 2.500000000000000000e+06
1.131414267834793437e-02 2.500000000000000000e+06
1.141426783479349179e-02 2.500000000000000000e+06
1.151439299123904920e-02 2.500000000000000000e+06
1.161451814768460489e-02 2.500000000000000000e+06
1.171464330413016230e-02 2.500000000000000000e+06
1.181476846057571972e-02 2.500000000000000000e+06
1.191489361702127540e-02 2.500000000000000000e+06
1.201501877346683282e-02 2.500000000000000000e+06
1.211514392991239024e-02 2.500000000000000000e+06
1.221526908635794766e-02 2.500000000000000000e+06
1.231539424280350334e-02 2.500000000000000000e+06
1.241551939924906076e-02 2.500000000000000000e+06
1.251564455569461817e-02 2.500000000000000000e+06
1.261576971214017559e-02 2.500000000000000000e+06
1.271589486858573127e-02 2.500000000000000000e+06
1.281602002503128869e-02 2.500000000000000000e+06
1.291614518147684611e-02 2.500000000000000000e+06
1.301627033792240179e-02 2.500000000000000000e+06
1.311639549436795921e-02 2.500000000000000000e+06
1.321652065081351662e-02 2.500000000000000000e+06
1.331664580725907404e-02 2.500000000000000000e+06
1.341677096370462972e-02 2.500000000000000000e+06
1.351689612015018714e-02 2.500000000000000000e+06
1.361702127659574456e-02 2.500000000000000000e+06
1.371714643304130198e-02 2.500000000000000000e+06
1.381727158948685766e-02 2.500000000000000000e+06
1.391739674593241508e-02 2.500000000000000000e+06
1.401752190237797249e-02 2.500000000000000000e+06
1.411764705882352818e-02 2.500000000000000000e+06
1.421777221526908559e-02 2.500000000000000000e+06
1.431789737171464301e-02 2.500000000000000000e+06
1.441802252816020043e-02 2.500000000000000000e+06
1.451814768460575611e-02 2.500000000000000000e+06
1.461827284105131353e-02 2.500000000000000000e+06
1.471839799749687094e-02 2.500000000000000000e+06
1.481852315394242836e-02 2.500000000000000000e+06
1.491864831038798404e-02 2.500000000000000000e+06
1.501877346683354146e-02 2.500000000000000000e+06
1.511889862327909888e-02 2.500000000000000000e+06
1.521902377972465456e-02 2.500000000000000000e+06
1.531914893617021198e-02 2.500000000000000000e+06
1.541927409261576939e-02 2.500000000000000000e+06
1.551939924906132681e-02 2.500000000000000000e+06
1.561952440550688249e-02 2.500000000000000000e+06
1.571964956195244165e-02 2.500000000000000000e+06
1.581977471839799559e-02 2.500000000000000000e+06
1.591989987484355301e-02 2.500000000000000000e+06
1.602002503128911043e-02 2.500000000000000000e+06
1.612015018773466785e-02 2.500000000000000000e+06
1.622027534418022526e-02 2.500000000000000000e+06
1.632040050062578268e-02 2.500000000000000000e+06
1.642052565707134010e-02 2.500000000000000000e+06
1.652065081351689405e-02 2.500000000000000000e+06
1.662077596996245146e-02 2.500000000000000000e+06
1.672090112640800888e-02 2.500000000000000000e+06
1.682102628285356630e-02 2.500000000000000000e+06
1.692115143929912371e-02 2.500000000000000000e+06
1.702127659574468113e-02 2.500000000000000000e+06
1.712140175219023855e-02 2.500000000000000000e+06
1.722152690863579250e-02 2.500000000000000000e+06
1.732165206508134991e-02 2.500000000000000000e+06
1.742177722152690733e-02 2.500000000000000000e+06
1.752190237797246475e-02 2.500000000000000000e+06
1.762202753441802217e-02 2.500000000000000000e+06
1.772215269086357958e-02 2.500000000000000000e+06
1.782227784730913700e-02 2.500000000000000000e+06
1.792240300375469442e-02 2.500000000000000000e+06
1.802252816020024836e-02 2.500000000000000000e+06
1.812265331664580578e-02 2.500000000000000000e+06
1.822277847309136320e-02 2.500000000000000000e+06
1.832290362953692062e-02 2.500000000000000000e+06
1.842302878598247803e-02 2.500000000000000000e+06
1.852315394242803545e-02 2.500000000000000000e+06
1.862327909887359287e-02 2.500000000000000000e+06
1.872340425531914682e-02 2.500000000000000000e+06
1.882352941176470423e-02 2.500000000000000000e+06
1.892365456821026165e-02 2.500000000000000000e+06
1.902377972465581907e-02 2.500000000000000000e+06
1.912390488110137649e-02 2.500000000000000000e+06
1.922403003754693390e-02 2.500000000000000000e+06
1.932415519399249132e-02 2.500000000000000000e+06
1.942428035043804527e-02 2.500000000000000000e+06
1.952440550688360268e-02 2.500000000000000000e+06
1.962453066332916010e-02 2.500000000000000000e+06
1.972465581977471752e-02 2.500000000000000000e+06
1.982478097622027494e-02 2.500000000000000000e+06
1.992490613266583235e-02 2.500000000000000000e+06
2.002503128911138977e-02 2.492010004161449149e+06
2.012515644555694719e-02 2.460447033480430953e+06
2.022528160200250114e-02 2.429509825901157688e+06
2.032540675844805855e-02 2.399185975130712613e+06
2.042553191489361597e-02 2.369463320841634646e+06
2.052565707133917339e-02 2.340329943795436062e+06
2.062578222778473080e-02 2.311774161062805913e+06
2.072590738423028822e-02 2.283784521338578779e+06
2.082603254067584564e-02 2.256349800349584781e+06
2.092615769712139959e-02 2.229458996353547089e+06
2.102628285356695700e-02 2.203101325727208983e+06
2.112640801001251442e-02 2.177266218641944230e+06
2.122653316645807184e-02 2.151943314825089648e+06
2.132665832290362926e-02 2.127122459405318368e+06
2.142678347934918667e-02 2.102793698840381112e+06
2.152690863579474409e-02 2.078947276925583603e+06
2.162703379224029804e-02 2.055573630881401245e+06
2.172715894868585546e-02 2.032663387518653879e+06
2.182728410513141287e-02 2.010207359479719307e+06
2.192740926157697029e-02 1.988196541554258903e+06
2.202753441802252771e-02 1.966622107067992445e+06
2.212765957446808512e-02 1.945475404343064874e+06
2.222778473091364254e-02 1.924747953228593804e+06
2.232790988735919996e-02 1.904431441699996823e+06
2.242803504380475391e-02 1.884517722525746096e+06
2.252816020025031132e-02 1.864998810000199359e+06
2.262828535669586874e-02 1.845866876741214190e+06
2.272841051314142616e-02 1.827114250551246107e+06
2.282853566958698358e-02 1.808733411340680905e+06
2.292866082603254099e-02 1.790716988112162799e+06
2.302878598247809841e-02 1.773057756004713010e+06
2.312891113892365236e-02 1.755748633396450430e+06
2.322903629536920977e-02 1.738782679064749973e+06
2.332916145181476719e-02 1.722153089402710553e+06
2.342928660826032461e-02 1.705853195690802298e+06
2.352941176470588203e-02 1.689876461422608700e+06
2.362953692115143944e-02 1.674216479683586862e+06
2.372966207759699686e-02 1.658866970581798814e+06
2.382978723404255081e-02 1.643821778729576850e+06
2.392991239048810823e-02 1.629074870775119402e+06
2.403003754693366564e-02 1.614620332983026281e+06
2.413016270337922306e-02 1.600452368862798903e+06
2.423028785982478048e-02 1.586565296844359022e+06
2.433041301627033789e-02 1.572953547999654431e+06
2.443053817271589531e-02 1.559611663809430320e+06
2.453066332916145273e-02 1.546534293974282686e+06
2.463078848560700668e-02 1.533716194269104395e+06
2.473091364205256409e-02 1.521152224440072197e+06
2.483103879849812151e-02 1.508837346143325791e+06
2.493116395494367893e-02 1.496766620924514718e+06
2.503128911138923635e-02 1.484935208238404244e+06
2.513141426783479376e-02 1.473338363507740432e+06
2.523153942428035118e-02 1.461971436220603529e+06
2.533166458072590513e-02 1.450829868065482005e+06
2.543178973717146255e-02 1.439909191103318473e+06
2.553191489361701996e-02 1.429205025975799654e+06
2.563204005006257738e-02 1.418713080149165587e+06
2.573216520650813480e-02 1.408429146192838205e+06
2.583229036295369221e-02 1.398349100092177978e+06
2.593241551939924963e-02 1.388468899594690418e+06
2.603254067584480358e-02 1.378784582589021418e+06
2.613266583229036100e-02 1.369292265516089043e+06
2.623279098873591841e-02 1.359988141811719164e+06
2.633291614518147583e-02 1.350868480380152352e+06
2.643304130162703325e-02 1.341929624097820371e+06
2.653316645807259067e-02 1.333167988346781349e+06
2.663329161451814808e-02 1.324580059577234322e+06
2.673341677096370203e-02 1.316162393898531795e+06
2.683354192740925945e-02 1.307911615698127076e+06
2.693366708385481686e-02 1.299824416287902044e+06
2.703379224030037428e-02 1.291897552577333059e+06
2.713391739674593170e-02 1.284127845772961155e+06
2.723404255319148912e-02 1.276512180103648687e+06
2.733416770963704653e-02 1.269047501571105793e+06
2.743429286608260395e-02 1.261730816725191660e+06
2.753441802252815790e-02 1.254559191463495139e+06
2.763454317897371532e-02 1.247529749854714377e+06
2.773466833541927273e-02 1.240639672985364683e+06
2.783479349186483015e-02 1.233886197829351760e+06
2.793491864831038757e-02 1.227266616139954422e+06
2.803504380475594499e-02 1.220778273363778135e+06
2.813516896120150240e-02 1.214418567576237256e+06
2.823529411764705635e-02 1.208184948438144289e+06
2.833541927409261377e-02 1.202074916172984056e+06
2.843554443053817118e-02 1.196086020564466249e+06
2.853566958698372860e-02 1.190215859973950544e+06
2.863579474342928602e-02 1.184462080377352424e+06
2.873591989987484344e-02 1.178822374421144603e+06
2.883604505632040085e-02 1.173294480497072218e+06
2.893617021276595480e-02 1.167876181835214142e+06
2.903629536921151222e-02 1.162565305615022546e+06
2.913642052565706964e-02 1.157359722093991470e+06
2.923654568210262705e-02 1.152257343753595138e+06
2.933667083854818447e-02 1.147256124462162377e+06
2.943679599499374189e-02 1.142354058654346038e+06
2.953692115143929930e-02 1.137549180526860990e+06
2.963704630788485672e-02 1.132839563250166364e+06
2.973717146433041067e-02 1.128223318195778877e+06
2.983729662077596809e-02 1.123698594178901752e+06
2.993742177722152550e-02 1.119263576716073323e+06
3.003754693366708292e-02 1.114916487297530286e+06
3.013767209011264034e-02 1.110655582673999248e+06
3.023779724655819776e-02 1.106479154157625511e+06
3.033792240300375517e-02 1.102385526936764363e+06
3.043804755944930912e-02 1.098373059404355939e+06
3.053817271589486654e-02 1.094440142499614740e+06
3.063829787234042396e-02 1.090585199062773259e+06
3.073842302878598137e-02 1.086806683202615241e+06
3.083854818523153879e-02 1.083103079676550580e+06
3.093867334167709621e-02 1.079472903282979969e+06
3.103879849812265362e-02 1.075914698265705956e+06
3.113892365456820757e-02 1.072427037730152253e+06
3.123904881101376499e-02 1.069008523071157979e+06
3.133917396745932588e-02 1.065657783412114717e+06
3.143929912390488329e-02 1.062373475055225426e+06
3.153942428035043377e-02 1.059154280942659359e+06
3.163954943679599119e-02 1.055998910128392512e+06
3.173967459324154861e-02 1.052906097260519397e+06
3.183979974968710602e-02 1.049874602073826361e+06
3.193992490613266344e-02 1.046903208892426686e+06
3.204005006257822086e-02 1.043990726142256171e+06
3.214017521902377827e-02 1.041135985873233527e+06
3.224030037546933569e-02 1.038337843290894758e+06
3.234042553191489311e-02 1.035595176297312952e+06
3.244055068836045053e-02 1.032906885041119531e+06
3.254067584480600794e-02 1.030271891476447927e+06
3.264080100125156536e-02 1.027689138930619694e+06
3.274092615769712278e-02 1.025157591680403566e+06
3.284105131414268020e-02 1.022676234536673641e+06
3.294117647058823761e-02 1.020244072437304072e+06
3.304130162703378809e-02 1.017860130048133200e+06
3.314142678347934551e-02 1.015523451371839619e+06
3.324155193992490293e-02 1.013233099364573136e+06
3.334167709637046034e-02 1.010988155560185900e+06
3.344180225281601776e-02 1.008787719701912720e+06
3.354192740926157518e-02 1.006630909381355159e+06
3.364205256570713259e-02 1.004516859684621799e+06
3.374217772215269001e-02 1.002444722845484735e+06
3.384230287859824743e-02 1.000413667905412149e+06
3.394242803504380485e-02 9.984228803803416668e+05
3.404255319148936226e-02 9.964715619340593694e+05
3.414267834793491968e-02 9.945589300580552081e+05
3.424280350438047710e-02 9.926842177577245748e+05
3.434292866082603451e-02 9.908466732447923860e+05
3.444305381727158499e-02 9.890455596358338371e+05
3.454317897371714241e-02 9.872801546567734331e+05
3.464330413016269983e-02 9.855497503532416886e+05
3.474342928660825724e-02 9.838536528066750616e+05
3.484355444305381466e-02 9.821911818560434040e+05
3.494367959949937208e-02 9.805616708250956144e+05
3.504380475594492950e-02 9.789644662550113862e+05
3.514392991239048691e-02 9.773989276423555566e+05
3.524405506883604433e-02 9.758644271822251612e+05
3.534418022528160175e-02 9.743603495164909400e+05
3.544430538172715917e-02 9.728860914870286360e+05
3.554443053817271658e-02 9.714410618938441621e+05
3.564455569461827400e-02 9.700246812579925172e+05
3.574468085106383142e-02 9.686363815891988343e+05
3.584480600750938883e-02 9.672756061580845853e+05
3.594493116395493931e-02 9.659418092729112832e+05
3.604505632040049673e-02 9.646344560607494786e+05
3.614518147684605415e-02 9.633530222529867897e+05
3.624530663329161156e-02 9.620969939750877675e+05
3.634543178973716898e-02 9.608658675405228278e+05
3.644555694618272640e-02 9.596591492487818468e+05
3.654568210262828382e-02 9.584763551873930264e+05
3.664580725907384123e-02 9.573170110378663521e+05
3.674593241551939865e-02 9.561806518854848109e+05
3.684605757196495607e-02 9.550668220328665338e+05
3.694618272841051348e-02 9.539750748172227759e+05
3.704630788485607090e-02 9.529049724312399048e+05
3.714643304130162832e-02 9.518560857475115918e+05
3.724655819774718574e-02 9.508279941464520525e+05
3.734668335419274315e-02 9.498202853476216551e+05
3.744680851063829363e-02 9.488325552443959750e+05
3.754693366708385105e-02 9.478644077419121750e+05
3.764705882352940847e-02 9.469154545982301934e+05
3.774718397997496588e-02 9.459853152686406393e+05
3.784730913642052330e-02 9.450736167530613020e+05
3.794743429286608072e-02 9.441799934464578982e+05
3.804755944931163814e-02 9.433040869922314305e+05
3.814768460575719555e-02 9.424455461385111557e+05
3.824780976220275297e-02 9.416040265972974012e+05
3.834793491864831039e-02 9.407791909063970670e+05
3.844806007509386780e-02 9.399707082940957043e+05
3.854818523153942522e-02 9.391782545465135481e+05
3.864831038798498264e-02 9.384015118775902083e+05
3.874843554443054006e-02 9.376401688016479602e+05
3.884856070087609053e-02 9.368939200084811309e+05
3.894868585732164795e-02 9.361624662409221055e+05
3.904881101376720537e-02 9.354455141748345923e+05
3.914893617021276279e-02 9.347427763014861848e+05
3.924906132665832020e-02 9.340539708122527227e+05
3.934918648310387762e-02 9.333788214856091654e+05
3.944931163954943504e-02 9.327170575763602974e+05
3.954943679599499246e-02 9.320684137070676079e+05
3.964956195244054987e-02 9.314326297616293887e+05
3.974968710888610729e-02 9.308094507809695788e+05
3.984981226533166471e-02 9.301986268607956590e+05
3.994993742177722212e-02 9.295999130513831042e+05
4.005006257822277954e-02 9.290130692593470449e+05
4.015018773466833696e-02 9.284378601513606263e+05
4.025031289111389438e-02 9.278740550597832771e+05
4.035043804755944485e-02 9.273214278901591897e+05
4.045056320400500227e-02 9.267797570305500412e+05
4.055068836045055969e-02 9.262488252626650501e+05
4.065081351689611711e-02 9.257284196747534443e+05
4.075093867334167452e-02 9.252183315762236016e+05
4.085106382978723194e-02 9.247183564139546361e+05
4.095118898623278936e-02 9.242282936902674846e+05
4.105131414267834677e-02 9.237479468825224321e+05
4.115143929912390419e-02 9.232771233643108280e+05
4.125156445556946161e-02 9.228156343282081652e+05
4.135168961201501903e-02 9.223632947100603487e+05
4.145181476846057644e-02 9.219199231147690443e+05
4.155193992490613386e-02 9.214853417435508454e+05
4.165206508135169128e-02 9.210593763226360315e+05
4.175219023779724176e-02 9.206418560333825881e+05
4.185231539424279917e-02 9.202326134437754517e+05
4.195244055068835659e-02 9.198314844412836246e+05
4.205256570713391401e-02 9.194383081670484971e+05
4.215269086357947143e-02 9.190529269513768377e+05
4.225281602002502884e-02 9.186751862505131867e+05
4.235294117647058626e-02 9.183049345846652286e+05
4.245306633291614368e-02 9.179420234772579279e+05
4.255319148936170109e-02 9.175863073953924468e+05
4.265331664580725851e-02 9.172376436914852820e+05
4.275344180225281593e-02 9.168958925460641040e+05
4.285356695869837335e-02 9.165609169116980629e+05
4.295369211514393076e-02 9.162325824580398621e+05
4.305381727158948818e-02 9.159107575179572450e+05
4.315394242803504560e-02 9.155953130347320111e+05
4.325406758448059608e-02 9.152861225103070028e+05
4.335419274092615349e-02 9.149830619545578957e+05
4.345431789737171091e-02 9.146860098355716327e+05
4.355444305381726833e-02 9.143948470309098484e+05
4.365456821026282574e-02 9.141094567798393546e+05
4.375469336670838316e-02 9.138297246365091996e+05
4.385481852315394058e-02 9.135555384240559069e+05
4.395494367959949800e-02 9.132867881896191975e+05
4.405506883604505541e-02 9.130233661602491047e+05
4.415519399249061283e-02 9.127651666996869026e+05
4.425531914893617025e-02 9.125120862660041312e+05
4.435544430538172767e-02 9.122640233700800454e+05
4.445556946182728508e-02 9.120208785349036334e+05
4.455569461827284250e-02 9.117825542556807632e+05
4.465581977471839992e-02 9.115489549607345834e+05
4.475594493116395040e-02 9.113199869731784565e+05
4.485607008760950781e-02 9.110955584733511787e+05
4.495619524405506523e-02 9.108755794619953958e+05
4.505632040050062265e-02 9.106599617241666419e+05
4.515644555694618006e-02 9.104486187938577496e+05
4.525657071339173748e-02 9.102414659193245461e+05
4.535669586983729490e-02 9.100384200290993322e+05
4.545682102628285232e-02 9.098393996986780548e+05
4.555694618272840973e-02 9.096443251178674400e+05
4.565707133917396715e-02 9.094531180587799754e+05
4.575719649561952457e-02 9.092657018444637069e+05
4.585732165206508198e-02 9.090820013181533432e+05
4.595744680851063940e-02 9.089019428131310269e+05
4.605757196495619682e-02 9.087254541231853655e+05
4.615769712140174730e-02 9.085524644736549817e+05
4.625782227784730471e-02 9.083829044930476230e+05
4.635794743429286213e-02 9.082167061852202751e+05
4.645807259073841955e-02 9.080538029021122493e+05
4.655819774718397697e-02 9.078941293170182034e+05
4.665832290362953438e-02 9.077376213983908528e+05
4.675844806007509180e-02 9.075842163841637084e+05
4.685857321652064922e-02 9.074338527565820841e+05
4.695869837296620664e-02 9.072864702175342245e+05
4.705882352941176405e-02 9.071420096643699799e+05
4.715894868585732147e-02 9.070004131662005093e+05
4.725907384230287889e-02 9.068616239406665554e+05
4.735919899874843630e-02 9.067255863311683061e+05
4.745932415519399372e-02 9.065922457845458994e+05
4.755944931163955114e-02 9.064615488292027730e+05
4.765957446808510162e-02 9.063334430536630098e+05
4.775969962453065903e-02 9.062078770855534822e+05
4.785982478097621645e-02 9.060848005710022990e+05
4.795994993742177387e-02 9.059641641544469167e+05
4.806007509386733129e-02 9.058459194588410901e+05
4.816020025031288870e-02 9.057300190662551904e+05
4.826032540675844612e-02 9.056164164988610428e+05
4.836045056320400354e-02 9.055050662002934841e+05
4.846057571964956096e-02 9.053959235173814232e+05
4.856070087609511837e-02 9.052889446822416503e+05
4.866082603254067579e-02 9.051840867947266670e+05
4.876095118898623321e-02 9.050813078052215278e+05
4.886107634543179062e-02 9.049805664977810811e+05
4.896120150187734804e-02 9.048818224736019038e+05
4.906132665832290546e-02 9.047850361348217120e+05
4.916145181476845594e-02 9.046901686686398461e+05
4.926157697121401335e-02 9.045971820317530073e+05
4.936170212765957077e-02 9.045060389350989135e+05
4.946182728410512819e-02 9.044167028289034497e+05
4.956195244055068561e-02 9.043291378880229313e+05
4.966207759699624302e-02 9.042433089975784533e+05
4.976220275344180044e-02 9.041591817388734780e+05
4.986232790988735786e-02 9.040767223755918676e+05
4.996245306633291527e-02 9.039958978402691428e+05
5.006257822277847269e-02 9.039166757210317301e+05
5.016270337922403011e-02 9.038390242485995404e+05
5.026282853566958753e-02 9.037629122835455928e+05
5.036295369211514494e-02 9.036883093038090738e+05
5.046307884856070236e-02 9.036151853924553143e+05
5.056320400500625284e-02 9.035435112256784923e+05
5.066332916145181026e-02 9.034732580610428704e+05
5.076345431789736767e-02 9.034043977259559324e+05
5.086357947434292509e-02 9.033369026063713245e+05
5.096370463078848251e-02 9.032707456357147312e+05
5.106382978723403993e-02 9.032059002840301255e+05
5.116395494367959734e-02 9.031423405473409221e+05
5.126408010012515476e-02 9.030800409372214926e+05
5.136420525657071218e-02 9.030189764705763664e+05
5.146433041301626959e-02 9.029591226596214110e+05
5.156445556946182701e-02 9.029004555020639673e+05
5.166458072590738443e-02 9.028429514714775141e+05
5.176470588235294185e-02 9.027865875078672543e+05
5.186483103879849926e-02 9.027313410084224306e+05
5.196495619524405668e-02 9.026771898184529273e+05
5.206508135168960716e-02 9.026241122225041036e+05
5.216520650813516458e-02 9.025720869356491603e+05
5.226533166458072199e-02 9.025210930949529866e+05
5.236545682102627941e-02 9.024711102511064382e+05
5.246558197747183683e-02 9.024221183602254605e+05
5.256570713391739424e-02 9.023740977758134250e+05
5.266583229036295166e-02 9.023270292408820242e+05
5.276595744680850908e-02 9.022808938802299090e+05
5.286608260325406650e-02 9.022356731928724330e+05
5.296620775969962391e-02 9.021913490446229698e+05
5.306633291614518133e-02 9.021479036608210299e+05
5.316645807259073875e-02 9.021053196192039177e+05
5.326658322903629617e-02 9.020635798429201823e+05
5.336670838548185358e-02 9.020226675936819520e+05
5.346683354192740406e-02 9.019825664650521940e+05
5.356695869837296148e-02 9.019432603758655023e+05
5.366708385481851890e-02 9.019047335637797369e+05
5.376720901126407631e-02 9.018669705789545551e+05
5.386733416770963373e-02 9.018299562778560212e+05
5.396745932415519115e-02 9.017936758171839174e+05
5.406758448060074856e-02 9.017581146479193121e+05
5.416770963704630598e-02 9.017232585094898241e+05
5.426783479349186340e-02 9.016890934240515344e+05
5.436795994993742082e-02 9.016556056908830069e+05
5.446808510638297823e-02 9.016227818808918819e+05
5.456821026282853565e-02 9.015906088312285719e+05
5.466833541927409307e-02 9.015590736400088063e+05
5.476846057571965048e-02 9.015281636611389695e+05
5.486858573216520790e-02 9.014978664992453996e+05
5.496871088861075838e-02 9.014681700047032209e+05
5.506883604505631580e-02 9.014390622687642463e+05
5.516896120150187321e-02 9.014105316187819699e+05
5.526908635794743063e-02 9.013825666135294596e+05
5.536921151439298805e-02 9.013551560386127094e+05
5.546933667083854547e-02 9.013282889019721188e+05
5.556946182728410288e-02 9.013019544294755906e+05
5.566958698372966030e-02 9.012761420605970779e+05
5.576971214017521772e-02 9.012508414441825589e+05
5.586983729662077514e-02 9.012260424342980841e+05
5.596996245306633255e-02 9.012017350861619925e+05
5.607008760951188997e-02 9.011779096521560568e+05
5.617021276595744739e-02 9.011545565779174212e+05
5.627033792240300480e-02 9.011316664985063253e+05
5.637046307884856222e-02 9.011092302346514771e+05
5.647058823529411270e-02 9.010872387890679529e+05
5.657071339173967012e-02 9.010656833428504178e+05
5.667083854818522753e-02 9.010445552519352641e+05
5.677096370463078495e-02 9.010238460436355090e+05
5.687108886107634237e-02 9.010035474132420495e+05
5.697121401752189979e-02 9.009836512206940679e+05
5.707133917396745720e-02 9.009641494873142801e+05
5.717146433041301462e-02 9.009450343926096102e+05
5.727158948685857204e-02 9.009262982711351942e+05
5.737171464330412946e-02 9.009079336094199680e+05
5.747183979974968687e-02 9.008899330429539550e+05
5.757196495619524429e-02 9.008722893532350427e+05
5.767209011264080171e-02 9.008549954648740822e+05
5.777221526908635912e-02 9.008380444427576149e+05
5.787234042553190960e-02 9.008214294892667094e+05
5.797246558197746702e-02 9.008051439415512141e+05
5.807259073842302444e-02 9.007891812688577920e+05
5.817271589486858185e-02 9.007735350699105766e+05
5.827284105131413927e-02 9.007581990703450283e+05
5.837296620775969669e-02 9.007431671201906865e+05
5.847309136420525411e-02 9.007284331914060749e+05
5.857321652065081152e-02 9.007139913754606387e+05
5.867334167709636894e-02 9.006998358809654601e+05
5.877346683354192636e-02 9.006859610313510057e+05
5.887359198998748377e-02 9.006723612625906244e+05
5.897371714643304119e-02 9.006590311209692154e+05
5.907384230287859861e-02 9.006459652608962497e+05
5.917396745932415603e-02 9.006331584427624475e+05
5.927409261576971344e-02 9.006206055308377836e+05
5.937421777221526392e-02 9.006083014912129147e+05
5.947434292866082134e-02 9.005962413897800725e+05
5.957446808510637876e-02 9.005844203902541194e+05
5.967459324155193617e-02 9.005728337522337679e+05
5.977471839799749359e-02 9.005614768293001689e+05
5.987484355444305101e-02 9.005503450671535684e+05
5.997496871088860843e-02 9.005394340017874492e+05
6.007509386733416584e-02 9.005287392576977145e+05
6.017521902377972326e-02 9.005182565461286576e+05
6.027534418022528068e-02 9.005079816633529263e+05
6.037546933667083809e-02 9.004979104889852460e+05
6.047559449311639551e-02 9.004880389843310695e+05
6.057571964956195293e-02 9.004783631907660747e+05
6.067584480600751035e-02 9.004688792281493079e+05
6.077596996245306776e-02 9.004595832932667108e+05
6.087609511889861824e-02 9.004504716583065456e+05
6.097622027534417566e-02 9.004415406693639234e+05
6.107634543178973308e-02 9.004327867449758342e+05
6.117647058823529049e-02 9.004242063746846979e+05
6.127659574468084791e-02 9.004157961176311364e+05
6.137672090112640533e-02 9.004075526011734037e+05
6.147684605757196274e-02 9.003994725195356878e+05
6.157697121401752016e-02 9.003915526324815582e+05
6.167709637046307758e-02 9.003837897640153533e+05
6.177722152690863500e-02 9.003761808011083631e+05
6.187734668335419241e-02 9.003687226924500428e+05
6.197747183979974983e-02 9.003614124472249532e+05
6.207759699624530725e-02 9.003542471339131007e+05
6.217772215269086467e-02 9.003472238791142590e+05
6.227784730913641514e-02 9.003403398663959233e+05
6.237797246558197256e-02 9.003335923351640813e+05
6.247809762202752998e-02 9.003269785795552889e+05
6.257822277847309433e-02 9.003204959473527269e+05
6.267834793491865175e-02 9.003141418389216997e+05
6.277847309136420917e-02 9.003079137061677175e+05
6.287859824780976659e-02 9.003018090515143704e+05
6.297872340425532400e-02 9.002958254269019235e+05
6.307884856070086754e-02 9.002899604328053538e+05
6.317897371714642496e-02 9.002842117172726430e+05
6.327909887359198238e-02 9.002785769749807660e+05
6.337922403003753979e-02 9.002730539463121677e+05
6.347934918648309721e-02 9.002676404164478881e+05
6.357947434292865463e-02 9.002623342144796625e+05
6.367959949937421205e-02 9.002571332125396002e+05
6.377972465581976946e-02 9.002520353249463951e+05
6.387984981226532688e-02 9.002470385073692305e+05
6.397997496871088430e-02 9.002421407560078660e+05
6.408010012515644171e-02 9.002373401067891391e+05
6.418022528160199913e-02 9.002326346345795318e+05
6.428035043804755655e-02 9.002280224524127552e+05
6.438047559449311397e-02 9.002235017107331660e+05
6.448060075093867138e-02 9.002190705966543173e+05
6.458072590738422880e-02 9.002147273332319455e+05
6.468085106382978622e-02 9.002104701787508093e+05
6.478097622027534364e-02 9.002062974260270130e+05
6.488110137672090105e-02 9.002022074017230188e+05
6.498122653316645847e-02 9.001981984656765126e+05
6.508135168961201589e-02 9.001942690102428896e+05
6.518147684605757330e-02 9.001904174596505472e+05
6.528160200250313072e-02 9.001866422693688655e+05
6.538172715894868814e-02 9.001829419254887616e+05
6.548185231539424556e-02 9.001793149441159330e+05
6.558197747183980297e-02 9.001757598707752768e+05
6.568210262828536039e-02 9.001722752798282309e+05
6.578222778473091781e-02 9.001688597739003599e+05
6.588235294117647523e-02 9.001655119833218632e+05
6.598247809762201876e-02 9.001622305655775126e+05
6.608260325406757618e-02 9.001590142047684640e+05
6.618272841051313360e-02 9.001558616110851290e+05
6.628285356695869102e-02 9.001527715202891268e+05
6.638297872340424843e-02 9.001497426932068774e+05
6.648310387984980585e-02 9.001467739152325084e+05
6.658322903629536327e-02 9.001438639958406566e+05
6.668335419274092069e-02 9.001410117681090487e+05
6.678347934918647810e-02 9.001382160882509779e+05
6.688360450563203552e-02 9.001354758351560449e+05
6.698372966207759294e-02 9.001327899099407950e+05
6.708385481852315035e-02 9.001301572355083190e+05
6.718397997496870777e-02 9.001275767561158864e+05
6.728410513141426519e-02 9.001250474369518925e+05
6.738423028785982261e-02 9.001225682637206046e+05
6.748435544430538002e-02 9.001201382422357565e+05
6.758448060075093744e-02 9.001177563980215928e+05
6.768460575719649486e-02 9.001154217759220628e+05
6.778473091364205227e-02 9.001131334397182800e+05
6.788485607008760969e-02 9.001108904717522673e+05
6.798498122653316711e-02 9.001086919725596672e+05
6.808510638297872453e-02 9.001065370605087373e+05
6.818523153942428194e-02 9.001044248714467976e+05
6.828535669586983936e-02 9.001023545583537780e+05
6.838548185231539678e-02 9.001003252910025185e+05
6.848560700876095420e-02 9.000983362556257052e+05
6.858573216520651161e-02 9.000963866545899073e+05
6.868585732165206903e-02 9.000944757060752017e+05
6.878598247809762645e-02 9.000926026437620167e+05
6.888610763454316999e-02 9.000907667165239109e+05
6.898623279098872740e-02 9.000889671881258255e+05
6.908635794743428482e-02 9.000872033369295532e+05
6.918648310387984224e-02 9.000854744556036312e+05
6.928660826032539966e-02 9.000837798508404521e+05
6.938673341677095707e-02 9.000821188430773327e+05
6.948685857321651449e-02 9.000804907662250334e+05
6.958698372966207191e-02 9.000788949673997704e+05
6.968710888610762932e-02 9.000773308066618629e+05
6.978723404255318674e-02 9.000757976567589212e+05
6.988735919899874416e-02 9.000742949028743897e+05
6.998748435544430158e-02 9.000728219423809787e+05
7.008760951188985899e-02 9.000713781845991034e+05
7.018773466833541641e-02 9.000699630505598616e+05
7.028785982478097383e-02 9.000685759727727855e+05
7.038798498122653124e-02 9.000672163949984824e+05
7.048811013767208866e-02 9.000658837720255833e+05
7.058823529411764608e-02 9.000645775694518816e+05
7.068836045056320350e-02 9.000632972634702455e+05
7.078848560700876091e-02 9.000620423406582559e+05
7.088861076345431833e-02 9.000608122977728490e+05
7.098873591989987575e-02 9.000596066415478708e+05
7.108886107634543317e-02 9.000584248884969857e+05
7.118898623279099058e-02 9.000572665647189133e+05
7.128911138923654800e-02 9.000561312057082541e+05
7.138923654568210542e-02 9.000550183561687591e+05
7.148936170212766283e-02 9.000539275698306737e+05
7.158948685857322025e-02 9.000528584092719248e+05
7.168961201501877767e-02 9.000518104457430309e+05
7.178973717146432121e-02 9.000507832589943428e+05
7.188986232790987863e-02 9.000497764371085213e+05
7.198998748435543604e-02 9.000487895763344131e+05
7.209011264080099346e-02 9.000478222809259314e+05
7.219023779724655088e-02 9.000468741629826836e+05
7.229036295369210829e-02 9.000459448422949063e+05
7.239048811013766571e-02 9.000450339461909607e+05
7.249061326658322313e-02 9.000441411093873903e+05
7.259073842302878055e-02 9.000432659738431685e+05
7.269086357947433796e-02 9.000424081886154599e+05
7.279098873591989538e-02 9.000415674097193405e+05
7.289111389236545280e-02 9.000407432999896118e+05
7.299123904881101021e-02 9.000399355289457599e+05
7.309136420525656763e-02 9.000391437726590084e+05
7.319148936170212505e-02 9.000383677136232145e+05
7.329161451814768247e-02 9.000376070406268118e+05
7.339173967459323988e-02 9.000368614486282459e+05
7.349186483103879730e-02 9.000361306386338547e+05
7.359198998748435472e-02 9.000354143175774952e+05
7.369211514392991214e-02 9.000347121982035460e+05
7.379224030037546955e-02 9.000340239989515394e+05
7.389236545682102697e-02 9.000333494438428897e+05
7.399249061326658439e-02 9.000326882623706479e+05
7.409261576971214180e-02 9.000320401893911185e+05
7.419274092615769922e-02 9.000314049650171073e+05
7.429286608260325664e-02 9.000307823345138459e+05
7.439299123904881406e-02 9.000301720481970115e+05
7.449311639549437147e-02 9.000295738613326102e+05
7.459324155193992889e-02 9.000289875340382569e+05
7.469336670838548631e-02 9.000284128311880631e+05
7.479349186483102985e-02 9.000278495223172940e+05
7.489361702127658726e-02 9.000272973815303994e+05
7.499374217772214468e-02 9.000267561874106759e+05
7.509386733416770210e-02 9.000262257229307434e+05
7.519399249061325952e-02 9.000257057753665140e+05
7.529411764705881693e-02 9.000251961362109287e+05
7.539424280350437435e-02 9.000246966010909528e+05
7.549436795994993177e-02 9.000242069696852705e+05
7.559449311639548919e-02 9.000237270456443075e+05
7.569461827284104660e-02 9.000232566365111852e+05
7.579474342928660402e-02 9.000227955536445370e+05
7.589486858573216144e-02 9.000223436121433042e+05
7.599499374217771885e-02 9.000219006307718810e+05
7.609511889862327627e-02 9.000214664318879368e+05
7.619524405506883369e-02 9.000210408413711702e+05
7.629536921151439111e-02 9.000206236885533435e+05
7.639549436795994852e-02 9.000202148061497137e+05
7.649561952440550594e-02 9.000198140301922103e+05
7.659574468085106336e-02 9.000194211999634281e+05
7.669586983729662077e-02 9.000190361579327146e+05
7.679599499374217819e-02 9.000186587496920256e+05
7.689612015018773561e-02 9.000182888238951564e+05
7.699624530663329303e-02 9.000179262321960414e+05
7.709637046307885044e-02 9.000175708291899646e+05
7.719649561952440786e-02 9.000172224723547697e+05
7.729662077596996528e-02 9.000168810219941661e+05
7.739674593241552270e-02 9.000165463411813835e+05
7.749687108886108011e-02 9.000162182957041077e+05
7.759699624530663753e-02 9.000158967540112790e+05
7.769712140175218107e-02 9.000155815871596569e+05
7.779724655819773849e-02 9.000152726687624818e+05
7.789737171464329590e-02 9.000149698749389499e+05
7.799749687108885332e-02 9.000146730842638062e+05
7.809762202753441074e-02 9.000143821777198464e+05
7.819774718397996816e-02 9.000140970386487897e+05
7.829787234042552557e-02 9.000138175527055282e+05
7.839799749687108299e-02 9.000135436078121420e+05
7.849812265331664041e-02 9.000132750941123813e+05
7.859824780976219782e-02 9.000130119039281271e+05
7.869837296620775524e-02 9.000127539317162009e+05
7.879849812265331266e-02 9.000125010740257567e+05
7.889862327909887008e-02 9.000122532294569537e+05
7.899874843554442749e-02 9.000120102986204438e+05
7.909887359198998491e-02 9.000117721840972081e+05
7.919899874843554233e-02 9.000115387903995579e+05
7.929912390488109974e-02 9.000113100239331834e+05
7.939924906132665716e-02 9.000110857929592021e+05
7.949937421777221458e-02 9.000108660075576045e+05
7.959949937421777200e-02 9.000106505795910489e+05
7.969962453066332941e-02 9.000104394226695877e+05
7.979974968710888683e-02 9.000102324521160917e+05
7.989987484355444425e-02 9.000100295849323738e+05
8.000000000000000167e-02 9.000098307397653116e+05
---------------
