field_vs_length
---------------
0.000000000000000000e+00 2.500000000000000000e+06
1.001251564455569429e-04 2.500000000000000000e+06
2.002503128911138858e-04 2.500000000000000000e+06
3.003754693366708422e-04 2.500000000000000000e+06
4.005006257822277716e-04 2.500000000000000000e+06
5.006257822277847009e-04 2.500000000000000000e+06
6.007509386733416844e-04 2.500000000000000000e+06
7.008760951188985596e-04 2.500000000000000000e+06
8.010012515644555431e-04 2.500000000000000000e+06
9.011264080100125267e-04 2.500000000000000000e+06
1.001251564455569402e-03 2.500000000000000000e+06
1.101376720901126385e-03 2.500000000000000000e+06
1.201501877346683369e-03 2.500000000000000000e+06
1.301627033792240352e-03 2.500000000000000000e+06
1.401752190237797119e-03 2.500000000000000000e+06
1.501877346683354103e-03 2.500000000000000000e+06
1.602002503128911086e-03 2.500000000000000000e+06
1.702127659574468070e-03 2.500000000000000000e+06
1.802252816020025053e-03 2.500000000000000000e+06
1.902377972465581820e-03 2.500000000000000000e+06
2.002503128911138804e-03 2.500000000000000000e+06
2.102628285356695787e-03 2.500000000000000000e+06
2.202753441802252771e-03 2.500000000000000000e+06
2.302878598247809754e-03 2.500000000000000000e+06
2.403003754693366738e-03 2.500000000000000000e+06
2.503128911138923721e-03 2.500000000000000000e+06
2.603254067584480705e-03 2.500000000000000000e+06
2.703379224030037255e-03 2.500000000000000000e+06
2.803504380475594238e-03 2.500000000000000000e+06
2.903629536921151222e-03 2.500000000000000000e+06
3.003754693366708205e-03 2.500000000000000000e+06
3.103879849812265189e-03 2.500000000000000000e+06
3.204005006257822172e-03 2.500000000000000000e+06
3.304130162703379156e-03 2.500000000000000000e+06
3.404255319148936140e-03 2.500000000000000000e+06
3.504380475594493123e-03 2.500000000000000000e+06
3.604505632040050107e-03 2.500000000000000000e+06
3.704630788485607090e-03 2.500000000000000000e+06
3.804755944931163640e-03 2.500000000000000000e+06
3.904881101376720624e-03 2.500000000000000000e+06
4.005006257822277607e-03 2.500000000000000000e+06
4.105131414267835024e-03 2.500000000000000000e+06
4.205256570713391574e-03 2.500000000000000000e+06
4.305381727158948124e-03 2.500000000000000000e+06
4.405506883604505541e-03 2.500000000000000000e+06
4.505632040050062091e-03 2.500000000000000000e+06
4.605757196495619508e-03 2.500000000000000000e+06
4.705882352941176058e-03 2.500000000000000000e+06
4.806007509386733476e-03 2.500000000000000000e+06
4.906132665832290025e-03 2.500000000000000000e+06
5.006257822277847443e-03 2.500000000000000000e+06
5.106382978723403993e-03 2.500000000000000000e+06
5.206508135168961410e-03 2.500000000000000000e+06
5.306633291614517960e-03 2.500000000000000000e+06
5.406758448060074509e-03 2.500000000000000000e+06
5.506883604505631927e-03 2.500000000000000000e+06
5.607008760951188477e-03 2.500000000000000000e+06
5.707133917396745894e-03 2.500000000000000000e+06
5.807259073842302444e-03 2.500000000000000000e+06
5.907384230287859861e-03 2.500000000000000000e+06
6.007509386733416411e-03 2.500000000000000000e+06
6.107634543178973828e-03 2.500000000000000000e+06
6.207759699624530378e-03 2.500000000000000000e+06
6.307884856070087795e-03 2.500000000000000000e+06
6.408010012515644345e-03 2.500000000000000000e+06
6.508135168961200895e-03 2.500000000000000000e+06
6.608260325406758312e-03 2.500000000000000000e+06
6.708385481852314862e-03 2.500000000000000000e+06
6.808510638297872279e-03 2.500000000000000000e+06
6.908635794743428829e-03 2.500000000000000000e+06
7.008760951188986246e-03 2.500000000000000000e+06
7.108886107634542796e-03 2.500000000000000000e+06
7.209011264080100213e-03 2.500000000000000000e+06
7.309136420525656763e-03 2.500000000000000000e+06
7.409261576971214180e-03 2.500000000000000000e+06
7.509386733416770730e-03 2.500000000000000000e+06
7.609511889862327280e-03 2.500000000000000000e+06
7.709637046307884697e-03 2.500000000000000000e+06
7.809762202753441247e-03 2.500000000000000000e+06
7.909887359198997797e-03 2.500000000000000000e+06
8.010012515644555214e-03 2.500000000000000000e+06
8.110137672090112632e-03 2.500000000000000000e+06
8.210262828535670049e-03 2.500000000000000000e+06
8.310387984981225731e-03 2.500000000000000000e+06
8.410513141426783149e-03 2.500000000000000000e+06
8.510638297872340566e-03 2.500000000000000000e+06
8.610763454317896248e-03 2.500000000000000000e+06
8.710888610763453666e-03 2.500000000000000000e+06
8.811013767209011083e-03 2.500000000000000000e+06
8.911138923654568500e-03 2.500000000000000000e+06
9.011264080100124182e-03 2.500000000000000000e+06
9.111389236545681600e-03 2.500000000000000000e+06
9.211514392991239017e-03 2.500000000000000000e+06
9.311639549436796434e-03 2.500000000000000000e+06
9.411764705882352117e-03 2.500000000000000000e+06
9.511889862327909534e-03 2.500000000000000000e+06
9.612015018773466951e-03 2.500000000000000000e+06
9.712140175219022634e-03 2.500000000000000000e+06
9.812265331664580051e-03 2.500000000000000000e+06
9.912390488110137468e-03 2.500000000000000000e+06
1.001251564455569489e-02 2.500000000000000000e+06
1.011264080100125057e-02 2.500000000000000000e+06
1.021276595744680799e-02 2.500000000000000000e+06
1.031289111389236540e-02 2.500000000000000000e+06
1.041301627033792282e-02 2.500000000000000000e+06
1.051314142678347850e-02 2.500000000000000000e+06
1.061326658322903592e-02 2.500000000000000000e+06
1.071339173967459334e-02 2.500000000000000000e+06
1.081351689612014902e-02 2.500000000000000000e+06
1.091364205256570644e-02 2.500000000000000000e+06
1.101376720901126385e-02 2.500000000000000000e+06
1.111389236545682127e-02 2.500000000000000000e+06
1.121401752190237695e-02 2.500000000000000000e+06
1.131414267834793437e-02 2.500000000000000000e+06
1.141426783479349179e-02 2.500000000000000000e+06
1.151439299123904920e-02 2.500000000000000000e+06
1.161451814768460489e-02 2.500000000000000000e+06
1.171464330413016230e-02 2.500000000000000000e+06
1.181476846057571972e-02 2.500000000000000000e+06
1.191489361702127540e-02 2.500000000000000000e+06
1.201501877346683282e-02 2.500000000000000000e+06
1.211514392991239024e-02 2.500000000000000000e+06
1.221526908635794766e-02 2.500000000000000000e+06
1.231539424280350334e-02 2.500000000000000000e+06
1.241551939924906076e-02 2.500000000000000000e+06
1.251564455569461817e-02 2.500000000000000000e+06
1.261576971214017559e-02 2.500000000000000000e+06
1.271589486858573127e-02 2.500000000000000000e+06
1.281602002503128869e-02 2.500000000000000000e+06
1.291614518147684611e-02 2.500000000000000000e+06
1.301627033792240179e-02 2.500000000000000000e+06
1.311639549436795921e-02 2.500000000000000000e+06
1.321652065081351662e-02 2.500000000000000000e+06
1.331664580725907404e-02 2.500000000000000000e+06
1.341677096370462972e-02 2.500000000000000000e+06
1.351689612015018714e-02 2.500000000000000000e+06
1.361702127659574456e-02 2.500000000000000000e+06
1.371714643304130198e-02 2.500000000000000000e+06
1.381727158948685766e-02 2.500000000000000000e+06
1.391739674593241508e-02 2.500000000000000000e+06
1.401752190237797249e-02 2.500000000000000000e+06
1.411764705882352818e-02 2.500000000000000000e+06
1.421777221526908559e-02 2.500000000000000000e+06
1.431789737171464301e-02 2.500000000000000000e+06
1.441802252816020043e-02 2.500000000000000000e+06
1.451814768460575611e-02 2.500000000000000000e+06
1.461827284105131353e-02 2.500000000000000000e+06
1.471839799749687094e-02 2.500000000000000000e+06
1.481852315394242836e-02 2.500000000000000000e+06
1.491864831038798404e-02 2.500000000000000000e+06
1.501877346683354146e-02 2.500000000000000000e+06
1.511889862327909888e-02 2.500000000000000000e+06
1.521902377972465456e-02 2.500000000000000000e+06
1.531914893617021198e-02 2.500000000000000000e+06
1.541927409261576939e-02 2.500000000000000000e+06
1.551939924906132681e-02 2.500000000000000000e+06
1.561952440550688249e-02 2.500000000000000000e+06
1.571964956195244165e-02 2.500000000000000000e+06
1.581977471839799559e-02 2.500000000000000000e+06
1.591989987484355301e-02 2.500000000000000000e+06
1.602002503128911043e-02 2.500000000000000000e+06
1.612015018773466785e-02 2.500000000000000000e+06
1.622027534418022526e-02 2.500000000000000000e+06
1.632040050062578268e-02 2.500000000000000000e+06
1.642052565707134010e-02 2.500000000000000000e+06
1.652065081351689405e-02 2.500000000000000000e+06
1.662077596996245146e-02 2.500000000000000000e+06
1.672090112640800888e-02 2.500000000000000000e+06
1.682102628285356630e-02 2.500000000000000000e+06
1.692115143929912371e-02 2.500000000000000000e+06
1.702127659574468113e-02 2.500000000000000000e+06
1.712140175219023855e-02 2.500000000000000000e+06
1.722152690863579250e-02 2.500000000000000000e+06
1.732165206508134991e-02 2.500000000000000000e+06
1.742177722152690733e-02 2.500000000000000000e+06
1.752190237797246475e-02 2.500000000000000000e+06
1.762202753441802217e-02 2.500000000000000000e+06
1.772215269086357958e-02 2.500000000000000000e+06
1.782227784730913700e-02 2.500000000000000000e+06
1.792240300375469442e-02 2.500000000000000000e+06
1.802252816020024836e-02 2.500000000000000000e+06
1.812265331664580578e-02 2.500000000000000000e+06
1.822277847309136320e-02 2.500000000000000000e+06
1.832290362953692062e-02 2.500000000000000000e+06
1.842302878598247803e-02 2.500000000000000000e+06
1.852315394242803545e-02 2.500000000000000000e+06
1.862327909887359287e-02 2.500000000000000000e+06
1.872340425531914682e-02 2.500000000000000000e+06
1.882352941176470423e-02 2.500000000000000000e+06
1.892365456821026165e-02 2.500000000000000000e+06
1.902377972465581907e-02 2.500000000000000000e+06
1.912390488110137649e-02 2.500000000000000000e+06
1.922403003754693390e-02 2.500000000000000000e+06
1.932415519399249132e-02 2.500000000000000000e+06
1.942428035043804527e-02 2.500000000000000000e+06
1.952440550688360268e-02 2.500000000000000000e+06
1.962453066332916010e-02 2.500000000000000000e+06
1.972465581977471752e-02 2.500000000000000000e+06
1.982478097622027494e-02 2.500000000000000000e+06
1.992490613266583235e-02 2.500000000000000000e+06
2.002503128911138977e-02 2.499666284285285510e+06
2.012515644555694719e-02 2.498332117319881916e+06
2.022528160200250114e-02 2.496999063087495975e+06
2.032540675844805855e-02 2.495667120660076849e+06
2.042553191489361597e-02 2.494336289110347163e+06
2.052565707133917339e-02 2.493006567511804402e+06
2.062578222778473080e-02 2.491677954938717186e+06
2.072590738423028822e-02 2.490350450466127135e+06
2.082603254067584564e-02 2.489024053169846535e+06
2.092615769712139959e-02 2.487698762126460206e+06
2.102628285356695700e-02 2.486374576413320843e+06
2.112640801001251442e-02 2.485051495108552277e+06
2.122653316645807184e-02 2.483729517291046213e+06
2.132665832290362926e-02 2.482408642040463164e+06
2.142678347934918667e-02 2.481088868437231518e+06
2.152690863579474409e-02 2.479770195562546141e+06
2.162703379224029804e-02 2.478452622498367913e+06
2.172715894868585546e-02 2.477136148327423260e+06
2.182728410513141287e-02 2.475820772133205086e+06
2.192740926157697029e-02 2.474506492999969516e+06
2.202753441802252771e-02 2.473193310012736358e+06
2.212765957446808512e-02 2.471881222257289104e+06
2.222778473091364254e-02 2.470570228820173070e+06
2.232790988735919996e-02 2.469260328788695857e+06
2.242803504380475391e-02 2.467951521250926424e+06
2.252816020025031132e-02 2.466643805295693688e+06
2.262828535669586874e-02 2.465337180012587924e+06
2.272841051314142616e-02 2.464031644491956569e+06
2.282853566958698358e-02 2.462727197824907489e+06
2.292866082603254099e-02 2.461423839103305712e+06
2.302878598247809841e-02 2.460121567419773899e+06
2.312891113892365236e-02 2.458820381867691409e+06
2.322903629536920977e-02 2.457520281541194767e+06
2.332916145181476719e-02 2.456221265535173938e+06
2.342928660826032461e-02 2.454923332945275120e+06
2.352941176470588203e-02 2.453626482867899351e+06
2.362953692115143944e-02 2.452330714400200173e+06
2.372966207759699686e-02 2.451036026640084572e+06
2.382978723404255081e-02 2.449742418686211575e+06
2.392991239048810823e-02 2.448449889637992252e+06
2.403003754693366564e-02 2.447158438595589250e+06
2.413016270337922306e-02 2.445868064659914002e+06
2.423028785982478048e-02 2.444578766932629980e+06
2.433041301627033789e-02 2.443290544516148977e+06
2.443053817271589531e-02 2.442003396513631567e+06
2.453066332916145273e-02 2.440717322028984781e+06
2.463078848560700668e-02 2.439432320166865364e+06
2.473091364205256409e-02 2.438148390032676049e+06
2.483103879849812151e-02 2.436865530732564162e+06
2.493116395494367893e-02 2.435583741373424884e+06
2.503128911138923635e-02 2.434303021062896587e+06
2.513141426783479376e-02 2.433023368909363169e+06
2.523153942428035118e-02 2.431744784021950327e+06
2.533166458072590513e-02 2.430467265510529280e+06
2.543178973717146255e-02 2.429190812485710718e+06
2.553191489361701996e-02 2.427915424058849923e+06
2.563204005006257738e-02 2.426641099342041649e+06
2.573216520650813480e-02 2.425367837448121049e+06
2.583229036295369221e-02 2.424095637490664609e+06
2.593241551939924963e-02 2.422824498583987355e+06
2.603254067584480358e-02 2.421554419843141921e+06
2.613266583229036100e-02 2.420285400383920409e+06
2.623279098873591841e-02 2.419017439322851598e+06
2.633291614518147583e-02 2.417750535777202807e+06
2.643304130162703325e-02 2.416484688864974771e+06
2.653316645807259067e-02 2.415219897704906296e+06
2.663329161451814808e-02 2.413956161416469142e+06
2.673341677096370203e-02 2.412693479119871743e+06
2.683354192740925945e-02 2.411431849936054554e+06
2.693366708385481686e-02 2.410171272986691445e+06
2.703379224030037428e-02 2.408911747394189239e+06
2.713391739674593170e-02 2.407653272281686775e+06
2.723404255319148912e-02 2.406395846773053519e+06
2.733416770963704653e-02 2.405139469992890023e+06
2.743429286608260395e-02 2.403884141066527925e+06
2.753441802252815790e-02 2.402629859120027162e+06
2.763454317897371532e-02 2.401376623280176893e+06
2.773466833541927273e-02 2.400124432674493641e+06
2.783479349186483015e-02 2.398873286431224085e+06
2.793491864831038757e-02 2.397623183679339476e+06
2.803504380475594499e-02 2.396374123548538424e+06
2.813516896120150240e-02 2.395126105169245042e+06
2.823529411764705635e-02 2.393879127672610804e+06
2.833541927409261377e-02 2.392633190190508030e+06
2.843554443053817118e-02 2.391388291855536401e+06
2.853566958698372860e-02 2.390144431801017374e+06
2.863579474342928602e-02 2.388901609160995577e+06
2.873591989987484344e-02 2.387659823070238344e+06
2.883604505632040085e-02 2.386419072664233856e+06
2.893617021276595480e-02 2.385179357079192065e+06
2.903629536921151222e-02 2.383940675452043302e+06
2.913642052565706964e-02 2.382703026920435950e+06
2.923654568210262705e-02 2.381466410622741096e+06
2.933667083854818447e-02 2.380230825698044151e+06
2.943679599499374189e-02 2.378996271286153235e+06
2.953692115143929930e-02 2.377762746527589858e+06
2.963704630788485672e-02 2.376530250563594513e+06
2.973717146433041067e-02 2.375298782536122948e+06
2.983729662077596809e-02 2.374068341587848030e+06
2.993742177722152550e-02 2.372838926862156019e+06
3.003754693366708292e-02 2.371610537503147498e+06
3.013767209011264034e-02 2.370383172655639239e+06
3.023779724655819776e-02 2.369156831465158612e+06
3.033792240300375517e-02 2.367931513077946380e+06
3.043804755944930912e-02 2.366707216640956700e+06
3.053817271589486654e-02 2.365483941301852930e+06
3.063829787234042396e-02 2.364261686209011823e+06
3.073842302878598137e-02 2.363040450511517935e+06
3.083854818523153879e-02 2.361820233359167818e+06
3.093867334167709621e-02 2.360601033902464900e+06
3.103879849812265362e-02 2.359382851292623207e+06
3.113892365456820757e-02 2.358165684681562707e+06
3.123904881101376499e-02 2.356949533221912105e+06
3.133917396745932588e-02 2.355734396067006513e+06
3.143929912390488329e-02 2.354520272370886989e+06
3.153942428035043377e-02 2.353307161288300529e+06
3.163954943679599119e-02 2.352095061974697746e+06
3.173967459324154861e-02 2.350883973586235661e+06
3.183979974968710602e-02 2.349673895279773511e+06
3.193992490613266344e-02 2.348464826212874614e+06
3.204005006257822086e-02 2.347256765543804970e+06
3.214017521902377827e-02 2.346049712431531399e+06
3.224030037546933569e-02 2.344843666035723872e+06
3.234042553191489311e-02 2.343638625516751781e+06
3.244055068836045053e-02 2.342434590035685338e+06
3.254067584480600794e-02 2.341231558754295111e+06
3.264080100125156536e-02 2.340029530835049227e+06
3.274092615769712278e-02 2.338828505441115703e+06
3.284105131414268020e-02 2.337628481736360118e+06
3.294117647058823761e-02 2.336429458885345608e+06
3.304130162703378809e-02 2.335231436053331010e+06
3.314142678347934551e-02 2.334034412406273186e+06
3.324155193992490293e-02 2.332838387110822834e+06
3.334167709637046034e-02 2.331643359334326349e+06
3.344180225281601776e-02 2.330449328244825825e+06
3.354192740926157518e-02 2.329256293011054397e+06
3.364205256570713259e-02 2.328064252802441828e+06
3.374217772215269001e-02 2.326873206789107528e+06
3.384230287859824743e-02 2.325683154141865671e+06
3.394242803504380485e-02 2.324494094032220542e+06
3.404255319148936226e-02 2.323306025632366538e+06
3.414267834793491968e-02 2.322118948115191422e+06
3.424280350438047710e-02 2.320932860654269811e+06
3.434292866082603451e-02 2.319747762423867360e+06
3.444305381727158499e-02 2.318563652598937042e+06
3.454317897371714241e-02 2.317380530355121940e+06
3.464330413016269983e-02 2.316198394868750125e+06
3.474342928660825724e-02 2.315017245316838846e+06
3.484355444305381466e-02 2.313837080877089873e+06
3.494367959949937208e-02 2.312657900727893226e+06
3.504380475594492950e-02 2.311479704048321582e+06
3.514392991239048691e-02 2.310302490018134005e+06
3.524405506883604433e-02 2.309126257817773148e+06
3.534418022528160175e-02 2.307951006628364325e+06
3.544430538172715917e-02 2.306776735631717369e+06
3.554443053817271658e-02 2.305603444010322914e+06
3.564455569461827400e-02 2.304431130947356112e+06
3.574468085106383142e-02 2.303259795626669656e+06
3.584480600750938883e-02 2.302089437232799828e+06
3.594493116395493931e-02 2.300920054950961843e+06
3.604505632040049673e-02 2.299751647967049852e+06
3.614518147684605415e-02 2.298584215467638802e+06
3.624530663329161156e-02 2.297417756639980711e+06
3.634543178973716898e-02 2.296252270672005601e+06
3.644555694618272640e-02 2.295087756752321031e+06
3.654568210262828382e-02 2.293924214070211165e+06
3.664580725907384123e-02 2.292761641815636773e+06
3.674593241551939865e-02 2.291600039179232903e+06
3.684605757196495607e-02 2.290439405352311675e+06
3.694618272841051348e-02 2.289279739526857622e+06
3.704630788485607090e-02 2.288121040895530954e+06
3.714643304130162832e-02 2.286963308651663363e+06
3.724655819774718574e-02 2.285806541989261284e+06
3.734668335419274315e-02 2.284650740103002172e+06
3.744680851063829363e-02 2.283495902188235428e+06
3.754693366708385105e-02 2.282342027440981008e+06
3.764705882352940847e-02 2.281189115057930816e+06
3.774718397997496588e-02 2.280037164236445446e+06
3.784730913642052330e-02 2.278886174174554646e+06
3.794743429286608072e-02 2.277736144070958719e+06
3.804755944931163814e-02 2.276587073125025257e+06
3.814768460575719555e-02 2.275438960536789149e+06
3.824780976220275297e-02 2.274291805506953038e+06
3.834793491864831039e-02 2.273145607236886397e+06
3.844806007509386780e-02 2.272000364928623661e+06
3.854818523153942522e-02 2.270856077784866560e+06
3.864831038798498264e-02 2.269712745008980855e+06
3.874843554443054006e-02 2.268570365804995410e+06
3.884856070087609053e-02 2.267428939377605915e+06
3.894868585732164795e-02 2.266288464932169300e+06
3.904881101376720537e-02 2.265148941674705129e+06
3.914893617021276279e-02 2.264010368811896071e+06
3.924906132665832020e-02 2.262872745551086031e+06
3.934918648310387762e-02 2.261736071100279689e+06
3.944931163954943504e-02 2.260600344668143429e+06
3.954943679599499246e-02 2.259465565464002080e+06
3.964956195244054987e-02 2.258331732697840780e+06
3.974968710888610729e-02 2.257198845580304042e+06
3.984981226533166471e-02 2.256066903322693426e+06
3.994993742177722212e-02 2.254935905136969872e+06
4.005006257822277954e-02 2.253805850235749967e+06
4.015018773466833696e-02 2.252676737832307816e+06
4.025031289111389438e-02 2.251548567140573636e+06
4.035043804755944485e-02 2.250421337375133298e+06
4.045056320400500227e-02 2.249295047751228325e+06
4.055068836045055969e-02 2.248169697484752629e+06
4.065081351689611711e-02 2.247045285792256705e+06
4.075093867334167452e-02 2.245921811890942510e+06
4.085106382978723194e-02 2.244799274998665787e+06
4.095118898623278936e-02 2.243677674333935138e+06
4.105131414267834677e-02 2.242557009115909692e+06
4.115143929912390419e-02 2.241437278564400505e+06
4.125156445556946161e-02 2.240318481899869163e+06
4.135168961201501903e-02 2.239200618343427777e+06
4.145181476846057644e-02 2.238083687116837595e+06
4.155193992490613386e-02 2.236967687442508992e+06
4.165206508135169128e-02 2.235852618543501012e+06
4.175219023779724176e-02 2.234738479643521365e+06
4.185231539424279917e-02 2.233625269966923632e+06
4.195244055068835659e-02 2.232512988738710061e+06
4.205256570713391401e-02 2.231401635184527375e+06
4.215269086357947143e-02 2.230291208530670032e+06
4.225281602002502884e-02 2.229181708004076499e+06
4.235294117647058626e-02 2.228073132832330652e+06
4.245306633291614368e-02 2.226965482243659906e+06
4.255319148936170109e-02 2.225858755466936622e+06
4.265331664580725851e-02 2.224752951731674839e+06
4.275344180225281593e-02 2.223648070268032141e+06
4.285356695869837335e-02 2.222544110306807794e+06
4.295369211514393076e-02 2.221441071079442278e+06
4.305381727158948818e-02 2.220338951818018220e+06
4.315394242803504560e-02 2.219237751755257137e+06
4.325406758448059608e-02 2.218137470124522224e+06
4.335419274092615349e-02 2.217038106159814633e+06
4.345431789737171091e-02 2.215939659095775336e+06
4.355444305381726833e-02 2.214842128167682793e+06
4.365456821026282574e-02 2.213745512611454353e+06
4.375469336670838316e-02 2.212649811663642526e+06
4.385481852315394058e-02 2.211555024561439641e+06
4.395494367959949800e-02 2.210461150542671327e+06
4.405506883604505541e-02 2.209368188845801167e+06
4.415519399249061283e-02 2.208276138709926046e+06
4.425531914893617025e-02 2.207184999374778941e+06
4.435544430538172767e-02 2.206094770080725662e+06
4.445556946182728508e-02 2.205005450068766717e+06
4.455569461827284250e-02 2.203917038580534980e+06
4.465581977471839992e-02 2.202829534858295694e+06
4.475594493116395040e-02 2.201742938144946471e+06
4.485607008760950781e-02 2.200657247684015892e+06
4.495619524405506523e-02 2.199572462719664443e+06
4.505632040050062265e-02 2.198488582496682182e+06
4.515644555694618006e-02 2.197405606260488741e+06
4.525657071339173748e-02 2.196323533257133327e+06
4.535669586983729490e-02 2.195242362733295653e+06
4.545682102628285232e-02 2.194162093936280813e+06
4.555694618272840973e-02 2.193082726114023477e+06
4.565707133917396715e-02 2.192004258515085559e+06
4.575719649561952457e-02 2.190926690388655290e+06
4.585732165206508198e-02 2.189850020984546281e+06
4.595744680851063940e-02 2.188774249553199857e+06
4.605757196495619682e-02 2.187699375345679931e+06
4.615769712140174730e-02 2.186625397613678128e+06
4.625782227784730471e-02 2.185552315609507263e+06
4.635794743429286213e-02 2.184480128586105071e+06
4.645807259073841955e-02 2.183408835797033273e+06
4.655819774718397697e-02 2.182338436496473849e+06
4.665832290362953438e-02 2.181268929939232301e+06
4.675844806007509180e-02 2.180200315380736254e+06
4.685857321652064922e-02 2.179132592077032663e+06
4.695869837296620664e-02 2.178065759284790140e+06
4.705882352941176405e-02 2.176999816261297092e+06
4.715894868585732147e-02 2.175934762264460791e+06
4.725907384230287889e-02 2.174870596552807838e+06
4.735919899874843630e-02 2.173807318385483697e+06
4.745932415519399372e-02 2.172744927022251301e+06
4.755944931163955114e-02 2.171683421723490581e+06
4.765957446808510162e-02 2.170622801750198007e+06
4.775969962453065903e-02 2.169563066363988444e+06
4.785982478097621645e-02 2.168504214827090502e+06
4.795994993742177387e-02 2.167446246402349323e+06
4.806007509386733129e-02 2.166389160353223793e+06
4.816020025031288870e-02 2.165332955943787470e+06
4.826032540675844612e-02 2.164277632438728586e+06
4.836045056320400354e-02 2.163223189103347249e+06
4.846057571964956096e-02 2.162169625203558244e+06
4.856070087609511837e-02 2.161116940005885437e+06
4.866082603254067579e-02 2.160065132777468301e+06
4.876095118898623321e-02 2.159014202786054928e+06
4.886107634543179062e-02 2.157964149300004356e+06
4.896120150187734804e-02 2.156914971588287037e+06
4.906132665832290546e-02 2.155866668920481578e+06
4.916145181476845594e-02 2.154819240566777997e+06
4.926157697121401335e-02 2.153772685797971673e+06
4.936170212765957077e-02 2.152727003885469399e+06
4.946182728410512819e-02 2.151682194101283792e+06
4.956195244055068561e-02 2.150638255718035623e+06
4.966207759699624302e-02 2.149595188008951023e+06
4.976220275344180044e-02 2.148552990247863811e+06
4.986232790988735786e-02 2.147511661709212698e+06
4.996245306633291527e-02 2.146471201668041293e+06
5.006257822277847269e-02 2.145431609399997629e+06
5.016270337922403011e-02 2.144392884181335568e+06
5.026282853566958753e-02 2.143355025288910605e+06
5.036295369211514494e-02 2.142318032000182196e+06
5.046307884856070236e-02 2.141281903593212366e+06
5.056320400500625284e-02 2.140246639346665703e+06
5.066332916145181026e-02 2.139212238539807033e+06
5.076345431789736767e-02 2.138178700452503748e+06
5.086357947434292509e-02 2.137146024365223479e+06
5.096370463078848251e-02 2.136114209559033625e+06
5.106382978723403993e-02 2.135083255315600894e+06
5.116395494367959734e-02 2.134053160917192698e+06
5.126408010012515476e-02 2.133023925646672957e+06
5.136420525657071218e-02 2.131995548787505366e+06
5.146433041301626959e-02 2.130968029623749666e+06
5.156445556946182701e-02 2.129941367440064438e+06
5.166458072590738443e-02 2.128915561521703843e+06
5.176470588235294185e-02 2.127890611154518090e+06
5.186483103879849926e-02 2.126866515624953900e+06
5.196495619524405668e-02 2.125843274220052175e+06
5.206508135168960716e-02 2.124820886227448005e+06
5.216520650813516458e-02 2.123799350935372524e+06
5.226533166458072199e-02 2.122778667632648721e+06
5.236545682102627941e-02 2.121758835608693305e+06
5.246558197747183683e-02 2.120739854153515771e+06
5.256570713391739424e-02 2.119721722557718400e+06
5.266583229036295166e-02 2.118704440112493467e+06
5.276595744680850908e-02 2.117688006109626032e+06
5.286608260325406650e-02 2.116672419841489755e+06
5.296620775969962391e-02 2.115657680601052009e+06
5.306633291614518133e-02 2.114643787681866437e+06
5.316645807259073875e-02 2.113630740378077142e+06
5.326658322903629617e-02 2.112618537984416820e+06
5.336670838548185358e-02 2.111607179796207696e+06
5.346683354192740406e-02 2.110596665109356865e+06
5.356695869837296148e-02 2.109586993220361881e+06
5.366708385481851890e-02 2.108578163426304236e+06
5.376720901126407631e-02 2.107570175024853088e+06
5.386733416770963373e-02 2.106563027314263862e+06
5.396745932415519115e-02 2.105556719593375921e+06
5.406758448060074856e-02 2.104551251161614899e+06
5.416770963704630598e-02 2.103546621318988968e+06
5.426783479349186340e-02 2.102542829366091639e+06
5.436795994993742082e-02 2.101539874604098964e+06
5.446808510638297823e-02 2.100537756334770005e+06
5.456821026282853565e-02 2.099536473860446364e+06
5.466833541927409307e-02 2.098536026484050788e+06
5.476846057571965048e-02 2.097536413509088568e+06
5.486858573216520790e-02 2.096537634239645442e+06
5.496871088861075838e-02 2.095539687980386894e+06
5.506883604505631580e-02 2.094542574036558857e+06
5.516896120150187321e-02 2.093546291713987011e+06
5.526908635794743063e-02 2.092550840319075622e+06
5.536921151439298805e-02 2.091556219158807071e+06
5.546933667083854547e-02 2.090562427540742792e+06
5.556946182728410288e-02 2.089569464773020707e+06
5.566958698372966030e-02 2.088577330164356623e+06
5.576971214017521772e-02 2.087586023024041671e+06
5.586983729662077514e-02 2.086595542661944404e+06
5.596996245306633255e-02 2.085605888388508232e+06
5.607008760951188997e-02 2.084617059514751891e+06
5.617021276595744739e-02 2.083629055352268508e+06
5.627033792240300480e-02 2.082641875213225838e+06
5.637046307884856222e-02 2.081655518410364632e+06
5.647058823529411270e-02 2.080669984256999567e+06
5.657071339173967012e-02 2.079685272067017388e+06
5.667083854818522753e-02 2.078701381154877366e+06
5.677096370463078495e-02 2.077718310835610610e+06
5.687108886107634237e-02 2.076736060424819821e+06
5.697121401752189979e-02 2.075754629238677677e+06
5.707133917396745720e-02 2.074774016593927518e+06
5.717146433041301462e-02 2.073794221807882888e+06
5.727158948685857204e-02 2.072815244198426371e+06
5.737171464330412946e-02 2.071837083084009821e+06
5.747183979974968687e-02 2.070859737783652963e+06
5.757196495619524429e-02 2.069883207616943866e+06
5.767209011264080171e-02 2.068907491904038005e+06
5.777221526908635912e-02 2.067932589965657797e+06
5.787234042553190960e-02 2.066958501123092603e+06
5.797246558197746702e-02 2.065985224698197097e+06
5.807259073842302444e-02 2.065012760013391729e+06
5.817271589486858185e-02 2.064041106391662965e+06
5.827284105131413927e-02 2.063070263156560715e+06
5.837296620775969669e-02 2.062100229632199509e+06
5.847309136420525411e-02 2.061131005143258255e+06
5.857321652065081152e-02 2.060162589014977915e+06
5.867334167709636894e-02 2.059194980573163135e+06
5.877346683354192636e-02 2.058228179144180613e+06
5.887359198998748377e-02 2.057262184054958634e+06
5.897371714643304119e-02 2.056296994632987073e+06
5.907384230287859861e-02 2.055332610206316458e+06
5.917396745932415603e-02 2.054369030103557976e+06
5.927409261576971344e-02 2.053406253653882770e+06
5.937421777221526392e-02 2.052444280187021708e+06
5.947434292866082134e-02 2.051483109033263987e+06
5.957446808510637876e-02 2.050522739523457829e+06
5.967459324155193617e-02 2.049563170989009552e+06
5.977471839799749359e-02 2.048604402761883335e+06
5.987484355444305101e-02 2.047646434174599592e+06
5.997496871088860843e-02 2.046689264560236828e+06
6.007509386733416584e-02 2.045732893252428155e+06
6.017521902377972326e-02 2.044777319585363846e+06
6.027534418022528068e-02 2.043822542893788777e+06
6.037546933667083809e-02 2.042868562513002893e+06
6.047559449311639551e-02 2.041915377778860508e+06
6.057571964956195293e-02 2.040962988027769607e+06
6.067584480600751035e-02 2.040011392596692080e+06
6.077596996245306776e-02 2.039060590823142324e+06
6.087609511889861824e-02 2.038110582045187708e+06
6.097622027534417566e-02 2.037161365601447178e+06
6.107634543178973308e-02 2.036212940831091721e+06
6.117647058823529049e-02 2.035265307073843433e+06
6.127659574468084791e-02 2.034318463669974590e+06
6.137672090112640533e-02 2.033372409960308578e+06
6.147684605757196274e-02 2.032427145286218030e+06
6.157697121401752016e-02 2.031482668989624595e+06
6.167709637046307758e-02 2.030538980412999168e+06
6.177722152690863500e-02 2.029596078899361426e+06
6.187734668335419241e-02 2.028653963792277966e+06
6.197747183979974983e-02 2.027712634435864165e+06
6.207759699624530725e-02 2.026772090174781159e+06
6.217772215269086467e-02 2.025832330354237230e+06
6.227784730913641514e-02 2.024893354319987120e+06
6.237797246558197256e-02 2.023955161418330623e+06
6.247809762202752998e-02 2.023017750996113056e+06
6.257822277847309433e-02 2.022081122400724329e+06
6.267834793491865175e-02 2.021145274980098708e+06
6.277847309136420917e-02 2.020210208082714584e+06
6.287859824780976659e-02 2.019275921057593310e+06
6.297872340425532400e-02 2.018342413254299201e+06
6.307884856070086754e-02 2.017409684022939531e+06
6.317897371714642496e-02 2.016477732714162907e+06
6.327909887359198238e-02 2.015546558679160429e+06
6.337922403003753979e-02 2.014616161269662902e+06
6.347934918648309721e-02 2.013686539837943157e+06
6.357947434292865463e-02 2.012757693736813962e+06
6.367959949937421205e-02 2.011829622319627320e+06
6.377972465581976946e-02 2.010902324940274935e+06
6.387984981226532688e-02 2.009975800953187747e+06
6.397997496871088430e-02 2.009050049713333836e+06
6.408010012515644171e-02 2.008125070576221216e+06
6.418022528160199913e-02 2.007200862897893414e+06
6.428035043804755655e-02 2.006277426034932723e+06
6.438047559449311397e-02 2.005354759344456717e+06
6.448060075093867138e-02 2.004432862184120109e+06
6.458072590738422880e-02 2.003511733912112657e+06
6.468085106382978622e-02 2.002591373887159862e+06
6.478097622027534364e-02 2.001671781468522269e+06
6.488110137672090105e-02 2.000752956015994074e+06
6.498122653316645847e-02 1.999834896889903815e+06
6.508135168961201589e-02 1.998917603451113682e+06
6.518147684605757330e-02 1.998001075061019044e+06
6.528160200250313072e-02 1.997085311081547290e+06
6.538172715894868814e-02 1.996170310875158291e+06
6.548185231539424556e-02 1.995256073804843938e+06
6.558197747183980297e-02 1.994342599234126741e+06
6.568210262828536039e-02 1.993429886527060997e+06
6.578222778473091781e-02 1.992517935048230458e+06
6.588235294117647523e-02 1.991606744162749266e+06
6.598247809762201876e-02 1.990696313236261252e+06
6.608260325406757618e-02 1.989786641634939006e+06
6.618272841051313360e-02 1.988877728725483408e+06
6.628285356695869102e-02 1.987969573875124566e+06
6.638297872340424843e-02 1.987062176451619714e+06
6.648310387984980585e-02 1.986155535823252983e+06
6.658322903629536327e-02 1.985249651358835865e+06
6.668335419274092069e-02 1.984344522427706746e+06
6.678347934918647810e-02 1.983440148399729049e+06
6.688360450563203552e-02 1.982536528645291924e+06
6.698372966207759294e-02 1.981633662535310490e+06
6.708385481852315035e-02 1.980731549441223731e+06
6.718397997496870777e-02 1.979830188734994968e+06
6.728410513141426519e-02 1.978929579789111158e+06
6.738423028785982261e-02 1.978029721976583591e+06
6.748435544430538002e-02 1.977130614670945099e+06
6.758448060075093744e-02 1.976232257246251917e+06
6.768460575719649486e-02 1.975334649077082286e+06
6.778473091364205227e-02 1.974437789538535988e+06
6.788485607008760969e-02 1.973541678006233647e+06
6.798498122653316711e-02 1.972646313856316498e+06
6.808510638297872453e-02 1.971751696465447079e+06
6.818523153942428194e-02 1.970857825210807147e+06
6.828535669586983936e-02 1.969964699470097898e+06
6.838548185231539678e-02 1.969072318621539278e+06
6.848560700876095420e-02 1.968180682043870445e+06
6.858573216520651161e-02 1.967289789116348606e+06
6.868585732165206903e-02 1.966399639218748081e+06
6.878598247809762645e-02 1.965510231731361011e+06
6.888610763454316999e-02 1.964621566034996416e+06
6.898623279098872740e-02 1.963733641510979505e+06
6.908635794743428482e-02 1.962846457541151438e+06
6.918648310387984224e-02 1.961960013507868862e+06
6.928660826032539966e-02 1.961074308794004610e+06
6.938673341677095707e-02 1.960189342782944441e+06
6.948685857321651449e-02 1.959305114858589368e+06
6.958698372966207191e-02 1.958421624405354960e+06
6.968710888610762932e-02 1.957538870808168547e+06
6.978723404255318674e-02 1.956656853452472016e+06
6.988735919899874416e-02 1.955775571724218782e+06
6.998748435544430158e-02 1.954895025009874487e+06
7.008760951188985899e-02 1.954015212696417235e+06
7.018773466833541641e-02 1.953136134171335492e+06
7.028785982478097383e-02 1.952257788822629256e+06
7.038798498122653124e-02 1.951380176038808655e+06
7.048811013767208866e-02 1.950503295208893484e+06
7.058823529411764608e-02 1.949627145722413901e+06
7.068836045056320350e-02 1.948751726969408570e+06
7.078848560700876091e-02 1.947877038340425352e+06
7.088861076345431833e-02 1.947003079226519680e+06
7.098873591989987575e-02 1.946129849019255489e+06
7.108886107634543317e-02 1.945257347110704286e+06
7.118898623279099058e-02 1.944385572893443983e+06
7.128911138923654800e-02 1.943514525760559598e+06
7.138923654568210542e-02 1.942644205105642090e+06
7.148936170212766283e-02 1.941774610322788358e+06
7.158948685857322025e-02 1.940905740806600777e+06
7.168961201501877767e-02 1.940037595952185802e+06
7.178973717146432121e-02 1.939170175155155826e+06
7.188986232790987863e-02 1.938303477811625693e+06
7.198998748435543604e-02 1.937437503318215255e+06
7.209011264080099346e-02 1.936572251072046813e+06
7.219023779724655088e-02 1.935707720470745582e+06
7.229036295369210829e-02 1.934843910912439693e+06
7.239048811013766571e-02 1.933980821795758326e+06
7.249061326658322313e-02 1.933118452519833576e+06
7.259073842302878055e-02 1.932256802484297194e+06
7.269086357947433796e-02 1.931395871089282446e+06
7.279098873591989538e-02 1.930535657735422952e+06
7.289111389236545280e-02 1.929676161823852221e+06
7.299123904881101021e-02 1.928817382756202482e+06
7.309136420525656763e-02 1.927959319934606086e+06
7.319148936170212505e-02 1.927101972761693876e+06
7.329161451814768247e-02 1.926245340640593786e+06
7.339173967459323988e-02 1.925389422974932939e+06
7.349186483103879730e-02 1.924534219168834854e+06
7.359198998748435472e-02 1.923679728626920842e+06
7.369211514392991214e-02 1.922825950754308142e+06
7.379224030037546955e-02 1.921972884956610389e+06
7.389236545682102697e-02 1.921120530639937147e+06
7.399249061326658439e-02 1.920268887210892979e+06
7.409261576971214180e-02 1.919417954076577444e+06
7.419274092615769922e-02 1.918567730644584633e+06
7.429286608260325664e-02 1.917718216323002707e+06
7.439299123904881406e-02 1.916869410520413425e+06
7.449311639549437147e-02 1.916021312645892147e+06
7.459324155193992889e-02 1.915173922109006904e+06
7.469336670838548631e-02 1.914327238319817465e+06
7.479349186483102985e-02 1.913481260688877199e+06
7.489361702127658726e-02 1.912635988627228886e+06
7.499374217772214468e-02 1.911791421546408907e+06
7.509386733416770210e-02 1.910947558858442586e+06
7.519399249061325952e-02 1.910104399975846522e+06
7.529411764705881693e-02 1.909261944311627652e+06
7.539424280350437435e-02 1.908420191279280931e+06
7.549436795994993177e-02 1.907579140292792581e+06
7.559449311639548919e-02 1.906738790766635444e+06
7.569461827284104660e-02 1.905899142115772702e+06
7.579474342928660402e-02 1.905060193755653687e+06
7.589486858573216144e-02 1.904221945102216443e+06
7.599499374217771885e-02 1.903384395571886096e+06
7.609511889862327627e-02 1.902547544581573689e+06
7.619524405506883369e-02 1.901711391548677348e+06
7.629536921151439111e-02 1.900875935891080648e+06
7.639549436795994852e-02 1.900041177027153317e+06
7.649561952440550594e-02 1.899207114375749137e+06
7.659574468085106336e-02 1.898373747356207110e+06
7.669586983729662077e-02 1.897541075388350990e+06
7.679599499374217819e-02 1.896709097892487887e+06
7.689612015018773561e-02 1.895877814289408736e+06
7.699624530663329303e-02 1.895047224000386661e+06
7.709637046307885044e-02 1.894217326447178610e+06
7.719649561952440786e-02 1.893388121052023023e+06
7.729662077596996528e-02 1.892559607237640768e+06
7.739674593241552270e-02 1.891731784427233972e+06
7.749687108886108011e-02 1.890904652044485323e+06
7.759699624530663753e-02 1.890078209513558773e+06
7.769712140175218107e-02 1.889252456259098835e+06
7.779724655819773849e-02 1.888427391706228722e+06
7.789737171464329590e-02 1.887603015280551976e+06
7.799749687108885332e-02 1.886779326408151304e+06
7.809762202753441074e-02 1.885956324515587650e+06
7.819774718397996816e-02 1.885134009029900655e+06
7.829787234042552557e-02 1.884312379378607031e+06
7.839799749687108299e-02 1.883491434989701957e+06
7.849812265331664041e-02 1.882671175291656982e+06
7.859824780976219782e-02 1.881851599713420495e+06
7.869837296620775524e-02 1.881032707684417488e+06
7.879849812265331266e-02 1.880214498634548159e+06
7.889862327909887008e-02 1.879396971994189080e+06
7.899874843554442749e-02 1.878580127194190864e+06
7.909887359198998491e-02 1.877763963665879332e+06
7.919899874843554233e-02 1.876948480841055047e+06
7.929912390488109974e-02 1.876133678151992150e+06
7.939924906132665716e-02 1.875319555031437427e+06
7.949937421777221458e-02 1.874506110912612174e+06
7.959949937421777200e-02 1.873693345229209401e+06
7.969962453066332941e-02 1.872881257415394764e+06
7.979974968710888683e-02 1.872069846905806102e+06
7.989987484355444425e-02 1.871259113135552034e+06
8.000000000000000167e-02 1.870449055540213361e+06
---------------
