field_vs_length
---------------
0.000000000000000000e+00 2.500000000000000000e+06
1.001251564455569429e-04 2.500000000000000000e+06
2.002503128911138858e-04 2.500000000000000000e+06
3.003754693366708422e-04 2.500000000000000000e+06
4.005006257822277716e-04 2.500000000000000000e+06
5.006257822277847009e-04 2.500000000000000000e+06
6.007509386733416844e-04 2.500000000000000000e+06
7.008760951188985596e-04 2.500000000000000000e+06
8.010012515644555431e-04 2.500000000000000000e+06
9.011264080100125267e-04 2.500000000000000000e+06
1.001251564455569402e-03 2.500000000000000000e+06
1.101376720901126385e-03 2.500000000000000000e+06
1.201501877346683369e-03 2.500000000000000000e+06
1.301627033792240352e-03 2.500000000000000000e+06
1.401752190237797119e-03 2.500000000000000000e+06
1.501877346683354103e-03 2.500000000000000000e+06
1.602002503128911086e-03 2.500000000000000000e+06
1.702127659574468070e-03 2.500000000000000000e+06
1.802252816020025053e-03 2.500000000000000000e+06
1.902377972465581820e-03 2.500000000000000000e+06
2.002503128911138804e-03 2.500000000000000000e+06
2.102628285356695787e-03 2.500000000000000000e+06
2.202753441802252771e-03 2.500000000000000000e+06
2.302878598247809754e-03 2.500000000000000000e+06
2.403003754693366738e-03 2.500000000000000000e+06
2.503128911138923721e-03 2.500000000000000000e+06
2.603254067584480705e-03 2.500000000000000000e+06
2.703379224030037255e-03 2.500000000000000000e+06
2.803504380475594238e-03 2.500000000000000000e+06
2.903629536921151222e-03 2.500000000000000000e+06
3.003754693366708205e-03 2.500000000000000000e+06
3.103879849812265189e-03 2.500000000000000000e+06
3.204005006257822172e-03 2.500000000000000000e+06
3.304130162703379156e-03 2.500000000000000000e+06
3.404255319148936140e-03 2.500000000000000000e+06
3.504380475594493123e-03 2.500000000000000000e+06
3.604505632040050107e-03 2.500000000000000000e+06
3.704630788485607090e-03 2.500000000000000000e+06
3.804755944931163640e-03 2.500000000000000000e+06
3.904881101376720624e-03 2.500000000000000000e+06
4.005006257822277607e-03 2.500000000000000000e+06
4.105131414267835024e-03 2.500000000000000000e+06
4.205256570713391574e-03 2.500000000000000000e+06
4.305381727158948124e-03 2.500000000000000000e+06
4.405506883604505541e-03 2.500000000000000000e+06
4.505632040050062091e-03 2.500000000000000000e+06
4.605757196495619508e-03 2.500000000000000000e+06
4.705882352941176058e-03 2.500000000000000000e+06
4.806007509386733476e-03 2.500000000000000000e+06
4.906132665832290025e-03 2.500000000000000000e+06
5.006257822277847443e-03 2.500000000000000000e+06
5.106382978723403993e-03 2.500000000000000000e+06
5.206508135168961410e-03 2.500000000000000000e+06
5.306633291614517960e-03 2.500000000000000000e+06
5.406758448060074509e-03 2.500000000000000000e+06
5.506883604505631927e-03 2.500000000000000000e+06
5.607008760951188477e-03 2.500000000000000000e+06
5.707133917396745894e-03 2.500000000000000000e+06
5.807259073842302444e-03 2.500000000000000000e+06
5.907384230287859861e-03 2.500000000000000000e+06
6.007509386733416411e-03 2.500000000000000000e+06
6.107634543178973828e-03 2.500000000000000000e+06
6.207759699624530378e-03 2.500000000000000000e+06
6.307884856070087795e-03 2.500000000000000000e+06
6.408010012515644345e-03 2.500000000000000000e+06
6.508135168961200895e-03 2.500000000000000000e+06
6.608260325406758312e-03 2.500000000000000000e+06
6.708385481852314862e-03 2.500000000000000000e+06
6.808510638297872279e-03 2.500000000000000000e+06
6.908635794743428829e-03 2.500000000000000000e+06
7.008760951188986246e-03 2.500000000000000000e+06
7.108886107634542796e-03 2.500000000000000000e+06
7.209011264080100213e-03 2.500000000000000000e+06
7.309136420525656763e-03 2.500000000000000000e+06
7.409261576971214180e-03 2.500000000000000000e+06
7.509386733416770730e-03 2.500000000000000000e+06
7.609511889862327280e-03 2.500000000000000000e+06
7.709637046307884697e-03 2.500000000000000000e+06
7.809762202753441247e-03 2.500000000000000000e+06
7.909887359198997797e-03 2.500000000000000000e+06
8.010012515644555214e-03 2.500000000000000000e+06
8.110137672090112632e-03 2.500000000000000000e+06
8.210262828535670049e-03 2.500000000000000000e+06
8.310387984981225731e-03 2.500000000000000000e+06
8.410513141426783149e-03 2.500000000000000000e+06
8.510638297872340566e-03 2.500000000000000000e+06
8.610763454317896248e-03 2.500000000000000000e+06
8.710888610763453666e-03 2.500000000000000000e+06
8.811013767209011083e-03 2.500000000000000000e+06
8.911138923654568500e-03 2.500000000000000000e+06
9.011264080100124182e-03 2.500000000000000000e+06
9.111389236545681600e-03 2.500000000000000000e+06
9.211514392991239017e-03 2.500000000000000000e+06
9.311639549436796434e-03 2.500000000000000000e+06
9.411764705882352117e-03 2.500000000000000000e+06
9.511889862327909534e-03 2.500000000000000000e+06
9.612015018773466951e-03 2.500000000000000000e+06
9.712140175219022634e-03 2.500000000000000000e+06
9.812265331664580051e-03 2.500000000000000000e+06
9.912390488110137468e-03 2.500000000000000000e+06
1.001251564455569489e-02 2.500000000000000000e+06
1.011264080100125057e-02 2.500000000000000000e+06
1.021276595744680799e-02 2.500000000000000000e+06
1.031289111389236540e-02 2.500000000000000000e+06
1.041301627033792282e-02 2.500000000000000000e+06
1.051314142678347850e-02 2.500000000000000000e+06
1.061326658322903592e-02 2.500000000000000000e+06
1.071339173967459334e-02 2.500000000000000000e+06
1.081351689612014902e-02 2.500000000000000000e+06
1.091364205256570644e-02 2.500000000000000000e+06
1.101376720901126385e-02 2.500000000000000000e+06
1.111389236545682127e-02 2.500000000000000000e+06
1.121401752190237695e-02 2.500000000000000000e+06
1.131414267834793437e-02 2.500000000000000000e+06
1.141426783479349179e-02 2.500000000000000000e+06
1.151439299123904920e-02 2.500000000000000000e+06
1.161451814768460489e-02 2.500000000000000000e+06
1.171464330413016230e-02 2.500000000000000000e+06
1.181476846057571972e-02 2.500000000000000000e+06
1.191489361702127540e-02 2.500000000000000000e+06
1.201501877346683282e-02 2.500000000000000000e+06
1.211514392991239024e-02 2.500000000000000000e+06
1.221526908635794766e-02 2.500000000000000000e+06
1.231539424280350334e-02 2.500000000000000000e+06
1.241551939924906076e-02 2.500000000000000000e+06
1.251564455569461817e-02 2.500000000000000000e+06
1.261576971214017559e-02 2.500000000000000000e+06
1.271589486858573127e-02 2.500000000000000000e+06
1.281602002503128869e-02 2.500000000000000000e+06
1.291614518147684611e-02 2.500000000000000000e+06
1.301627033792240179e-02 2.500000000000000000e+06
1.311639549436795921e-02 2.500000000000000000e+06
1.321652065081351662e-02 2.500000000000000000e+06
1.331664580725907404e-02 2.500000000000000000e+06
1.341677096370462972e-02 2.500000000000000000e+06
1.351689612015018714e-02 2.500000000000000000e+06
1.361702127659574456e-02 2.500000000000000000e+06
1.371714643304130198e-02 2.500000000000000000e+06
1.381727158948685766e-02 2.500000000000000000e+06
1.391739674593241508e-02 2.500000000000000000e+06
1.401752190237797249e-02 2.500000000000000000e+06
1.411764705882352818e-02 2.500000000000000000e+06
1.421777221526908559e-02 2.500000000000000000e+06
1.431789737171464301e-02 2.500000000000000000e+06
1.441802252816020043e-02 2.500000000000000000e+06
1.451814768460575611e-02 2.500000000000000000e+06
1.461827284105131353e-02 2.500000000000000000e+06
1.471839799749687094e-02 2.500000000000000000e+06
1.481852315394242836e-02 2.500000000000000000e+06
1.491864831038798404e-02 2.500000000000000000e+06
1.501877346683354146e-02 2.500000000000000000e+06
1.511889862327909888e-02 2.500000000000000000e+06
1.521902377972465456e-02 2.500000000000000000e+06
1.531914893617021198e-02 2.500000000000000000e+06
1.541927409261576939e-02 2.500000000000000000e+06
1.551939924906132681e-02 2.500000000000000000e+06
1.561952440550688249e-02 2.500000000000000000e+06
1.571964956195244165e-02 2.500000000000000000e+06
1.581977471839799559e-02 2.500000000000000000e+06
1.591989987484355301e-02 2.500000000000000000e+06
1.602002503128911043e-02 2.500000000000000000e+06
1.612015018773466785e-02 2.500000000000000000e+06
1.622027534418022526e-02 2.500000000000000000e+06
1.632040050062578268e-02 2.500000000000000000e+06
1.642052565707134010e-02 2.500000000000000000e+06
1.652065081351689405e-02 2.500000000000000000e+06
1.662077596996245146e-02 2.500000000000000000e+06
1.672090112640800888e-02 2.500000000000000000e+06
1.682102628285356630e-02 2.500000000000000000e+06
1.692115143929912371e-02 2.500000000000000000e+06
1.702127659574468113e-02 2.500000000000000000e+06
1.712140175219023855e-02 2.500000000000000000e+06
1.722152690863579250e-02 2.500000000000000000e+06
1.732165206508134991e-02 2.500000000000000000e+06
1.742177722152690733e-02 2.500000000000000000e+06
1.752190237797246475e-02 2.500000000000000000e+06
1.762202753441802217e-02 2.500000000000000000e+06
1.772215269086357958e-02 2.500000000000000000e+06
1.782227784730913700e-02 2.500000000000000000e+06
1.792240300375469442e-02 2.500000000000000000e+06
1.802252816020024836e-02 2.500000000000000000e+06
1.812265331664580578e-02 2.500000000000000000e+06
1.822277847309136320e-02 2.500000000000000000e+06
1.832290362953692062e-02 2.500000000000000000e+06
1.842302878598247803e-02 2.500000000000000000e+06
1.852315394242803545e-02 2.500000000000000000e+06
1.862327909887359287e-02 2.500000000000000000e+06
1.872340425531914682e-02 2.500000000000000000e+06
1.882352941176470423e-02 2.500000000000000000e+06
1.892365456821026165e-02 2.500000000000000000e+06
1.902377972465581907e-02 2.500000000000000000e+06
1.912390488110137649e-02 2.500000000000000000e+06
1.922403003754693390e-02 2.500000000000000000e+06
1.932415519399249132e-02 2.500000000000000000e+06
1.942428035043804527e-02 2.500000000000000000e+06
1.952440550688360268e-02 2.500000000000000000e+06
1.962453066332916010e-02 2.500000000000000000e+06
1.972465581977471752e-02 2.500000000000000000e+06
1.982478097622027494e-02 2.500000000000000000e+06
1.992490613266583235e-02 2.500000000000000000e+06
2.002503128911138977e-02 2.496000002085939515e+06
2.012515644555694719e-02 2.480099760638134554e+06
2.022528160200250114e-02 2.464357926256600767e+06
2.032540675844805855e-02 2.448772920801864937e+06
2.042553191489361597e-02 2.433343181856760755e+06
2.052565707133917339e-02 2.418067162569791544e+06
2.062578222778473080e-02 2.402943331500056665e+06
2.072590738423028822e-02 2.387970172463724390e+06
2.082603254067584564e-02 2.373146184382030740e+06
2.092615769712139959e-02 2.358469881130794995e+06
2.102628285356695700e-02 2.343939791391432751e+06
2.112640801001251442e-02 2.329554458503456786e+06
2.122653316645807184e-02 2.315312440318441950e+06
2.132665832290362926e-02 2.301212309055451304e+06
2.142678347934918667e-02 2.287252651157895103e+06
2.152690863579474409e-02 2.273432067151824478e+06
2.162703379224029804e-02 2.259749171505628154e+06
2.172715894868585546e-02 2.246202592491132207e+06
2.182728410513141287e-02 2.232790972046086099e+06
2.192740926157697029e-02 2.219512965638009366e+06
2.202753441802252771e-02 2.206367242129405029e+06
2.212765957446808512e-02 2.193352483644309454e+06
2.222778473091364254e-02 2.180467385436173528e+06
2.232790988735919996e-02 2.167710655757060274e+06
2.242803504380475391e-02 2.155081015728145838e+06
2.252816020025031132e-02 2.142577199211509433e+06
2.262828535669586874e-02 2.130197952683202457e+06
2.272841051314142616e-02 2.117942035107580014e+06
2.282853566958698358e-02 2.105808217812886462e+06
2.292866082603254099e-02 2.093795284368078224e+06
2.302878598247809841e-02 2.081902030460875714e+06
2.312891113892365236e-02 2.070127263777030632e+06
2.322903629536920977e-02 2.058469803880791645e+06
2.332916145181476719e-02 2.046928482096567750e+06
2.342928660826032461e-02 2.035502141391764861e+06
2.352941176470588203e-02 2.024189636260792846e+06
2.362953692115143944e-02 2.012989832610226003e+06
2.372966207759699686e-02 2.001901607645109994e+06
2.382978723404255081e-02 1.990923849756399402e+06
2.392991239048810823e-02 1.980055458409516606e+06
2.403003754693366564e-02 1.969295344034024049e+06
2.413016270337922306e-02 1.958642427914391505e+06
2.423028785982478048e-02 1.948095642081854399e+06
2.433041301627033789e-02 1.937653929207347566e+06
2.443053817271589531e-02 1.927316242495507700e+06
2.453066332916145273e-02 1.917081545579729835e+06
2.463078848560700668e-02 1.906948812418271322e+06
2.473091364205256409e-02 1.896917027191388421e+06
2.483103879849812151e-02 1.886985184199499898e+06
2.493116395494367893e-02 1.877152287762364838e+06
2.503128911138923635e-02 1.867417352119263494e+06
2.513141426783479376e-02 1.857779401330173016e+06
2.523153942428035118e-02 1.848237469177930150e+06
2.533166458072590513e-02 1.838790599071364384e+06
2.543178973717146255e-02 1.829437843949400354e+06
2.553191489361701996e-02 1.820178266186112072e+06
2.563204005006257738e-02 1.811010937496726401e+06
2.573216520650813480e-02 1.801934938844560413e+06
2.583229036295369221e-02 1.792949360348886112e+06
2.593241551939924963e-02 1.784053301193714608e+06
2.603254067584480358e-02 1.775245869537488557e+06
2.613266583229036100e-02 1.766526182423671940e+06
2.623279098873591841e-02 1.757893365692234598e+06
2.633291614518147583e-02 1.749346553892016411e+06
2.643304130162703325e-02 1.740884890193962725e+06
2.653316645807259067e-02 1.732507526305228239e+06
2.663329161451814808e-02 1.724213622384133283e+06
2.673341677096370203e-02 1.716002346955969930e+06
2.683354192740925945e-02 1.707872876829642802e+06
2.693366708385481686e-02 1.699824397015146911e+06
2.703379224030037428e-02 1.691856100641860859e+06
2.713391739674593170e-02 1.683967188877658453e+06
2.723404255319148912e-02 1.676156870848823804e+06
2.733416770963704653e-02 1.668424363560766447e+06
2.743429286608260395e-02 1.660768891819523880e+06
2.753441802252815790e-02 1.653189688154048286e+06
2.763454317897371532e-02 1.645685992739264853e+06
2.773466833541927273e-02 1.638257053319901461e+06
2.783479349186483015e-02 1.630902125135070877e+06
2.793491864831038757e-02 1.623620470843609422e+06
2.803504380475594499e-02 1.616411360450156964e+06
2.813516896120150240e-02 1.609274071231974289e+06
2.823529411764705635e-02 1.602207887666488066e+06
2.833541927409261377e-02 1.595212101359559689e+06
2.843554443053817118e-02 1.588286010974468663e+06
2.853566958698372860e-02 1.581428922161600552e+06
2.863579474342928602e-02 1.574640147488839924e+06
2.873591989987484344e-02 1.567919006372652482e+06
2.883604505632040085e-02 1.561264825009855907e+06
2.893617021276595480e-02 1.554676936310072429e+06
2.903629536921151222e-02 1.548154679828847758e+06
2.913642052565706964e-02 1.541697401701445691e+06
2.923654568210262705e-02 1.535304454577293247e+06
2.933667083854818447e-02 1.528975197555086343e+06
2.943679599499374189e-02 1.522708996118535055e+06
2.953692115143929930e-02 1.516505222072755452e+06
2.963704630788485672e-02 1.510363253481290769e+06
2.973717146433041067e-02 1.504282474603761919e+06
2.983729662077596809e-02 1.498262275834138505e+06
2.993742177722152550e-02 1.492302053639625199e+06
3.003754693366708292e-02 1.486401210500156274e+06
3.013767209011264034e-02 1.480559154848495033e+06
3.023779724655819776e-02 1.474775301010926254e+06
3.033792240300375517e-02 1.469049069148542825e+06
3.043804755944930912e-02 1.463379885199116310e+06
3.053817271589486654e-02 1.457767180819545640e+06
3.063829787234042396e-02 1.452210393328880891e+06
3.073842302878598137e-02 1.446708965651912615e+06
3.083854818523153879e-02 1.441262346263326239e+06
3.093867334167709621e-02 1.435869989132408984e+06
3.103879849812265362e-02 1.430531353668310214e+06
3.113892365456820757e-02 1.425245904665846610e+06
3.123904881101376499e-02 1.420013112251847517e+06
3.133917396745932588e-02 1.414832451832033927e+06
3.143929912390488329e-02 1.409703404038427398e+06
3.153942428035043377e-02 1.404625454677283298e+06
3.163954943679599119e-02 1.399598094677540008e+06
3.173967459324154861e-02 1.394620820039786864e+06
3.183979974968710602e-02 1.389693131785735954e+06
3.193992490613266344e-02 1.384814535908199381e+06
3.204005006257822086e-02 1.379984543321563397e+06
3.214017521902377827e-02 1.375202669812758686e+06
3.224030037546933569e-02 1.370468435992715415e+06
3.234042553191489311e-02 1.365781367248305352e+06
3.244055068836045053e-02 1.361140993694760604e+06
3.254067584480600794e-02 1.356546850128567545e+06
3.264080100125156536e-02 1.351998475980828516e+06
3.274092615769712278e-02 1.347495415271090344e+06
3.284105131414268020e-02 1.343037216561631532e+06
3.294117647058823761e-02 1.338623432912203716e+06
3.304130162703378809e-02 1.334253621835228056e+06
3.314142678347934551e-02 1.329927345251431223e+06
3.324155193992490293e-02 1.325644169445931679e+06
3.334167709637046034e-02 1.321403665024756920e+06
3.344180225281601776e-02 1.317205406871795421e+06
3.354192740926157518e-02 1.313048974106180714e+06
3.364205256570713259e-02 1.308933950040095020e+06
3.374217772215269001e-02 1.304859922136997338e+06
3.384230287859824743e-02 1.300826481970265275e+06
3.394242803504380485e-02 1.296833225182250375e+06
3.404255319148936226e-02 1.292879751443740213e+06
3.414267834793491968e-02 1.288965664413825143e+06
3.424280350438047710e-02 1.285090571700164350e+06
3.434292866082603451e-02 1.281254084819648648e+06
3.444305381727158499e-02 1.277455819159453735e+06
3.454317897371714241e-02 1.273695393938482273e+06
3.464330413016269983e-02 1.269972432169191074e+06
3.474342928660825724e-02 1.266286560619797092e+06
3.484355444305381466e-02 1.262637409776858985e+06
3.494367959949937208e-02 1.259024613808235852e+06
3.504380475594492950e-02 1.255447810526409419e+06
3.514392991239048691e-02 1.251906641352175735e+06
3.524405506883604433e-02 1.248400751278696582e+06
3.534418022528160175e-02 1.244929788835909916e+06
3.544430538172715917e-02 1.241493406055293977e+06
3.554443053817271658e-02 1.238091258434983203e+06
3.564455569461827400e-02 1.234723004905232228e+06
3.574468085106383142e-02 1.231388307794222143e+06
3.584480600750938883e-02 1.228086832794209011e+06
3.594493116395493931e-02 1.224818248928009067e+06
3.604505632040049673e-02 1.221582228515817085e+06
3.614518147684605415e-02 1.218378447142357472e+06
3.624530663329161156e-02 1.215206583624359686e+06
3.634543178973716898e-02 1.212066319978360552e+06
3.644555694618272640e-02 1.208957341388824861e+06
3.654568210262828382e-02 1.205879336176585872e+06
3.664580725907384123e-02 1.202831995767597342e+06
3.674593241551939865e-02 1.199815014662000816e+06
3.684605757196495607e-02 1.196828090403496753e+06
3.694618272841051348e-02 1.193870923549024155e+06
3.704630788485607090e-02 1.190943217638741015e+06
3.714643304130162832e-02 1.188044679166303016e+06
3.724655819774718574e-02 1.185175017549439799e+06
3.734668335419274315e-02 1.182333945100823417e+06
3.744680851063829363e-02 1.179521176999227609e+06
3.754693366708385105e-02 1.176736431260973448e+06
3.764705882352940847e-02 1.173979428711661138e+06
3.774718397997496588e-02 1.171249892958181445e+06
3.784730913642052330e-02 1.168547550361007918e+06
3.794743429286608072e-02 1.165872130006762221e+06
3.804755944931163814e-02 1.163223363681057701e+06
3.814768460575719555e-02 1.160600985841607675e+06
3.824780976220275297e-02 1.158004733591606608e+06
3.834793491864831039e-02 1.155434346653372515e+06
3.844806007509386780e-02 1.152889567342255497e+06
3.854818523153942522e-02 1.150370140540803550e+06
3.864831038798498264e-02 1.147875813673186582e+06
3.874843554443054006e-02 1.145406336679876084e+06
3.884856070087609053e-02 1.142961461992575787e+06
3.894868585732164795e-02 1.140540944509402383e+06
3.904881101376720537e-02 1.138144541570314905e+06
3.914893617021276279e-02 1.135772012932786020e+06
3.924906132665832020e-02 1.133423120747719426e+06
3.934918648310387762e-02 1.131097629535602638e+06
3.944931163954943504e-02 1.128795306162902853e+06
3.954943679599499246e-02 1.126515919818692375e+06
3.964956195244054987e-02 1.124259241991510848e+06
3.974968710888610729e-02 1.122025046446456807e+06
3.984981226533166471e-02 1.119813109202506486e+06
3.994993742177722212e-02 1.117623208510059863e+06
4.005006257822277954e-02 1.115455124828710686e+06
4.015018773466833696e-02 1.113308640805235598e+06
4.025031289111389438e-02 1.111183541251806077e+06
4.035043804755944485e-02 1.109079613124414347e+06
4.045056320400500227e-02 1.106996645501515362e+06
4.055068836045055969e-02 1.104934429562882520e+06
4.065081351689611711e-02 1.102892758568672463e+06
4.075093867334167452e-02 1.100871427838699427e+06
4.085106382978723194e-02 1.098870234731916105e+06
4.095118898623278936e-02 1.096888978626097552e+06
4.105131414267834677e-02 1.094927460897729732e+06
4.115143929912390419e-02 1.092985484902096447e+06
4.125156445556946161e-02 1.091062855953566032e+06
4.135168961201501903e-02 1.089159381306073396e+06
4.145181476846057644e-02 1.087274870133797172e+06
4.155193992490613386e-02 1.085409133512028959e+06
4.165206508135169128e-02 1.083561984398234170e+06
4.175219023779724176e-02 1.081733237613299862e+06
4.185231539424279917e-02 1.079922709822970210e+06
4.195244055068835659e-02 1.078130219519468024e+06
4.205256570713391401e-02 1.076355587003297405e+06
4.215269086357947143e-02 1.074598634365228936e+06
4.225281602002502884e-02 1.072859185468464857e+06
4.235294117647058626e-02 1.071137065930979094e+06
4.245306633291614368e-02 1.069432103108037263e+06
4.255319148936170109e-02 1.067744126074888045e+06
4.265331664580725851e-02 1.066072965609627543e+06
4.275344180225281593e-02 1.064418454176234780e+06
4.285356695869837335e-02 1.062780425907775993e+06
4.295369211514393076e-02 1.061158716589776333e+06
4.305381727158948818e-02 1.059553163643757114e+06
4.315394242803504560e-02 1.057963606110936962e+06
4.325406758448059608e-02 1.056389884636095259e+06
4.335419274092615349e-02 1.054831841451597633e+06
4.345431789737171091e-02 1.053289320361578371e+06
4.355444305381726833e-02 1.051762166726281634e+06
4.365456821026282574e-02 1.050250227446559817e+06
4.375469336670838316e-02 1.048753350948523730e+06
4.385481852315394058e-02 1.047271387168348068e+06
4.395494367959949800e-02 1.045804187537226826e+06
4.405506883604505541e-02 1.044351604966479354e+06
4.415519399249061283e-02 1.042913493832804379e+06
4.425531914893617025e-02 1.041489709963680943e+06
4.435544430538172767e-02 1.040080110622915090e+06
4.445556946182728508e-02 1.038684554496330908e+06
4.455569461827284250e-02 1.037302901677602204e+06
4.465581977471839992e-02 1.035935013654228300e+06
4.475594493116395040e-02 1.034580753293646965e+06
4.485607008760950781e-02 1.033239984829486813e+06
4.495619524405506523e-02 1.031912573847956723e+06
4.505632040050062265e-02 1.030598387274371227e+06
4.515644555694618006e-02 1.029297293359808275e+06
4.525657071339173748e-02 1.028009161667902488e+06
4.535669586983729490e-02 1.026733863061768003e+06
4.545682102628285232e-02 1.025471269691052847e+06
4.555694618272840973e-02 1.024221254979121150e+06
4.565707133917396715e-02 1.022983693610364338e+06
4.575719649561952457e-02 1.021758461517637479e+06
4.585732165206508198e-02 1.020545435869822162e+06
4.595744680851063940e-02 1.019344495059511391e+06
4.605757196495619682e-02 1.018155518690819386e+06
4.615769712140174730e-02 1.016978387567311176e+06
4.625782227784730471e-02 1.015812983680052916e+06
4.635794743429286213e-02 1.014659190195781644e+06
4.645807259073841955e-02 1.013516891445192741e+06
4.655819774718397697e-02 1.012385972911343211e+06
4.665832290362953438e-02 1.011266321218171972e+06
4.675844806007509180e-02 1.010157824119133293e+06
4.685857321652064922e-02 1.009060370485944208e+06
4.695869837296620664e-02 1.007973850297443452e+06
4.705882352941176405e-02 1.006898154628562159e+06
4.715894868585732147e-02 1.005833175639403285e+06
4.725907384230287889e-02 1.004778806564431405e+06
4.735919899874843630e-02 1.003734941701768665e+06
4.745932415519399372e-02 1.002701476402597968e+06
4.755944931163955114e-02 1.001678307060672436e+06
4.765957446808510162e-02 1.000665331101928372e+06
4.775969962453065903e-02 9.996624469742015935e+05
4.785982478097621645e-02 9.986695541370476130e+05
4.795994993742177387e-02 9.976865530516617000e+05
4.806007509386733129e-02 9.967133451709003421e+05
4.816020025031288870e-02 9.957498329294013092e+05
4.826032540675844612e-02 9.947959197338031372e+05
4.836045056320400354e-02 9.938515099530611187e+05
4.846057571964956096e-02 9.929165089088603854e+05
4.856070087609511837e-02 9.919908228661242174e+05
4.866082603254067579e-02 9.910743590236166492e+05
4.876095118898623321e-02 9.901670255046398379e+05
4.886107634543179062e-02 9.892687313478225842e+05
4.896120150187734804e-02 9.883793864980015205e+05
4.906132665832290546e-02 9.874989017971928697e+05
4.916145181476845594e-02 9.866271889756548917e+05
4.926157697121401335e-02 9.857641606430375250e+05
4.936170212765957077e-02 9.849097302796224831e+05
4.946182728410512819e-02 9.840638122276491486e+05
4.956195244055068561e-02 9.832263216827271972e+05
4.966207759699624302e-02 9.823971746853345539e+05
4.976220275344180044e-02 9.815762881124013802e+05
4.986232790988735786e-02 9.807635796689755516e+05
4.996245306633291527e-02 9.799589678799733520e+05
5.006257822277847269e-02 9.791623720820114249e+05
5.016270337922403011e-02 9.783737124153198674e+05
5.026282853566958753e-02 9.775929098157361150e+05
5.036295369211514494e-02 9.768198860067790374e+05
5.046307884856070236e-02 9.760545634918013820e+05
5.056320400500625284e-02 9.752968655462209135e+05
5.066332916145181026e-02 9.745467162098280387e+05
5.076345431789736767e-02 9.738040402791713132e+05
5.086357947434292509e-02 9.730687633000180358e+05
5.096370463078848251e-02 9.723408115598900476e+05
5.106382978723403993e-02 9.716201120806738036e+05
5.116395494367959734e-02 9.709065926113046007e+05
5.126408010012515476e-02 9.702001816205231007e+05
5.136420525657071218e-02 9.695008082897040294e+05
5.146433041301626959e-02 9.688084025057569379e+05
5.156445556946182701e-02 9.681228948540969286e+05
5.166458072590738443e-02 9.674442166116859298e+05
5.176470588235294185e-02 9.667722997401431203e+05
5.186483103879849926e-02 9.661070768789239228e+05
5.196495619524405668e-02 9.654484813385669840e+05
5.206508135168960716e-02 9.647964470940085594e+05
5.216520650813516458e-02 9.641509087779634865e+05
5.226533166458072199e-02 9.635118016743715852e+05
5.236545682102627941e-02 9.628790617119106464e+05
5.246558197747183683e-02 9.622526254575721687e+05
5.256570713391739424e-02 9.616324301103031030e+05
5.266583229036295166e-02 9.610184134947090643e+05
5.276595744680850908e-02 9.604105140548220370e+05
5.286608260325406650e-02 9.598086708479283843e+05
5.296620775969962391e-02 9.592128235384599539e+05
5.306633291614518133e-02 9.586229123919454869e+05
5.316645807259073875e-02 9.580388782690211665e+05
5.326658322903629617e-02 9.574606626195028657e+05
5.336670838548185358e-02 9.568882074765161378e+05
5.346683354192740406e-02 9.563214554506845307e+05
5.356695869837296148e-02 9.557603497243768070e+05
5.366708385481851890e-02 9.552048340460102772e+05
5.376720901126407631e-02 9.546548527244123397e+05
5.386733416770963373e-02 9.541103506232365035e+05
5.396745932415519115e-02 9.535712731554355705e+05
5.406758448060074856e-02 9.530375662777887192e+05
5.416770963704630598e-02 9.525091764854837675e+05
5.426783479349186340e-02 9.519860508067535702e+05
5.436795994993742082e-02 9.514681367975650355e+05
5.446808510638297823e-02 9.509553825363618089e+05
5.456821026282853565e-02 9.504477366188589949e+05
5.466833541927409307e-02 9.499451481528898003e+05
5.476846057571965048e-02 9.494475667533037486e+05
5.486858573216520790e-02 9.489549425369149540e+05
5.496871088861075838e-02 9.484672261175021995e+05
5.506883604505631580e-02 9.479843686008565128e+05
5.516896120150187321e-02 9.475063215798810124e+05
5.526908635794743063e-02 9.470330371297369711e+05
5.536921151439298805e-02 9.465644678030395880e+05
5.546933667083854547e-02 9.461005666251014918e+05
5.556946182728410288e-02 9.456412870892232750e+05
5.566958698372966030e-02 9.451865831520310603e+05
5.576971214017521772e-02 9.447364092288608663e+05
5.586983729662077514e-02 9.442907201891886070e+05
5.596996245306633255e-02 9.438494713521052618e+05
5.607008760951188997e-02 9.434126184818384936e+05
5.617021276595744739e-02 9.429801177833168767e+05
5.627033792240300480e-02 9.425519258977801073e+05
5.637046307884856222e-02 9.421279998984320555e+05
5.647058823529411270e-02 9.417082972861371236e+05
5.657071339173967012e-02 9.412927759851599112e+05
5.667083854818522753e-02 9.408813943389467895e+05
5.677096370463078495e-02 9.404741111059502000e+05
5.687108886107634237e-02 9.400708854554935824e+05
5.697121401752189979e-02 9.396716769636784447e+05
5.707133917396745720e-02 9.392764456093317131e+05
5.717146433041301462e-02 9.388851517699934775e+05
5.727158948685857204e-02 9.384977562179450179e+05
5.737171464330412946e-02 9.381142201162758283e+05
5.747183979974968687e-02 9.377345050149904564e+05
5.757196495619524429e-02 9.373585728471536422e+05
5.767209011264080171e-02 9.369863859250742244e+05
5.777221526908635912e-02 9.366179069365267642e+05
5.787234042553190960e-02 9.362530989410111215e+05
5.797246558197746702e-02 9.358919253660487011e+05
5.807259073842302444e-02 9.355343500035168836e+05
5.817271589486858185e-02 9.351803370060179150e+05
5.827284105131413927e-02 9.348298508832863299e+05
5.837296620775969669e-02 9.344828564986300189e+05
5.847309136420525411e-02 9.341393190654084319e+05
5.857321652065081152e-02 9.337992041435448918e+05
5.867334167709636894e-02 9.334624776360739488e+05
5.877346683354192636e-02 9.331291057857230771e+05
5.887359198998748377e-02 9.327990551715285983e+05
5.897371714643304119e-02 9.324722927054850152e+05
5.907384230287859861e-02 9.321487856292279903e+05
5.917396745932415603e-02 9.318285015107502695e+05
5.927409261576971344e-02 9.315114082411504351e+05
5.937421777221526392e-02 9.311974740314137889e+05
5.947434292866082134e-02 9.308866674092253670e+05
5.957446808510637876e-02 9.305789572158149676e+05
5.967459324155193617e-02 9.302743126028337283e+05
5.977471839799749359e-02 9.299727030292608542e+05
5.987484355444305101e-02 9.296740982583424775e+05
5.997496871088860843e-02 9.293784683545599692e+05
6.007509386733416584e-02 9.290857836806291016e+05
6.017521902377972326e-02 9.287960148945287801e+05
6.027534418022528068e-02 9.285091329465593444e+05
6.037546933667083809e-02 9.282251090764306718e+05
6.047559449311639551e-02 9.279439148103784537e+05
6.057571964956195293e-02 9.276655219583100406e+05
6.067584480600751035e-02 9.273899026109781116e+05
6.077596996245306776e-02 9.271170291371828644e+05
6.087609511889861824e-02 9.268468741810019128e+05
6.097622027534417566e-02 9.265794106590477750e+05
6.107634543178973308e-02 9.263146117577527184e+05
6.117647058823529049e-02 9.260524509306808468e+05
6.127659574468084791e-02 9.257929018958666129e+05
6.137672090112640533e-02 9.255359386331799906e+05
6.147684605757196274e-02 9.252815353817180730e+05
6.157697121401752016e-02 9.250296666372223990e+05
6.167709637046307758e-02 9.247803071495220065e+05
6.177722152690863500e-02 9.245334319200025639e+05
6.187734668335419241e-02 9.242890161990993656e+05
6.197747183979974983e-02 9.240470354838169878e+05
6.207759699624530725e-02 9.238074655152725754e+05
6.217772215269086467e-02 9.235702822762635769e+05
6.227784730913641514e-02 9.233354619888602756e+05
6.237797246558197256e-02 9.231029811120219529e+05
6.247809762202752998e-02 9.228728163392366841e+05
6.257822277847309433e-02 9.226449445961854653e+05
6.267834793491865175e-02 9.224193430384279927e+05
6.277847309136420917e-02 9.221959890491132392e+05
6.287859824780976659e-02 9.219748602367120329e+05
6.297872340425532400e-02 9.217559344327716390e+05
6.307884856070086754e-02 9.215391896896942053e+05
6.317897371714642496e-02 9.213246042785359314e+05
6.327909887359198238e-02 9.211121566868289374e+05
6.337922403003753979e-02 9.209018256164243212e+05
6.347934918648309721e-02 9.206935899813574506e+05
6.357947434292865463e-02 9.204874289057337446e+05
6.367959949937421205e-02 9.202833217216358753e+05
6.377972465581976946e-02 9.200812479670519242e+05
6.387984981226532688e-02 9.198811873838237952e+05
6.397997496871088430e-02 9.196831199156166986e+05
6.408010012515644171e-02 9.194870257059077267e+05
6.418022528160199913e-02 9.192928850959964329e+05
6.428035043804755655e-02 9.191006786230326397e+05
6.438047559449311397e-02 9.189103870180663653e+05
6.448060075093867138e-02 9.187219912041153293e+05
6.458072590738422880e-02 9.185354722942531807e+05
6.468085106382978622e-02 9.183508115897153039e+05
6.478097622027534364e-02 9.181679905780246481e+05
6.488110137672090105e-02 9.179869909311358351e+05
6.498122653316645847e-02 9.178077945035977755e+05
6.508135168961201589e-02 9.176303833307343302e+05
6.518147684605757330e-02 9.174547396268435987e+05
6.528160200250313072e-02 9.172808457834145520e+05
6.538172715894868814e-02 9.171086843673622934e+05
6.548185231539424556e-02 9.169382381192797329e+05
6.558197747183980297e-02 9.167694899517076556e+05
6.568210262828536039e-02 9.166024229474219028e+05
6.578222778473091781e-02 9.164370203577366192e+05
6.588235294117647523e-02 9.162732656008263584e+05
6.598247809762201876e-02 9.161111422600623919e+05
6.608260325406757618e-02 9.159506340823681094e+05
6.618272841051313360e-02 9.157917249765888555e+05
6.628285356695869102e-02 9.156343990118789952e+05
6.638297872340424843e-02 9.154786404161049286e+05
6.648310387984980585e-02 9.153244335742640542e+05
6.658322903629536327e-02 9.151717630269186338e+05
6.668335419274092069e-02 9.150206134686470032e+05
6.678347934918647810e-02 9.148709697465081699e+05
6.688360450563203552e-02 9.147228168585236417e+05
6.698372966207759294e-02 9.145761399521725252e+05
6.708385481852315035e-02 9.144309243229032727e+05
6.718397997496870777e-02 9.142871554126593983e+05
6.728410513141426519e-02 9.141448188084196299e+05
6.738423028785982261e-02 9.140039002407533117e+05
6.748435544430538002e-02 9.138643855823900085e+05
6.758448060075093744e-02 9.137262608468026156e+05
6.768460575719649486e-02 9.135895121868060669e+05
6.778473091364205227e-02 9.134541258931685006e+05
6.788485607008760969e-02 9.133200883932367433e+05
6.798498122653316711e-02 9.131873862495765788e+05
6.808510638297872453e-02 9.130560061586243100e+05
6.818523153942428194e-02 9.129259349493543850e+05
6.828535669586983936e-02 9.127971595819579670e+05
6.838548185231539678e-02 9.126696671465360560e+05
6.848560700876095420e-02 9.125434448618055321e+05
6.858573216520651161e-02 9.124184800738173071e+05
6.868585732165206903e-02 9.122947602546879789e+05
6.878598247809762645e-02 9.121722730013440596e+05
6.888610763454316999e-02 9.120510060342783108e+05
6.898623279098872740e-02 9.119309471963186515e+05
6.908635794743428482e-02 9.118120844514097553e+05
6.918648310387984224e-02 9.116944058834061725e+05
6.928660826032539966e-02 9.115778996948774438e+05
6.938673341677095707e-02 9.114625542059261352e+05
6.948685857321651449e-02 9.113483578530160012e+05
6.958698372966207191e-02 9.112352991878134198e+05
6.968710888610762932e-02 9.111233668760395376e+05
6.978723404255318674e-02 9.110125496963338228e+05
6.988735919899874416e-02 9.109028365391290281e+05
6.998748435544430158e-02 9.107942164055379108e+05
7.008760951188985899e-02 9.106866784062499646e+05
7.018773466833541641e-02 9.105802117604401428e+05
7.028785982478097383e-02 9.104748057946882909e+05
7.038798498122653124e-02 9.103704499419083586e+05
7.048811013767208866e-02 9.102671337402898353e+05
7.058823529411764608e-02 9.101648468322483823e+05
7.068836045056320350e-02 9.100635789633877575e+05
7.078848560700876091e-02 9.099633199814718682e+05
7.088861076345431833e-02 9.098640598354067188e+05
7.098873591989987575e-02 9.097657885742327198e+05
7.108886107634543317e-02 9.096684963461278239e+05
7.118898623279099058e-02 9.095721733974186936e+05
7.128911138923654800e-02 9.094768100716039771e+05
7.138923654568210542e-02 9.093823968083856162e+05
7.148936170212766283e-02 9.092889241427105153e+05
7.158948685857322025e-02 9.091963827038217569e+05
7.168961201501877767e-02 9.091047632143191295e+05
7.178973717146432121e-02 9.090140564892292023e+05
7.188986232790987863e-02 9.089242534350841306e+05
7.198998748435543604e-02 9.088353450490103569e+05
7.209011264080099346e-02 9.087473224178259261e+05
7.219023779724655088e-02 9.086601767171471147e+05
7.229036295369210829e-02 9.085738992105034413e+05
7.239048811013766571e-02 9.084884812484621070e+05
7.249061326658322313e-02 9.084039142677607015e+05
7.259073842302878055e-02 9.083201897904491052e+05
7.269086357947433796e-02 9.082372994230388431e+05
7.279098873591989538e-02 9.081552348556622164e+05
7.289111389236545280e-02 9.080739878612392349e+05
7.299123904881101021e-02 9.079935502946524648e+05
7.309136420525656763e-02 9.079139140919306083e+05
7.319148936170212505e-02 9.078350712694403483e+05
7.329161451814768247e-02 9.077570139230856439e+05
7.339173967459323988e-02 9.076797342275156407e+05
7.349186483103879730e-02 9.076032244353396818e+05
7.359198998748435472e-02 9.075274768763510510e+05
7.369211514392991214e-02 9.074524839567581657e+05
7.379224030037546955e-02 9.073782381584226387e+05
7.389236545682102697e-02 9.073047320381061872e+05
7.399249061326658439e-02 9.072319582267242949e+05
7.409261576971214180e-02 9.071599094286070904e+05
7.419274092615769922e-02 9.070885784207683755e+05
7.429286608260325664e-02 9.070179580521815224e+05
7.439299123904881406e-02 9.069480412430622382e+05
7.449311639549437147e-02 9.068788209841590142e+05
7.459324155193992889e-02 9.068102903360503260e+05
7.469336670838548631e-02 9.067424424284492852e+05
7.479349186483102985e-02 9.066752704595143441e+05
7.489361702127658726e-02 9.066087676951679168e+05
7.499374217772214468e-02 9.065429274684208212e+05
7.509386733416770210e-02 9.064777431787044043e+05
7.519399249061325952e-02 9.064132082912083715e+05
7.529411764705881693e-02 9.063493163362259511e+05
7.539424280350437435e-02 9.062860609085049946e+05
7.549436795994993177e-02 9.062234356666064123e+05
7.559449311639548919e-02 9.061614343322677305e+05
7.569461827284104660e-02 9.061000506897740997e+05
7.579474342928660402e-02 9.060392785853351234e+05
7.589486858573216144e-02 9.059791119264680892e+05
7.599499374217771885e-02 9.059195446813865565e+05
7.609511889862327627e-02 9.058605708783965092e+05
7.619524405506883369e-02 9.058021846052971669e+05
7.629536921151439111e-02 9.057443800087880809e+05
7.639549436795994852e-02 9.056871512938832166e+05
7.649561952440550594e-02 9.056304927233287599e+05
7.659574468085106336e-02 9.055743986170293065e+05
7.669586983729662077e-02 9.055188633514771936e+05
7.679599499374217819e-02 9.054638813591893995e+05
7.689612015018773561e-02 9.054094471281494480e+05
7.699624530663329303e-02 9.053555552012545522e+05
7.709637046307885044e-02 9.053022001757685794e+05
7.719649561952440786e-02 9.052493767027803697e+05
7.729662077596996528e-02 9.051970794866677606e+05
7.739674593241552270e-02 9.051453032845666166e+05
7.749687108886108011e-02 9.050940429058449809e+05
7.759699624530663753e-02 9.050432932115826989e+05
7.769712140175218107e-02 9.049930491140567465e+05
7.779724655819773849e-02 9.049433055762306321e+05
7.789737171464329590e-02 9.048940576112496201e+05
7.799749687108885332e-02 9.048453002819409594e+05
7.809762202753441074e-02 9.047970287003186531e+05
7.819774718397996816e-02 9.047492380270934664e+05
7.829787234042552557e-02 9.047019234711879399e+05
7.839799749687108299e-02 9.046550802892560605e+05
7.849812265331664041e-02 9.046087037852075882e+05
7.859824780976219782e-02 9.045627893097373890e+05
7.869837296620775524e-02 9.045173322598593077e+05
7.879849812265331266e-02 9.044723280784445815e+05
7.889862327909887008e-02 9.044277722537652589e+05
7.899874843554442749e-02 9.043836603190418100e+05
7.909887359198998491e-02 9.043399878519949270e+05
7.919899874843554233e-02 9.042967504744026810e+05
7.929912390488109974e-02 9.042539438516617520e+05
7.939924906132665716e-02 9.042115636923519196e+05
7.949937421777221458e-02 9.041696057478069561e+05
7.959949937421777200e-02 9.041280658116881968e+05
7.969962453066332941e-02 9.040869397195625352e+05
7.979974968710888683e-02 9.040462233484856552e+05
7.989987484355444425e-02 9.040059126165880589e+05
8.000000000000000167e-02 9.039660034826662159e+05
---------------
