field_vs_length
---------------
0.000000000000000000e+00 1.800000000000000000e+06
1.001251564455569429e-04 1.800000000000000000e+06
2.002503128911138858e-04 1.800000000000000000e+06
3.003754693366708422e-04 1.800000000000000000e+06
4.005006257822277716e-04 1.800000000000000000e+06
5.006257822277847009e-04 1.800000000000000000e+06
6.007509386733416844e-04 1.800000000000000000e+06
7.008760951188985596e-04 1.800000000000000000e+06
8.010012515644555431e-04 1.800000000000000000e+06
9.011264080100125267e-04 1.800000000000000000e+06
1.001251564455569402e-03 1.800000000000000000e+06
1.101376720901126385e-03 1.800000000000000000e+06
1.201501877346683369e-03 1.800000000000000000e+06
1.301627033792240352e-03 1.800000000000000000e+06
1.401752190237797119e-03 1.800000000000000000e+06
1.501877346683354103e-03 1.800000000000000000e+06
1.602002503128911086e-03 1.800000000000000000e+06
1.702127659574468070e-03 1.800000000000000000e+06
1.802252816020025053e-03 1.800000000000000000e+06
1.902377972465581820e-03 1.800000000000000000e+06
2.002503128911138804e-03 1.800000000000000000e+06
2.102628285356695787e-03 1.800000000000000000e+06
2.202753441802252771e-03 1.800000000000000000e+06
2.302878598247809754e-03 1.800000000000000000e+06
2.403003754693366738e-03 1.800000000000000000e+06
2.503128911138923721e-03 1.800000000000000000e+06
2.603254067584480705e-03 1.800000000000000000e+06
2.703379224030037255e-03 1.800000000000000000e+06
2.803504380475594238e-03 1.800000000000000000e+06
2.903629536921151222e-03 1.800000000000000000e+06
3.003754693366708205e-03 1.800000000000000000e+06
3.103879849812265189e-03 1.800000000000000000e+06
3.204005006257822172e-03 1.800000000000000000e+06
3.304130162703379156e-03 1.800000000000000000e+06
3.404255319148936140e-03 1.800000000000000000e+06
3.504380475594493123e-03 1.800000000000000000e+06
3.604505632040050107e-03 1.800000000000000000e+06
3.704630788485607090e-03 1.800000000000000000e+06
3.804755944931163640e-03 1.800000000000000000e+06
3.904881101376720624e-03 1.800000000000000000e+06
4.005006257822277607e-03 1.800000000000000000e+06
4.105131414267835024e-03 1.800000000000000000e+06
4.205256570713391574e-03 1.800000000000000000e+06
4.305381727158948124e-03 1.800000000000000000e+06
4.405506883604505541e-03 1.800000000000000000e+06
4.505632040050062091e-03 1.800000000000000000e+06
4.605757196495619508e-03 1.800000000000000000e+06
4.705882352941176058e-03 1.800000000000000000e+06
4.806007509386733476e-03 1.800000000000000000e+06
4.906132665832290025e-03 1.800000000000000000e+06
5.006257822277847443e-03 1.800000000000000000e+06
5.106382978723403993e-03 1.800000000000000000e+06
5.206508135168961410e-03 1.800000000000000000e+06
5.306633291614517960e-03 1.800000000000000000e+06
5.406758448060074509e-03 1.800000000000000000e+06
5.506883604505631927e-03 1.800000000000000000e+06
5.607008760951188477e-03 1.800000000000000000e+06
5.707133917396745894e-03 1.800000000000000000e+06
5.807259073842302444e-03 1.800000000000000000e+06
5.907384230287859861e-03 1.800000000000000000e+06
6.007509386733416411e-03 1.800000000000000000e+06
6.107634543178973828e-03 1.800000000000000000e+06
6.207759699624530378e-03 1.800000000000000000e+06
6.307884856070087795e-03 1.800000000000000000e+06
6.408010012515644345e-03 1.800000000000000000e+06
6.508135168961200895e-03 1.800000000000000000e+06
6.608260325406758312e-03 1.800000000000000000e+06
6.708385481852314862e-03 1.800000000000000000e+06
6.808510638297872279e-03 1.800000000000000000e+06
6.908635794743428829e-03 1.800000000000000000e+06
7.008760951188986246e-03 1.800000000000000000e+06
7.108886107634542796e-03 1.800000000000000000e+06
7.209011264080100213e-03 1.800000000000000000e+06
7.309136420525656763e-03 1.800000000000000000e+06
7.409261576971214180e-03 1.800000000000000000e+06
7.509386733416770730e-03 1.800000000000000000e+06
7.609511889862327280e-03 1.800000000000000000e+06
7.709637046307884697e-03 1.800000000000000000e+06
7.809762202753441247e-03 1.800000000000000000e+06
7.909887359198997797e-03 1.800000000000000000e+06
8.010012515644555214e-03 1.800000000000000000e+06
8.110137672090112632e-03 1.800000000000000000e+06
8.210262828535670049e-03 1.800000000000000000e+06
8.310387984981225731e-03 1.800000000000000000e+06
8.410513141426783149e-03 1.800000000000000000e+06
8.510638297872340566e-03 1.800000000000000000e+06
8.610763454317896248e-03 1.800000000000000000e+06
8.710888610763453666e-03 1.800000000000000000e+06
8.811013767209011083e-03 1.800000000000000000e+06
8.911138923654568500e-03 1.800000000000000000e+06
9.011264080100124182e-03 1.800000000000000000e+06
9.111389236545681600e-03 1.800000000000000000e+06
9.211514392991239017e-03 1.800000000000000000e+06
9.311639549436796434e-03 1.800000000000000000e+06
9.411764705882352117e-03 1.800000000000000000e+06
9.511889862327909534e-03 1.800000000000000000e+06
9.612015018773466951e-03 1.800000000000000000e+06
9.712140175219022634e-03 1.800000000000000000e+06
9.812265331664580051e-03 1.800000000000000000e+06
9.912390488110137468e-03 1.800000000000000000e+06
1.001251564455569489e-02 1.800000000000000000e+06
1.011264080100125057e-02 1.800000000000000000e+06
1.021276595744680799e-02 1.800000000000000000e+06
1.031289111389236540e-02 1.800000000000000000e+06
1.041301627033792282e-02 1.800000000000000000e+06
1.051314142678347850e-02 1.800000000000000000e+06
1.061326658322903592e-02 1.800000000000000000e+06
1.071339173967459334e-02 1.800000000000000000e+06
1.081351689612014902e-02 1.800000000000000000e+06
1.091364205256570644e-02 1.800000000000000000e+06
1.101376720901126385e-02 1.800000000000000000e+06
1.111389236545682127e-02 1.800000000000000000e+06
1.121401752190237695e-02 1.800000000000000000e+06
1.131414267834793437e-02 1.800000000000000000e+06
1.141426783479349179e-02 1.800000000000000000e+06
1.151439299123904920e-02 1.800000000000000000e+06
1.161451814768460489e-02 1.800000000000000000e+06
1.171464330413016230e-02 1.800000000000000000e+06
1.181476846057571972e-02 1.800000000000000000e+06
1.191489361702127540e-02 1.800000000000000000e+06
1.201501877346683282e-02 1.800000000000000000e+06
1.211514392991239024e-02 1.800000000000000000e+06
1.221526908635794766e-02 1.800000000000000000e+06
1.231539424280350334e-02 1.800000000000000000e+06
1.241551939924906076e-02 1.800000000000000000e+06
1.251564455569461817e-02 1.800000000000000000e+06
1.261576971214017559e-02 1.800000000000000000e+06
1.271589486858573127e-02 1.800000000000000000e+06
1.281602002503128869e-02 1.800000000000000000e+06
1.291614518147684611e-02 1.800000000000000000e+06
1.301627033792240179e-02 1.800000000000000000e+06
1.311639549436795921e-02 1.800000000000000000e+06
1.321652065081351662e-02 1.800000000000000000e+06
1.331664580725907404e-02 1.800000000000000000e+06
1.341677096370462972e-02 1.800000000000000000e+06
1.351689612015018714e-02 1.800000000000000000e+06
1.361702127659574456e-02 1.800000000000000000e+06
1.371714643304130198e-02 1.800000000000000000e+06
1.381727158948685766e-02 1.800000000000000000e+06
1.391739674593241508e-02 1.800000000000000000e+06
1.401752190237797249e-02 1.800000000000000000e+06
1.411764705882352818e-02 1.800000000000000000e+06
1.421777221526908559e-02 1.800000000000000000e+06
1.431789737171464301e-02 1.800000000000000000e+06
1.441802252816020043e-02 1.800000000000000000e+06
1.451814768460575611e-02 1.800000000000000000e+06
1.461827284105131353e-02 1.800000000000000000e+06
1.471839799749687094e-02 1.800000000000000000e+06
1.481852315394242836e-02 1.800000000000000000e+06
1.491864831038798404e-02 1.800000000000000000e+06
1.501877346683354146e-02 1.800000000000000000e+06
1.511889862327909888e-02 1.800000000000000000e+06
1.521902377972465456e-02 1.800000000000000000e+06
1.531914893617021198e-02 1.800000000000000000e+06
1.541927409261576939e-02 1.800000000000000000e+06
1.551939924906132681e-02 1.800000000000000000e+06
1.561952440550688249e-02 1.800000000000000000e+06
1.571964956195244165e-02 1.800000000000000000e+06
1.581977471839799559e-02 1.800000000000000000e+06
1.591989987484355301e-02 1.800000000000000000e+06
1.602002503128911043e-02 1.800000000000000000e+06
1.612015018773466785e-02 1.800000000000000000e+06
1.622027534418022526e-02 1.800000000000000000e+06
1.632040050062578268e-02 1.800000000000000000e+06
1.642052565707134010e-02 1.800000000000000000e+06
1.652065081351689405e-02 1.800000000000000000e+06
1.662077596996245146e-02 1.800000000000000000e+06
1.672090112640800888e-02 1.800000000000000000e+06
1.682102628285356630e-02 1.800000000000000000e+06
1.692115143929912371e-02 1.800000000000000000e+06
1.702127659574468113e-02 1.800000000000000000e+06
1.712140175219023855e-02 1.800000000000000000e+06
1.722152690863579250e-02 1.800000000000000000e+06
1.732165206508134991e-02 1.800000000000000000e+06
1.742177722152690733e-02 1.800000000000000000e+06
1.752190237797246475e-02 1.800000000000000000e+06
1.762202753441802217e-02 1.800000000000000000e+06
1.772215269086357958e-02 1.800000000000000000e+06
1.782227784730913700e-02 1.800000000000000000e+06
1.792240300375469442e-02 1.800000000000000000e+06
1.802252816020024836e-02 1.800000000000000000e+06
1.812265331664580578e-02 1.800000000000000000e+06
1.822277847309136320e-02 1.800000000000000000e+06
1.832290362953692062e-02 1.800000000000000000e+06
1.842302878598247803e-02 1.800000000000000000e+06
1.852315394242803545e-02 1.800000000000000000e+06
1.862327909887359287e-02 1.800000000000000000e+06
1.872340425531914682e-02 1.800000000000000000e+06
1.882352941176470423e-02 1.800000000000000000e+06
1.892365456821026165e-02 1.800000000000000000e+06
1.902377972465581907e-02 1.800000000000000000e+06
1.912390488110137649e-02 1.800000000000000000e+06
1.922403003754693390e-02 1.800000000000000000e+06
1.932415519399249132e-02 1.800000000000000000e+06
1.942428035043804527e-02 1.800000000000000000e+06
1.952440550688360268e-02 1.800000000000000000e+06
1.962453066332916010e-02 1.800000000000000000e+06
1.972465581977471752e-02 1.800000000000000000e+06
1.982478097622027494e-02 1.800000000000000000e+06
1.992490613266583235e-02 1.800000000000000000e+06
2.002503128911138977e-02 1.797498958479035646e+06
2.012515644555694719e-02 1.787536424313115655e+06
2.022528160200250114e-02 1.777640168715501204e+06
2.032540675844805855e-02 1.767809750749323983e+06
2.042553191489361597e-02 1.758044732411172241e+06
2.052565707133917339e-02 1.748344678611575859e+06
2.062578222778473080e-02 1.738709157155619934e+06
2.072590738423028822e-02 1.729137738723688060e+06
2.082603254067584564e-02 1.719629996852333657e+06
2.092615769712139959e-02 1.710185507915279362e+06
2.102628285356695700e-02 1.700803851104538888e+06
2.112640801001251442e-02 1.691484608411672059e+06
2.122653316645807184e-02 1.682227364609156735e+06
2.132665832290362926e-02 1.673031707231888780e+06
2.142678347934918667e-02 1.663897226558805443e+06
2.152690863579474409e-02 1.654823515594627941e+06
2.162703379224029804e-02 1.645810170051728841e+06
2.172715894868585546e-02 1.636856788332117489e+06
2.182728410513141287e-02 1.627962971509548137e+06
2.192740926157697029e-02 1.619128323311743792e+06
2.202753441802252771e-02 1.610352450102740666e+06
2.212765957446808512e-02 1.601634960865349509e+06
2.222778473091364254e-02 1.592975467183732428e+06
2.232790988735919996e-02 1.584373583226098446e+06
2.242803504380475391e-02 1.575828925727511058e+06
2.252816020025031132e-02 1.567341113972810796e+06
2.262828535669586874e-02 1.558909769779654918e+06
2.272841051314142616e-02 1.550534517481663963e+06
2.282853566958698358e-02 1.542214983911686111e+06
2.292866082603254099e-02 1.533950798385167960e+06
2.302878598247809841e-02 1.525741592683641240e+06
2.312891113892365236e-02 1.517587001038313843e+06
2.322903629536920977e-02 1.509486660113773309e+06
2.332916145181476719e-02 1.501440208991799504e+06
2.342928660826032461e-02 1.493447289155282313e+06
2.352941176470588203e-02 1.485507544472247362e+06
2.362953692115143944e-02 1.477620621179989073e+06
2.372966207759699686e-02 1.469786167869307799e+06
2.382978723404255081e-02 1.462003835468853358e+06
2.392991239048810823e-02 1.454273277229569852e+06
2.403003754693366564e-02 1.446594148709248286e+06
2.413016270337922306e-02 1.438966107757178368e+06
2.423028785982478048e-02 1.431388814498904161e+06
2.433041301627033789e-02 1.423861931321079843e+06
2.443053817271589531e-02 1.416385122856428148e+06
2.453066332916145273e-02 1.408958055968796602e+06
2.463078848560700668e-02 1.401580399738315959e+06
2.473091364205256409e-02 1.394251825446653645e+06
2.483103879849812151e-02 1.386972006562368479e+06
2.493116395494367893e-02 1.379740618726362940e+06
2.503128911138923635e-02 1.372557339737429051e+06
2.513141426783479376e-02 1.365421849537892966e+06
2.523153942428035118e-02 1.358333830199355492e+06
2.533166458072590513e-02 1.351292965908525744e+06
2.543178973717146255e-02 1.344298942953148857e+06
2.553191489361701996e-02 1.337351449708030559e+06
2.563204005006257738e-02 1.330450176621149760e+06
2.573216520650813480e-02 1.323594816199868917e+06
2.583229036295369221e-02 1.316785062997230794e+06
2.593241551939924963e-02 1.310020613598350435e+06
2.603254067584480358e-02 1.303301166606897023e+06
2.613266583229036100e-02 1.296626422631661873e+06
2.623279098873591841e-02 1.289996084273222368e+06
2.633291614518147583e-02 1.283409856110688997e+06
2.643304130162703325e-02 1.276867444688542746e+06
2.653316645807259067e-02 1.270368558503560722e+06
2.663329161451814808e-02 1.263912907991826534e+06
2.673341677096370203e-02 1.257500205515830778e+06
2.683354192740925945e-02 1.251130165351652075e+06
2.693366708385481686e-02 1.244802503676229622e+06
2.703379224030037428e-02 1.238516938554714201e+06
2.713391739674593170e-02 1.232273189927908592e+06
2.723404255319148912e-02 1.226070979599788319e+06
2.733416770963704653e-02 1.219910031225105980e+06
2.743429286608260395e-02 1.213790070297079161e+06
2.753441802252815790e-02 1.207710824135159142e+06
2.763454317897371532e-02 1.201672021872880869e+06
2.773466833541927273e-02 1.195673394445796497e+06
2.783479349186483015e-02 1.189714674579483690e+06
2.793491864831038757e-02 1.183795596777639352e+06
2.803504380475594499e-02 1.177915897310248576e+06
2.813516896120150240e-02 1.172075314201836241e+06
2.823529411764705635e-02 1.166273587219791953e+06
2.833541927409261377e-02 1.160510457862775773e+06
2.843554443053817118e-02 1.154785669349202421e+06
2.853566958698372860e-02 1.149098966605796246e+06
2.863579474342928602e-02 1.143450096256230492e+06
2.873591989987484344e-02 1.137838806609835243e+06
2.883604505632040085e-02 1.132264847650383133e+06
2.893617021276595480e-02 1.126727971024951432e+06
2.903629536921151222e-02 1.121227930032853968e+06
2.913642052565706964e-02 1.115764479614651296e+06
2.923654568210262705e-02 1.110337376341231167e+06
2.933667083854818447e-02 1.104946378402961418e+06
2.943679599499374189e-02 1.099591245598917129e+06
2.953692115143929930e-02 1.094271739326177863e+06
2.963704630788485672e-02 1.088987622569195926e+06
2.973717146433041067e-02 1.083738659889237490e+06
2.983729662077596809e-02 1.078524617413889384e+06
2.993742177722152550e-02 1.073345262826642720e+06
3.003754693366708292e-02 1.068200365356537979e+06
3.013767209011264034e-02 1.063089695767886005e+06
3.023779724655819776e-02 1.058013026350051863e+06
3.033792240300375517e-02 1.052970130907309707e+06
3.043804755944930912e-02 1.047960784748765407e+06
3.053817271589486654e-02 1.042984764678343316e+06
3.063829787234042396e-02 1.038041848984843120e+06
3.073842302878598137e-02 1.033131817432061071e+06
3.083854818523153879e-02 1.028254451248976518e+06
3.093867334167709621e-02 1.023409533120004693e+06
3.103879849812265362e-02 1.018596847175314440e+06
3.113892365456820757e-02 1.013816178981209290e+06
3.123904881101376499e-02 1.009067315530573018e+06
3.133917396745932588e-02 1.004350045233379933e+06
3.143929912390488329e-02 9.996641579072665190e+05
3.153942428035043377e-02 9.950094447681668680e+05
3.163954943679599119e-02 9.903856984210091177e+05
3.173967459324154861e-02 9.857927128504763823e+05
3.183979974968710602e-02 9.812302834118268220e+05
3.193992490613266344e-02 9.766982068217750639e+05
3.204005006257822086e-02 9.721962811494352063e+05
3.214017521902377827e-02 9.677243058073237771e+05
3.224030037546933569e-02 9.632820815424220636e+05
3.234042553191489311e-02 9.588694104272978147e+05
3.244055068836045053e-02 9.544860958512873622e+05
3.254067584480600794e-02 9.501319425117347855e+05
3.264080100125156536e-02 9.458067564052898670e+05
3.274092615769712278e-02 9.415103448192648357e+05
3.284105131414268020e-02 9.372425163230472244e+05
3.294117647058823761e-02 9.330030807595704682e+05
3.304130162703378809e-02 9.287918492368423613e+05
3.314142678347934551e-02 9.246086341195265995e+05
3.324155193992490293e-02 9.204532490205849754e+05
3.334167709637046034e-02 9.163255087929710280e+05
3.344180225281601776e-02 9.122252295213817852e+05
3.354192740926157518e-02 9.081522285140622407e+05
3.364205256570713259e-02 9.041063242946660612e+05
3.374217772215269001e-02 9.000873365941692609e+05
3.384230287859824743e-02 8.960950863428384764e+05
3.394242803504380485e-02 8.921293956622524420e+05
3.404255319148936226e-02 8.881900878573760856e+05
3.414267834793491968e-02 8.842769874086875934e+05
3.424280350438047710e-02 8.803899199643589091e+05
3.434292866082603451e-02 8.765287123324864078e+05
3.444305381727158499e-02 8.726931924733743072e+05
3.454317897371714241e-02 8.688831894918692997e+05
3.464330413016269983e-02 8.650985336297465255e+05
3.474342928660825724e-02 8.613390562581456034e+05
3.484355444305381466e-02 8.576045898700575344e+05
3.494367959949937208e-02 8.538949680728600360e+05
3.504380475594492950e-02 8.502100255809054943e+05
3.514392991239048691e-02 8.465495982081552502e+05
3.524405506883604433e-02 8.429135228608648758e+05
3.534418022528160175e-02 8.393016375303168315e+05
3.544430538172715917e-02 8.357137812856022501e+05
3.554443053817271658e-02 8.321497942664508009e+05
3.564455569461827400e-02 8.286095176761075854e+05
3.574468085106383142e-02 8.250927937742574140e+05
3.584480600750938883e-02 8.215994658699978609e+05
3.594493116395493931e-02 8.181293783148565562e+05
3.604505632040049673e-02 8.146823764958558604e+05
3.614518147684605415e-02 8.112583068286257330e+05
3.624530663329161156e-02 8.078570167505586287e+05
3.634543178973716898e-02 8.044783547140129376e+05
3.644555694618272640e-02 8.011221701795607805e+05
3.654568210262828382e-02 7.977883136092801578e+05
3.664580725907384123e-02 7.944766364600916859e+05
3.674593241551939865e-02 7.911869911771418992e+05
3.684605757196495607e-02 7.879192311872266000e+05
3.694618272841051348e-02 7.846732108922612388e+05
3.704630788485607090e-02 7.814487856627942529e+05
3.714643304130162832e-02 7.782458118315618485e+05
3.724655819774718574e-02 7.750641466870869044e+05
3.734668335419274315e-02 7.719036484673214145e+05
3.744680851063829363e-02 7.687641763533288613e+05
3.754693366708385105e-02 7.656455904630101286e+05
3.764705882352940847e-02 7.625477518448722549e+05
3.774718397997496588e-02 7.594705224718351383e+05
3.784730913642052330e-02 7.564137652350836433e+05
3.794743429286608072e-02 7.533773439379569609e+05
3.804755944931163814e-02 7.503611232898815069e+05
3.814768460575719555e-02 7.473649689003420062e+05
3.824780976220275297e-02 7.443887472728944849e+05
3.834793491864831039e-02 7.414323257992173312e+05
3.844806007509386780e-02 7.384955727532031015e+05
3.854818523153942522e-02 7.355783572850899072e+05
3.864831038798498264e-02 7.326805494156304048e+05
3.874843554443054006e-02 7.298020200303007150e+05
3.884856070087609053e-02 7.269426408735485747e+05
3.894868585732164795e-02 7.241022845430767629e+05
3.904881101376720537e-02 7.212808244841685519e+05
3.914893617021276279e-02 7.184781349840480834e+05
3.924906132665832020e-02 7.156940911662790459e+05
3.934918648310387762e-02 7.129285689852009527e+05
3.944931163954943504e-02 7.101814452204019763e+05
3.954943679599499246e-02 7.074525974712288007e+05
3.964956195244054987e-02 7.047419041513329139e+05
3.974968710888610729e-02 7.020492444832536858e+05
3.984981226533166471e-02 6.993744984930360224e+05
3.994993742177722212e-02 6.967175470048859715e+05
4.005006257822277954e-02 6.940782716358597390e+05
4.015018773466833696e-02 6.914565547905894928e+05
4.025031289111389438e-02 6.888522796560442075e+05
4.035043804755944485e-02 6.862653301963238046e+05
4.045056320400500227e-02 6.836955911474901950e+05
4.055068836045055969e-02 6.811429480124311522e+05
4.065081351689611711e-02 6.786072870557582937e+05
4.075093867334167452e-02 6.760884952987408033e+05
4.085106382978723194e-02 6.735864605142702349e+05
4.095118898623278936e-02 6.711010712218603585e+05
4.105131414267834677e-02 6.686322166826809989e+05
4.115143929912390419e-02 6.661797868946228409e+05
4.125156445556946161e-02 6.637436725873965770e+05
4.135168961201501903e-02 6.613237652176647680e+05
4.145181476846057644e-02 6.589199569642046699e+05
4.155193992490613386e-02 6.565321407231047051e+05
4.165206508135169128e-02 6.541602101029924816e+05
4.175219023779724176e-02 6.518040594202943612e+05
4.185231539424279917e-02 6.494635836945255287e+05
4.195244055068835659e-02 6.471386786436147522e+05
4.205256570713391401e-02 6.448292406792559195e+05
4.215269086357947143e-02 6.425351669022933347e+05
4.225281602002502884e-02 6.402563550981373992e+05
4.235294117647058626e-02 6.379927037322095130e+05
4.245306633291614368e-02 6.357441119454186410e+05
4.255319148936170109e-02 6.335104795496673323e+05
4.265331664580725851e-02 6.312917070233875420e+05
4.275344180225281593e-02 6.290876955071064876e+05
4.285356695869837335e-02 6.268983467990423087e+05
4.295369211514393076e-02 6.247235633507280145e+05
4.305381727158948818e-02 6.225632482626648853e+05
4.315394242803504560e-02 6.204173052800060250e+05
4.325406758448059608e-02 6.182856387882670388e+05
4.335419274092615349e-02 6.161681538090651156e+05
4.345431789737171091e-02 6.140647559958887286e+05
4.355444305381726833e-02 6.119753516298928298e+05
4.365456821026282574e-02 6.098998476157234982e+05
4.375469336670838316e-02 6.078381514773697127e+05
4.385481852315394058e-02 6.057901713540432975e+05
4.395494367959949800e-02 6.037558159960859921e+05
4.405506883604505541e-02 6.017349947609036462e+05
4.415519399249061283e-02 5.997276176089273067e+05
4.425531914893617025e-02 5.977335950996016618e+05
4.435544430538172767e-02 5.957528383874002611e+05
4.445556946182728508e-02 5.937852592178662308e+05
4.455569461827284250e-02 5.918307699236803455e+05
4.465581977471839992e-02 5.898892834207552951e+05
4.475594493116395040e-02 5.879607132043549791e+05
4.485607008760950781e-02 5.860449733452401124e+05
4.495619524405506523e-02 5.841419784858407220e+05
4.505632040050062265e-02 5.822516438364514615e+05
4.515644555694618006e-02 5.803738851714545162e+05
4.525657071339173748e-02 5.785086188255671877e+05
4.535669586983729490e-02 5.766557616901131114e+05
4.545682102628285232e-02 5.748152312093200162e+05
4.555694618272840973e-02 5.729869453766415827e+05
4.565707133917396715e-02 5.711708227311024675e+05
4.575719649561952457e-02 5.693667823536699871e+05
4.585732165206508198e-02 5.675747438636479201e+05
4.595744680851063940e-02 5.657946274150953395e+05
4.605757196495619682e-02 5.640263536932689603e+05
4.615769712140174730e-02 5.622698439110892359e+05
4.625782227784730471e-02 5.605250198056297377e+05
4.635794743429286213e-02 5.587918036346302833e+05
4.645807259073841955e-02 5.570701181730332319e+05
4.655819774718397697e-02 5.553598867095421301e+05
4.665832290362953438e-02 5.536610330432042247e+05
4.675844806007509180e-02 5.519734814800149761e+05
4.685857321652064922e-02 5.502971568295457400e+05
4.695869837296620664e-02 5.486319844015931012e+05
4.705882352941176405e-02 5.469778900028516073e+05
4.715894868585732147e-02 5.453347999336075736e+05
4.725907384230287889e-02 5.437026409844552400e+05
4.735919899874843630e-02 5.420813404330355115e+05
4.745932415519399372e-02 5.404708260407948401e+05
4.755944931163955114e-02 5.388710260497673880e+05
4.765957446808510162e-02 5.372818691793772159e+05
4.775969962453065903e-02 5.357032846232624725e+05
4.785982478097621645e-02 5.341352020461207721e+05
4.795994993742177387e-02 5.325775515805750620e+05
4.806007509386733129e-02 5.310302638240607921e+05
4.816020025031288870e-02 5.294932698357333429e+05
4.826032540675844612e-02 5.279665011333969887e+05
4.836045056320400354e-02 5.264498896904524881e+05
4.846057571964956096e-02 5.249433679328672588e+05
4.856070087609511837e-02 5.234468687361635966e+05
4.866082603254067579e-02 5.219603254224287812e+05
4.876095118898623321e-02 5.204836717573433416e+05
4.886107634543179062e-02 5.190168419472303940e+05
4.896120150187734804e-02 5.175597706361242454e+05
4.906132665832290546e-02 5.161123929028578568e+05
4.916145181476845594e-02 5.146746442581709125e+05
4.926157697121401335e-02 5.132464606418356998e+05
4.936170212765957077e-02 5.118277784198035952e+05
4.946182728410512819e-02 5.104185343813692452e+05
4.956195244055068561e-02 5.090186657363543636e+05
4.966207759699624302e-02 5.076281101123100962e+05
4.976220275344180044e-02 5.062468055517377798e+05
4.986232790988735786e-02 5.048746905093287351e+05
4.996245306633291527e-02 5.035117038492214633e+05
5.006257822277847269e-02 5.021577848422782263e+05
5.016270337922403011e-02 5.008128731633788557e+05
5.026282853566958753e-02 4.994769088887334219e+05
5.036295369211514494e-02 4.981498324932115502e+05
5.046307884856070236e-02 4.968315848476906540e+05
5.056320400500625284e-02 4.955221072164215147e+05
5.066332916145181026e-02 4.942213412544106250e+05
5.076345431789736767e-02 4.929292290048213908e+05
5.086357947434292509e-02 4.916457128963912255e+05
5.096370463078848251e-02 4.903707357408668031e+05
5.106382978723403993e-02 4.891042407304556109e+05
5.116395494367959734e-02 4.878461714352949057e+05
5.126408010012515476e-02 4.865964718009377248e+05
5.136420525657071218e-02 4.853550861458551371e+05
5.146433041301626959e-02 4.841219591589551419e+05
5.156445556946182701e-02 4.828970358971184469e+05
5.166458072590738443e-02 4.816802617827502545e+05
5.176470588235294185e-02 4.804715826013487531e+05
5.186483103879849926e-02 4.792709444990894990e+05
5.196495619524405668e-02 4.780782939804253401e+05
5.206508135168960716e-02 4.768935779057040927e+05
5.216520650813516458e-02 4.757167434887991985e+05
5.226533166458072199e-02 4.745477382947592414e+05
5.236545682102627941e-02 4.733865102374710259e+05
5.246558197747183683e-02 4.722330075773390708e+05
5.256570713391739424e-02 4.710871789189798292e+05
5.266583229036295166e-02 4.699489732089322060e+05
5.276595744680850908e-02 4.688183397333825706e+05
5.286608260325406650e-02 4.676952281159054837e+05
5.296620775969962391e-02 4.665795883152184542e+05
5.306633291614518133e-02 4.654713706229532254e+05
5.316645807259073875e-02 4.643705256614401005e+05
5.326658322903629617e-02 4.632770043815084500e+05
5.336670838548185358e-02 4.621907580603009555e+05
5.346683354192740406e-02 4.611117382991029881e+05
5.356695869837296148e-02 4.600398970211859560e+05
5.366708385481851890e-02 4.589751864696652628e+05
5.376720901126407631e-02 4.579175592053724104e+05
5.386733416770963373e-02 4.568669681047414197e+05
5.396745932415519115e-02 4.558233663577091647e+05
5.406758448060074856e-02 4.547867074656294426e+05
5.416770963704630598e-02 4.537569452392016537e+05
5.426783479349186340e-02 4.527340337964125210e+05
5.436795994993742082e-02 4.517179275604916038e+05
5.446808510638297823e-02 4.507085812578810728e+05
5.456821026282853565e-02 4.497059499162179418e+05
5.466833541927409307e-02 4.487099888623306761e+05
5.476846057571965048e-02 4.477206537202486070e+05
5.486858573216520790e-02 4.467379004092247924e+05
5.496871088861075838e-02 4.457616851417718572e+05
5.506883604505631580e-02 4.447919644217108143e+05
5.516896120150187321e-02 4.438286950422335649e+05
5.526908635794743063e-02 4.428718340839772718e+05
5.536921151439298805e-02 4.419213389131125296e+05
5.546933667083854547e-02 4.409771671794432914e+05
5.556946182728410288e-02 4.400392768145202426e+05
5.566958698372966030e-02 4.391076260297661647e+05
5.576971214017521772e-02 4.381821733146142215e+05
5.586983729662077514e-02 4.372628774346584105e+05
5.596996245306633255e-02 4.363496974298160058e+05
5.607008760951188997e-02 4.354425926125030965e+05
5.617021276595744739e-02 4.345415225658211857e+05
5.627033792240300480e-02 4.336464471417565946e+05
5.637046307884856222e-02 4.327573264593917411e+05
5.647058823529411270e-02 4.318741209031279432e+05
5.657071339173967012e-02 4.309967911209205631e+05
5.667083854818522753e-02 4.301252980225256761e+05
5.677096370463078495e-02 4.292596027777579147e+05
5.687108886107634237e-02 4.283996668147609453e+05
5.697121401752189979e-02 4.275454518182884203e+05
5.707133917396745720e-02 4.266969197279970394e+05
5.717146433041301462e-02 4.258540327367505524e+05
5.727158948685857204e-02 4.250167532889356371e+05
5.737171464330412946e-02 4.241850440787881380e+05
5.747183979974968687e-02 4.233588680487307720e+05
5.757196495619524429e-02 4.225381883877225919e+05
5.767209011264080171e-02 4.217229685296182288e+05
5.777221526908635912e-02 4.209131721515391255e+05
5.787234042553190960e-02 4.201087631722548977e+05
5.797246558197746702e-02 4.193097057505754055e+05
5.807259073842302444e-02 4.185159642837544670e+05
5.817271589486858185e-02 4.177275034059031168e+05
5.827284105131413927e-02 4.169442879864139250e+05
5.837296620775969669e-02 4.161662831283957348e+05
5.847309136420525411e-02 4.153934541671188199e+05
5.857321652065081152e-02 4.146257666684703436e+05
5.867334167709636894e-02 4.138631864274201216e+05
5.877346683354192636e-02 4.131056794664965128e+05
5.887359198998748377e-02 4.123532120342727285e+05
5.897371714643304119e-02 4.116057506038626889e+05
5.907384230287859861e-02 4.108632618714274140e+05
5.917396745932415603e-02 4.101257127546913107e+05
5.927409261576971344e-02 4.093930703914677724e+05
5.937421777221526392e-02 4.086653021381951403e+05
5.947434292866082134e-02 4.079423755684822681e+05
5.957446808510637876e-02 4.072242584716638667e+05
5.967459324155193617e-02 4.065109188513649278e+05
5.977471839799749359e-02 4.058023249240756268e+05
5.987484355444305101e-02 4.050984451177347801e+05
5.997496871088860843e-02 4.043992480703231995e+05
6.007509386733416584e-02 4.037047026284663589e+05
6.017521902377972326e-02 4.030147778460464906e+05
6.027534418022528068e-02 4.023294429828233551e+05
6.037546933667083809e-02 4.016486675030651968e+05
6.047559449311639551e-02 4.009724210741874995e+05
6.057571964956195293e-02 4.003006735654019285e+05
6.067584480600751035e-02 3.996333950463737710e+05
6.077596996245306776e-02 3.989705557858882239e+05
6.087609511889861824e-02 3.983121262505258783e+05
6.097622027534417566e-02 3.976580771033465862e+05
6.107634543178973308e-02 3.970083792025825242e+05
6.117647058823529049e-02 3.963630036003398127e+05
6.127659574468084791e-02 3.957219215413085185e+05
6.137672090112640533e-02 3.950851044614813291e+05
6.147684605757196274e-02 3.944525239868813660e+05
6.157697121401752016e-02 3.938241519322975073e+05
6.167709637046307758e-02 3.931999603000286152e+05
6.177722152690863500e-02 3.925799212786362041e+05
6.187734668335419241e-02 3.919640072417053743e+05
6.197747183979974983e-02 3.913521907466134289e+05
6.207759699624530725e-02 3.907444445333078038e+05
6.217772215269086467e-02 3.901407415230908664e+05
6.227784730913641514e-02 3.895410548174137948e+05
6.237797246558197256e-02 3.889453576966778492e+05
6.247809762202752998e-02 3.883536236190440832e+05
6.257822277847309433e-02 3.877658262192505063e+05
6.267834793491865175e-02 3.871819393074375112e+05
6.277847309136420917e-02 3.866019368679808686e+05
6.287859824780976659e-02 3.860257930583328707e+05
6.297872340425532400e-02 3.854534822078702273e+05
6.307884856070086754e-02 3.848849788167511579e+05
6.317897371714642496e-02 3.843202575547783053e+05
6.327909887359198238e-02 3.837592932602709625e+05
6.337922403003753979e-02 3.832020609389434685e+05
6.347934918648309721e-02 3.826485357627916965e+05
6.357947434292865463e-02 3.820986930689868750e+05
6.367959949937421205e-02 3.815525083587765112e+05
6.377972465581976946e-02 3.810099572963931714e+05
6.387984981226532688e-02 3.804710157079697819e+05
6.397997496871088430e-02 3.799356595804628450e+05
6.408010012515644171e-02 3.794038650605824660e+05
6.418022528160199913e-02 3.788756084537294228e+05
6.428035043804755655e-02 3.783508662229393958e+05
6.438047559449311397e-02 3.778296149878345313e+05
6.448060075093867138e-02 3.773118315235814080e+05
6.458072590738422880e-02 3.767974927598563954e+05
6.468085106382978622e-02 3.762865757798177656e+05
6.478097622027534364e-02 3.757790578190844972e+05
6.488110137672090105e-02 3.752749162647220073e+05
6.498122653316645847e-02 3.747741286542346352e+05
6.508135168961201589e-02 3.742766726745647611e+05
6.518147684605757330e-02 3.737825261610989110e+05
6.528160200250313072e-02 3.732916670966796228e+05
6.538172715894868814e-02 3.728040736106250552e+05
6.548185231539424556e-02 3.723197239777540672e+05
6.558197747183980297e-02 3.718385966174185160e+05
6.568210262828536039e-02 3.713606700925414916e+05
6.578222778473091781e-02 3.708859231086624786e+05
6.588235294117647523e-02 3.704143345129882218e+05
6.598247809762201876e-02 3.699458832934504026e+05
6.608260325406757618e-02 3.694805485777693684e+05
6.618272841051313360e-02 3.690183096325243823e+05
6.628285356695869102e-02 3.685591458622293430e+05
6.638297872340424843e-02 3.681030368084156653e+05
6.648310387984980585e-02 3.676499621487205150e+05
6.658322903629536327e-02 3.671999016959811561e+05
6.668335419274092069e-02 3.667528353973357007e+05
6.678347934918647810e-02 3.663087433333295630e+05
6.688360450563203552e-02 3.658676057170279673e+05
6.698372966207759294e-02 3.654294028931343346e+05
6.708385481852315035e-02 3.649941153371144901e+05
6.718397997496870777e-02 3.645617236543266918e+05
6.728410513141426519e-02 3.641322085791574791e+05
6.738423028785982261e-02 3.637055509741634596e+05
6.748435544430538002e-02 3.632817318292182754e+05
6.758448060075093744e-02 3.628607322606659727e+05
6.768460575719649486e-02 3.624425335104793776e+05
6.778473091364205227e-02 3.620271169454244082e+05
6.788485607008760969e-02 3.616144640562298009e+05
6.798498122653316711e-02 3.612045564567624242e+05
6.808510638297872453e-02 3.607973758832081221e+05
6.818523153942428194e-02 3.603929041932578548e+05
6.828535669586983936e-02 3.599911233652994852e+05
6.838548185231539678e-02 3.595920154976147460e+05
6.848560700876095420e-02 3.591955628075814457e+05
6.858573216520651161e-02 3.588017476308815531e+05
6.868585732165206903e-02 3.584105524207135895e+05
6.878598247809762645e-02 3.580219597470113658e+05
6.888610763454316999e-02 3.576359522956671426e+05
6.898623279098872740e-02 3.572525128677598550e+05
6.908635794743428482e-02 3.568716243787894491e+05
6.918648310387984224e-02 3.564932698579151765e+05
6.928660826032539966e-02 3.561174324471995933e+05
6.938673341677095707e-02 3.557440954008575063e+05
6.948685857321651449e-02 3.553732420845096931e+05
6.958698372966207191e-02 3.550048559744418599e+05
6.968710888610762932e-02 3.546389206568684313e+05
6.978723404255318674e-02 3.542754198272011708e+05
6.988735919899874416e-02 3.539143372893225751e+05
6.998748435544430158e-02 3.535556569548645057e+05
7.008760951188985899e-02 3.531993628424913040e+05
7.018773466833541641e-02 3.528454390771874459e+05
7.028785982478097383e-02 3.524938698895505513e+05
7.038798498122653124e-02 3.521446396150887012e+05
7.048811013767208866e-02 3.517977326935222372e+05
7.058823529411764608e-02 3.514531336680908571e+05
7.068836045056320350e-02 3.511108271848645527e+05
7.078848560700876091e-02 3.507707979920597281e+05
7.088861076345431833e-02 3.504330309393596835e+05
7.098873591989987575e-02 3.500975109772392316e+05
7.108886107634543317e-02 3.497642231562946108e+05
7.118898623279099058e-02 3.494331526265771245e+05
7.128911138923654800e-02 3.491042846369314939e+05
7.138923654568210542e-02 3.487776045343386941e+05
7.148936170212766283e-02 3.484530977632631548e+05
7.158948685857322025e-02 3.481307498650038615e+05
7.168961201501877767e-02 3.478105464770505787e+05
7.178973717146432121e-02 3.474924733324437984e+05
7.188986232790987863e-02 3.471765162591386470e+05
7.198998748435543604e-02 3.468626611793740885e+05
7.209011264080099346e-02 3.465508941090452718e+05
7.219023779724655088e-02 3.462412011570805334e+05
7.229036295369210829e-02 3.459335685248224763e+05
7.239048811013766571e-02 3.456279825054132380e+05
7.249061326658322313e-02 3.453244294831834850e+05
7.259073842302878055e-02 3.450228959330461803e+05
7.269086357947433796e-02 3.447233684198937262e+05
7.279098873591989538e-02 3.444258335979992407e+05
7.289111389236545280e-02 3.441302782104221405e+05
7.299123904881101021e-02 3.438366890884174500e+05
7.309136420525656763e-02 3.435450531508487184e+05
7.319148936170212505e-02 3.432553574036057689e+05
7.329161451814768247e-02 3.429675889390251832e+05
7.339173967459323988e-02 3.426817349353155587e+05
7.349186483103879730e-02 3.423977826559859677e+05
7.359198998748435472e-02 3.421157194492786075e+05
7.369211514392991214e-02 3.418355327476051170e+05
7.379224030037546955e-02 3.415572100669864449e+05
7.389236545682102697e-02 3.412807390064969659e+05
7.399249061326658439e-02 3.410061072477113921e+05
7.409261576971214180e-02 3.407333025541564566e+05
7.419274092615769922e-02 3.404623127707653912e+05
7.429286608260325664e-02 3.401931258233364788e+05
7.439299123904881406e-02 3.399257297179950983e+05
7.449311639549437147e-02 3.396601125406590872e+05
7.459324155193992889e-02 3.393962624565081787e+05
7.469336670838548631e-02 3.391341677094566403e+05
7.479349186483102985e-02 3.388738166216293466e+05
7.489361702127658726e-02 3.386151975928414613e+05
7.499374217772214468e-02 3.383582991000817856e+05
7.509386733416770210e-02 3.381031096969991922e+05
7.519399249061325952e-02 3.378496180133924354e+05
7.529411764705881693e-02 3.375978127547040349e+05
7.539424280350437435e-02 3.373476827015165472e+05
7.549436795994993177e-02 3.370992167090528528e+05
7.559449311639548919e-02 3.368524037066797609e+05
7.569461827284104660e-02 3.366072326974144089e+05
7.579474342928660402e-02 3.363636927574346191e+05
7.589486858573216144e-02 3.361217730355919339e+05
7.599499374217771885e-02 3.358814627529282589e+05
7.609511889862327627e-02 3.356427512021954753e+05
7.619524405506883369e-02 3.354056277473785449e+05
7.629536921151439111e-02 3.351700818232215242e+05
7.639549436795994852e-02 3.349361029347567819e+05
7.649561952440550594e-02 3.347036806568374159e+05
7.659574468085106336e-02 3.344728046336726984e+05
7.669586983729662077e-02 3.342434645783668384e+05
7.679599499374217819e-02 3.340156502724604215e+05
7.689612015018773561e-02 3.337893515654753428e+05
7.699624530663329303e-02 3.335645583744621836e+05
7.709637046307885044e-02 3.333412606835514307e+05
7.719649561952440786e-02 3.331194485435069073e+05
7.729662077596996528e-02 3.328991120712824049e+05
7.739674593241552270e-02 3.326802414495816338e+05
7.749687108886108011e-02 3.324628269264205010e+05
7.759699624530663753e-02 3.322468588146928814e+05
7.769712140175218107e-02 3.320323274917387753e+05
7.779724655819773849e-02 3.318192233989155502e+05
7.789737171464329590e-02 3.316075370411722688e+05
7.799749687108885332e-02 3.313972589866265189e+05
7.809762202753441074e-02 3.311883798661440378e+05
7.819774718397996816e-02 3.309808903729214799e+05
7.829787234042552557e-02 3.307747812620715122e+05
7.839799749687108299e-02 3.305700433502111118e+05
7.849812265331664041e-02 3.303666675150523079e+05
7.859824780976219782e-02 3.301646446949956589e+05
7.869837296620775524e-02 3.299639658887265832e+05
7.879849812265331266e-02 3.297646221548143658e+05
7.889862327909887008e-02 3.295666046113135526e+05
7.899874843554442749e-02 3.293699044353684294e+05
7.909887359198998491e-02 3.291745128628197708e+05
7.919899874843554233e-02 3.289804211878144415e+05
7.929912390488109974e-02 3.287876207624174422e+05
7.939924906132665716e-02 3.285961029962265166e+05
7.949937421777221458e-02 3.284058593559895526e+05
7.959949937421777200e-02 3.282168813652243698e+05
7.969962453066332941e-02 3.280291606038408354e+05
7.979974968710888683e-02 3.278426887077658903e+05
7.989987484355444425e-02 3.276574573685708456e+05
8.000000000000000167e-02 3.274734583331012400e+05
---------------
