field_vs_length
---------------
0.000000000000000000e+00 1.800000000000000000e+06
1.001251564455569429e-04 1.800000000000000000e+06
2.002503128911138858e-04 1.800000000000000000e+06
3.003754693366708422e-04 1.800000000000000000e+06
4.005006257822277716e-04 1.800000000000000000e+06
5.006257822277847009e-04 1.800000000000000000e+06
6.007509386733416844e-04 1.800000000000000000e+06
7.008760951188985596e-04 1.800000000000000000e+06
8.010012515644555431e-04 1.800000000000000000e+06
9.011264080100125267e-04 1.800000000000000000e+06
1.001251564455569402e-03 1.800000000000000000e+06
1.101376720901126385e-03 1.800000000000000000e+06
1.201501877346683369e-03 1.800000000000000000e+06
1.301627033792240352e-03 1.800000000000000000e+06
1.401752190237797119e-03 1.800000000000000000e+06
1.501877346683354103e-03 1.800000000000000000e+06
1.602002503128911086e-03 1.800000000000000000e+06
1.702127659574468070e-03 1.800000000000000000e+06
1.802252816020025053e-03 1.800000000000000000e+06
1.902377972465581820e-03 1.800000000000000000e+06
2.002503128911138804e-03 1.800000000000000000e+06
2.102628285356695787e-03 1.800000000000000000e+06
2.202753441802252771e-03 1.800000000000000000e+06
2.302878598247809754e-03 1.800000000000000000e+06
2.403003754693366738e-03 1.800000000000000000e+06
2.503128911138923721e-03 1.800000000000000000e+06
2.603254067584480705e-03 1.800000000000000000e+06
2.703379224030037255e-03 1.800000000000000000e+06
2.803504380475594238e-03 1.800000000000000000e+06
2.903629536921151222e-03 1.800000000000000000e+06
3.003754693366708205e-03 1.800000000000000000e+06
3.103879849812265189e-03 1.800000000000000000e+06
3.204005006257822172e-03 1.800000000000000000e+06
3.304130162703379156e-03 1.800000000000000000e+06
3.404255319148936140e-03 1.800000000000000000e+06
3.504380475594493123e-03 1.800000000000000000e+06
3.604505632040050107e-03 1.800000000000000000e+06
3.704630788485607090e-03 1.800000000000000000e+06
3.804755944931163640e-03 1.800000000000000000e+06
3.904881101376720624e-03 1.800000000000000000e+06
4.005006257822277607e-03 1.800000000000000000e+06
4.105131414267835024e-03 1.800000000000000000e+06
4.205256570713391574e-03 1.800000000000000000e+06
4.305381727158948124e-03 1.800000000000000000e+06
4.405506883604505541e-03 1.800000000000000000e+06
4.505632040050062091e-03 1.800000000000000000e+06
4.605757196495619508e-03 1.800000000000000000e+06
4.705882352941176058e-03 1.800000000000000000e+06
4.806007509386733476e-03 1.800000000000000000e+06
4.906132665832290025e-03 1.800000000000000000e+06
5.006257822277847443e-03 1.800000000000000000e+06
5.106382978723403993e-03 1.800000000000000000e+06
5.206508135168961410e-03 1.800000000000000000e+06
5.306633291614517960e-03 1.800000000000000000e+06
5.406758448060074509e-03 1.800000000000000000e+06
5.506883604505631927e-03 1.800000000000000000e+06
5.607008760951188477e-03 1.800000000000000000e+06
5.707133917396745894e-03 1.800000000000000000e+06
5.807259073842302444e-03 1.800000000000000000e+06
5.907384230287859861e-03 1.800000000000000000e+06
6.007509386733416411e-03 1.800000000000000000e+06
6.107634543178973828e-03 1.800000000000000000e+06
6.207759699624530378e-03 1.800000000000000000e+06
6.307884856070087795e-03 1.800000000000000000e+06
6.408010012515644345e-03 1.800000000000000000e+06
6.508135168961200895e-03 1.800000000000000000e+06
6.608260325406758312e-03 1.800000000000000000e+06
6.708385481852314862e-03 1.800000000000000000e+06
6.808510638297872279e-03 1.800000000000000000e+06
6.908635794743428829e-03 1.800000000000000000e+06
7.008760951188986246e-03 1.800000000000000000e+06
7.108886107634542796e-03 1.800000000000000000e+06
7.209011264080100213e-03 1.800000000000000000e+06
7.309136420525656763e-03 1.800000000000000000e+06
7.409261576971214180e-03 1.800000000000000000e+06
7.509386733416770730e-03 1.800000000000000000e+06
7.609511889862327280e-03 1.800000000000000000e+06
7.709637046307884697e-03 1.800000000000000000e+06
7.809762202753441247e-03 1.800000000000000000e+06
7.909887359198997797e-03 1.800000000000000000e+06
8.010012515644555214e-03 1.800000000000000000e+06
8.110137672090112632e-03 1.800000000000000000e+06
8.210262828535670049e-03 1.800000000000000000e+06
8.310387984981225731e-03 1.800000000000000000e+06
8.410513141426783149e-03 1.800000000000000000e+06
8.510638297872340566e-03 1.800000000000000000e+06
8.610763454317896248e-03 1.800000000000000000e+06
8.710888610763453666e-03 1.800000000000000000e+06
8.811013767209011083e-03 1.800000000000000000e+06
8.911138923654568500e-03 1.800000000000000000e+06
9.011264080100124182e-03 1.800000000000000000e+06
9.111389236545681600e-03 1.800000000000000000e+06
9.211514392991239017e-03 1.800000000000000000e+06
9.311639549436796434e-03 1.800000000000000000e+06
9.411764705882352117e-03 1.800000000000000000e+06
9.511889862327909534e-03 1.800000000000000000e+06
9.612015018773466951e-03 1.800000000000000000e+06
9.712140175219022634e-03 1.800000000000000000e+06
9.812265331664580051e-03 1.800000000000000000e+06
9.912390488110137468e-03 1.800000000000000000e+06
1.001251564455569489e-02 1.800000000000000000e+06
1.011264080100125057e-02 1.800000000000000000e+06
1.021276595744680799e-02 1.800000000000000000e+06
1.031289111389236540e-02 1.800000000000000000e+06
1.041301627033792282e-02 1.800000000000000000e+06
1.051314142678347850e-02 1.800000000000000000e+06
1.061326658322903592e-02 1.800000000000000000e+06
1.071339173967459334e-02 1.800000000000000000e+06
1.081351689612014902e-02 1.800000000000000000e+06
1.091364205256570644e-02 1.800000000000000000e+06
1.101376720901126385e-02 1.800000000000000000e+06
1.111389236545682127e-02 1.800000000000000000e+06
1.121401752190237695e-02 1.800000000000000000e+06
1.131414267834793437e-02 1.800000000000000000e+06
1.141426783479349179e-02 1.800000000000000000e+06
1.151439299123904920e-02 1.800000000000000000e+06
1.161451814768460489e-02 1.800000000000000000e+06
1.171464330413016230e-02 1.800000000000000000e+06
1.181476846057571972e-02 1.800000000000000000e+06
1.191489361702127540e-02 1.800000000000000000e+06
1.201501877346683282e-02 1.800000000000000000e+06
1.211514392991239024e-02 1.800000000000000000e+06
1.221526908635794766e-02 1.800000000000000000e+06
1.231539424280350334e-02 1.800000000000000000e+06
1.241551939924906076e-02 1.800000000000000000e+06
1.251564455569461817e-02 1.800000000000000000e+06
1.261576971214017559e-02 1.800000000000000000e+06
1.271589486858573127e-02 1.800000000000000000e+06
1.281602002503128869e-02 1.800000000000000000e+06
1.291614518147684611e-02 1.800000000000000000e+06
1.301627033792240179e-02 1.800000000000000000e+06
1.311639549436795921e-02 1.800000000000000000e+06
1.321652065081351662e-02 1.800000000000000000e+06
1.331664580725907404e-02 1.800000000000000000e+06
1.341677096370462972e-02 1.800000000000000000e+06
1.351689612015018714e-02 1.800000000000000000e+06
1.361702127659574456e-02 1.800000000000000000e+06
1.371714643304130198e-02 1.800000000000000000e+06
1.381727158948685766e-02 1.800000000000000000e+06
1.391739674593241508e-02 1.800000000000000000e+06
1.401752190237797249e-02 1.800000000000000000e+06
1.411764705882352818e-02 1.800000000000000000e+06
1.421777221526908559e-02 1.800000000000000000e+06
1.431789737171464301e-02 1.800000000000000000e+06
1.441802252816020043e-02 1.800000000000000000e+06
1.451814768460575611e-02 1.800000000000000000e+06
1.461827284105131353e-02 1.800000000000000000e+06
1.471839799749687094e-02 1.800000000000000000e+06
1.481852315394242836e-02 1.800000000000000000e+06
1.491864831038798404e-02 1.800000000000000000e+06
1.501877346683354146e-02 1.800000000000000000e+06
1.511889862327909888e-02 1.800000000000000000e+06
1.521902377972465456e-02 1.800000000000000000e+06
1.531914893617021198e-02 1.800000000000000000e+06
1.541927409261576939e-02 1.800000000000000000e+06
1.551939924906132681e-02 1.800000000000000000e+06
1.561952440550688249e-02 1.800000000000000000e+06
1.571964956195244165e-02 1.800000000000000000e+06
1.581977471839799559e-02 1.800000000000000000e+06
1.591989987484355301e-02 1.800000000000000000e+06
1.602002503128911043e-02 1.800000000000000000e+06
1.612015018773466785e-02 1.800000000000000000e+06
1.622027534418022526e-02 1.800000000000000000e+06
1.632040050062578268e-02 1.800000000000000000e+06
1.642052565707134010e-02 1.800000000000000000e+06
1.652065081351689405e-02 1.800000000000000000e+06
1.662077596996245146e-02 1.800000000000000000e+06
1.672090112640800888e-02 1.800000000000000000e+06
1.682102628285356630e-02 1.800000000000000000e+06
1.692115143929912371e-02 1.800000000000000000e+06
1.702127659574468113e-02 1.800000000000000000e+06
1.712140175219023855e-02 1.800000000000000000e+06
1.722152690863579250e-02 1.800000000000000000e+06
1.732165206508134991e-02 1.800000000000000000e+06
1.742177722152690733e-02 1.800000000000000000e+06
1.752190237797246475e-02 1.800000000000000000e+06
1.762202753441802217e-02 1.800000000000000000e+06
1.772215269086357958e-02 1.800000000000000000e+06
1.782227784730913700e-02 1.800000000000000000e+06
1.792240300375469442e-02 1.800000000000000000e+06
1.802252816020024836e-02 1.800000000000000000e+06
1.812265331664580578e-02 1.800000000000000000e+06
1.822277847309136320e-02 1.800000000000000000e+06
1.832290362953692062e-02 1.800000000000000000e+06
1.842302878598247803e-02 1.800000000000000000e+06
1.852315394242803545e-02 1.800000000000000000e+06
1.862327909887359287e-02 1.800000000000000000e+06
1.872340425531914682e-02 1.800000000000000000e+06
1.882352941176470423e-02 1.800000000000000000e+06
1.892365456821026165e-02 1.800000000000000000e+06
1.902377972465581907e-02 1.800000000000000000e+06
1.912390488110137649e-02 1.800000000000000000e+06
1.922403003754693390e-02 1.800000000000000000e+06
1.932415519399249132e-02 1.800000000000000000e+06
1.942428035043804527e-02 1.800000000000000000e+06
1.952440550688360268e-02 1.800000000000000000e+06
1.962453066332916010e-02 1.800000000000000000e+06
1.972465581977471752e-02 1.800000000000000000e+06
1.982478097622027494e-02 1.800000000000000000e+06
1.992490613266583235e-02 1.800000000000000000e+06
2.002503128911138977e-02 1.797082118225541664e+06
2.012515644555694719e-02 1.785459161698634736e+06
2.022528160200250114e-02 1.773913530168084893e+06
2.032540675844805855e-02 1.762444709207544569e+06
2.042553191489361597e-02 1.751052187813034281e+06
2.052565707133917339e-02 1.739735458380172029e+06
2.062578222778473080e-02 1.728494016681556590e+06
2.072590738423028822e-02 1.717327361844302621e+06
2.082603254067584564e-02 1.706234996327722678e+06
2.092615769712139959e-02 1.695216425901159178e+06
2.102628285356695700e-02 1.684271159621962113e+06
2.112640801001251442e-02 1.673398709813617403e+06
2.122653316645807184e-02 1.662598592044016114e+06
2.132665832290362926e-02 1.651870325103870360e+06
2.142678347934918667e-02 1.641213430985273095e+06
2.152690863579474409e-02 1.630627434860399226e+06
2.162703379224029804e-02 1.620111865060350159e+06
2.172715894868585546e-02 1.609666253054137109e+06
2.182728410513141287e-02 1.599290133427806199e+06
2.192740926157697029e-02 1.588983043863700936e+06
2.202753441802252771e-02 1.578744525119864149e+06
2.212765957446808512e-02 1.568574121009574272e+06
2.222778473091364254e-02 1.558471378381021321e+06
2.232790988735919996e-02 1.548435847097114893e+06
2.242803504380475391e-02 1.538467080015429528e+06
2.252816020025031132e-02 1.528564632968279300e+06
2.262828535669586874e-02 1.518728064742930699e+06
2.272841051314142616e-02 1.508956937061941251e+06
2.282853566958698358e-02 1.499250814563633641e+06
2.292866082603254099e-02 1.489609264782696031e+06
2.302878598247809841e-02 1.480031858130914625e+06
2.312891113892365236e-02 1.470518167878032662e+06
2.322903629536920977e-02 1.461067770132735372e+06
2.332916145181476719e-02 1.451680243823766243e+06
2.342928660826032461e-02 1.442355170681162737e+06
2.352941176470588203e-02 1.433092135217621922e+06
2.362953692115143944e-02 1.423890724709987408e+06
2.372966207759699686e-02 1.414750529180859216e+06
2.382978723404255081e-02 1.405671141380328918e+06
2.392991239048810823e-02 1.396652156767831417e+06
2.403003754693366564e-02 1.387693173494122922e+06
2.413016270337922306e-02 1.378793792383374879e+06
2.423028785982478048e-02 1.369953616915388033e+06
2.433041301627033789e-02 1.361172253207926406e+06
2.443053817271589531e-02 1.352449309999166057e+06
2.453066332916145273e-02 1.343784398630262818e+06
2.463078848560700668e-02 1.335177133028035518e+06
2.473091364205256409e-02 1.326627129687762586e+06
2.483103879849812151e-02 1.318134007656096714e+06
2.493116395494367893e-02 1.309697388514090097e+06
2.503128911138923635e-02 1.301316896360333776e+06
2.513141426783479376e-02 1.292992157794208266e+06
2.523153942428035118e-02 1.284722801899248036e+06
2.533166458072590513e-02 1.276508460226613330e+06
2.543178973717146255e-02 1.268348766778673744e+06
2.553191489361701996e-02 1.260243357992702164e+06
2.563204005006257738e-02 1.252191872724674875e+06
2.573216520650813480e-02 1.244193952233180404e+06
2.583229036295369221e-02 1.236249240163435927e+06
2.593241551939924963e-02 1.228357382531409152e+06
2.603254067584480358e-02 1.220518027708046604e+06
2.613266583229036100e-02 1.212730826403605519e+06
2.623279098873591841e-02 1.204995431652092841e+06
2.633291614518147583e-02 1.197311498795803869e+06
2.643304130162703325e-02 1.189678685469966615e+06
2.653316645807259067e-02 1.182096651587487431e+06
2.663329161451814808e-02 1.174565059323797468e+06
2.673341677096370203e-02 1.167083573101802496e+06
2.683354192740925945e-02 1.159651859576927498e+06
2.693366708385481686e-02 1.152269587622267893e+06
2.703379224030037428e-02 1.144936428313833196e+06
2.713391739674593170e-02 1.137652054915893590e+06
2.723404255319148912e-02 1.130416142866419628e+06
2.733416770963704653e-02 1.123228369762623683e+06
2.743429286608260395e-02 1.116088415346592199e+06
2.753441802252815790e-02 1.108995961491018999e+06
2.763454317897371532e-02 1.101950692185027990e+06
2.773466833541927273e-02 1.094952293520095991e+06
2.783479349186483015e-02 1.088000453676064266e+06
2.793491864831038757e-02 1.081094862907245755e+06
2.803504380475594499e-02 1.074235213528623339e+06
2.813516896120150240e-02 1.067421199902142398e+06
2.823529411764705635e-02 1.060652518423090689e+06
2.833541927409261377e-02 1.053928867506572045e+06
2.843554443053817118e-02 1.047249947574069258e+06
2.853566958698372860e-02 1.040615461040095543e+06
2.863579474342928602e-02 1.034025112298935652e+06
2.873591989987484344e-02 1.027478607711474411e+06
2.883604505632040085e-02 1.020975655592113617e+06
2.893617021276595480e-02 1.014515966195776709e+06
2.903629536921151222e-02 1.008099251704996335e+06
2.913642052565706964e-02 1.001725226217093295e+06
2.923654568210262705e-02 9.953936057314361678e+05
2.933667083854818447e-02 9.891041081367882434e+05
2.943679599499374189e-02 9.828564531987366499e+05
2.953692115143929930e-02 9.766503625472075073e+05
2.963704630788485672e-02 9.704855596640621079e+05
2.973717146433041067e-02 9.643617698707769159e+05
2.983729662077596809e-02 9.582787203162042424e+05
2.993742177722152550e-02 9.522361399644165067e+05
3.003754693366708292e-02 9.462337595826276811e+05
3.013767209011264034e-02 9.402713117292003008e+05
3.023779724655819776e-02 9.343485307417272124e+05
3.033792240300375517e-02 9.284651527251948137e+05
3.043804755944930912e-02 9.226209155402263859e+05
3.053817271589486654e-02 9.168155587914005155e+05
3.063829787234042396e-02 9.110488238156501902e+05
3.073842302878598137e-02 9.053204536707379157e+05
3.083854818523153879e-02 8.996301931238059187e+05
3.093867334167709621e-02 8.939777886400053976e+05
3.103879849812265362e-02 8.883629883712001611e+05
3.113892365456820757e-02 8.827855421447441913e+05
3.123904881101376499e-02 8.772452014523352263e+05
3.133917396745932588e-02 8.717417194389431970e+05
3.143929912390488329e-02 8.662748508918109583e+05
3.153942428035043377e-02 8.608443522295280127e+05
3.163954943679599119e-02 8.554499814911773428e+05
3.173967459324154861e-02 8.500914983255558182e+05
3.183979974968710602e-02 8.447686639804645674e+05
3.193992490613266344e-02 8.394812412920708302e+05
3.204005006257822086e-02 8.342289946743411710e+05
3.214017521902377827e-02 8.290116901085444260e+05
3.224030037546933569e-02 8.238290951328257797e+05
3.234042553191489311e-02 8.186809788318475476e+05
3.244055068836045053e-02 8.135671118265019031e+05
3.254067584480600794e-02 8.084872662636905443e+05
3.264080100125156536e-02 8.034412158061715309e+05
3.274092615769712278e-02 7.984287356224756222e+05
3.284105131414268020e-02 7.934496023768883897e+05
3.294117647058823761e-02 7.885035942194989184e+05
3.304130162703378809e-02 7.835904907763161464e+05
3.314142678347934551e-02 7.787100731394477189e+05
3.324155193992490293e-02 7.738621238573490409e+05
3.334167709637046034e-02 7.690464269251328660e+05
3.344180225281601776e-02 7.642627677749454742e+05
3.354192740926157518e-02 7.595109332664059475e+05
3.364205256570713259e-02 7.547907116771104047e+05
3.374217772215269001e-02 7.501018926931974711e+05
3.384230287859824743e-02 7.454442673999782419e+05
3.394242803504380485e-02 7.408176282726278296e+05
3.404255319148936226e-02 7.362217691669387277e+05
3.414267834793491968e-02 7.316564853101355257e+05
3.424280350438047710e-02 7.271215732917521382e+05
3.434292866082603451e-02 7.226168310545674758e+05
3.444305381727158499e-02 7.181420578856033972e+05
3.454317897371714241e-02 7.136970544071808690e+05
3.464330413016269983e-02 7.092816225680375937e+05
3.474342928660825724e-02 7.048955656345032621e+05
3.484355444305381466e-02 7.005386881817337126e+05
3.494367959949937208e-02 6.962107960850032978e+05
3.504380475594492950e-02 6.919116965110563906e+05
3.514392991239048691e-02 6.876411979095144197e+05
3.524405506883604433e-02 6.833991100043422775e+05
3.534418022528160175e-02 6.791852437853696756e+05
3.544430538172715917e-02 6.749994114998693112e+05
3.554443053817271658e-02 6.708414266441926593e+05
3.564455569461827400e-02 6.667111039554588497e+05
3.574468085106383142e-02 6.626082594033003552e+05
3.584480600750938883e-02 6.585327101816642098e+05
3.594493116395493931e-02 6.544842747006659629e+05
3.604505632040049673e-02 6.504627725784985814e+05
3.614518147684605415e-02 6.464680246333966497e+05
3.624530663329161156e-02 6.424998528756516753e+05
3.634543178973716898e-02 6.385580804996817606e+05
3.644555694618272640e-02 6.346425318761542439e+05
3.654568210262828382e-02 6.307530325441601453e+05
3.664580725907384123e-02 6.268894092034404166e+05
3.674593241551939865e-02 6.230514897066656267e+05
3.684605757196495607e-02 6.192391030517643085e+05
3.694618272841051348e-02 6.154520793743048562e+05
3.704630788485607090e-02 6.116902499399266671e+05
3.714643304130162832e-02 6.079534471368221566e+05
3.724655819774718574e-02 6.042415044682680164e+05
3.734668335419274315e-02 6.005542565452081617e+05
3.744680851063829363e-02 5.968915390788835939e+05
3.754693366708385105e-02 5.932531888735118555e+05
3.764705882352940847e-02 5.896390438190177083e+05
3.774718397997496588e-02 5.860489428838077001e+05
3.784730913642052330e-02 5.824827261075974675e+05
3.794743429286608072e-02 5.789402345942830434e+05
3.804755944931163814e-02 5.754213105048616417e+05
3.814768460575719555e-02 5.719257970503990073e+05
3.824780976220275297e-02 5.684535384850435657e+05
3.834793491864831039e-02 5.650043800990869058e+05
3.844806007509386780e-02 5.615781682120703626e+05
3.854818523153942522e-02 5.581747501659381669e+05
3.864831038798498264e-02 5.547939743182354141e+05
3.874843554443054006e-02 5.514356900353508536e+05
3.884856070087609053e-02 5.480997476858068258e+05
3.894868585732164795e-02 5.447859986335895956e+05
3.904881101376720537e-02 5.414942952315299772e+05
3.914893617021276279e-02 5.382244908147228416e+05
3.924906132665832020e-02 5.349764396939922590e+05
3.934918648310387762e-02 5.317499971494011115e+05
3.944931163954943504e-02 5.285450194238022668e+05
3.954943679599499246e-02 5.253613637164335232e+05
3.964956195244054987e-02 5.221988881765551050e+05
3.974968710888610729e-02 5.190574518971293001e+05
3.984981226533166471e-02 5.159369149085421232e+05
3.994993742177722212e-02 5.128371381723669474e+05
4.005006257822277954e-02 5.097579835751696373e+05
4.015018773466833696e-02 5.066993139223544858e+05
4.025031289111389438e-02 5.036609929320515366e+05
4.035043804755944485e-02 5.006428852290445357e+05
4.045056320400500227e-02 4.976448563387385802e+05
4.055068836045055969e-02 4.946667726811696193e+05
4.065081351689611711e-02 4.917085015650513815e+05
4.075093867334167452e-02 4.887699111818642705e+05
4.085106382978723194e-02 4.858508705999818631e+05
4.095118898623278936e-02 4.829512497588370461e+05
4.105131414267834677e-02 4.800709194631277933e+05
4.115143929912390419e-02 4.772097513770599617e+05
4.125156445556946161e-02 4.743676180186293786e+05
4.135168961201501903e-02 4.715443927539422875e+05
4.145181476846057644e-02 4.687399497915721149e+05
4.155193992490613386e-02 4.659541641769554699e+05
4.165206508135169128e-02 4.631869117868245812e+05
4.175219023779724176e-02 4.604380693236766965e+05
4.185231539424279917e-02 4.577075143102798029e+05
4.195244055068835659e-02 4.549951250842171721e+05
4.205256570713391401e-02 4.523007807924652006e+05
4.215269086357947143e-02 4.496243613860089099e+05
4.225281602002502884e-02 4.469657476144936518e+05
4.235294117647058626e-02 4.443248210209112149e+05
4.245306633291614368e-02 4.417014639363217866e+05
4.255319148936170109e-02 4.390955594746118295e+05
4.265331664580725851e-02 4.365069915272853686e+05
4.275344180225281593e-02 4.339356447582909022e+05
4.285356695869837335e-02 4.313814045988827711e+05
4.295369211514393076e-02 4.288441572425159975e+05
4.305381727158948818e-02 4.263237896397756995e+05
4.315394242803504560e-02 4.238201894933404401e+05
4.325406758448059608e-02 4.213332452529782313e+05
4.335419274092615349e-02 4.188628461105759488e+05
4.345431789737171091e-02 4.164088819952035556e+05
4.355444305381726833e-02 4.139712435682083596e+05
4.365456821026282574e-02 4.115498222183440230e+05
4.375469336670838316e-02 4.091445100569312926e+05
4.385481852315394058e-02 4.067551999130505137e+05
4.395494367959949800e-02 4.043817853287670296e+05
4.405506883604505541e-02 4.020241605543876067e+05
4.415519399249061283e-02 3.996822205437485245e+05
4.425531914893617025e-02 3.973558609495353303e+05
4.435544430538172767e-02 3.950449781186336186e+05
4.445556946182728508e-02 3.927494690875106025e+05
4.455569461827284250e-02 3.904692315776270698e+05
4.465581977471839992e-02 3.882041639908811776e+05
4.475594493116395040e-02 3.859541654050808284e+05
4.485607008760950781e-02 3.837191355694468366e+05
4.495619524405506523e-02 3.814989749001475284e+05
4.505632040050062265e-02 3.792935844758599997e+05
4.515644555694618006e-02 3.771028660333636217e+05
4.525657071339173748e-02 3.749267219631617190e+05
4.535669586983729490e-02 3.727650553051319439e+05
4.545682102628285232e-02 3.706177697442067438e+05
4.555694618272840973e-02 3.684847696060818271e+05
4.565707133917396715e-02 3.663659598529529176e+05
4.575719649561952457e-02 3.642612460792816710e+05
4.585732165206508198e-02 3.621705345075892401e+05
4.595744680851063940e-02 3.600937319842778961e+05
4.605757196495619682e-02 3.580307459754803567e+05
4.615769712140174730e-02 3.559814845629374031e+05
4.625782227784730471e-02 3.539458564399012830e+05
4.635794743429286213e-02 3.519237709070686251e+05
4.645807259073841955e-02 3.499151378685387317e+05
4.655819774718397697e-02 3.479198678277991712e+05
4.665832290362953438e-02 3.459378718837382621e+05
4.675844806007509180e-02 3.439690617266841582e+05
4.685857321652064922e-02 3.420133496344700688e+05
4.695869837296620664e-02 3.400706484685253236e+05
4.705882352941176405e-02 3.381408716699935612e+05
4.715894868585732147e-02 3.362239332558754832e+05
4.725907384230287889e-02 3.343197478151977994e+05
4.735919899874843630e-02 3.324282305052080774e+05
4.745932415519399372e-02 3.305492970475940383e+05
4.755944931163955114e-02 3.286828637247285806e+05
4.765957446808510162e-02 3.268288473759401240e+05
4.775969962453065903e-02 3.249871653938062373e+05
4.785982478097621645e-02 3.231577357204742730e+05
4.795994993742177387e-02 3.213404768440041807e+05
4.806007509386733129e-02 3.195353077947375132e+05
4.816020025031288870e-02 3.177421481416889583e+05
4.826032540675844612e-02 3.159609179889630759e+05
4.836045056320400354e-02 3.141915379721945501e+05
4.846057571964956096e-02 3.124339292550117243e+05
4.856070087609511837e-02 3.106880135255241767e+05
4.866082603254067579e-02 3.089537129928335780e+05
4.876095118898623321e-02 3.072309503835672513e+05
4.886107634543179062e-02 3.055196489384354791e+05
4.896120150187734804e-02 3.038197324088115711e+05
4.906132665832290546e-02 3.021311250533342245e+05
4.916145181476845594e-02 3.004537516345327604e+05
4.926157697121401335e-02 2.987875374154750025e+05
4.936170212765957077e-02 2.971324081564375665e+05
4.946182728410512819e-02 2.954882901115973946e+05
4.956195244055068561e-02 2.938551100257467479e+05
4.966207759699624302e-02 2.922327951310284552e+05
4.976220275344180044e-02 2.906212731436941540e+05
4.986232790988735786e-02 2.890204722608834854e+05
4.996245306633291527e-02 2.874303211574250017e+05
5.006257822277847269e-02 2.858507489826579113e+05
5.016270337922403011e-02 2.842816853572753025e+05
5.026282853566958753e-02 2.827230603701890213e+05
5.036295369211514494e-02 2.811748045754134655e+05
5.046307884856070236e-02 2.796368489889724879e+05
5.056320400500625284e-02 2.781091250858251005e+05
5.066332916145181026e-02 2.765915647968123667e+05
5.076345431789736767e-02 2.750841005056249560e+05
5.086357947434292509e-02 2.735866650457897922e+05
5.096370463078848251e-02 2.720991916976779466e+05
5.106382978723403993e-02 2.706216141855315072e+05
5.116395494367959734e-02 2.691538666745107621e+05
5.126408010012515476e-02 2.676958837677607080e+05
5.136420525657071218e-02 2.662476005034976406e+05
5.146433041301626959e-02 2.648089523521143710e+05
5.156445556946182701e-02 2.633798752133048838e+05
5.166458072590738443e-02 2.619603054132085817e+05
5.176470588235294185e-02 2.605501797015735938e+05
5.186483103879849926e-02 2.591494352489376906e+05
5.196495619524405668e-02 2.577580096438296023e+05
5.206508135168960716e-02 2.563758408899880887e+05
5.216520650813516458e-02 2.550028674035990261e+05
5.226533166458072199e-02 2.536390280105524580e+05
5.236545682102627941e-02 2.522842619437162066e+05
5.246558197747183683e-02 2.509385088402288966e+05
5.256570713391739424e-02 2.496017087388097716e+05
5.266583229036295166e-02 2.482738020770875446e+05
5.276595744680850908e-02 2.469547296889463905e+05
5.286608260325406650e-02 2.456444328018897213e+05
5.296620775969962391e-02 2.443428530344215105e+05
5.306633291614518133e-02 2.430499323934454296e+05
5.316645807259073875e-02 2.417656132716801076e+05
5.326658322903629617e-02 2.404898384450931626e+05
5.336670838548185358e-02 2.392225510703511245e+05
5.346683354192740406e-02 2.379636946822868777e+05
5.356695869837296148e-02 2.367132131913836056e+05
5.366708385481851890e-02 2.354710508812761109e+05
5.376720901126407631e-02 2.342371524062677927e+05
5.386733416770963373e-02 2.330114627888650284e+05
5.396745932415519115e-02 2.317939274173273297e+05
5.406758448060074856e-02 2.305844920432343497e+05
5.416770963704630598e-02 2.293831027790685766e+05
5.426783479349186340e-02 2.281897060958145594e+05
5.436795994993742082e-02 2.270042488205735863e+05
5.446808510638297823e-02 2.258266781341946044e+05
5.456821026282853565e-02 2.246569415689209418e+05
5.466833541927409307e-02 2.234949870060524845e+05
5.476846057571965048e-02 2.223407626736233651e+05
5.486858573216520790e-02 2.211942171440955717e+05
5.496871088861075838e-02 2.200552993320671667e+05
5.506883604505631580e-02 2.189239584919959307e+05
5.516896120150187321e-02 2.178001442159391008e+05
5.526908635794743063e-02 2.166838064313068462e+05
5.536921151439298805e-02 2.155748953986312554e+05
5.546933667083854547e-02 2.144733617093504872e+05
5.556946182728410288e-02 2.133791562836069206e+05
5.566958698372966030e-02 2.122922303680605255e+05
5.576971214017521772e-02 2.112125355337166111e+05
5.586983729662077514e-02 2.101400236737681553e+05
5.596996245306633255e-02 2.090746470014520164e+05
5.607008760951188997e-02 2.080163580479202792e+05
5.617021276595744739e-02 2.069651096601246973e+05
5.627033792240300480e-02 2.059208549987160368e+05
5.637046307884856222e-02 2.048835475359570119e+05
5.647058823529411270e-02 2.038531410536492767e+05
5.657071339173967012e-02 2.028295896410740097e+05
5.667083854818522753e-02 2.018128476929466124e+05
5.677096370463078495e-02 2.008028699073842436e+05
5.687108886107634237e-02 1.997996112838877598e+05
5.697121401752189979e-02 1.988030271213364613e+05
5.707133917396745720e-02 1.978130730159965169e+05
5.717146433041301462e-02 1.968297048595423112e+05
5.727158948685857204e-02 1.958528788370916154e+05
5.737171464330412946e-02 1.948825514252527792e+05
5.747183979974968687e-02 1.939186793901858910e+05
5.757196495619524429e-02 1.929612197856763378e+05
5.767209011264080171e-02 1.920101299512212863e+05
5.777221526908635912e-02 1.910653675101289700e+05
5.787234042553190960e-02 1.901268903676306945e+05
5.797246558197746702e-02 1.891946567090046301e+05
5.807259073842302444e-02 1.882686249977135449e+05
5.817271589486858185e-02 1.873487539735536266e+05
5.827284105131413927e-02 1.864350026508162555e+05
5.837296620775969669e-02 1.855273303164617100e+05
5.847309136420525411e-02 1.846256965283052996e+05
5.857321652065081152e-02 1.837300611132154008e+05
5.867334167709636894e-02 1.828403841653234849e+05
5.877346683354192636e-02 1.819566260442459607e+05
5.887359198998748377e-02 1.810787473733181832e+05
5.897371714643304119e-02 1.802067090378397843e+05
5.907384230287859861e-02 1.793404721833319636e+05
5.917396745932415603e-02 1.784799982138065388e+05
5.927409261576971344e-02 1.776252487900457345e+05
5.937421777221526392e-02 1.767761858278943109e+05
5.947434292866082134e-02 1.759327714965626365e+05
5.957446808510637876e-02 1.750949682169411681e+05
5.967459324155193617e-02 1.742627386599257588e+05
5.977471839799749359e-02 1.734360457447549561e+05
5.987484355444305101e-02 1.726148526373572531e+05
5.997496871088860843e-02 1.717991227487103897e+05
6.007509386733416584e-02 1.709888197332107811e+05
6.017521902377972326e-02 1.701839074870542099e+05
6.027534418022528068e-02 1.693843501466272864e+05
6.037546933667083809e-02 1.685901120869093866e+05
6.047559449311639551e-02 1.678011579198853869e+05
6.057571964956195293e-02 1.670174524929689069e+05
6.067584480600751035e-02 1.662389608874360565e+05
6.077596996245306776e-02 1.654656484168695752e+05
6.087609511889861824e-02 1.646974806256135344e+05
6.097622027534417566e-02 1.639344232872376742e+05
6.107634543178973308e-02 1.631764424030129740e+05
6.117647058823529049e-02 1.624235042003964772e+05
6.127659574468084791e-02 1.616755751315265661e+05
6.137672090112640533e-02 1.609326218717282172e+05
6.147684605757196274e-02 1.601946113180282409e+05
6.157697121401752016e-02 1.594615105876803864e+05
6.167709637046307758e-02 1.587332870167000219e+05
6.177722152690863500e-02 1.580099081584089436e+05
6.187734668335419241e-02 1.572913417819895840e+05
6.197747183979974983e-02 1.565775558710490586e+05
6.207759699624530725e-02 1.558685186221924087e+05
6.217772215269086467e-02 1.551641984436060011e+05
6.227784730913641514e-02 1.544645639536493982e+05
6.237797246558197256e-02 1.537695839794575004e+05
6.247809762202752998e-02 1.530792275555514207e+05
6.257822277847309433e-02 1.523934639224589046e+05
6.267834793491865175e-02 1.517122625253437436e+05
6.277847309136420917e-02 1.510355930126443855e+05
6.287859824780976659e-02 1.503634252347216825e+05
6.297872340425532400e-02 1.496957292425152846e+05
6.307884856070086754e-02 1.490324752862096648e+05
6.317897371714642496e-02 1.483736338139080326e+05
6.327909887359198238e-02 1.477191754703161423e+05
6.337922403003753979e-02 1.470690710954340466e+05
6.347934918648309721e-02 1.464232917232569889e+05
6.357947434292865463e-02 1.457818085804846778e+05
6.367959949937421205e-02 1.451445930852392921e+05
6.377972465581976946e-02 1.445116168457920139e+05
6.387984981226532688e-02 1.438828516592980595e+05
6.397997496871088430e-02 1.432582695105400053e+05
6.408010012515644171e-02 1.426378425706795533e+05
6.418022528160199913e-02 1.420215431960176211e+05
6.428035043804755655e-02 1.414093439267626381e+05
6.438047559449311397e-02 1.408012174858069338e+05
6.448060075093867138e-02 1.401971367775116232e+05
6.458072590738422880e-02 1.395970748864991474e+05
6.468085106382978622e-02 1.390010050764540792e+05
6.478097622027534364e-02 1.384089007889319328e+05
6.488110137672090105e-02 1.378207356421756849e+05
6.498122653316645847e-02 1.372364834299404174e+05
6.508135168961201589e-02 1.366561181203255837e+05
6.518147684605757330e-02 1.360796138546153670e+05
6.528160200250313072e-02 1.355069449461262557e+05
6.538172715894868814e-02 1.349380858790625643e+05
6.548185231539424556e-02 1.343730113073797547e+05
6.558197747183980297e-02 1.338116960536549159e+05
6.568210262828536039e-02 1.332541151079650735e+05
6.578222778473091781e-02 1.327002436267728917e+05
6.588235294117647523e-02 1.321500569318195630e+05
6.598247809762201876e-02 1.316035305090254697e+05
6.608260325406757618e-02 1.310606400073976256e+05
6.618272841051313360e-02 1.305213612379450788e+05
6.628285356695869102e-02 1.299856701726009051e+05
6.638297872340424843e-02 1.294535429431516532e+05
6.648310387984980585e-02 1.289249558401739632e+05
6.658322903629536327e-02 1.283998853119780106e+05
6.668335419274092069e-02 1.278783079635582981e+05
6.678347934918647810e-02 1.273602005555511423e+05
6.688360450563203552e-02 1.268455400031993195e+05
6.698372966207759294e-02 1.263343033753234049e+05
6.708385481852315035e-02 1.258264678933002579e+05
6.718397997496870777e-02 1.253220109300478216e+05
6.728410513141426519e-02 1.248209100090170832e+05
6.738423028785982261e-02 1.243231428031906835e+05
6.748435544430538002e-02 1.238286871340879879e+05
6.758448060075093744e-02 1.233375209707769536e+05
6.768460575719649486e-02 1.228496224288926023e+05
6.778473091364205227e-02 1.223649697696618096e+05
6.788485607008760969e-02 1.218835413989347580e+05
6.798498122653316711e-02 1.214053158662228088e+05
6.808510638297872453e-02 1.209302718637427897e+05
6.818523153942428194e-02 1.204583882254674681e+05
6.828535669586983936e-02 1.199896439261827327e+05
6.838548185231539678e-02 1.195240180805505224e+05
6.848560700876095420e-02 1.190614899421783775e+05
6.858573216520651161e-02 1.186020389026951161e+05
6.868585732165206903e-02 1.181456444908325211e+05
6.878598247809762645e-02 1.176922863715132698e+05
6.888610763454316999e-02 1.172419443449449900e+05
6.898623279098872740e-02 1.167945983457198454e+05
6.908635794743428482e-02 1.163502284419210337e+05
6.918648310387984224e-02 1.159088148342343920e+05
6.928660826032539966e-02 1.154703378550662310e+05
6.938673341677095707e-02 1.150347779676670907e+05
6.948685857321651449e-02 1.146021157652612892e+05
6.958698372966207191e-02 1.141723319701821893e+05
6.968710888610762932e-02 1.137454074330131989e+05
6.978723404255318674e-02 1.133213231317346799e+05
6.988735919899874416e-02 1.129000601708763279e+05
6.998748435544430158e-02 1.124815997806752857e+05
7.008760951188985899e-02 1.120659233162398450e+05
7.018773466833541641e-02 1.116530122567186772e+05
7.028785982478097383e-02 1.112428482044756674e+05
7.038798498122653124e-02 1.108354128842701321e+05
7.048811013767208866e-02 1.104306881424426392e+05
7.058823529411764608e-02 1.100286559461059805e+05
7.068836045056320350e-02 1.096292983823419636e+05
7.078848560700876091e-02 1.092325976574030356e+05
7.088861076345431833e-02 1.088385360959195968e+05
7.098873591989987575e-02 1.084470961401124368e+05
7.108886107634543317e-02 1.080582603490103793e+05
7.118898623279099058e-02 1.076720113976732828e+05
7.128911138923654800e-02 1.072883320764200471e+05
7.138923654568210542e-02 1.069072052900618291e+05
7.148936170212766283e-02 1.065286140571403084e+05
7.158948685857322025e-02 1.061525415091711620e+05
7.168961201501877767e-02 1.057789708898923709e+05
7.178973717146432121e-02 1.054078855545177357e+05
7.188986232790987863e-02 1.050392689689950639e+05
7.198998748435543604e-02 1.046731047092697700e+05
7.209011264080099346e-02 1.043093764605528268e+05
7.219023779724655088e-02 1.039480680165939848e+05
7.229036295369210829e-02 1.035891632789595751e+05
7.239048811013766571e-02 1.032326462563154055e+05
7.249061326658322313e-02 1.028785010637140367e+05
7.259073842302878055e-02 1.025267119218872103e+05
7.269086357947433796e-02 1.021772631565426709e+05
7.279098873591989538e-02 1.018301391976657906e+05
7.289111389236545280e-02 1.014853245788258500e+05
7.299123904881101021e-02 1.011428039364869910e+05
7.309136420525656763e-02 1.008025620093234902e+05
7.319148936170212505e-02 1.004645836375400540e+05
7.329161451814768247e-02 1.001288537621960568e+05
7.339173967459323988e-02 9.979535742453481362e+04
7.349186483103879730e-02 9.946407976531694294e+04
7.359198998748435472e-02 9.913500602415837056e+04
7.369211514392991214e-02 9.880812153887259774e+04
7.379224030037546955e-02 9.848341174481753842e+04
7.389236545682102697e-02 9.816086217424643110e+04
7.399249061326658439e-02 9.784045845566326170e+04
7.409261576971214180e-02 9.752218631318249390e+04
7.419274092615769922e-02 9.720603156589296123e+04
7.429286608260325664e-02 9.689198012722592102e+04
7.439299123904881406e-02 9.658001800432760501e+04
7.449311639549437147e-02 9.627013129743559693e+04
7.459324155193992889e-02 9.596230619925956125e+04
7.469336670838548631e-02 9.565652899436609005e+04
7.479349186483102985e-02 9.535278605856758077e+04
7.489361702127658726e-02 9.505106385831505759e+04
7.499374217772214468e-02 9.475134895009544562e+04
7.509386733416770210e-02 9.445362797983235214e+04
7.519399249061325952e-02 9.415788768229118432e+04
7.529411764705881693e-02 9.386411488048805040e+04
7.539424280350437435e-02 9.357229648510261904e+04
7.549436795994993177e-02 9.328241949389499496e+04
7.559449311639548919e-02 9.299447099112636351e+04
7.569461827284104660e-02 9.270843814698347705e+04
7.579474342928660402e-02 9.242430821700708475e+04
7.589486858573216144e-02 9.214206854152394226e+04
7.599499374217771885e-02 9.186170654508295411e+04
7.609511889862327627e-02 9.158320973589470668e+04
7.619524405506883369e-02 9.130656570527498843e+04
7.629536921151439111e-02 9.103176212709181709e+04
7.639549436795994852e-02 9.075878675721626496e+04
7.649561952440550594e-02 9.048762743297698034e+04
7.659574468085106336e-02 9.021827207261815784e+04
7.669586983729662077e-02 8.995070867476130661e+04
7.679599499374217819e-02 8.968492531787051121e+04
7.689612015018773561e-02 8.942091015972119931e+04
7.699624530663329303e-02 8.915865143687256204e+04
7.709637046307885044e-02 8.889813746414336492e+04
7.719649561952440786e-02 8.863935663409138215e+04
7.729662077596996528e-02 8.838229741649613425e+04
7.739674593241552270e-02 8.812694835784522002e+04
7.749687108886108011e-02 8.787329808082393720e+04
7.759699624530663753e-02 8.762133528380835196e+04
7.769712140175218107e-02 8.737104874036187539e+04
7.779724655819773849e-02 8.712242729873479402e+04
7.789737171464329590e-02 8.687545988136767119e+04
7.799749687108885332e-02 8.663013548439761507e+04
7.809762202753441074e-02 8.638644317716806836e+04
7.819774718397996816e-02 8.614437210174172651e+04
7.829787234042552557e-02 8.590391147241677390e+04
7.839799749687108299e-02 8.566505057524632139e+04
7.849812265331664041e-02 8.542777876756104524e+04
7.859824780976219782e-02 8.519208547749492573e+04
7.869837296620775524e-02 8.495796020351434709e+04
7.879849812265331266e-02 8.472539251395006431e+04
7.889862327909887008e-02 8.449437204653245863e+04
7.899874843554442749e-02 8.426488850792981975e+04
7.909887359198998491e-02 8.403693167328974232e+04
7.919899874843554233e-02 8.381049138578353450e+04
7.929912390488109974e-02 8.358555755615366797e+04
7.939924906132665716e-02 8.336212016226426931e+04
7.949937421777221458e-02 8.314016924865450710e+04
7.959949937421777200e-02 8.291969492609509325e+04
7.969962453066332941e-02 8.270068737114762189e+04
7.979974968710888683e-02 8.248313682572684775e+04
7.989987484355444425e-02 8.226703359666600591e+04
8.000000000000000167e-02 8.205236805528480909e+04
---------------
