field_vs_length
---------------
0.000000000000000000e+00 1.800000000000000000e+06
1.001251564455569429e-04 1.800000000000000000e+06
2.002503128911138858e-04 1.800000000000000000e+06
3.003754693366708422e-04 1.800000000000000000e+06
4.005006257822277716e-04 1.800000000000000000e+06
5.006257822277847009e-04 1.800000000000000000e+06
6.007509386733416844e-04 1.800000000000000000e+06
7.008760951188985596e-04 1.800000000000000000e+06
8.010012515644555431e-04 1.800000000000000000e+06
9.011264080100125267e-04 1.800000000000000000e+06
1.001251564455569402e-03 1.800000000000000000e+06
1.101376720901126385e-03 1.800000000000000000e+06
1.201501877346683369e-03 1.800000000000000000e+06
1.301627033792240352e-03 1.800000000000000000e+06
1.401752190237797119e-03 1.800000000000000000e+06
1.501877346683354103e-03 1.800000000000000000e+06
1.602002503128911086e-03 1.800000000000000000e+06
1.702127659574468070e-03 1.800000000000000000e+06
1.802252816020025053e-03 1.800000000000000000e+06
1.902377972465581820e-03 1.800000000000000000e+06
2.002503128911138804e-03 1.800000000000000000e+06
2.102628285356695787e-03 1.800000000000000000e+06
2.202753441802252771e-03 1.800000000000000000e+06
2.302878598247809754e-03 1.800000000000000000e+06
2.403003754693366738e-03 1.800000000000000000e+06
2.503128911138923721e-03 1.800000000000000000e+06
2.603254067584480705e-03 1.800000000000000000e+06
2.703379224030037255e-03 1.800000000000000000e+06
2.803504380475594238e-03 1.800000000000000000e+06
2.903629536921151222e-03 1.800000000000000000e+06
3.003754693366708205e-03 1.800000000000000000e+06
3.103879849812265189e-03 1.800000000000000000e+06
3.204005006257822172e-03 1.800000000000000000e+06
3.304130162703379156e-03 1.800000000000000000e+06
3.404255319148936140e-03 1.800000000000000000e+06
3.504380475594493123e-03 1.800000000000000000e+06
3.604505632040050107e-03 1.800000000000000000e+06
3.704630788485607090e-03 1.800000000000000000e+06
3.804755944931163640e-03 1.800000000000000000e+06
3.904881101376720624e-03 1.800000000000000000e+06
4.005006257822277607e-03 1.800000000000000000e+06
4.105131414267835024e-03 1.800000000000000000e+06
4.205256570713391574e-03 1.800000000000000000e+06
4.305381727158948124e-03 1.800000000000000000e+06
4.405506883604505541e-03 1.800000000000000000e+06
4.505632040050062091e-03 1.800000000000000000e+06
4.605757196495619508e-03 1.800000000000000000e+06
4.705882352941176058e-03 1.800000000000000000e+06
4.806007509386733476e-03 1.800000000000000000e+06
4.906132665832290025e-03 1.800000000000000000e+06
5.006257822277847443e-03 1.800000000000000000e+06
5.106382978723403993e-03 1.800000000000000000e+06
5.206508135168961410e-03 1.800000000000000000e+06
5.306633291614517960e-03 1.800000000000000000e+06
5.406758448060074509e-03 1.800000000000000000e+06
5.506883604505631927e-03 1.800000000000000000e+06
5.607008760951188477e-03 1.800000000000000000e+06
5.707133917396745894e-03 1.800000000000000000e+06
5.807259073842302444e-03 1.800000000000000000e+06
5.907384230287859861e-03 1.800000000000000000e+06
6.007509386733416411e-03 1.800000000000000000e+06
6.107634543178973828e-03 1.800000000000000000e+06
6.207759699624530378e-03 1.800000000000000000e+06
6.307884856070087795e-03 1.800000000000000000e+06
6.408010012515644345e-03 1.800000000000000000e+06
6.508135168961200895e-03 1.800000000000000000e+06
6.608260325406758312e-03 1.800000000000000000e+06
6.708385481852314862e-03 1.800000000000000000e+06
6.808510638297872279e-03 1.800000000000000000e+06
6.908635794743428829e-03 1.800000000000000000e+06
7.008760951188986246e-03 1.800000000000000000e+06
7.108886107634542796e-03 1.800000000000000000e+06
7.209011264080100213e-03 1.800000000000000000e+06
7.309136420525656763e-03 1.800000000000000000e+06
7.409261576971214180e-03 1.800000000000000000e+06
7.509386733416770730e-03 1.800000000000000000e+06
7.609511889862327280e-03 1.800000000000000000e+06
7.709637046307884697e-03 1.800000000000000000e+06
7.809762202753441247e-03 1.800000000000000000e+06
7.909887359198997797e-03 1.800000000000000000e+06
8.010012515644555214e-03 1.800000000000000000e+06
8.110137672090112632e-03 1.800000000000000000e+06
8.210262828535670049e-03 1.800000000000000000e+06
8.310387984981225731e-03 1.800000000000000000e+06
8.410513141426783149e-03 1.800000000000000000e+06
8.510638297872340566e-03 1.800000000000000000e+06
8.610763454317896248e-03 1.800000000000000000e+06
8.710888610763453666e-03 1.800000000000000000e+06
8.811013767209011083e-03 1.800000000000000000e+06
8.911138923654568500e-03 1.800000000000000000e+06
9.011264080100124182e-03 1.800000000000000000e+06
9.111389236545681600e-03 1.800000000000000000e+06
9.211514392991239017e-03 1.800000000000000000e+06
9.311639549436796434e-03 1.800000000000000000e+06
9.411764705882352117e-03 1.800000000000000000e+06
9.511889862327909534e-03 1.800000000000000000e+06
9.612015018773466951e-03 1.800000000000000000e+06
9.712140175219022634e-03 1.800000000000000000e+06
9.812265331664580051e-03 1.800000000000000000e+06
9.912390488110137468e-03 1.800000000000000000e+06
1.001251564455569489e-02 1.800000000000000000e+06
1.011264080100125057e-02 1.800000000000000000e+06
1.021276595744680799e-02 1.800000000000000000e+06
1.031289111389236540e-02 1.800000000000000000e+06
1.041301627033792282e-02 1.800000000000000000e+06
1.051314142678347850e-02 1.800000000000000000e+06
1.061326658322903592e-02 1.800000000000000000e+06
1.071339173967459334e-02 1.800000000000000000e+06
1.081351689612014902e-02 1.800000000000000000e+06
1.091364205256570644e-02 1.800000000000000000e+06
1.101376720901126385e-02 1.800000000000000000e+06
1.111389236545682127e-02 1.800000000000000000e+06
1.121401752190237695e-02 1.800000000000000000e+06
1.131414267834793437e-02 1.800000000000000000e+06
1.141426783479349179e-02 1.800000000000000000e+06
1.151439299123904920e-02 1.800000000000000000e+06
1.161451814768460489e-02 1.800000000000000000e+06
1.171464330413016230e-02 1.800000000000000000e+06
1.181476846057571972e-02 1.800000000000000000e+06
1.191489361702127540e-02 1.800000000000000000e+06
1.201501877346683282e-02 1.800000000000000000e+06
1.211514392991239024e-02 1.800000000000000000e+06
1.221526908635794766e-02 1.800000000000000000e+06
1.231539424280350334e-02 1.800000000000000000e+06
1.241551939924906076e-02 1.800000000000000000e+06
1.251564455569461817e-02 1.800000000000000000e+06
1.261576971214017559e-02 1.800000000000000000e+06
1.271589486858573127e-02 1.800000000000000000e+06
1.281602002503128869e-02 1.800000000000000000e+06
1.291614518147684611e-02 1.800000000000000000e+06
1.301627033792240179e-02 1.800000000000000000e+06
1.311639549436795921e-02 1.800000000000000000e+06
1.321652065081351662e-02 1.800000000000000000e+06
1.331664580725907404e-02 1.800000000000000000e+06
1.341677096370462972e-02 1.800000000000000000e+06
1.351689612015018714e-02 1.800000000000000000e+06
1.361702127659574456e-02 1.800000000000000000e+06
1.371714643304130198e-02 1.800000000000000000e+06
1.381727158948685766e-02 1.800000000000000000e+06
1.391739674593241508e-02 1.800000000000000000e+06
1.401752190237797249e-02 1.800000000000000000e+06
1.411764705882352818e-02 1.800000000000000000e+06
1.421777221526908559e-02 1.800000000000000000e+06
1.431789737171464301e-02 1.800000000000000000e+06
1.441802252816020043e-02 1.800000000000000000e+06
1.451814768460575611e-02 1.800000000000000000e+06
1.461827284105131353e-02 1.800000000000000000e+06
1.471839799749687094e-02 1.800000000000000000e+06
1.481852315394242836e-02 1.800000000000000000e+06
1.491864831038798404e-02 1.800000000000000000e+06
1.501877346683354146e-02 1.800000000000000000e+06
1.511889862327909888e-02 1.800000000000000000e+06
1.521902377972465456e-02 1.800000000000000000e+06
1.531914893617021198e-02 1.800000000000000000e+06
1.541927409261576939e-02 1.800000000000000000e+06
1.551939924906132681e-02 1.800000000000000000e+06
1.561952440550688249e-02 1.800000000000000000e+06
1.571964956195244165e-02 1.800000000000000000e+06
1.581977471839799559e-02 1.800000000000000000e+06
1.591989987484355301e-02 1.800000000000000000e+06
1.602002503128911043e-02 1.800000000000000000e+06
1.612015018773466785e-02 1.800000000000000000e+06
1.622027534418022526e-02 1.800000000000000000e+06
1.632040050062578268e-02 1.800000000000000000e+06
1.642052565707134010e-02 1.800000000000000000e+06
1.652065081351689405e-02 1.800000000000000000e+06
1.662077596996245146e-02 1.800000000000000000e+06
1.672090112640800888e-02 1.800000000000000000e+06
1.682102628285356630e-02 1.800000000000000000e+06
1.692115143929912371e-02 1.800000000000000000e+06
1.702127659574468113e-02 1.800000000000000000e+06
1.712140175219023855e-02 1.800000000000000000e+06
1.722152690863579250e-02 1.800000000000000000e+06
1.732165206508134991e-02 1.800000000000000000e+06
1.742177722152690733e-02 1.800000000000000000e+06
1.752190237797246475e-02 1.800000000000000000e+06
1.762202753441802217e-02 1.800000000000000000e+06
1.772215269086357958e-02 1.800000000000000000e+06
1.782227784730913700e-02 1.800000000000000000e+06
1.792240300375469442e-02 1.800000000000000000e+06
1.802252816020024836e-02 1.800000000000000000e+06
1.812265331664580578e-02 1.800000000000000000e+06
1.822277847309136320e-02 1.800000000000000000e+06
1.832290362953692062e-02 1.800000000000000000e+06
1.842302878598247803e-02 1.800000000000000000e+06
1.852315394242803545e-02 1.800000000000000000e+06
1.862327909887359287e-02 1.800000000000000000e+06
1.872340425531914682e-02 1.800000000000000000e+06
1.882352941176470423e-02 1.800000000000000000e+06
1.892365456821026165e-02 1.800000000000000000e+06
1.902377972465581907e-02 1.800000000000000000e+06
1.912390488110137649e-02 1.800000000000000000e+06
1.922403003754693390e-02 1.800000000000000000e+06
1.932415519399249132e-02 1.800000000000000000e+06
1.942428035043804527e-02 1.800000000000000000e+06
1.952440550688360268e-02 1.800000000000000000e+06
1.962453066332916010e-02 1.800000000000000000e+06
1.972465581977471752e-02 1.800000000000000000e+06
1.982478097622027494e-02 1.800000000000000000e+06
1.992490613266583235e-02 1.800000000000000000e+06
2.002503128911138977e-02 1.797665694580433192e+06
2.012515644555694719e-02 1.788367329358907882e+06
2.022528160200250114e-02 1.779130824134467868e+06
2.032540675844805855e-02 1.769955767366035841e+06
2.042553191489361597e-02 1.760841750250427518e+06
2.052565707133917339e-02 1.751788366704137530e+06
2.062578222778473080e-02 1.742795213345245225e+06
2.072590738423028822e-02 1.733861889475442236e+06
2.082603254067584564e-02 1.724987997062178096e+06
2.092615769712139959e-02 1.716173140720927389e+06
2.102628285356695700e-02 1.707416927697569598e+06
2.112640801001251442e-02 1.698718967850893969e+06
2.122653316645807184e-02 1.690078873635212891e+06
2.132665832290362926e-02 1.681496260083096335e+06
2.142678347934918667e-02 1.672970744788218522e+06
2.152690863579474409e-02 1.664501947888319381e+06
2.162703379224029804e-02 1.656089492048280081e+06
2.172715894868585546e-02 1.647733002443309641e+06
2.182728410513141287e-02 1.639432106742244912e+06
2.192740926157697029e-02 1.631186435090960702e+06
2.202753441802252771e-02 1.622995620095891412e+06
2.212765957446808512e-02 1.614859296807659557e+06
2.222778473091364254e-02 1.606777102704816964e+06
2.232790988735919996e-02 1.598748677677691914e+06
2.242803504380475391e-02 1.590773664012343623e+06
2.252816020025031132e-02 1.582851706374623580e+06
2.262828535669586874e-02 1.574982451794344466e+06
2.272841051314142616e-02 1.567165549649552908e+06
2.282853566958698358e-02 1.559400651650907006e+06
2.292866082603254099e-02 1.551687411826156778e+06
2.302878598247809841e-02 1.544025486504731700e+06
2.312891113892365236e-02 1.536414534302426269e+06
2.322903629536920977e-02 1.528854216106188251e+06
2.332916145181476719e-02 1.521344195059012854e+06
2.342928660826032461e-02 1.513884136544930050e+06
2.352941176470588203e-02 1.506473708174097585e+06
2.362953692115143944e-02 1.499112579767989926e+06
2.372966207759699686e-02 1.491800423344687326e+06
2.382978723404255081e-02 1.484536913104263134e+06
2.392991239048810823e-02 1.477321725414265180e+06
2.403003754693366564e-02 1.470154538795298431e+06
2.413016270337922306e-02 1.463035033906699857e+06
2.423028785982478048e-02 1.455962893532310612e+06
2.433041301627033789e-02 1.448937802566341124e+06
2.443053817271589531e-02 1.441959447999332799e+06
2.453066332916145273e-02 1.435027518904210068e+06
2.463078848560700668e-02 1.428141706422428368e+06
2.473091364205256409e-02 1.421301703750209883e+06
2.483103879849812151e-02 1.414507206124877324e+06
2.493116395494367893e-02 1.407757910811271984e+06
2.503128911138923635e-02 1.401053517088267021e+06
2.513141426783479376e-02 1.394393726235366659e+06
2.523153942428035118e-02 1.387778241519398522e+06
2.533166458072590513e-02 1.381206768181290478e+06
2.543178973717146255e-02 1.374679013422938995e+06
2.553191489361701996e-02 1.368194686394161778e+06
2.563204005006257738e-02 1.361753498179739807e+06
2.573216520650813480e-02 1.355355161786544137e+06
2.583229036295369221e-02 1.348999392130748834e+06
2.593241551939924963e-02 1.342685906025127275e+06
2.603254067584480358e-02 1.336414422166437143e+06
2.613266583229036100e-02 1.330184661122884601e+06
2.623279098873591841e-02 1.323996345321674366e+06
2.633291614518147583e-02 1.317849199036643142e+06
2.643304130162703325e-02 1.311742948375973385e+06
2.653316645807259067e-02 1.305677321269989945e+06
2.663329161451814808e-02 1.299652047459037974e+06
2.673341677096370203e-02 1.293666858481442090e+06
2.683354192740925945e-02 1.287721487661541905e+06
2.693366708385481686e-02 1.281815670097814174e+06
2.703379224030037428e-02 1.275949142651066650e+06
2.713391739674593170e-02 1.270121643932714825e+06
2.723404255319148912e-02 1.264332914293135749e+06
2.733416770963704653e-02 1.258582695810098900e+06
2.743429286608260395e-02 1.252870732277273666e+06
2.753441802252815790e-02 1.247196769192815293e+06
2.763454317897371532e-02 1.241560553748022299e+06
2.773466833541927273e-02 1.235961834816076793e+06
2.783479349186483015e-02 1.230400362940851366e+06
2.793491864831038757e-02 1.224875890325796558e+06
2.803504380475594499e-02 1.219388170822898857e+06
2.813516896120150240e-02 1.213936959921713918e+06
2.823529411764705635e-02 1.208522014738472644e+06
2.833541927409261377e-02 1.203143094005257357e+06
2.843554443053817118e-02 1.197799958059255499e+06
2.853566958698372860e-02 1.192492368832076434e+06
2.863579474342928602e-02 1.187220089839148335e+06
2.873591989987484344e-02 1.181982886169179576e+06
2.883604505632040085e-02 1.176780524473690894e+06
2.893617021276595480e-02 1.171612772956621367e+06
2.903629536921151222e-02 1.166479401363997022e+06
2.913642052565706964e-02 1.161380180973674636e+06
2.923654568210262705e-02 1.156314884585149121e+06
2.933667083854818447e-02 1.151283286509430502e+06
2.943679599499374189e-02 1.146285162558989367e+06
2.953692115143929930e-02 1.141320290037766099e+06
2.963704630788485672e-02 1.136388447731249500e+06
2.973717146433041067e-02 1.131489415896621533e+06
2.983729662077596809e-02 1.126622976252963301e+06
2.993742177722152550e-02 1.121788911971533205e+06
3.003754693366708292e-02 1.116987007666102145e+06
3.013767209011264034e-02 1.112217049383360427e+06
3.023779724655819776e-02 1.107478824593381956e+06
3.033792240300375517e-02 1.102772122180155944e+06
3.043804755944930912e-02 1.098096732432181016e+06
3.053817271589486654e-02 1.093452447033120319e+06
3.063829787234042396e-02 1.088839059052520199e+06
3.073842302878598137e-02 1.084256362936590333e+06
3.083854818523153879e-02 1.079704154499044642e+06
3.093867334167709621e-02 1.075182230912004365e+06
3.103879849812265362e-02 1.070690390696960036e+06
3.113892365456820757e-02 1.066228433715795400e+06
3.123904881101376499e-02 1.061796161161868135e+06
3.133917396745932588e-02 1.057393375551154604e+06
3.143929912390488329e-02 1.053019880713448860e+06
3.153942428035043377e-02 1.048675481783622410e+06
3.163954943679599119e-02 1.044359985192941851e+06
3.173967459324154861e-02 1.040073198660444701e+06
3.183979974968710602e-02 1.035814931184371701e+06
3.193992490613266344e-02 1.031584993033656618e+06
3.204005006257822086e-02 1.027383195739472867e+06
3.214017521902377827e-02 1.023209352086835541e+06
3.224030037546933569e-02 1.019063276106260600e+06
3.234042553191489311e-02 1.014944783065477968e+06
3.244055068836045053e-02 1.010853689461201546e+06
3.254067584480600794e-02 1.006789813010952435e+06
3.264080100125156536e-02 1.002752972644937225e+06
3.274092615769712278e-02 9.987429884979805211e+05
3.284105131414268020e-02 9.947596819015106885e+05
3.294117647058823761e-02 9.908028753755991347e+05
3.304130162703378809e-02 9.868723926210529171e+05
3.314142678347934551e-02 9.829680585115581052e+05
3.324155193992490293e-02 9.790896990858792560e+05
3.334167709637046034e-02 9.752371415401063859e+05
3.344180225281601776e-02 9.714102142199564259e+05
3.354192740926157518e-02 9.676087466131247347e+05
3.364205256570713259e-02 9.638325693416883005e+05
3.374217772215269001e-02 9.600815141545579536e+05
3.384230287859824743e-02 9.563554139199826168e+05
3.394242803504380485e-02 9.526541026181022171e+05
3.404255319148936226e-02 9.489774153335510055e+05
3.414267834793491968e-02 9.453251882481084904e+05
3.424280350438047710e-02 9.416972586334017105e+05
3.434292866082603451e-02 9.380934648436539574e+05
3.444305381727158499e-02 9.345136463084826246e+05
3.454317897371714241e-02 9.309576435257446719e+05
3.464330413016269983e-02 9.274252980544300517e+05
3.474342928660825724e-02 9.239164525076025166e+05
3.484355444305381466e-02 9.204309505453869933e+05
3.494367959949937208e-02 9.169686368680025917e+05
3.504380475594492950e-02 9.135293572088450892e+05
3.514392991239048691e-02 9.101129583276115591e+05
3.524405506883604433e-02 9.067192880034737755e+05
3.534418022528160175e-02 9.033481950282957405e+05
3.544430538172715917e-02 8.999995291998954490e+05
3.554443053817271658e-02 8.966731413153540343e+05
3.564455569461827400e-02 8.933688831643670565e+05
3.574468085106383142e-02 8.900866075226402609e+05
3.584480600750938883e-02 8.868261681453313213e+05
3.594493116395493931e-02 8.835874197605327936e+05
3.604505632040049673e-02 8.803702180627988419e+05
3.614518147684605415e-02 8.771744197067173664e+05
3.624530663329161156e-02 8.739998823005213635e+05
3.634543178973716898e-02 8.708464643997454550e+05
3.644555694618272640e-02 8.677140255009233952e+05
3.654568210262828382e-02 8.646024260353280697e+05
3.664580725907384123e-02 8.615115273627522402e+05
3.674593241551939865e-02 8.584411917653324781e+05
3.684605757196495607e-02 8.553912824414114002e+05
3.694618272841051348e-02 8.523616634994437918e+05
3.704630788485607090e-02 8.493521999519413803e+05
3.714643304130162832e-02 8.463627577094577719e+05
3.724655819774718574e-02 8.433932035746143665e+05
3.734668335419274315e-02 8.404434052361665526e+05
3.744680851063829363e-02 8.375132312631069217e+05
3.754693366708385105e-02 8.346025510988095775e+05
3.764705882352940847e-02 8.317112350552141434e+05
3.774718397997496588e-02 8.288391543070462067e+05
3.784730913642052330e-02 8.259861808860779274e+05
3.794743429286608072e-02 8.231521876754264813e+05
3.804755944931163814e-02 8.203370484038894065e+05
3.814768460575719555e-02 8.175406376403192990e+05
3.824780976220275297e-02 8.147628307880348293e+05
3.834793491864831039e-02 8.120035040792694781e+05
3.844806007509386780e-02 8.092625345696562435e+05
3.854818523153942522e-02 8.065398001327505335e+05
3.864831038798498264e-02 8.038351794545883313e+05
3.874843554443054006e-02 8.011485520282806829e+05
3.884856070087609053e-02 7.984797981486453209e+05
3.894868585732164795e-02 7.958287989068716997e+05
3.904881101376720537e-02 7.931954361852239817e+05
3.914893617021276279e-02 7.905795926517782500e+05
3.924906132665832020e-02 7.879811517551938305e+05
3.934918648310387762e-02 7.853999977195209358e+05
3.944931163954943504e-02 7.828360155390417203e+05
3.954943679599499246e-02 7.802890909731468419e+05
3.964956195244054987e-02 7.777591105412440374e+05
3.974968710888610729e-02 7.752459615177034866e+05
3.984981226533166471e-02 7.727495319268336752e+05
3.994993742177722212e-02 7.702697105378935812e+05
4.005006257822277954e-02 7.678063868601357099e+05
4.015018773466833696e-02 7.653594511378835887e+05
4.025031289111389438e-02 7.629287943456412759e+05
4.035043804755944485e-02 7.605143081832355820e+05
4.045056320400500227e-02 7.581158850709908875e+05
4.055068836045055969e-02 7.557334181449357420e+05
4.065081351689611711e-02 7.533668012520411285e+05
4.075093867334167452e-02 7.510159289454914397e+05
4.085106382978723194e-02 7.486806964799854904e+05
4.095118898623278936e-02 7.463609998070695437e+05
4.105131414267834677e-02 7.440567355705022346e+05
4.115143929912390419e-02 7.417678011016480159e+05
4.125156445556946161e-02 7.394940944149035495e+05
4.135168961201501903e-02 7.372355142031537835e+05
4.145181476846057644e-02 7.349919598332575988e+05
4.155193992490613386e-02 7.327633313415644225e+05
4.165206508135169128e-02 7.305495294294597115e+05
4.175219023779724176e-02 7.283504554589414038e+05
4.185231539424279917e-02 7.261660114482238423e+05
4.195244055068835659e-02 7.239961000673738308e+05
4.205256570713391401e-02 7.218406246339720674e+05
4.215269086357947143e-02 7.196994891088071745e+05
4.225281602002502884e-02 7.175725980915948749e+05
4.235294117647058626e-02 7.154598568167289486e+05
4.245306633291614368e-02 7.133611711490574526e+05
4.255319148936170109e-02 7.112764475796894403e+05
4.265331664580725851e-02 7.092055932218283415e+05
4.275344180225281593e-02 7.071485158066326985e+05
4.285356695869837335e-02 7.051051236791062402e+05
4.295369211514393076e-02 7.030753257940127514e+05
4.305381727158948818e-02 7.010590317118205130e+05
4.315394242803504560e-02 6.990561515946723521e+05
4.325406758448059608e-02 6.970665962023825850e+05
4.335419274092615349e-02 6.950902768884608522e+05
4.345431789737171091e-02 6.931271055961628444e+05
4.355444305381726833e-02 6.911769948545666412e+05
4.365456821026282574e-02 6.892398577746751253e+05
4.375469336670838316e-02 6.873156080455449410e+05
4.385481852315394058e-02 6.854041599304403644e+05
4.395494367959949800e-02 6.835054282630136004e+05
4.405506883604505541e-02 6.816193284435099922e+05
4.415519399249061283e-02 6.797457764349987265e+05
4.425531914893617025e-02 6.778846887596282177e+05
4.435544430538172767e-02 6.760359824949069880e+05
4.445556946182728508e-02 6.741995752700085286e+05
4.455569461827284250e-02 6.723753852621016558e+05
4.465581977471839992e-02 6.705633311927049654e+05
4.475594493116395040e-02 6.687633323240645695e+05
4.485607008760950781e-02 6.669753084555575624e+05
4.495619524405506523e-02 6.651991799201180693e+05
4.505632040050062265e-02 6.634348675806879764e+05
4.515644555694618006e-02 6.616822928266909439e+05
4.525657071339173748e-02 6.599413775705293519e+05
4.535669586983729490e-02 6.582120442441055784e+05
4.545682102628285232e-02 6.564942157953653950e+05
4.555694618272840973e-02 6.547878156848654617e+05
4.565707133917396715e-02 6.530927678823623573e+05
4.575719649561952457e-02 6.514089968634252436e+05
4.585732165206508198e-02 6.497364276060713455e+05
4.595744680851063940e-02 6.480749855874222703e+05
4.605757196495619682e-02 6.464245967803843087e+05
4.615769712140174730e-02 6.447851876503499225e+05
4.625782227784730471e-02 6.431566851519210031e+05
4.635794743429286213e-02 6.415390167256549466e+05
4.645807259073841955e-02 6.399321102948309854e+05
4.655819774718397697e-02 6.383358942622393370e+05
4.665832290362953438e-02 6.367502975069906097e+05
4.675844806007509180e-02 6.351752493813473266e+05
4.685857321652064922e-02 6.336106797075760551e+05
4.695869837296620664e-02 6.320565187748202588e+05
4.705882352941176405e-02 6.305126973359948024e+05
4.715894868585732147e-02 6.289791466047003632e+05
4.725907384230287889e-02 6.274557982521582162e+05
4.735919899874843630e-02 6.259425844041664386e+05
4.745932415519399372e-02 6.244394376380752074e+05
4.755944931163955114e-02 6.229462909797828179e+05
4.765957446808510162e-02 6.214630779007520759e+05
4.775969962453065903e-02 6.199897323150449665e+05
4.785982478097621645e-02 6.185261885763794417e+05
4.795994993742177387e-02 6.170723814752033213e+05
4.806007509386733129e-02 6.156282462357899640e+05
4.816020025031288870e-02 6.141937185133511666e+05
4.826032540675844612e-02 6.127687343911704374e+05
4.836045056320400354e-02 6.113532303777555935e+05
4.846057571964956096e-02 6.099471434040094027e+05
4.856070087609511837e-02 6.085504108204194345e+05
4.866082603254067579e-02 6.071629703942668857e+05
4.876095118898623321e-02 6.057847603068538010e+05
4.886107634543179062e-02 6.044157191507483367e+05
4.896120150187734804e-02 6.030557859270493500e+05
4.906132665832290546e-02 6.017049000426674029e+05
4.916145181476845594e-02 6.003630013076262549e+05
4.926157697121401335e-02 5.990300299323799554e+05
4.936170212765957077e-02 5.977059265251500765e+05
4.946182728410512819e-02 5.963906320892779622e+05
4.956195244055068561e-02 5.950840880205973517e+05
4.966207759699624302e-02 5.937862361048227176e+05
4.976220275344180044e-02 5.924970185149552999e+05
4.986232790988735786e-02 5.912163778087068349e+05
4.996245306633291527e-02 5.899442569259400479e+05
5.006257822277847269e-02 5.886805991861263756e+05
5.016270337922403011e-02 5.874253482858203351e+05
5.026282853566958753e-02 5.861784482961512404e+05
5.036295369211514494e-02 5.849398436603307491e+05
5.046307884856070236e-02 5.837094791911779903e+05
5.056320400500625284e-02 5.824873000686600571e+05
5.066332916145181026e-02 5.812732518374499632e+05
5.076345431789736767e-02 5.800672804044999648e+05
5.086357947434292509e-02 5.788693320366317639e+05
5.096370463078848251e-02 5.776793533581423108e+05
5.106382978723403993e-02 5.764972913484252058e+05
5.116395494367959734e-02 5.753230933396085165e+05
5.126408010012515476e-02 5.741567070142085431e+05
5.136420525657071218e-02 5.729980804027981358e+05
5.146433041301626959e-02 5.718471618816915434e+05
5.156445556946182701e-02 5.707039001706438139e+05
5.166458072590738443e-02 5.695682443305668421e+05
5.176470588235294185e-02 5.684401437612588052e+05
5.186483103879849926e-02 5.673195481991501292e+05
5.196495619524405668e-02 5.662064077150636585e+05
5.206508135168960716e-02 5.651006727119905408e+05
5.216520650813516458e-02 5.640022939228792675e+05
5.226533166458072199e-02 5.629112224084419431e+05
5.236545682102627941e-02 5.618274095549730118e+05
5.246558197747183683e-02 5.607508070721831173e+05
5.256570713391739424e-02 5.596813669910478638e+05
5.266583229036295166e-02 5.586190416616699658e+05
5.276595744680850908e-02 5.575637837511571124e+05
5.286608260325406650e-02 5.565155462415118236e+05
5.296620775969962391e-02 5.554742824275372550e+05
5.306633291614518133e-02 5.544399459147562739e+05
5.316645807259073875e-02 5.534124906173441559e+05
5.326658322903629617e-02 5.523918707560745534e+05
5.336670838548185358e-02 5.513780408562808298e+05
5.346683354192740406e-02 5.503709557458295021e+05
5.356695869837296148e-02 5.493705705531068379e+05
5.366708385481851890e-02 5.483768407050208189e+05
5.376720901126407631e-02 5.473897219250142807e+05
5.386733416770963373e-02 5.464091702310920227e+05
5.396745932415519115e-02 5.454351419338618871e+05
5.406758448060074856e-02 5.444675936345874798e+05
5.416770963704630598e-02 5.435064822232548613e+05
5.426783479349186340e-02 5.425517648766516941e+05
5.436795994993742082e-02 5.416033990564588457e+05
5.446808510638297823e-02 5.406613425073556136e+05
5.456821026282853565e-02 5.397255532551367069e+05
5.466833541927409307e-02 5.387959896048419178e+05
5.476846057571965048e-02 5.378726101388987154e+05
5.486858573216520790e-02 5.369553737152764807e+05
5.496871088861075838e-02 5.360442394656536635e+05
5.506883604505631580e-02 5.351391667935966980e+05
5.516896120150187321e-02 5.342401153727512574e+05
5.526908635794743063e-02 5.333470451450455002e+05
5.536921151439298805e-02 5.324599163189049577e+05
5.546933667083854547e-02 5.315786893674803432e+05
5.556946182728410288e-02 5.307033250268854899e+05
5.566958698372966030e-02 5.298337842944484437e+05
5.576971214017521772e-02 5.289700284269732656e+05
5.586983729662077514e-02 5.281120189390145242e+05
5.596996245306633255e-02 5.272597176011616830e+05
5.607008760951188997e-02 5.264130864383361768e+05
5.617021276595744739e-02 5.255720877280997811e+05
5.627033792240300480e-02 5.247366839989728760e+05
5.637046307884856222e-02 5.239068380287656328e+05
5.647058823529411270e-02 5.230825128429194447e+05
5.657071339173967012e-02 5.222636717128591845e+05
5.667083854818522753e-02 5.214502781543572783e+05
5.677096370463078495e-02 5.206422959259073832e+05
5.687108886107634237e-02 5.198396890271102311e+05
5.697121401752189979e-02 5.190424216970691923e+05
5.707133917396745720e-02 5.182504584127971902e+05
5.717146433041301462e-02 5.174637638876338606e+05
5.727158948685857204e-02 5.166823030696733040e+05
5.737171464330412946e-02 5.159060411402022000e+05
5.747183979974968687e-02 5.151349435121486895e+05
5.757196495619524429e-02 5.143689758285410935e+05
5.767209011264080171e-02 5.136081039609770523e+05
5.777221526908635912e-02 5.128522940081031993e+05
5.787234042553190960e-02 5.121015122941045556e+05
5.797246558197746702e-02 5.113557253672037041e+05
5.807259073842302444e-02 5.106148999981708475e+05
5.817271589486858185e-02 5.098790031788429478e+05
5.827284105131413927e-02 5.091480021206529927e+05
5.837296620775969669e-02 5.084218642531693913e+05
5.847309136420525411e-02 5.077005572226442164e+05
5.857321652065081152e-02 5.069840488905723323e+05
5.867334167709636894e-02 5.062723073322587879e+05
5.877346683354192636e-02 5.055653008353967452e+05
5.887359198998748377e-02 5.048629978986545466e+05
5.897371714643304119e-02 5.041653672302718041e+05
5.907384230287859861e-02 5.034723777466656175e+05
5.917396745932415603e-02 5.027839985710452311e+05
5.927409261576971344e-02 5.021001990320365876e+05
5.937421777221526392e-02 5.014209486623154371e+05
5.947434292866082134e-02 5.007462171972501092e+05
5.957446808510637876e-02 5.000759745735529577e+05
5.967459324155193617e-02 4.994101909279405954e+05
5.977471839799749359e-02 4.987488365958039649e+05
5.987484355444305101e-02 4.980918821098858025e+05
5.997496871088860843e-02 4.974392981989682885e+05
6.007509386733416584e-02 4.967910557865686133e+05
6.017521902377972326e-02 4.961471259896433912e+05
6.027534418022528068e-02 4.955074801173018059e+05
6.037546933667083809e-02 4.948720896695274860e+05
6.047559449311639551e-02 4.942409263359082979e+05
6.057571964956195293e-02 4.936139619943751022e+05
6.067584480600751035e-02 4.929911687099488336e+05
6.077596996245306776e-02 4.923725187334956718e+05
6.087609511889861824e-02 4.917579845004908275e+05
6.097622027534417566e-02 4.911475386297901277e+05
6.107634543178973308e-02 4.905411539224103908e+05
6.117647058823529049e-02 4.899388033603171934e+05
6.127659574468084791e-02 4.893404601052212529e+05
6.137672090112640533e-02 4.887460974973825505e+05
6.147684605757196274e-02 4.881556890544226044e+05
6.157697121401752016e-02 4.875692084701443091e+05
6.167709637046307758e-02 4.869866296133600408e+05
6.177722152690863500e-02 4.864079265267271549e+05
6.187734668335419241e-02 4.858330734255916905e+05
6.197747183979974983e-02 4.852620446968392353e+05
6.207759699624530725e-02 4.846948148977539386e+05
6.217772215269086467e-02 4.841313587548848009e+05
6.227784730913641514e-02 4.835716511629195302e+05
6.237797246558197256e-02 4.830156671835660236e+05
6.247809762202752998e-02 4.824633820444411249e+05
6.257822277847309433e-02 4.819147711379671237e+05
6.267834793491865175e-02 4.813698100202749483e+05
6.277847309136420917e-02 4.808284744101155084e+05
6.287859824780976659e-02 4.802907401877773227e+05
6.297872340425532400e-02 4.797565833940122393e+05
6.307884856070086754e-02 4.792259802289677318e+05
6.317897371714642496e-02 4.786989070511264144e+05
6.327909887359198238e-02 4.781753403762528906e+05
6.337922403003753979e-02 4.776552568763472373e+05
6.347934918648309721e-02 4.771386333786055911e+05
6.357947434292865463e-02 4.766254468643877190e+05
6.367959949937421205e-02 4.761156744681913988e+05
6.377972465581976946e-02 4.756092934766336111e+05
6.387984981226532688e-02 4.751062813274384243e+05
6.397997496871088430e-02 4.746066156084319809e+05
6.408010012515644171e-02 4.741102740565436543e+05
6.418022528160199913e-02 4.736172345568141318e+05
6.428035043804755655e-02 4.731274751414100756e+05
6.438047559449311397e-02 4.726409739886455354e+05
6.448060075093867138e-02 4.721577094220092986e+05
6.458072590738422880e-02 4.716776599091993412e+05
6.468085106382978622e-02 4.712008040611632750e+05
6.478097622027534364e-02 4.707271206311455462e+05
6.488110137672090105e-02 4.702565885137405712e+05
6.498122653316645847e-02 4.697891867439523339e+05
6.508135168961201589e-02 4.693248944962604437e+05
6.518147684605757330e-02 4.688636910836923053e+05
6.528160200250313072e-02 4.684055559569009929e+05
6.538172715894868814e-02 4.679504687032500515e+05
6.548185231539424556e-02 4.674984090459038271e+05
6.558197747183980297e-02 4.670493568429239094e+05
6.568210262828536039e-02 4.666032920863720356e+05
6.578222778473091781e-02 4.661601949014182901e+05
6.588235294117647523e-02 4.657200455454556504e+05
6.598247809762201876e-02 4.652828244072203524e+05
6.608260325406757618e-02 4.648485120059180772e+05
6.618272841051313360e-02 4.644170889903560746e+05
6.628285356695869102e-02 4.639885361380807590e+05
6.638297872340424843e-02 4.635628343545212992e+05
6.648310387984980585e-02 4.631399646721391473e+05
6.658322903629536327e-02 4.627199082495823968e+05
6.668335419274092069e-02 4.623026463708466617e+05
6.678347934918647810e-02 4.618881604444409022e+05
6.688360450563203552e-02 4.614764320025594789e+05
6.698372966207759294e-02 4.610674427002587472e+05
6.708385481852315035e-02 4.606611743146402296e+05
6.718397997496870777e-02 4.602576087440382689e+05
6.728410513141426519e-02 4.598567280072136782e+05
6.738423028785982261e-02 4.594585142425525701e+05
6.748435544430538002e-02 4.590629497072703671e+05
6.758448060075093744e-02 4.586700167766215745e+05
6.768460575719649486e-02 4.582796979431140935e+05
6.778473091364205227e-02 4.578919758157294709e+05
6.788485607008760969e-02 4.575068331191478064e+05
6.798498122653316711e-02 4.571242526929782471e+05
6.808510638297872453e-02 4.567442174909942551e+05
6.818523153942428194e-02 4.563667105803739978e+05
6.828535669586983936e-02 4.559917151409462094e+05
6.838548185231539678e-02 4.556192144644404179e+05
6.848560700876095420e-02 4.552491919537427020e+05
6.858573216520651161e-02 4.548816311221561045e+05
6.868585732165206903e-02 4.545165155926659936e+05
6.878598247809762645e-02 4.541538290972106042e+05
6.888610763454316999e-02 4.537935554759560036e+05
6.898623279098872740e-02 4.534356786765758879e+05
6.908635794743428482e-02 4.530801827535368502e+05
6.918648310387984224e-02 4.527270518673874903e+05
6.928660826032539966e-02 4.523762702840529964e+05
6.938673341677095707e-02 4.520278223741336842e+05
6.948685857321651449e-02 4.516816926122090081e+05
6.958698372966207191e-02 4.513378655761457630e+05
6.968710888610762932e-02 4.509963259464105358e+05
6.978723404255318674e-02 4.506570585053877439e+05
6.988735919899874416e-02 4.503200481367010507e+05
6.998748435544430158e-02 4.499852798245402519e+05
7.008760951188985899e-02 4.496527386529918876e+05
7.018773466833541641e-02 4.493224098053749185e+05
7.028785982478097383e-02 4.489942785635805340e+05
7.038798498122653124e-02 4.486683303074160940e+05
7.048811013767208866e-02 4.483445505139541347e+05
7.058823529411764608e-02 4.480229247568848077e+05
7.068836045056320350e-02 4.477034387058735592e+05
7.078848560700876091e-02 4.473860781259224168e+05
7.088861076345431833e-02 4.470708288767357008e+05
7.098873591989987575e-02 4.467576769120899262e+05
7.108886107634543317e-02 4.464466082792083034e+05
7.118898623279099058e-02 4.461376091181386146e+05
7.128911138923654800e-02 4.458306656611360377e+05
7.138923654568210542e-02 4.455257642320494633e+05
7.148936170212766283e-02 4.452228912457122351e+05
7.158948685857322025e-02 4.449220332073369063e+05
7.168961201501877767e-02 4.446231767119138967e+05
7.178973717146432121e-02 4.443263084436141653e+05
7.188986232790987863e-02 4.440314151751960744e+05
7.198998748435543604e-02 4.437384837674158043e+05
7.209011264080099346e-02 4.434475011684422498e+05
7.219023779724655088e-02 4.431584544132751762e+05
7.229036295369210829e-02 4.428713306231676834e+05
7.239048811013766571e-02 4.425861170050523360e+05
7.249061326658322313e-02 4.423028008509712527e+05
7.259073842302878055e-02 4.420213695375097450e+05
7.269086357947433796e-02 4.417418105252341484e+05
7.279098873591989538e-02 4.414641113581326208e+05
7.289111389236545280e-02 4.411882596630606567e+05
7.299123904881101021e-02 4.409142431491895695e+05
7.309136420525656763e-02 4.406420496074588154e+05
7.319148936170212505e-02 4.403716669100320432e+05
7.329161451814768247e-02 4.401030830097568687e+05
7.339173967459323988e-02 4.398362859396278509e+05
7.349186483103879730e-02 4.395712638122535427e+05
7.359198998748435472e-02 4.393080048193266848e+05
7.369211514392991214e-02 4.390464972310980665e+05
7.379224030037546955e-02 4.387867293958540540e+05
7.389236545682102697e-02 4.385286897393971449e+05
7.399249061326658439e-02 4.382723667645305977e+05
7.409261576971214180e-02 4.380177490505459718e+05
7.419274092615769922e-02 4.377648252527143341e+05
7.429286608260325664e-02 4.375135841017807252e+05
7.439299123904881406e-02 4.372640144034620607e+05
7.449311639549437147e-02 4.370161050379484659e+05
7.459324155193992889e-02 4.367698449594076374e+05
7.469336670838548631e-02 4.365252231954928720e+05
7.479349186483102985e-02 4.362822288468540646e+05
7.489361702127658726e-02 4.360408510866520228e+05
7.499374217772214468e-02 4.358010791600763332e+05
7.509386733416770210e-02 4.355629023838659050e+05
7.519399249061325952e-02 4.353263101458329475e+05
7.529411764705881693e-02 4.350912919043904403e+05
7.539424280350437435e-02 4.348578371880821069e+05
7.549436795994993177e-02 4.346259355951159960e+05
7.559449311639548919e-02 4.343955767929010908e+05
7.569461827284104660e-02 4.341667505175867700e+05
7.579474342928660402e-02 4.339394465736056445e+05
7.589486858573216144e-02 4.337136548332191305e+05
7.599499374217771885e-02 4.334893652360663400e+05
7.609511889862327627e-02 4.332665677887157653e+05
7.619524405506883369e-02 4.330452525642199907e+05
7.629536921151439111e-02 4.328254097016734304e+05
7.639549436795994852e-02 4.326070294057730353e+05
7.649561952440550594e-02 4.323901019463815610e+05
7.659574468085106336e-02 4.321746176580945030e+05
7.669586983729662077e-02 4.319605669398090686e+05
7.679599499374217819e-02 4.317479402542964090e+05
7.689612015018773561e-02 4.315367281277769362e+05
7.699624530663329303e-02 4.313269211494980264e+05
7.709637046307885044e-02 4.311185099713146919e+05
7.719649561952440786e-02 4.309114853072731057e+05
7.729662077596996528e-02 4.307058379331969190e+05
7.739674593241552270e-02 4.305015586862761993e+05
7.749687108886108011e-02 4.302986384646591614e+05
7.759699624530663753e-02 4.300970682270466932e+05
7.769712140175218107e-02 4.298968389922895003e+05
7.779724655819773849e-02 4.296979418389878119e+05
7.789737171464329590e-02 4.295003679050941137e+05
7.799749687108885332e-02 4.293041083875180921e+05
7.809762202753441074e-02 4.291091545417344314e+05
7.819774718397996816e-02 4.289154976813934045e+05
7.829787234042552557e-02 4.287231291779334424e+05
7.839799749687108299e-02 4.285320404601970804e+05
7.849812265331664041e-02 4.283422230140488246e+05
7.859824780976219782e-02 4.281536683819959289e+05
7.869837296620775524e-02 4.279663681628115010e+05
7.879849812265331266e-02 4.277803140111600515e+05
7.889862327909887008e-02 4.275954976372259553e+05
7.899874843554442749e-02 4.274119108063438325e+05
7.909887359198998491e-02 4.272295453386317822e+05
7.919899874843554233e-02 4.270483931086268276e+05
7.929912390488109974e-02 4.268684460449229227e+05
7.939924906132665716e-02 4.266896961298114038e+05
7.949937421777221458e-02 4.265121353989235940e+05
7.959949937421777200e-02 4.263357559408760862e+05
7.969962453066332941e-02 4.261605498969181208e+05
7.979974968710888683e-02 4.259865094605814666e+05
7.989987484355444425e-02 4.258136268773328047e+05
8.000000000000000167e-02 4.256418944442278589e+05
---------------
