field_vs_length
---------------
0.000000000000000000e+00 1.800000000000000000e+06
1.001251564455569429e-04 1.800000000000000000e+06
2.002503128911138858e-04 1.800000000000000000e+06
3.003754693366708422e-04 1.800000000000000000e+06
4.005006257822277716e-04 1.800000000000000000e+06
5.006257822277847009e-04 1.800000000000000000e+06
6.007509386733416844e-04 1.800000000000000000e+06
7.008760951188985596e-04 1.800000000000000000e+06
8.010012515644555431e-04 1.800000000000000000e+06
9.011264080100125267e-04 1.800000000000000000e+06
1.001251564455569402e-03 1.800000000000000000e+06
1.101376720901126385e-03 1.800000000000000000e+06
1.201501877346683369e-03 1.800000000000000000e+06
1.301627033792240352e-03 1.800000000000000000e+06
1.401752190237797119e-03 1.800000000000000000e+06
1.501877346683354103e-03 1.800000000000000000e+06
1.602002503128911086e-03 1.800000000000000000e+06
1.702127659574468070e-03 1.800000000000000000e+06
1.802252816020025053e-03 1.800000000000000000e+06
1.902377972465581820e-03 1.800000000000000000e+06
2.002503128911138804e-03 1.800000000000000000e+06
2.102628285356695787e-03 1.800000000000000000e+06
2.202753441802252771e-03 1.800000000000000000e+06
2.302878598247809754e-03 1.800000000000000000e+06
2.403003754693366738e-03 1.800000000000000000e+06
2.503128911138923721e-03 1.800000000000000000e+06
2.603254067584480705e-03 1.800000000000000000e+06
2.703379224030037255e-03 1.800000000000000000e+06
2.803504380475594238e-03 1.800000000000000000e+06
2.903629536921151222e-03 1.800000000000000000e+06
3.003754693366708205e-03 1.800000000000000000e+06
3.103879849812265189e-03 1.800000000000000000e+06
3.204005006257822172e-03 1.800000000000000000e+06
3.304130162703379156e-03 1.800000000000000000e+06
3.404255319148936140e-03 1.800000000000000000e+06
3.504380475594493123e-03 1.800000000000000000e+06
3.604505632040050107e-03 1.800000000000000000e+06
3.704630788485607090e-03 1.800000000000000000e+06
3.804755944931163640e-03 1.800000000000000000e+06
3.904881101376720624e-03 1.800000000000000000e+06
4.005006257822277607e-03 1.800000000000000000e+06
4.105131414267835024e-03 1.800000000000000000e+06
4.205256570713391574e-03 1.800000000000000000e+06
4.305381727158948124e-03 1.800000000000000000e+06
4.405506883604505541e-03 1.800000000000000000e+06
4.505632040050062091e-03 1.800000000000000000e+06
4.605757196495619508e-03 1.800000000000000000e+06
4.705882352941176058e-03 1.800000000000000000e+06
4.806007509386733476e-03 1.800000000000000000e+06
4.906132665832290025e-03 1.800000000000000000e+06
5.006257822277847443e-03 1.800000000000000000e+06
5.106382978723403993e-03 1.800000000000000000e+06
5.206508135168961410e-03 1.800000000000000000e+06
5.306633291614517960e-03 1.800000000000000000e+06
5.406758448060074509e-03 1.800000000000000000e+06
5.506883604505631927e-03 1.800000000000000000e+06
5.607008760951188477e-03 1.800000000000000000e+06
5.707133917396745894e-03 1.800000000000000000e+06
5.807259073842302444e-03 1.800000000000000000e+06
5.907384230287859861e-03 1.800000000000000000e+06
6.007509386733416411e-03 1.800000000000000000e+06
6.107634543178973828e-03 1.800000000000000000e+06
6.207759699624530378e-03 1.800000000000000000e+06
6.307884856070087795e-03 1.800000000000000000e+06
6.408010012515644345e-03 1.800000000000000000e+06
6.508135168961200895e-03 1.800000000000000000e+06
6.608260325406758312e-03 1.800000000000000000e+06
6.708385481852314862e-03 1.800000000000000000e+06
6.808510638297872279e-03 1.800000000000000000e+06
6.908635794743428829e-03 1.800000000000000000e+06
7.008760951188986246e-03 1.800000000000000000e+06
7.108886107634542796e-03 1.800000000000000000e+06
7.209011264080100213e-03 1.800000000000000000e+06
7.309136420525656763e-03 1.800000000000000000e+06
7.409261576971214180e-03 1.800000000000000000e+06
7.509386733416770730e-03 1.800000000000000000e+06
7.609511889862327280e-03 1.800000000000000000e+06
7.709637046307884697e-03 1.800000000000000000e+06
7.809762202753441247e-03 1.800000000000000000e+06
7.909887359198997797e-03 1.800000000000000000e+06
8.010012515644555214e-03 1.800000000000000000e+06
8.110137672090112632e-03 1.800000000000000000e+06
8.210262828535670049e-03 1.800000000000000000e+06
8.310387984981225731e-03 1.800000000000000000e+06
8.410513141426783149e-03 1.800000000000000000e+06
8.510638297872340566e-03 1.800000000000000000e+06
8.610763454317896248e-03 1.800000000000000000e+06
8.710888610763453666e-03 1.800000000000000000e+06
8.811013767209011083e-03 1.800000000000000000e+06
8.911138923654568500e-03 1.800000000000000000e+06
9.011264080100124182e-03 1.800000000000000000e+06
9.111389236545681600e-03 1.800000000000000000e+06
9.211514392991239017e-03 1.800000000000000000e+06
9.311639549436796434e-03 1.800000000000000000e+06
9.411764705882352117e-03 1.800000000000000000e+06
9.511889862327909534e-03 1.800000000000000000e+06
9.612015018773466951e-03 1.800000000000000000e+06
9.712140175219022634e-03 1.800000000000000000e+06
9.812265331664580051e-03 1.800000000000000000e+06
9.912390488110137468e-03 1.800000000000000000e+06
1.001251564455569489e-02 1.800000000000000000e+06
1.011264080100125057e-02 1.800000000000000000e+06
1.021276595744680799e-02 1.800000000000000000e+06
1.031289111389236540e-02 1.800000000000000000e+06
1.041301627033792282e-02 1.800000000000000000e+06
1.051314142678347850e-02 1.800000000000000000e+06
1.061326658322903592e-02 1.800000000000000000e+06
1.071339173967459334e-02 1.800000000000000000e+06
1.081351689612014902e-02 1.800000000000000000e+06
1.091364205256570644e-02 1.800000000000000000e+06
1.101376720901126385e-02 1.800000000000000000e+06
1.111389236545682127e-02 1.800000000000000000e+06
1.121401752190237695e-02 1.800000000000000000e+06
1.131414267834793437e-02 1.800000000000000000e+06
1.141426783479349179e-02 1.800000000000000000e+06
1.151439299123904920e-02 1.800000000000000000e+06
1.161451814768460489e-02 1.800000000000000000e+06
1.171464330413016230e-02 1.800000000000000000e+06
1.181476846057571972e-02 1.800000000000000000e+06
1.191489361702127540e-02 1.800000000000000000e+06
1.201501877346683282e-02 1.800000000000000000e+06
1.211514392991239024e-02 1.800000000000000000e+06
1.221526908635794766e-02 1.800000000000000000e+06
1.231539424280350334e-02 1.800000000000000000e+06
1.241551939924906076e-02 1.800000000000000000e+06
1.251564455569461817e-02 1.800000000000000000e+06
1.261576971214017559e-02 1.800000000000000000e+06
1.271589486858573127e-02 1.800000000000000000e+06
1.281602002503128869e-02 1.800000000000000000e+06
1.291614518147684611e-02 1.800000000000000000e+06
1.301627033792240179e-02 1.800000000000000000e+06
1.311639549436795921e-02 1.800000000000000000e+06
1.321652065081351662e-02 1.800000000000000000e+06
1.331664580725907404e-02 1.800000000000000000e+06
1.341677096370462972e-02 1.800000000000000000e+06
1.351689612015018714e-02 1.800000000000000000e+06
1.361702127659574456e-02 1.800000000000000000e+06
1.371714643304130198e-02 1.800000000000000000e+06
1.381727158948685766e-02 1.800000000000000000e+06
1.391739674593241508e-02 1.800000000000000000e+06
1.401752190237797249e-02 1.800000000000000000e+06
1.411764705882352818e-02 1.800000000000000000e+06
1.421777221526908559e-02 1.800000000000000000e+06
1.431789737171464301e-02 1.800000000000000000e+06
1.441802252816020043e-02 1.800000000000000000e+06
1.451814768460575611e-02 1.800000000000000000e+06
1.461827284105131353e-02 1.800000000000000000e+06
1.471839799749687094e-02 1.800000000000000000e+06
1.481852315394242836e-02 1.800000000000000000e+06
1.491864831038798404e-02 1.800000000000000000e+06
1.501877346683354146e-02 1.800000000000000000e+06
1.511889862327909888e-02 1.800000000000000000e+06
1.521902377972465456e-02 1.800000000000000000e+06
1.531914893617021198e-02 1.800000000000000000e+06
1.541927409261576939e-02 1.800000000000000000e+06
1.551939924906132681e-02 1.800000000000000000e+06
1.561952440550688249e-02 1.800000000000000000e+06
1.571964956195244165e-02 1.800000000000000000e+06
1.581977471839799559e-02 1.800000000000000000e+06
1.591989987484355301e-02 1.800000000000000000e+06
1.602002503128911043e-02 1.800000000000000000e+06
1.612015018773466785e-02 1.800000000000000000e+06
1.622027534418022526e-02 1.800000000000000000e+06
1.632040050062578268e-02 1.800000000000000000e+06
1.642052565707134010e-02 1.800000000000000000e+06
1.652065081351689405e-02 1.800000000000000000e+06
1.662077596996245146e-02 1.800000000000000000e+06
1.672090112640800888e-02 1.800000000000000000e+06
1.682102628285356630e-02 1.800000000000000000e+06
1.692115143929912371e-02 1.800000000000000000e+06
1.702127659574468113e-02 1.800000000000000000e+06
1.712140175219023855e-02 1.800000000000000000e+06
1.722152690863579250e-02 1.800000000000000000e+06
1.732165206508134991e-02 1.800000000000000000e+06
1.742177722152690733e-02 1.800000000000000000e+06
1.752190237797246475e-02 1.800000000000000000e+06
1.762202753441802217e-02 1.800000000000000000e+06
1.772215269086357958e-02 1.800000000000000000e+06
1.782227784730913700e-02 1.800000000000000000e+06
1.792240300375469442e-02 1.800000000000000000e+06
1.802252816020024836e-02 1.800000000000000000e+06
1.812265331664580578e-02 1.800000000000000000e+06
1.822277847309136320e-02 1.800000000000000000e+06
1.832290362953692062e-02 1.800000000000000000e+06
1.842302878598247803e-02 1.800000000000000000e+06
1.852315394242803545e-02 1.800000000000000000e+06
1.862327909887359287e-02 1.800000000000000000e+06
1.872340425531914682e-02 1.800000000000000000e+06
1.882352941176470423e-02 1.800000000000000000e+06
1.892365456821026165e-02 1.800000000000000000e+06
1.902377972465581907e-02 1.800000000000000000e+06
1.912390488110137649e-02 1.800000000000000000e+06
1.922403003754693390e-02 1.800000000000000000e+06
1.932415519399249132e-02 1.800000000000000000e+06
1.942428035043804527e-02 1.800000000000000000e+06
1.952440550688360268e-02 1.800000000000000000e+06
1.962453066332916010e-02 1.800000000000000000e+06
1.972465581977471752e-02 1.800000000000000000e+06
1.982478097622027494e-02 1.800000000000000000e+06
1.992490613266583235e-02 1.800000000000000000e+06
2.002503128911138977e-02 1.797332222377638100e+06
2.012515644555694719e-02 1.786705519267323194e+06
2.022528160200250114e-02 1.776149513296534773e+06
2.032540675844805855e-02 1.765663734132612357e+06
2.042553191489361597e-02 1.755247714571917197e+06
2.052565707133917339e-02 1.744900990519014420e+06
2.062578222778473080e-02 1.734623100965994410e+06
2.072590738423028822e-02 1.724413587971933885e+06
2.082603254067584564e-02 1.714271996642489452e+06
2.092615769712139959e-02 1.704197875109631335e+06
2.102628285356695700e-02 1.694190774511508178e+06
2.112640801001251442e-02 1.684250248972450150e+06
2.122653316645807184e-02 1.674375855583100347e+06
2.132665832290362926e-02 1.664567154380681459e+06
2.142678347934918667e-02 1.654823708329392597e+06
2.152690863579474409e-02 1.645145083300936501e+06
2.162703379224029804e-02 1.635530848055177368e+06
2.172715894868585546e-02 1.625980574220925337e+06
2.182728410513141287e-02 1.616493836276851362e+06
2.192740926157697029e-02 1.607070211532526650e+06
2.202753441802252771e-02 1.597709280109590152e+06
2.212765957446808512e-02 1.588410624923039461e+06
2.222778473091364254e-02 1.579173831662648125e+06
2.232790988735919996e-02 1.569998488774504978e+06
2.242803504380475391e-02 1.560884187442678260e+06
2.252816020025031132e-02 1.551830521570998244e+06
2.262828535669586874e-02 1.542837087764965137e+06
2.272841051314142616e-02 1.533903485313774785e+06
2.282853566958698358e-02 1.525029316172464984e+06
2.292866082603254099e-02 1.516214184944179142e+06
2.302878598247809841e-02 1.507457698862550547e+06
2.312891113892365236e-02 1.498759467774201417e+06
2.322903629536920977e-02 1.490119104121358134e+06
2.332916145181476719e-02 1.481536222924586153e+06
2.342928660826032461e-02 1.473010441765634343e+06
2.352941176470588203e-02 1.464541380770397373e+06
2.362953692115143944e-02 1.456128662591988454e+06
2.372966207759699686e-02 1.447771912393928505e+06
2.382978723404255081e-02 1.439470757833443582e+06
2.392991239048810823e-02 1.431224829044874525e+06
2.403003754693366564e-02 1.423033758623198140e+06
2.413016270337922306e-02 1.414897181607656879e+06
2.423028785982478048e-02 1.406814735465497710e+06
2.433041301627033789e-02 1.398786060075818328e+06
2.443053817271589531e-02 1.390810797713523265e+06
2.453066332916145273e-02 1.382888593033383135e+06
2.463078848560700668e-02 1.375019093054203782e+06
2.473091364205256409e-02 1.367201947143097175e+06
2.483103879849812151e-02 1.359436806999859866e+06
2.493116395494367893e-02 1.351723326641453663e+06
2.503128911138923635e-02 1.344061162386590848e+06
2.513141426783479376e-02 1.336449972840419039e+06
2.523153942428035118e-02 1.328889418879312463e+06
2.533166458072590513e-02 1.321379163635760779e+06
2.543178973717146255e-02 1.313918872483358718e+06
2.553191489361701996e-02 1.306508213021899108e+06
2.563204005006257738e-02 1.299146855062559713e+06
2.573216520650813480e-02 1.291834470613193465e+06
2.583229036295369221e-02 1.284570733863712754e+06
2.593241551939924963e-02 1.277355321171574062e+06
2.603254067584480358e-02 1.270187911047356902e+06
2.613266583229036100e-02 1.263068184140439378e+06
2.623279098873591841e-02 1.255995823224770604e+06
2.633291614518147583e-02 1.248970513184735086e+06
2.643304130162703325e-02 1.241991941001112340e+06
2.653316645807259067e-02 1.235059795737131499e+06
2.663329161451814808e-02 1.228173768524615094e+06
2.673341677096370203e-02 1.221333552550219465e+06
2.683354192740925945e-02 1.214538843041762244e+06
2.693366708385481686e-02 1.207789337254644837e+06
2.703379224030037428e-02 1.201084734458361752e+06
2.713391739674593170e-02 1.194424735923102591e+06
2.723404255319148912e-02 1.187809044906440889e+06
2.733416770963704653e-02 1.181237366640113061e+06
2.743429286608260395e-02 1.174709408316884190e+06
2.753441802252815790e-02 1.168224879077502992e+06
2.763454317897371532e-02 1.161783489997739904e+06
2.773466833541927273e-02 1.155384954075516202e+06
2.783479349186483015e-02 1.149028986218115781e+06
2.793491864831038757e-02 1.142715303229481913e+06
2.803504380475594499e-02 1.136443623797598528e+06
2.813516896120150240e-02 1.130213668481958564e+06
2.823529411764705635e-02 1.124025159701111494e+06
2.833541927409261377e-02 1.117877821720294189e+06
2.843554443053817118e-02 1.111771380639149109e+06
2.853566958698372860e-02 1.105705564379516058e+06
2.863579474342928602e-02 1.099680102673312649e+06
2.873591989987484344e-02 1.093694727050490910e+06
2.883604505632040085e-02 1.087749170827075373e+06
2.893617021276595480e-02 1.081843169093281496e+06
2.903629536921151222e-02 1.075976458701710915e+06
2.913642052565706964e-02 1.070148778255627956e+06
2.923654568210262705e-02 1.064359868097313214e+06
2.933667083854818447e-02 1.058609470296492102e+06
2.943679599499374189e-02 1.052897328638845123e+06
2.953692115143929930e-02 1.047223188614589744e+06
2.963704630788485672e-02 1.041586797407142469e+06
2.973717146433041067e-02 1.035987903881853214e+06
2.983729662077596809e-02 1.030426258574815351e+06
2.993742177722152550e-02 1.024901613681752235e+06
3.003754693366708292e-02 1.019413723046973930e+06
3.013767209011264034e-02 1.013962342152411700e+06
3.023779724655819776e-02 1.008547228106722003e+06
3.033792240300375517e-02 1.003168139634463820e+06
3.043804755944930912e-02 9.978248370653497986e+05
3.053817271589486654e-02 9.925170823235661956e+05
3.063829787234042396e-02 9.872446389171659248e+05
3.073842302878598137e-02 9.820072719275318086e+05
3.083854818523153879e-02 9.768047479989082785e+05
3.093867334167709621e-02 9.716368353280050214e+05
3.103879849812265362e-02 9.665033036536687287e+05
3.113892365456820757e-02 9.614039242466232972e+05
3.123904881101376499e-02 9.563384698992779013e+05
3.133917396745932588e-02 9.513067149156052619e+05
3.143929912390488329e-02 9.463084351010842947e+05
3.153942428035043377e-02 9.413434077527113259e+05
3.163954943679599119e-02 9.364114116490763845e+05
3.173967459324154861e-02 9.315122270405081799e+05
3.183979974968710602e-02 9.266456356392819434e+05
3.193992490613266344e-02 9.218114206098933937e+05
3.204005006257822086e-02 9.170093665593975456e+05
3.214017521902377827e-02 9.122392595278120134e+05
3.224030037546933569e-02 9.075008869785835268e+05
3.234042553191489311e-02 9.027940377891176613e+05
3.244055068836045053e-02 8.981185022413731785e+05
3.254067584480600794e-02 8.934740720125170192e+05
3.264080100125156536e-02 8.888605401656425092e+05
3.274092615769712278e-02 8.842777011405491503e+05
3.284105131414268020e-02 8.797253507445836440e+05
3.294117647058823761e-02 8.752032861435419181e+05
3.304130162703378809e-02 8.707113058526318055e+05
3.314142678347934551e-02 8.662492097274949774e+05
3.324155193992490293e-02 8.618167989552905783e+05
3.334167709637046034e-02 8.574138760458357865e+05
3.344180225281601776e-02 8.530402448228072608e+05
3.354192740926157518e-02 8.486957104149997467e+05
3.364205256570713259e-02 8.443800792476438219e+05
3.374217772215269001e-02 8.400931590337805683e+05
3.384230287859824743e-02 8.358347587656943360e+05
3.394242803504380485e-02 8.316046887064025505e+05
3.404255319148936226e-02 8.274027603812011657e+05
3.414267834793491968e-02 8.232287865692668129e+05
3.424280350438047710e-02 8.190825812953162240e+05
3.434292866082603451e-02 8.149639598213187419e+05
3.444305381727158499e-02 8.108727386382658733e+05
3.454317897371714241e-02 8.068087354579939274e+05
3.464330413016269983e-02 8.027717692050628830e+05
3.474342928660825724e-02 7.987616600086886901e+05
3.484355444305381466e-02 7.947782291947279591e+05
3.494367959949937208e-02 7.908212992777173640e+05
3.504380475594492950e-02 7.868906939529658994e+05
3.514392991239048691e-02 7.829862380886989413e+05
3.524405506883604433e-02 7.791077577182558598e+05
3.534418022528160175e-02 7.752550800323379226e+05
3.544430538172715917e-02 7.714280333713090513e+05
3.554443053817271658e-02 7.676264472175475676e+05
3.564455569461827400e-02 7.638501521878481144e+05
3.574468085106383142e-02 7.600989800258745672e+05
3.584480600750938883e-02 7.563727635946644004e+05
3.594493116395493931e-02 7.526713368691803189e+05
3.604505632040049673e-02 7.489945349289129954e+05
3.614518147684605415e-02 7.453421939505340997e+05
3.624530663329161156e-02 7.417141512005958939e+05
3.634543178973716898e-02 7.381102450282804202e+05
3.644555694618272640e-02 7.345303148581981659e+05
3.654568210262828382e-02 7.309742011832321296e+05
3.664580725907384123e-02 7.274417455574312480e+05
3.674593241551939865e-02 7.239327905889514368e+05
3.684605757196495607e-02 7.204471799330416834e+05
3.694618272841051348e-02 7.169847582850786857e+05
3.704630788485607090e-02 7.135453713736472419e+05
3.714643304130162832e-02 7.101288659536659252e+05
3.724655819774718574e-02 7.067350897995592095e+05
3.734668335419274315e-02 7.033638916984761599e+05
3.744680851063829363e-02 7.000151214435508009e+05
3.754693366708385105e-02 6.966886298272109125e+05
3.764705882352940847e-02 6.933842686345304828e+05
3.774718397997496588e-02 6.901018906366243027e+05
3.784730913642052330e-02 6.868413495840891264e+05
3.794743429286608072e-02 6.836025002004874405e+05
3.804755944931163814e-02 6.803851981758736074e+05
3.814768460575719555e-02 6.771893001603648299e+05
3.824780976220275297e-02 6.740146637577541405e+05
3.834793491864831039e-02 6.708611475191651843e+05
3.844806007509386780e-02 6.677286109367499594e+05
3.854818523153942522e-02 6.646169144374292810e+05
3.864831038798498264e-02 6.615259193766724784e+05
3.874843554443054006e-02 6.584554880323207472e+05
3.884856070087609053e-02 6.554054835984518286e+05
3.894868585732164795e-02 6.523757701792819425e+05
3.904881101376720537e-02 6.493662127831131220e+05
3.914893617021276279e-02 6.463766773163180333e+05
3.924906132665832020e-02 6.434070305773643777e+05
3.934918648310387762e-02 6.404571402508809697e+05
3.944931163954943504e-02 6.375268749017619994e+05
3.954943679599499246e-02 6.346161039693106432e+05
3.964956195244054987e-02 6.317246977614217903e+05
3.974968710888610729e-02 6.288525274488038849e+05
3.984981226533166471e-02 6.259994650592384860e+05
3.994993742177722212e-02 6.231653834718783619e+05
4.005006257822277954e-02 6.203501564115837682e+05
4.015018773466833696e-02 6.175536584432956297e+05
4.025031289111389438e-02 6.147757649664471392e+05
4.035043804755944485e-02 6.120163522094121436e+05
4.045056320400500227e-02 6.092752972239896189e+05
4.055068836045055969e-02 6.065524778799265623e+05
4.065081351689611711e-02 6.038477728594755754e+05
4.075093867334167452e-02 6.011610616519901669e+05
4.085106382978723194e-02 5.984922245485548628e+05
4.095118898623278936e-02 5.958411426366509404e+05
4.105131414267834677e-02 5.932076977948597632e+05
4.115143929912390419e-02 5.905917726875976659e+05
4.125156445556946161e-02 5.879932507598897209e+05
4.135168961201501903e-02 5.854120162321757525e+05
4.145181476846057644e-02 5.828479540951516246e+05
4.155193992490613386e-02 5.803009501046449877e+05
4.165206508135169128e-02 5.777708907765252516e+05
4.175219023779724176e-02 5.752576633816473186e+05
4.185231539424279917e-02 5.727611559408272151e+05
4.195244055068835659e-02 5.702812572198556736e+05
4.205256570713391401e-02 5.678178567245395388e+05
4.215269086357947143e-02 5.653708446957794949e+05
4.225281602002502884e-02 5.629401121046799235e+05
4.235294117647058626e-02 5.605255506476901937e+05
4.245306633291614368e-02 5.581270527417799458e+05
4.255319148936170109e-02 5.557445115196451079e+05
4.265331664580725851e-02 5.533778208249466261e+05
4.275344180225281593e-02 5.510268752075801603e+05
4.285356695869837335e-02 5.486915699189784937e+05
4.295369211514393076e-02 5.463718009074432775e+05
4.305381727158948818e-02 5.440674648135092575e+05
4.315394242803504560e-02 5.417784589653398143e+05
4.325406758448059608e-02 5.395046813741514925e+05
4.335419274092615349e-02 5.372460307296693791e+05
4.345431789737171091e-02 5.350024063956146128e+05
4.355444305381726833e-02 5.327737084052190185e+05
4.365456821026282574e-02 5.305598374567716382e+05
4.375469336670838316e-02 5.283606949091942515e+05
4.385481852315394058e-02 5.261761827776462305e+05
4.395494367959949800e-02 5.240062037291583838e+05
4.405506883604505541e-02 5.218506610782972421e+05
4.415519399249061283e-02 5.197094587828557706e+05
4.425531914893617025e-02 5.175825014395751641e+05
4.435544430538172767e-02 5.154696942798935925e+05
4.445556946182728508e-02 5.133709431657239911e+05
4.455569461827284250e-02 5.112861545852590352e+05
4.465581977471839992e-02 5.092152356488056248e+05
4.475594493116395040e-02 5.071580940846453304e+05
4.485607008760950781e-02 5.051146382349228370e+05
4.495619524405506523e-02 5.030847770515634329e+05
4.505632040050062265e-02 5.010684200922148884e+05
4.515644555694618006e-02 4.990654775162181468e+05
4.525657071339173748e-02 4.970758600806049653e+05
4.535669586983729490e-02 4.950994791361206444e+05
4.545682102628285232e-02 4.931362466232747538e+05
4.555694618272840973e-02 4.911860750684176455e+05
4.565707133917396715e-02 4.892488775798426359e+05
4.575719649561952457e-02 4.873245678439146723e+05
4.585732165206508198e-02 4.854130601212244364e+05
4.595744680851063940e-02 4.835142692427683505e+05
4.605757196495619682e-02 4.816281106061534956e+05
4.615769712140174730e-02 4.797545001718284329e+05
4.625782227784730471e-02 4.778933544593382976e+05
4.635794743429286213e-02 4.760445905436056200e+05
4.645807259073841955e-02 4.742081260512354202e+05
4.655819774718397697e-02 4.723838791568449815e+05
4.665832290362953438e-02 4.705717685794178396e+05
4.675844806007509180e-02 4.687717135786826839e+05
4.685857321652064922e-02 4.669836339515154832e+05
4.695869837296620664e-02 4.652074500283660018e+05
4.705882352941176405e-02 4.634430826697084121e+05
4.715894868585732147e-02 4.616904532625147840e+05
4.725907384230287889e-02 4.599494837167522637e+05
4.735919899874843630e-02 4.582200964619045262e+05
4.745932415519399372e-02 4.565022144435145892e+05
4.755944931163955114e-02 4.547957611197518418e+05
4.765957446808510162e-02 4.531006604580023559e+05
4.775969962453065903e-02 4.514168369314799784e+05
4.785982478097621645e-02 4.497442155158622190e+05
4.795994993742177387e-02 4.480827216859466862e+05
4.806007509386733129e-02 4.464322814123315038e+05
4.816020025031288870e-02 4.447928211581156356e+05
4.826032540675844612e-02 4.431642678756234236e+05
4.836045056320400354e-02 4.415465490031492664e+05
4.846057571964956096e-02 4.399395924617249984e+05
4.856070087609511837e-02 4.383433266519078752e+05
4.866082603254067579e-02 4.367576804505906766e+05
4.876095118898623321e-02 4.351825832078328822e+05
4.886107634543179062e-02 4.336179647437124513e+05
4.896120150187734804e-02 4.320637553451991989e+05
4.906132665832290546e-02 4.305198857630484272e+05
4.916145181476845594e-02 4.289862872087156866e+05
4.926157697121401335e-02 4.274628913512914442e+05
4.936170212765957077e-02 4.259496303144572303e+05
4.946182728410512819e-02 4.244464366734605283e+05
4.956195244055068561e-02 4.229532434521113173e+05
4.966207759699624302e-02 4.214699841197974747e+05
4.976220275344180044e-02 4.199965925885203760e+05
4.986232790988735786e-02 4.185330032099506352e+05
4.996245306633291527e-02 4.170791507725028787e+05
5.006257822277847269e-02 4.156349704984300770e+05
5.016270337922403011e-02 4.142003980409374344e+05
5.026282853566958753e-02 4.127753694813156617e+05
5.036295369211514494e-02 4.113598213260923512e+05
5.046307884856070236e-02 4.099536905042033759e+05
5.056320400500625284e-02 4.085569143641829723e+05
5.066332916145181026e-02 4.071694306713713449e+05
5.076345431789736767e-02 4.057911776051428169e+05
5.086357947434292509e-02 4.044220937561506289e+05
5.096370463078848251e-02 4.030621181235912372e+05
5.106382978723403993e-02 4.017111901124859578e+05
5.116395494367959734e-02 4.003692495309812366e+05
5.126408010012515476e-02 3.990362365876669064e+05
5.136420525657071218e-02 3.977120918889121385e+05
5.146433041301626959e-02 3.963967564362188568e+05
5.156445556946182701e-02 3.950901716235930216e+05
5.166458072590738443e-02 3.937922792349335505e+05
5.176470588235294185e-02 3.925030214414387010e+05
5.186483103879849926e-02 3.912223407990287524e+05
5.196495619524405668e-02 3.899501802457870799e+05
5.206508135168960716e-02 3.886864830994177028e+05
5.216520650813516458e-02 3.874311930547191296e+05
5.226533166458072199e-02 3.861842541810765397e+05
5.236545682102627941e-02 3.849456109199690982e+05
5.246558197747183683e-02 3.837152080824950244e+05
5.256570713391739424e-02 3.824929908469117945e+05
5.266583229036295166e-02 3.812789047561943298e+05
5.276595744680850908e-02 3.800728957156081451e+05
5.286608260325406650e-02 3.788749099902991438e+05
5.296620775969962391e-02 3.776848942028996535e+05
5.306633291614518133e-02 3.765027953311500605e+05
5.316645807259073875e-02 3.753285607055361033e+05
5.326658322903629617e-02 3.741621380069423467e+05
5.336670838548185358e-02 3.730034752643210231e+05
5.346683354192740406e-02 3.718525208523765905e+05
5.356695869837296148e-02 3.707092234892650158e+05
5.366708385481851890e-02 3.695735322343095904e+05
5.376720901126407631e-02 3.684453964857305400e+05
5.386733416770963373e-02 3.673247659783908748e+05
5.396745932415519115e-02 3.662115907815564424e+05
5.406758448060074856e-02 3.651058212966714054e+05
5.416770963704630598e-02 3.640074082551484462e+05
5.426783479349186340e-02 3.629163027161733480e+05
5.436795994993742082e-02 3.618324560645244201e+05
5.446808510638297823e-02 3.607558200084065320e+05
5.456821026282853565e-02 3.596863465772991767e+05
5.466833541927409307e-02 3.586239881198194344e+05
5.476846057571965048e-02 3.575686973015984986e+05
5.486858573216520790e-02 3.565204271031731041e+05
5.496871088861075838e-02 3.554791308178899344e+05
5.506883604505631580e-02 3.544447620498248143e+05
5.516896120150187321e-02 3.534172747117157560e+05
5.526908635794743063e-02 3.523966230229091016e+05
5.536921151439298805e-02 3.513827615073199850e+05
5.546933667083854547e-02 3.503756449914061232e+05
5.556946182728410288e-02 3.493752286021548789e+05
5.566958698372966030e-02 3.483814677650838858e+05
5.576971214017521772e-02 3.473943182022551773e+05
5.586983729662077514e-02 3.464137359303022968e+05
5.596996245306633255e-02 3.454396772584704449e+05
5.607008760951188997e-02 3.444720987866700161e+05
5.617021276595744739e-02 3.435109574035425903e+05
5.627033792240300480e-02 3.425562102845403715e+05
5.637046307884856222e-02 3.416078148900178494e+05
5.647058823529411270e-02 3.406657289633364999e+05
5.657071339173967012e-02 3.397299105289819418e+05
5.667083854818522753e-02 3.388003178906940157e+05
5.677096370463078495e-02 3.378769096296084463e+05
5.687108886107634237e-02 3.369596446024116594e+05
5.697121401752189979e-02 3.360484819395076483e+05
5.707133917396745720e-02 3.351433810431967722e+05
5.717146433041301462e-02 3.342443015858673025e+05
5.727158948685857204e-02 3.333512035081980284e+05
5.737171464330412946e-02 3.324640470173739595e+05
5.747183979974968687e-02 3.315827925853127963e+05
5.757196495619524429e-02 3.307074009469040902e+05
5.767209011264080171e-02 3.298378330982594634e+05
5.777221526908635912e-02 3.289740502949750517e+05
5.787234042553190960e-02 3.281160140504051815e+05
5.797246558197746702e-02 3.272636861339471070e+05
5.807259073842302444e-02 3.264170285693380865e+05
5.817271589486858185e-02 3.255760036329633440e+05
5.827284105131413927e-02 3.247405738521748572e+05
5.837296620775969669e-02 3.239107020036221365e+05
5.847309136420525411e-02 3.230863511115934234e+05
5.857321652065081152e-02 3.222674844463683548e+05
5.867334167709636894e-02 3.214540655225814553e+05
5.877346683354192636e-02 3.206460580975962803e+05
5.887359198998748377e-02 3.198434261698909104e+05
5.897371714643304119e-02 3.190461339774535154e+05
5.907384230287859861e-02 3.182541459961892106e+05
5.917396745932415603e-02 3.174674269383373903e+05
5.927409261576971344e-02 3.166859417508989573e+05
5.937421777221526392e-02 3.159096556140747853e+05
5.947434292866082134e-02 3.151385339397144271e+05
5.957446808510637876e-02 3.143725423697747756e+05
5.967459324155193617e-02 3.136116467747892602e+05
5.977471839799749359e-02 3.128558132523474051e+05
5.987484355444305101e-02 3.121050081255837576e+05
5.997496871088860843e-02 3.113591979416780523e+05
6.007509386733416584e-02 3.106183494703641627e+05
6.017521902377972326e-02 3.098824297024495900e+05
6.027534418022528068e-02 3.091514058483449044e+05
6.037546933667083809e-02 3.084252453366028494e+05
6.047559449311639551e-02 3.077039158124666428e+05
6.057571964956195293e-02 3.069873851364286966e+05
6.067584480600751035e-02 3.062756213827986503e+05
6.077596996245306776e-02 3.055685928382807760e+05
6.087609511889861824e-02 3.048662680005609291e+05
6.097622027534417566e-02 3.041686155769030447e+05
6.107634543178973308e-02 3.034756044827547157e+05
6.117647058823529049e-02 3.027872038403624902e+05
6.127659574468084791e-02 3.021033829773957259e+05
6.137672090112640533e-02 3.014241114255801076e+05
6.147684605757196274e-02 3.007493589193401276e+05
6.157697121401752016e-02 3.000790953944506473e+05
6.167709637046307758e-02 2.994132909866971895e+05
6.177722152690863500e-02 2.987519160305453115e+05
6.187734668335419241e-02 2.980949410578190582e+05
6.197747183979974983e-02 2.974423367963876808e+05
6.207759699624530725e-02 2.967940741688616108e+05
6.217772215269086467e-02 2.961501242912969319e+05
6.227784730913641514e-02 2.955104584719080012e+05
6.237797246558197256e-02 2.948750482097896747e+05
6.247809762202752998e-02 2.942438651936469832e+05
6.257822277847309433e-02 2.936168813005338889e+05
6.267834793491865175e-02 2.929940685945999576e+05
6.277847309136420917e-02 2.923753993258462870e+05
6.287859824780976659e-02 2.917608459288883605e+05
6.297872340425532400e-02 2.911503810217282735e+05
6.307884856070086754e-02 2.905439774045345839e+05
6.317897371714642496e-02 2.899416080584301963e+05
6.327909887359198238e-02 2.893432461442890344e+05
6.337922403003753979e-02 2.887488650015396997e+05
6.347934918648309721e-02 2.881584381469778018e+05
6.357947434292865463e-02 2.875719392735859728e+05
6.367959949937421205e-02 2.869893422493616235e+05
6.377972465581976946e-02 2.864106211161527317e+05
6.387984981226532688e-02 2.858357500885010813e+05
6.397997496871088430e-02 2.852647035524937091e+05
6.408010012515644171e-02 2.846974560646213358e+05
6.418022528160199913e-02 2.841339823506447137e+05
6.428035043804755655e-02 2.835742573044686578e+05
6.438047559449311397e-02 2.830182559870234691e+05
6.448060075093867138e-02 2.824659536251535174e+05
6.458072590738422880e-02 2.819173256105135079e+05
6.468085106382978622e-02 2.813723474984723143e+05
6.478097622027534364e-02 2.808309950070235063e+05
6.488110137672090105e-02 2.802932440157035016e+05
6.498122653316645847e-02 2.797590705645169364e+05
6.508135168961201589e-02 2.792284508528690785e+05
6.518147684605757330e-02 2.787013612385055167e+05
6.528160200250313072e-02 2.781777782364583109e+05
6.538172715894868814e-02 2.776576785180000588e+05
6.548185231539424556e-02 2.771410389096043073e+05
6.558197747183980297e-02 2.766278363919130643e+05
6.568210262828536039e-02 2.761180480987109477e+05
6.578222778473091781e-02 2.756116513159066672e+05
6.588235294117647523e-02 2.751086234805207350e+05
6.598247809762201876e-02 2.746089421796804527e+05
6.608260325406757618e-02 2.741125851496206596e+05
6.618272841051313360e-02 2.736195302746926318e+05
6.628285356695869102e-02 2.731297555863779853e+05
6.638297872340424843e-02 2.726432392623100895e+05
6.648310387984980585e-02 2.721599596253018826e+05
6.658322903629536327e-02 2.716798951423799153e+05
6.668335419274092069e-02 2.712030244238247396e+05
6.678347934918647810e-02 2.707293262222181656e+05
6.688360450563203552e-02 2.702587794314965140e+05
6.698372966207759294e-02 2.697913630860099802e+05
6.708385481852315035e-02 2.693270563595888088e+05
6.718397997496870777e-02 2.688658385646151146e+05
6.728410513141426519e-02 2.684076891511013382e+05
6.738423028785982261e-02 2.679525877057743492e+05
6.748435544430538002e-02 2.675005139511661837e+05
6.758448060075093744e-02 2.670514477447103709e+05
6.768460575719649486e-02 2.666053690778446617e+05
6.778473091364205227e-02 2.661622580751193454e+05
6.788485607008760969e-02 2.657220949933117954e+05
6.798498122653316711e-02 2.652848602205466013e+05
6.808510638297872453e-02 2.648505342754219892e+05
6.818523153942428194e-02 2.644190978061417118e+05
6.828535669586983936e-02 2.639905315896527609e+05
6.838548185231539678e-02 2.635648165307890158e+05
6.848560700876095420e-02 2.631419336614202475e+05
6.858573216520651161e-02 2.627218641396069434e+05
6.868585732165206903e-02 2.623045892487611854e+05
6.878598247809762645e-02 2.618900903968121274e+05
6.888610763454316999e-02 2.614783491153782816e+05
6.898623279098872740e-02 2.610693470589438512e+05
6.908635794743428482e-02 2.606630660040420771e+05
6.918648310387984224e-02 2.602594878484428627e+05
6.928660826032539966e-02 2.598585946103462484e+05
6.938673341677095707e-02 2.594603684275813284e+05
6.948685857321651449e-02 2.590647915568103199e+05
6.958698372966207191e-02 2.586718463727380149e+05
6.968710888610762932e-02 2.582815153673263558e+05
6.978723404255318674e-02 2.578937811490145687e+05
6.988735919899874416e-02 2.575086264419440704e+05
6.998748435544430158e-02 2.571260340851888177e+05
7.008760951188985899e-02 2.567459870319907204e+05
7.018773466833541641e-02 2.563684683489999443e+05
7.028785982478097383e-02 2.559934612155206269e+05
7.038798498122653124e-02 2.556209489227612794e+05
7.048811013767208866e-02 2.552509148730903980e+05
7.058823529411764608e-02 2.548833425792969065e+05
7.068836045056320350e-02 2.545182156638555171e+05
7.078848560700876091e-02 2.541555178581970686e+05
7.088861076345431833e-02 2.537952330019836372e+05
7.098873591989987575e-02 2.534373450423885079e+05
7.108886107634543317e-02 2.530818380333809182e+05
7.118898623279099058e-02 2.527286961350155761e+05
7.128911138923654800e-02 2.523779036127268919e+05
7.138923654568210542e-02 2.520294448366279539e+05
7.148936170212766283e-02 2.516833042808140162e+05
7.158948685857322025e-02 2.513394665226707584e+05
7.168961201501877767e-02 2.509979162421873189e+05
7.178973717146432121e-02 2.506586382212733733e+05
7.188986232790987863e-02 2.503216173430812196e+05
7.198998748435543604e-02 2.499868385913323727e+05
7.209011264080099346e-02 2.496542870496482938e+05
7.219023779724655088e-02 2.493239479008859198e+05
7.229036295369210829e-02 2.489958064264773275e+05
7.239048811013766571e-02 2.486698480057740817e+05
7.249061326658322313e-02 2.483460581153956882e+05
7.259073842302878055e-02 2.480244223285826156e+05
7.269086357947433796e-02 2.477049263145533041e+05
7.279098873591989538e-02 2.473875558378658607e+05
7.289111389236545280e-02 2.470722967577836534e+05
7.299123904881101021e-02 2.467591350276452431e+05
7.309136420525656763e-02 2.464480566942386213e+05
7.319148936170212505e-02 2.461390478971794655e+05
7.329161451814768247e-02 2.458320948682935268e+05
7.339173967459323988e-02 2.455271839310032665e+05
7.349186483103879730e-02 2.452243014997183345e+05
7.359198998748435472e-02 2.449234340792305302e+05
7.369211514392991214e-02 2.446245682641120802e+05
7.379224030037546955e-02 2.443276907381188939e+05
7.389236545682102697e-02 2.440327882735967287e+05
7.399249061326658439e-02 2.437398477308921283e+05
7.409261576971214180e-02 2.434488560577668541e+05
7.419274092615769922e-02 2.431598002888164192e+05
7.429286608260325664e-02 2.428726675448922615e+05
7.439299123904881406e-02 2.425874450325280777e+05
7.449311639549437147e-02 2.423041200433696795e+05
7.459324155193992889e-02 2.420226799536087492e+05
7.469336670838548631e-02 2.417431122234204377e+05
7.479349186483102985e-02 2.414654043964046577e+05
7.489361702127658726e-02 2.411895440990308998e+05
7.499374217772214468e-02 2.409155190400872671e+05
7.509386733416770210e-02 2.406433170101324504e+05
7.519399249061325952e-02 2.403729258809519524e+05
7.529411764705881693e-02 2.401043336050176295e+05
7.539424280350437435e-02 2.398375282149509585e+05
7.549436795994993177e-02 2.395724978229897097e+05
7.559449311639548919e-02 2.393092306204583729e+05
7.569461827284104660e-02 2.390477148772420478e+05
7.579474342928660402e-02 2.387879389412635937e+05
7.589486858573216144e-02 2.385298912379647372e+05
7.599499374217771885e-02 2.382735602697901195e+05
7.609511889862327627e-02 2.380189346156751562e+05
7.619524405506883369e-02 2.377660029305371281e+05
7.629536921151439111e-02 2.375147539447696472e+05
7.639549436795994852e-02 2.372651764637405868e+05
7.649561952440550594e-02 2.370172593672932417e+05
7.659574468085106336e-02 2.367709916092508938e+05
7.669586983729662077e-02 2.365263622169246082e+05
7.679599499374217819e-02 2.362833602906244632e+05
7.689612015018773561e-02 2.360419750031736621e+05
7.699624530663329303e-02 2.358021955994263408e+05
7.709637046307885044e-02 2.355640113957882277e+05
7.719649561952440786e-02 2.353274117797407089e+05
7.729662077596996528e-02 2.350923862093678908e+05
7.739674593241552270e-02 2.348589242128870683e+05
7.749687108886108011e-02 2.346270153881818987e+05
7.759699624530663753e-02 2.343966494023390696e+05
7.769712140175218107e-02 2.341678159911879920e+05
7.779724655819773849e-02 2.339405049588432303e+05
7.789737171464329590e-02 2.337147061772504239e+05
7.799749687108885332e-02 2.334904095857349457e+05
7.809762202753441074e-02 2.332676051905536442e+05
7.819774718397996816e-02 2.330462830644495843e+05
7.829787234042552557e-02 2.328264333462096110e+05
7.839799749687108299e-02 2.326080462402252015e+05
7.849812265331664041e-02 2.323911120160557912e+05
7.859824780976219782e-02 2.321756210079953598e+05
7.869837296620775524e-02 2.319615636146416946e+05
7.879849812265331266e-02 2.317489302984686219e+05
7.889862327909887008e-02 2.315377115854010917e+05
7.899874843554442749e-02 2.313278980643929681e+05
7.909887359198998491e-02 2.311194803870077594e+05
7.919899874843554233e-02 2.309124492670020845e+05
7.929912390488109974e-02 2.307067954799119325e+05
7.939924906132665716e-02 2.305025098626416293e+05
7.949937421777221458e-02 2.302995833130555402e+05
7.959949937421777200e-02 2.300980067895726534e+05
7.969962453066332941e-02 2.298977713107635209e+05
7.979974968710888683e-02 2.296988679549502558e+05
7.989987484355444425e-02 2.295012878598089155e+05
8.000000000000000167e-02 2.293050222219746793e+05
---------------
