field_vs_length
---------------
0.000000000000000000e+00 2.300000000000000000e+06
1.001251564455569429e-04 2.300000000000000000e+06
2.002503128911138858e-04 2.300000000000000000e+06
3.003754693366708422e-04 2.300000000000000000e+06
4.005006257822277716e-04 2.300000000000000000e+06
5.006257822277847009e-04 2.300000000000000000e+06
6.007509386733416844e-04 2.300000000000000000e+06
7.008760951188985596e-04 2.300000000000000000e+06
8.010012515644555431e-04 2.300000000000000000e+06
9.011264080100125267e-04 2.300000000000000000e+06
1.001251564455569402e-03 2.300000000000000000e+06
1.101376720901126385e-03 2.300000000000000000e+06
1.201501877346683369e-03 2.300000000000000000e+06
1.301627033792240352e-03 2.300000000000000000e+06
1.401752190237797119e-03 2.300000000000000000e+06
1.501877346683354103e-03 2.300000000000000000e+06
1.602002503128911086e-03 2.300000000000000000e+06
1.702127659574468070e-03 2.300000000000000000e+06
1.802252816020025053e-03 2.300000000000000000e+06
1.902377972465581820e-03 2.300000000000000000e+06
2.002503128911138804e-03 2.300000000000000000e+06
2.102628285356695787e-03 2.300000000000000000e+06
2.202753441802252771e-03 2.300000000000000000e+06
2.302878598247809754e-03 2.300000000000000000e+06
2.403003754693366738e-03 2.300000000000000000e+06
2.503128911138923721e-03 2.300000000000000000e+06
2.603254067584480705e-03 2.300000000000000000e+06
2.703379224030037255e-03 2.300000000000000000e+06
2.803504380475594238e-03 2.300000000000000000e+06
2.903629536921151222e-03 2.300000000000000000e+06
3.003754693366708205e-03 2.300000000000000000e+06
3.103879849812265189e-03 2.300000000000000000e+06
3.204005006257822172e-03 2.300000000000000000e+06
3.304130162703379156e-03 2.300000000000000000e+06
3.404255319148936140e-03 2.300000000000000000e+06
3.504380475594493123e-03 2.300000000000000000e+06
3.604505632040050107e-03 2.300000000000000000e+06
3.704630788485607090e-03 2.300000000000000000e+06
3.804755944931163640e-03 2.300000000000000000e+06
3.904881101376720624e-03 2.300000000000000000e+06
4.005006257822277607e-03 2.300000000000000000e+06
4.105131414267835024e-03 2.300000000000000000e+06
4.205256570713391574e-03 2.300000000000000000e+06
4.305381727158948124e-03 2.300000000000000000e+06
4.405506883604505541e-03 2.300000000000000000e+06
4.505632040050062091e-03 2.300000000000000000e+06
4.605757196495619508e-03 2.300000000000000000e+06
4.705882352941176058e-03 2.300000000000000000e+06
4.806007509386733476e-03 2.300000000000000000e+06
4.906132665832290025e-03 2.300000000000000000e+06
5.006257822277847443e-03 2.300000000000000000e+06
5.106382978723403993e-03 2.300000000000000000e+06
5.206508135168961410e-03 2.300000000000000000e+06
5.306633291614517960e-03 2.300000000000000000e+06
5.406758448060074509e-03 2.300000000000000000e+06
5.506883604505631927e-03 2.300000000000000000e+06
5.607008760951188477e-03 2.300000000000000000e+06
5.707133917396745894e-03 2.300000000000000000e+06
5.807259073842302444e-03 2.300000000000000000e+06
5.907384230287859861e-03 2.300000000000000000e+06
6.007509386733416411e-03 2.300000000000000000e+06
6.107634543178973828e-03 2.300000000000000000e+06
6.207759699624530378e-03 2.300000000000000000e+06
6.307884856070087795e-03 2.300000000000000000e+06
6.408010012515644345e-03 2.300000000000000000e+06
6.508135168961200895e-03 2.300000000000000000e+06
6.608260325406758312e-03 2.300000000000000000e+06
6.708385481852314862e-03 2.300000000000000000e+06
6.808510638297872279e-03 2.300000000000000000e+06
6.908635794743428829e-03 2.300000000000000000e+06
7.008760951188986246e-03 2.300000000000000000e+06
7.108886107634542796e-03 2.300000000000000000e+06
7.209011264080100213e-03 2.300000000000000000e+06
7.309136420525656763e-03 2.300000000000000000e+06
7.409261576971214180e-03 2.300000000000000000e+06
7.509386733416770730e-03 2.300000000000000000e+06
7.609511889862327280e-03 2.300000000000000000e+06
7.709637046307884697e-03 2.300000000000000000e+06
7.809762202753441247e-03 2.300000000000000000e+06
7.909887359198997797e-03 2.300000000000000000e+06
8.010012515644555214e-03 2.300000000000000000e+06
8.110137672090112632e-03 2.300000000000000000e+06
8.210262828535670049e-03 2.300000000000000000e+06
8.310387984981225731e-03 2.300000000000000000e+06
8.410513141426783149e-03 2.300000000000000000e+06
8.510638297872340566e-03 2.300000000000000000e+06
8.610763454317896248e-03 2.300000000000000000e+06
8.710888610763453666e-03 2.300000000000000000e+06
8.811013767209011083e-03 2.300000000000000000e+06
8.911138923654568500e-03 2.300000000000000000e+06
9.011264080100124182e-03 2.300000000000000000e+06
9.111389236545681600e-03 2.300000000000000000e+06
9.211514392991239017e-03 2.300000000000000000e+06
9.311639549436796434e-03 2.300000000000000000e+06
9.411764705882352117e-03 2.300000000000000000e+06
9.511889862327909534e-03 2.300000000000000000e+06
9.612015018773466951e-03 2.300000000000000000e+06
9.712140175219022634e-03 2.300000000000000000e+06
9.812265331664580051e-03 2.300000000000000000e+06
9.912390488110137468e-03 2.300000000000000000e+06
1.001251564455569489e-02 2.300000000000000000e+06
1.011264080100125057e-02 2.300000000000000000e+06
1.021276595744680799e-02 2.300000000000000000e+06
1.031289111389236540e-02 2.300000000000000000e+06
1.041301627033792282e-02 2.300000000000000000e+06
1.051314142678347850e-02 2.300000000000000000e+06
1.061326658322903592e-02 2.300000000000000000e+06
1.071339173967459334e-02 2.300000000000000000e+06
1.081351689612014902e-02 2.300000000000000000e+06
1.091364205256570644e-02 2.300000000000000000e+06
1.101376720901126385e-02 2.300000000000000000e+06
1.111389236545682127e-02 2.300000000000000000e+06
1.121401752190237695e-02 2.300000000000000000e+06
1.131414267834793437e-02 2.300000000000000000e+06
1.141426783479349179e-02 2.300000000000000000e+06
1.151439299123904920e-02 2.300000000000000000e+06
1.161451814768460489e-02 2.300000000000000000e+06
1.171464330413016230e-02 2.300000000000000000e+06
1.181476846057571972e-02 2.300000000000000000e+06
1.191489361702127540e-02 2.300000000000000000e+06
1.201501877346683282e-02 2.300000000000000000e+06
1.211514392991239024e-02 2.300000000000000000e+06
1.221526908635794766e-02 2.300000000000000000e+06
1.231539424280350334e-02 2.300000000000000000e+06
1.241551939924906076e-02 2.300000000000000000e+06
1.251564455569461817e-02 2.300000000000000000e+06
1.261576971214017559e-02 2.300000000000000000e+06
1.271589486858573127e-02 2.300000000000000000e+06
1.281602002503128869e-02 2.300000000000000000e+06
1.291614518147684611e-02 2.300000000000000000e+06
1.301627033792240179e-02 2.300000000000000000e+06
1.311639549436795921e-02 2.300000000000000000e+06
1.321652065081351662e-02 2.300000000000000000e+06
1.331664580725907404e-02 2.300000000000000000e+06
1.341677096370462972e-02 2.300000000000000000e+06
1.351689612015018714e-02 2.300000000000000000e+06
1.361702127659574456e-02 2.300000000000000000e+06
1.371714643304130198e-02 2.300000000000000000e+06
1.381727158948685766e-02 2.300000000000000000e+06
1.391739674593241508e-02 2.300000000000000000e+06
1.401752190237797249e-02 2.300000000000000000e+06
1.411764705882352818e-02 2.300000000000000000e+06
1.421777221526908559e-02 2.300000000000000000e+06
1.431789737171464301e-02 2.300000000000000000e+06
1.441802252816020043e-02 2.300000000000000000e+06
1.451814768460575611e-02 2.300000000000000000e+06
1.461827284105131353e-02 2.300000000000000000e+06
1.471839799749687094e-02 2.300000000000000000e+06
1.481852315394242836e-02 2.300000000000000000e+06
1.491864831038798404e-02 2.300000000000000000e+06
1.501877346683354146e-02 2.300000000000000000e+06
1.511889862327909888e-02 2.300000000000000000e+06
1.521902377972465456e-02 2.300000000000000000e+06
1.531914893617021198e-02 2.300000000000000000e+06
1.541927409261576939e-02 2.300000000000000000e+06
1.551939924906132681e-02 2.300000000000000000e+06
1.561952440550688249e-02 2.300000000000000000e+06
1.571964956195244165e-02 2.300000000000000000e+06
1.581977471839799559e-02 2.300000000000000000e+06
1.591989987484355301e-02 2.300000000000000000e+06
1.602002503128911043e-02 2.300000000000000000e+06
1.612015018773466785e-02 2.300000000000000000e+06
1.622027534418022526e-02 2.300000000000000000e+06
1.632040050062578268e-02 2.300000000000000000e+06
1.642052565707134010e-02 2.300000000000000000e+06
1.652065081351689405e-02 2.300000000000000000e+06
1.662077596996245146e-02 2.300000000000000000e+06
1.672090112640800888e-02 2.300000000000000000e+06
1.682102628285356630e-02 2.300000000000000000e+06
1.692115143929912371e-02 2.300000000000000000e+06
1.702127659574468113e-02 2.300000000000000000e+06
1.712140175219023855e-02 2.300000000000000000e+06
1.722152690863579250e-02 2.300000000000000000e+06
1.732165206508134991e-02 2.300000000000000000e+06
1.742177722152690733e-02 2.300000000000000000e+06
1.752190237797246475e-02 2.300000000000000000e+06
1.762202753441802217e-02 2.300000000000000000e+06
1.772215269086357958e-02 2.300000000000000000e+06
1.782227784730913700e-02 2.300000000000000000e+06
1.792240300375469442e-02 2.300000000000000000e+06
1.802252816020024836e-02 2.300000000000000000e+06
1.812265331664580578e-02 2.300000000000000000e+06
1.822277847309136320e-02 2.300000000000000000e+06
1.832290362953692062e-02 2.300000000000000000e+06
1.842302878598247803e-02 2.300000000000000000e+06
1.852315394242803545e-02 2.300000000000000000e+06
1.862327909887359287e-02 2.300000000000000000e+06
1.872340425531914682e-02 2.300000000000000000e+06
1.882352941176470423e-02 2.300000000000000000e+06
1.892365456821026165e-02 2.300000000000000000e+06
1.902377972465581907e-02 2.300000000000000000e+06
1.912390488110137649e-02 2.300000000000000000e+06
1.922403003754693390e-02 2.300000000000000000e+06
1.932415519399249132e-02 2.300000000000000000e+06
1.942428035043804527e-02 2.300000000000000000e+06
1.952440550688360268e-02 2.300000000000000000e+06
1.962453066332916010e-02 2.300000000000000000e+06
1.972465581977471752e-02 2.300000000000000000e+06
1.982478097622027494e-02 2.300000000000000000e+06
1.992490613266583235e-02 2.300000000000000000e+06
2.002503128911138977e-02 2.297665694580432959e+06
2.012515644555694719e-02 2.288367329358907882e+06
2.022528160200250114e-02 2.279130824134468101e+06
2.032540675844805855e-02 2.269955767366035841e+06
2.042553191489361597e-02 2.260841750250427518e+06
2.052565707133917339e-02 2.251788366704137530e+06
2.062578222778473080e-02 2.242795213345245458e+06
2.072590738423028822e-02 2.233861889475442469e+06
2.082603254067584564e-02 2.224987997062178329e+06
2.092615769712139959e-02 2.216173140720927157e+06
2.102628285356695700e-02 2.207416927697569598e+06
2.112640801001251442e-02 2.198718967850893736e+06
2.122653316645807184e-02 2.190078873635212891e+06
2.132665832290362926e-02 2.181496260083096102e+06
2.142678347934918667e-02 2.172970744788218290e+06
2.152690863579474409e-02 2.164501947888319381e+06
2.162703379224029804e-02 2.156089492048280314e+06
2.172715894868585546e-02 2.147733002443309873e+06
2.182728410513141287e-02 2.139432106742245145e+06
2.192740926157697029e-02 2.131186435090960935e+06
2.202753441802252771e-02 2.122995620095891412e+06
2.212765957446808512e-02 2.114859296807659790e+06
2.222778473091364254e-02 2.106777102704816964e+06
2.232790988735919996e-02 2.098748677677691914e+06
2.242803504380475391e-02 2.090773664012343623e+06
2.252816020025031132e-02 2.082851706374623580e+06
2.262828535669586874e-02 2.074982451794344466e+06
2.272841051314142616e-02 2.067165549649552908e+06
2.282853566958698358e-02 2.059400651650907006e+06
2.292866082603254099e-02 2.051687411826156778e+06
2.302878598247809841e-02 2.044025486504731700e+06
2.312891113892365236e-02 2.036414534302426269e+06
2.322903629536920977e-02 2.028854216106188251e+06
2.332916145181476719e-02 2.021344195059012854e+06
2.342928660826032461e-02 2.013884136544930050e+06
2.352941176470588203e-02 2.006473708174097585e+06
2.362953692115143944e-02 1.999112579767989926e+06
2.372966207759699686e-02 1.991800423344687326e+06
2.382978723404255081e-02 1.984536913104263134e+06
2.392991239048810823e-02 1.977321725414265180e+06
2.403003754693366564e-02 1.970154538795298431e+06
2.413016270337922306e-02 1.963035033906699857e+06
2.423028785982478048e-02 1.955962893532310612e+06
2.433041301627033789e-02 1.948937802566341124e+06
2.443053817271589531e-02 1.941959447999332799e+06
2.453066332916145273e-02 1.935027518904210068e+06
2.463078848560700668e-02 1.928141706422428368e+06
2.473091364205256409e-02 1.921301703750209883e+06
2.483103879849812151e-02 1.914507206124877324e+06
2.493116395494367893e-02 1.907757910811271984e+06
2.503128911138923635e-02 1.901053517088267021e+06
2.513141426783479376e-02 1.894393726235366659e+06
2.523153942428035118e-02 1.887778241519398522e+06
2.533166458072590513e-02 1.881206768181290478e+06
2.543178973717146255e-02 1.874679013422938995e+06
2.553191489361701996e-02 1.868194686394161778e+06
2.563204005006257738e-02 1.861753498179739807e+06
2.573216520650813480e-02 1.855355161786544137e+06
2.583229036295369221e-02 1.848999392130748834e+06
2.593241551939924963e-02 1.842685906025127275e+06
2.603254067584480358e-02 1.836414422166437143e+06
2.613266583229036100e-02 1.830184661122884601e+06
2.623279098873591841e-02 1.823996345321674366e+06
2.633291614518147583e-02 1.817849199036643142e+06
2.643304130162703325e-02 1.811742948375973385e+06
2.653316645807259067e-02 1.805677321269989945e+06
2.663329161451814808e-02 1.799652047459037974e+06
2.673341677096370203e-02 1.793666858481442090e+06
2.683354192740925945e-02 1.787721487661541905e+06
2.693366708385481686e-02 1.781815670097814174e+06
2.703379224030037428e-02 1.775949142651066650e+06
2.713391739674593170e-02 1.770121643932714825e+06
2.723404255319148912e-02 1.764332914293135749e+06
2.733416770963704653e-02 1.758582695810098900e+06
2.743429286608260395e-02 1.752870732277273666e+06
2.753441802252815790e-02 1.747196769192815293e+06
2.763454317897371532e-02 1.741560553748022299e+06
2.773466833541927273e-02 1.735961834816076793e+06
2.783479349186483015e-02 1.730400362940851366e+06
2.793491864831038757e-02 1.724875890325796558e+06
2.803504380475594499e-02 1.719388170822898857e+06
2.813516896120150240e-02 1.713936959921713918e+06
2.823529411764705635e-02 1.708522014738472644e+06
2.833541927409261377e-02 1.703143094005257357e+06
2.843554443053817118e-02 1.697799958059255499e+06
2.853566958698372860e-02 1.692492368832076434e+06
2.863579474342928602e-02 1.687220089839148335e+06
2.873591989987484344e-02 1.681982886169179576e+06
2.883604505632040085e-02 1.676780524473690894e+06
2.893617021276595480e-02 1.671612772956621367e+06
2.903629536921151222e-02 1.666479401363997022e+06
2.913642052565706964e-02 1.661380180973674636e+06
2.923654568210262705e-02 1.656314884585149121e+06
2.933667083854818447e-02 1.651283286509430502e+06
2.943679599499374189e-02 1.646285162558989367e+06
2.953692115143929930e-02 1.641320290037766099e+06
2.963704630788485672e-02 1.636388447731249500e+06
2.973717146433041067e-02 1.631489415896621533e+06
2.983729662077596809e-02 1.626622976252963301e+06
2.993742177722152550e-02 1.621788911971533205e+06
3.003754693366708292e-02 1.616987007666102145e+06
3.013767209011264034e-02 1.612217049383360427e+06
3.023779724655819776e-02 1.607478824593381956e+06
3.033792240300375517e-02 1.602772122180155944e+06
3.043804755944930912e-02 1.598096732432181016e+06
3.053817271589486654e-02 1.593452447033120319e+06
3.063829787234042396e-02 1.588839059052520199e+06
3.073842302878598137e-02 1.584256362936590333e+06
3.083854818523153879e-02 1.579704154499044642e+06
3.093867334167709621e-02 1.575182230912004365e+06
3.103879849812265362e-02 1.570690390696960036e+06
3.113892365456820757e-02 1.566228433715795400e+06
3.123904881101376499e-02 1.561796161161868135e+06
3.133917396745932588e-02 1.557393375551154604e+06
3.143929912390488329e-02 1.553019880713448860e+06
3.153942428035043377e-02 1.548675481783622410e+06
3.163954943679599119e-02 1.544359985192941967e+06
3.173967459324154861e-02 1.540073198660444701e+06
3.183979974968710602e-02 1.535814931184371701e+06
3.193992490613266344e-02 1.531584993033656618e+06
3.204005006257822086e-02 1.527383195739472751e+06
3.214017521902377827e-02 1.523209352086835541e+06
3.224030037546933569e-02 1.519063276106260717e+06
3.234042553191489311e-02 1.514944783065477852e+06
3.244055068836045053e-02 1.510853689461201429e+06
3.254067584480600794e-02 1.506789813010952435e+06
3.264080100125156536e-02 1.502752972644937225e+06
3.274092615769712278e-02 1.498742988497980405e+06
3.284105131414268020e-02 1.494759681901510805e+06
3.294117647058823761e-02 1.490802875375599135e+06
3.304130162703378809e-02 1.486872392621052917e+06
3.314142678347934551e-02 1.482968058511557989e+06
3.324155193992490293e-02 1.479089699085879140e+06
3.334167709637046034e-02 1.475237141540106386e+06
3.344180225281601776e-02 1.471410214219956426e+06
3.354192740926157518e-02 1.467608746613124851e+06
3.364205256570713259e-02 1.463832569341688417e+06
3.374217772215269001e-02 1.460081514154558070e+06
3.384230287859824743e-02 1.456355413919982500e+06
3.394242803504380485e-02 1.452654102618102217e+06
3.404255319148936226e-02 1.448977415333550889e+06
3.414267834793491968e-02 1.445325188248108607e+06
3.424280350438047710e-02 1.441697258633401711e+06
3.434292866082603451e-02 1.438093464843654074e+06
3.444305381727158499e-02 1.434513646308482625e+06
3.454317897371714241e-02 1.430957643525744788e+06
3.464330413016269983e-02 1.427425298054430168e+06
3.474342928660825724e-02 1.423916452507602517e+06
3.484355444305381466e-02 1.420430950545386877e+06
3.494367959949937208e-02 1.416968636868002592e+06
3.504380475594492950e-02 1.413529357208845206e+06
3.514392991239048691e-02 1.410112958327611443e+06
3.524405506883604433e-02 1.406719288003473775e+06
3.534418022528160175e-02 1.403348195028295740e+06
3.544430538172715917e-02 1.399999529199895449e+06
3.554443053817271658e-02 1.396673141315354034e+06
3.564455569461827400e-02 1.393368883164367173e+06
3.574468085106383142e-02 1.390086607522640377e+06
3.584480600750938883e-02 1.386826168145331321e+06
3.594493116395493931e-02 1.383587419760532677e+06
3.604505632040049673e-02 1.380370218062798958e+06
3.614518147684605415e-02 1.377174419706717366e+06
3.624530663329161156e-02 1.373999882300521247e+06
3.634543178973716898e-02 1.370846464399745455e+06
3.644555694618272640e-02 1.367714025500923395e+06
3.654568210262828382e-02 1.364602426035328070e+06
3.664580725907384123e-02 1.361511527362752240e+06
3.674593241551939865e-02 1.358441191765332595e+06
3.684605757196495607e-02 1.355391282441411400e+06
3.694618272841051348e-02 1.352361663499443792e+06
3.704630788485607090e-02 1.349352199951941380e+06
3.714643304130162832e-02 1.346362757709457772e+06
3.724655819774718574e-02 1.343393203574614367e+06
3.734668335419274315e-02 1.340443405236166436e+06
3.744680851063829363e-02 1.337513231263106922e+06
3.754693366708385105e-02 1.334602551098809578e+06
3.764705882352940847e-02 1.331711235055214260e+06
3.774718397997496588e-02 1.328839154307046207e+06
3.784730913642052330e-02 1.325986180886077927e+06
3.794743429286608072e-02 1.323152187675426481e+06
3.804755944931163814e-02 1.320337048403889406e+06
3.814768460575719555e-02 1.317540637640319299e+06
3.824780976220275297e-02 1.314762830788034946e+06
3.834793491864831039e-02 1.312003504079269478e+06
3.844806007509386780e-02 1.309262534569656244e+06
3.854818523153942522e-02 1.306539800132750534e+06
3.864831038798498264e-02 1.303835179454588331e+06
3.874843554443054006e-02 1.301148552028280683e+06
3.884856070087609053e-02 1.298479798148645321e+06
3.894868585732164795e-02 1.295828798906871583e+06
3.904881101376720537e-02 1.293195436185223982e+06
3.914893617021276279e-02 1.290579592651778366e+06
3.924906132665832020e-02 1.287981151755193714e+06
3.934918648310387762e-02 1.285399997719520936e+06
3.944931163954943504e-02 1.282836015539041720e+06
3.954943679599499246e-02 1.280289090973146725e+06
3.964956195244054987e-02 1.277759110541244037e+06
3.974968710888610729e-02 1.275245961517703487e+06
3.984981226533166471e-02 1.272749531926833559e+06
3.994993742177722212e-02 1.270269710537893698e+06
4.005006257822277954e-02 1.267806386860135710e+06
4.015018773466833696e-02 1.265359451137883589e+06
4.025031289111389438e-02 1.262928794345641276e+06
4.035043804755944485e-02 1.260514308183235582e+06
4.045056320400500227e-02 1.258115885070990771e+06
4.055068836045055969e-02 1.255733418144935742e+06
4.065081351689611711e-02 1.253366801252041012e+06
4.075093867334167452e-02 1.251015928945491556e+06
4.085106382978723194e-02 1.248680696479985490e+06
4.095118898623278936e-02 1.246360999807069544e+06
4.105131414267834677e-02 1.244056735570502235e+06
4.115143929912390419e-02 1.241767801101648016e+06
4.125156445556946161e-02 1.239494094414903549e+06
4.135168961201501903e-02 1.237235514203153783e+06
4.145181476846057644e-02 1.234991959833257599e+06
4.155193992490613386e-02 1.232763331341564422e+06
4.165206508135169128e-02 1.230549529429459712e+06
4.175219023779724176e-02 1.228350455458941404e+06
4.185231539424279917e-02 1.226166011448223842e+06
4.195244055068835659e-02 1.223996100067373831e+06
4.205256570713391401e-02 1.221840624633972067e+06
4.215269086357947143e-02 1.219699489108807174e+06
4.225281602002502884e-02 1.217572598091594875e+06
4.235294117647058626e-02 1.215459856816729065e+06
4.245306633291614368e-02 1.213361171149057336e+06
4.255319148936170109e-02 1.211276447579689324e+06
4.265331664580725851e-02 1.209205593221828341e+06
4.275344180225281593e-02 1.207148515806632582e+06
4.285356695869837335e-02 1.205105123679106124e+06
4.295369211514393076e-02 1.203075325794012751e+06
4.305381727158948818e-02 1.201059031711820513e+06
4.315394242803504560e-02 1.199056151594672352e+06
4.325406758448059608e-02 1.197066596202382585e+06
4.335419274092615349e-02 1.195090276888460852e+06
4.345431789737171091e-02 1.193127105596162844e+06
4.355444305381726833e-02 1.191176994854566641e+06
4.365456821026282574e-02 1.189239857774675125e+06
4.375469336670838316e-02 1.187315608045544941e+06
4.385481852315394058e-02 1.185404159930440364e+06
4.395494367959949800e-02 1.183505428263013717e+06
4.405506883604505541e-02 1.181619328443509992e+06
4.415519399249061283e-02 1.179745776434998726e+06
4.425531914893617025e-02 1.177884688759628218e+06
4.435544430538172767e-02 1.176035982494906988e+06
4.445556946182728508e-02 1.174199575270008529e+06
4.455569461827284250e-02 1.172375385262101656e+06
4.465581977471839992e-02 1.170563331192704849e+06
4.475594493116395040e-02 1.168763332324064570e+06
4.485607008760950781e-02 1.166975308455557562e+06
4.495619524405506523e-02 1.165199179920118069e+06
4.505632040050062265e-02 1.163434867580688093e+06
4.515644555694618006e-02 1.161682292826690944e+06
4.525657071339173748e-02 1.159941377570529468e+06
4.535669586983729490e-02 1.158212044244105462e+06
4.545682102628285232e-02 1.156494215795365395e+06
4.555694618272840973e-02 1.154787815684865462e+06
4.565707133917396715e-02 1.153092767882362241e+06
4.575719649561952457e-02 1.151408996863425244e+06
4.585732165206508198e-02 1.149736427606071346e+06
4.595744680851063940e-02 1.148074985587422270e+06
4.605757196495619682e-02 1.146424596780384192e+06
4.615769712140174730e-02 1.144785187650349922e+06
4.625782227784730471e-02 1.143156685151921120e+06
4.635794743429286213e-02 1.141539016725654947e+06
4.645807259073841955e-02 1.139932110294830985e+06
4.655819774718397697e-02 1.138335894262239337e+06
4.665832290362953438e-02 1.136750297506990610e+06
4.675844806007509180e-02 1.135175249381347327e+06
4.685857321652064922e-02 1.133610679707576055e+06
4.695869837296620664e-02 1.132056518774820259e+06
4.705882352941176405e-02 1.130512697335994802e+06
4.715894868585732147e-02 1.128979146604700480e+06
4.725907384230287889e-02 1.127455798252158333e+06
4.735919899874843630e-02 1.125942584404166555e+06
4.745932415519399372e-02 1.124439437638075324e+06
4.755944931163955114e-02 1.122946290979782818e+06
4.765957446808510162e-02 1.121463077900752192e+06
4.775969962453065903e-02 1.119989732315045083e+06
4.785982478097621645e-02 1.118526188576379325e+06
4.795994993742177387e-02 1.117072381475203438e+06
4.806007509386733129e-02 1.115628246235789964e+06
4.816020025031288870e-02 1.114193718513351167e+06
4.826032540675844612e-02 1.112768734391170554e+06
4.836045056320400354e-02 1.111353230377755594e+06
4.846057571964956096e-02 1.109947143404009286e+06
4.856070087609511837e-02 1.108550410820419434e+06
4.866082603254067579e-02 1.107162970394266769e+06
4.876095118898623321e-02 1.105784760306853801e+06
4.886107634543179062e-02 1.104415719150748337e+06
4.896120150187734804e-02 1.103055785927049350e+06
4.906132665832290546e-02 1.101704900042667286e+06
4.916145181476845594e-02 1.100363001307626255e+06
4.926157697121401335e-02 1.099030029932379955e+06
4.936170212765957077e-02 1.097705926525149960e+06
4.946182728410512819e-02 1.096390632089277962e+06
4.956195244055068561e-02 1.095084088020597352e+06
4.966207759699624302e-02 1.093786236104822718e+06
4.976220275344180044e-02 1.092497018514955416e+06
4.986232790988735786e-02 1.091216377808706835e+06
4.996245306633291527e-02 1.089944256925940048e+06
5.006257822277847269e-02 1.088680599186126376e+06
5.016270337922403011e-02 1.087425348285820335e+06
5.026282853566958753e-02 1.086178448296151124e+06
5.036295369211514494e-02 1.084939843660330866e+06
5.046307884856070236e-02 1.083709479191177990e+06
5.056320400500625284e-02 1.082487300068660174e+06
5.066332916145181026e-02 1.081273251837449847e+06
5.076345431789736767e-02 1.080067280404499965e+06
5.086357947434292509e-02 1.078869332036631880e+06
5.096370463078848251e-02 1.077679353358142311e+06
5.106382978723403993e-02 1.076497291348425206e+06
5.116395494367959734e-02 1.075323093339608517e+06
5.126408010012515476e-02 1.074156707014208660e+06
5.136420525657071218e-02 1.072998080402798019e+06
5.146433041301626959e-02 1.071847161881691543e+06
5.156445556946182701e-02 1.070703900170643814e+06
5.166458072590738443e-02 1.069568244330566842e+06
5.176470588235294185e-02 1.068440143761258805e+06
5.186483103879849926e-02 1.067319548199150246e+06
5.196495619524405668e-02 1.066206407715063775e+06
5.206508135168960716e-02 1.065100672711990541e+06
5.216520650813516458e-02 1.064002293922879267e+06
5.226533166458072199e-02 1.062911222408442060e+06
5.236545682102627941e-02 1.061827409554973012e+06
5.246558197747183683e-02 1.060750807072183117e+06
5.256570713391739424e-02 1.059681366991047747e+06
5.266583229036295166e-02 1.058619041661669966e+06
5.276595744680850908e-02 1.057563783751157112e+06
5.286608260325406650e-02 1.056515546241511824e+06
5.296620775969962391e-02 1.055474282427537255e+06
5.306633291614518133e-02 1.054439945914756274e+06
5.316645807259073875e-02 1.053412490617344156e+06
5.326658322903629617e-02 1.052391870756074553e+06
5.336670838548185358e-02 1.051378040856280830e+06
5.346683354192740406e-02 1.050370955745829502e+06
5.356695869837296148e-02 1.049370570553106954e+06
5.366708385481851890e-02 1.048376840705020819e+06
5.376720901126407631e-02 1.047389721925014281e+06
5.386733416770963373e-02 1.046409170231092023e+06
5.396745932415519115e-02 1.045435141933861887e+06
5.406758448060074856e-02 1.044467593634587480e+06
5.416770963704630598e-02 1.043506482223254861e+06
5.426783479349186340e-02 1.042551764876651694e+06
5.436795994993742082e-02 1.041603399056458846e+06
5.446808510638297823e-02 1.040661342507355614e+06
5.456821026282853565e-02 1.039725553255136707e+06
5.466833541927409307e-02 1.038795989604841918e+06
5.476846057571965048e-02 1.037872610138898715e+06
5.486858573216520790e-02 1.036955373715276481e+06
5.496871088861075838e-02 1.036044239465653664e+06
5.506883604505631580e-02 1.035139166793596698e+06
5.516896120150187321e-02 1.034240115372751257e+06
5.526908635794743063e-02 1.033347045145045500e+06
5.536921151439298805e-02 1.032459916318904958e+06
5.546933667083854547e-02 1.031578689367480343e+06
5.556946182728410288e-02 1.030703325026885490e+06
5.566958698372966030e-02 1.029833784294448444e+06
5.576971214017521772e-02 1.028970028426973266e+06
5.586983729662077514e-02 1.028112018939014524e+06
5.596996245306633255e-02 1.027259717601161683e+06
5.607008760951188997e-02 1.026413086438336177e+06
5.617021276595744739e-02 1.025572087728099781e+06
5.627033792240300480e-02 1.024736683998972876e+06
5.637046307884856222e-02 1.023906838028765633e+06
5.647058823529411270e-02 1.023082512842919445e+06
5.657071339173967012e-02 1.022263671712859184e+06
5.667083854818522753e-02 1.021450278154357336e+06
5.677096370463078495e-02 1.020642295925907441e+06
5.687108886107634237e-02 1.019839689027110231e+06
5.697121401752189979e-02 1.019042421697069192e+06
5.707133917396745720e-02 1.018250458412797190e+06
5.717146433041301462e-02 1.017463763887633802e+06
5.727158948685857204e-02 1.016682303069673246e+06
5.737171464330412946e-02 1.015906041140202200e+06
5.747183979974968687e-02 1.015134943512148689e+06
5.757196495619524429e-02 1.014368975828541094e+06
5.767209011264080171e-02 1.013608103960977052e+06
5.777221526908635912e-02 1.012852294008103199e+06
5.787234042553190960e-02 1.012101512294104556e+06
5.797246558197746702e-02 1.011355725367203704e+06
5.807259073842302444e-02 1.010614899998170789e+06
5.817271589486858185e-02 1.009879003178842948e+06
5.827284105131413927e-02 1.009148002120652935e+06
5.837296620775969669e-02 1.008421864253169391e+06
5.847309136420525411e-02 1.007700557222644216e+06
5.857321652065081152e-02 1.006984048890572274e+06
5.867334167709636894e-02 1.006272307332258788e+06
5.877346683354192636e-02 1.005565300835396745e+06
5.887359198998748377e-02 1.004862997898654547e+06
5.897371714643304119e-02 1.004165367230271804e+06
5.907384230287859861e-02 1.003472377746665617e+06
5.917396745932415603e-02 1.002783998571045231e+06
5.927409261576971344e-02 1.002100199032036588e+06
5.937421777221526392e-02 1.001420948662315495e+06
5.947434292866082134e-02 1.000746217197250109e+06
5.957446808510637876e-02 1.000075974573552958e+06
5.967459324155193617e-02 9.994101909279406536e+05
5.977471839799749359e-02 9.987488365958039649e+05
5.987484355444305101e-02 9.980918821098858025e+05
5.997496871088860843e-02 9.974392981989682885e+05
6.007509386733416584e-02 9.967910557865686715e+05
6.017521902377972326e-02 9.961471259896433912e+05
6.027534418022528068e-02 9.955074801173018059e+05
6.037546933667083809e-02 9.948720896695274860e+05
6.047559449311639551e-02 9.942409263359082397e+05
6.057571964956195293e-02 9.936139619943751022e+05
6.067584480600751035e-02 9.929911687099488918e+05
6.077596996245306776e-02 9.923725187334956136e+05
6.087609511889861824e-02 9.917579845004908275e+05
6.097622027534417566e-02 9.911475386297901860e+05
6.107634543178973308e-02 9.905411539224103326e+05
6.117647058823529049e-02 9.899388033603171352e+05
6.127659574468084791e-02 9.893404601052212529e+05
6.137672090112640533e-02 9.887460974973825505e+05
6.147684605757196274e-02 9.881556890544225462e+05
6.157697121401752016e-02 9.875692084701443091e+05
6.167709637046307758e-02 9.869866296133600408e+05
6.177722152690863500e-02 9.864079265267271549e+05
6.187734668335419241e-02 9.858330734255916905e+05
6.197747183979974983e-02 9.852620446968392935e+05
6.207759699624530725e-02 9.846948148977538804e+05
6.217772215269086467e-02 9.841313587548848009e+05
6.227784730913641514e-02 9.835716511629194720e+05
6.237797246558197256e-02 9.830156671835660236e+05
6.247809762202752998e-02 9.824633820444411831e+05
6.257822277847309433e-02 9.819147711379671237e+05
6.267834793491865175e-02 9.813698100202749483e+05
6.277847309136420917e-02 9.808284744101155084e+05
6.287859824780976659e-02 9.802907401877773227e+05
6.297872340425532400e-02 9.797565833940121811e+05
6.307884856070086754e-02 9.792259802289677318e+05
6.317897371714642496e-02 9.786989070511264727e+05
6.327909887359198238e-02 9.781753403762528906e+05
6.337922403003753979e-02 9.776552568763472373e+05
6.347934918648309721e-02 9.771386333786055911e+05
6.357947434292865463e-02 9.766254468643877190e+05
6.367959949937421205e-02 9.761156744681914570e+05
6.377972465581976946e-02 9.756092934766336111e+05
6.387984981226532688e-02 9.751062813274384243e+05
6.397997496871088430e-02 9.746066156084319809e+05
6.408010012515644171e-02 9.741102740565435961e+05
6.418022528160199913e-02 9.736172345568140736e+05
6.428035043804755655e-02 9.731274751414101338e+05
6.438047559449311397e-02 9.726409739886455936e+05
6.448060075093867138e-02 9.721577094220092986e+05
6.458072590738422880e-02 9.716776599091993412e+05
6.468085106382978622e-02 9.712008040611632168e+05
6.478097622027534364e-02 9.707271206311455462e+05
6.488110137672090105e-02 9.702565885137405712e+05
6.498122653316645847e-02 9.697891867439523339e+05
6.508135168961201589e-02 9.693248944962604437e+05
6.518147684605757330e-02 9.688636910836922470e+05
6.528160200250313072e-02 9.684055559569010511e+05
6.538172715894868814e-02 9.679504687032500515e+05
6.548185231539424556e-02 9.674984090459038271e+05
6.558197747183980297e-02 9.670493568429239094e+05
6.568210262828536039e-02 9.666032920863720356e+05
6.578222778473091781e-02 9.661601949014182901e+05
6.588235294117647523e-02 9.657200455454556504e+05
6.598247809762201876e-02 9.652828244072203524e+05
6.608260325406757618e-02 9.648485120059180772e+05
6.618272841051313360e-02 9.644170889903560746e+05
6.628285356695869102e-02 9.639885361380807590e+05
6.638297872340424843e-02 9.635628343545213575e+05
6.648310387984980585e-02 9.631399646721391473e+05
6.658322903629536327e-02 9.627199082495823968e+05
6.668335419274092069e-02 9.623026463708466617e+05
6.678347934918647810e-02 9.618881604444409022e+05
6.688360450563203552e-02 9.614764320025594207e+05
6.698372966207759294e-02 9.610674427002586890e+05
6.708385481852315035e-02 9.606611743146402296e+05
6.718397997496870777e-02 9.602576087440382689e+05
6.728410513141426519e-02 9.598567280072136782e+05
6.738423028785982261e-02 9.594585142425525701e+05
6.748435544430538002e-02 9.590629497072703671e+05
6.758448060075093744e-02 9.586700167766215745e+05
6.768460575719649486e-02 9.582796979431140935e+05
6.778473091364205227e-02 9.578919758157294709e+05
6.788485607008760969e-02 9.575068331191478064e+05
6.798498122653316711e-02 9.571242526929782471e+05
6.808510638297872453e-02 9.567442174909942551e+05
6.818523153942428194e-02 9.563667105803739978e+05
6.828535669586983936e-02 9.559917151409462094e+05
6.838548185231539678e-02 9.556192144644404761e+05
6.848560700876095420e-02 9.552491919537427602e+05
6.858573216520651161e-02 9.548816311221560463e+05
6.868585732165206903e-02 9.545165155926659936e+05
6.878598247809762645e-02 9.541538290972106624e+05
6.888610763454316999e-02 9.537935554759559454e+05
6.898623279098872740e-02 9.534356786765758879e+05
6.908635794743428482e-02 9.530801827535368502e+05
6.918648310387984224e-02 9.527270518673874903e+05
6.928660826032539966e-02 9.523762702840529382e+05
6.938673341677095707e-02 9.520278223741336260e+05
6.948685857321651449e-02 9.516816926122090081e+05
6.958698372966207191e-02 9.513378655761457048e+05
6.968710888610762932e-02 9.509963259464105358e+05
6.978723404255318674e-02 9.506570585053877439e+05
6.988735919899874416e-02 9.503200481367011089e+05
6.998748435544430158e-02 9.499852798245402519e+05
7.008760951188985899e-02 9.496527386529918294e+05
7.018773466833541641e-02 9.493224098053749185e+05
7.028785982478097383e-02 9.489942785635804757e+05
7.038798498122653124e-02 9.486683303074161522e+05
7.048811013767208866e-02 9.483445505139541347e+05
7.058823529411764608e-02 9.480229247568848077e+05
7.068836045056320350e-02 9.477034387058735592e+05
7.078848560700876091e-02 9.473860781259224750e+05
7.088861076345431833e-02 9.470708288767356426e+05
7.098873591989987575e-02 9.467576769120899262e+05
7.108886107634543317e-02 9.464466082792083034e+05
7.118898623279099058e-02 9.461376091181386728e+05
7.128911138923654800e-02 9.458306656611360377e+05
7.138923654568210542e-02 9.455257642320494633e+05
7.148936170212766283e-02 9.452228912457122933e+05
7.158948685857322025e-02 9.449220332073369063e+05
7.168961201501877767e-02 9.446231767119138967e+05
7.178973717146432121e-02 9.443263084436141653e+05
7.188986232790987863e-02 9.440314151751960162e+05
7.198998748435543604e-02 9.437384837674158625e+05
7.209011264080099346e-02 9.434475011684423080e+05
7.219023779724655088e-02 9.431584544132752344e+05
7.229036295369210829e-02 9.428713306231676834e+05
7.239048811013766571e-02 9.425861170050522778e+05
7.249061326658322313e-02 9.423028008509712527e+05
7.259073842302878055e-02 9.420213695375097450e+05
7.269086357947433796e-02 9.417418105252340902e+05
7.279098873591989538e-02 9.414641113581326790e+05
7.289111389236545280e-02 9.411882596630606567e+05
7.299123904881101021e-02 9.409142431491896277e+05
7.309136420525656763e-02 9.406420496074587572e+05
7.319148936170212505e-02 9.403716669100320432e+05
7.329161451814768247e-02 9.401030830097568687e+05
7.339173967459323988e-02 9.398362859396277927e+05
7.349186483103879730e-02 9.395712638122536009e+05
7.359198998748435472e-02 9.393080048193266848e+05
7.369211514392991214e-02 9.390464972310981248e+05
7.379224030037546955e-02 9.387867293958540540e+05
7.389236545682102697e-02 9.385286897393971449e+05
7.399249061326658439e-02 9.382723667645306559e+05
7.409261576971214180e-02 9.380177490505459718e+05
7.419274092615769922e-02 9.377648252527143341e+05
7.429286608260325664e-02 9.375135841017807834e+05
7.439299123904881406e-02 9.372640144034620607e+05
7.449311639549437147e-02 9.370161050379484659e+05
7.459324155193992889e-02 9.367698449594076956e+05
7.469336670838548631e-02 9.365252231954928720e+05
7.479349186483102985e-02 9.362822288468540646e+05
7.489361702127658726e-02 9.360408510866520228e+05
7.499374217772214468e-02 9.358010791600763332e+05
7.509386733416770210e-02 9.355629023838659050e+05
7.519399249061325952e-02 9.353263101458329475e+05
7.529411764705881693e-02 9.350912919043904403e+05
7.539424280350437435e-02 9.348578371880820487e+05
7.549436795994993177e-02 9.346259355951159960e+05
7.559449311639548919e-02 9.343955767929011490e+05
7.569461827284104660e-02 9.341667505175868282e+05
7.579474342928660402e-02 9.339394465736056445e+05
7.589486858573216144e-02 9.337136548332191305e+05
7.599499374217771885e-02 9.334893652360663982e+05
7.609511889862327627e-02 9.332665677887157071e+05
7.619524405506883369e-02 9.330452525642199907e+05
7.629536921151439111e-02 9.328254097016734304e+05
7.639549436795994852e-02 9.326070294057730353e+05
7.649561952440550594e-02 9.323901019463816192e+05
7.659574468085106336e-02 9.321746176580945030e+05
7.669586983729662077e-02 9.319605669398090104e+05
7.679599499374217819e-02 9.317479402542964090e+05
7.689612015018773561e-02 9.315367281277769944e+05
7.699624530663329303e-02 9.313269211494980846e+05
7.709637046307885044e-02 9.311185099713146919e+05
7.719649561952440786e-02 9.309114853072731057e+05
7.729662077596996528e-02 9.307058379331969190e+05
7.739674593241552270e-02 9.305015586862761993e+05
7.749687108886108011e-02 9.302986384646591032e+05
7.759699624530663753e-02 9.300970682270466350e+05
7.769712140175218107e-02 9.298968389922895003e+05
7.779724655819773849e-02 9.296979418389878701e+05
7.789737171464329590e-02 9.295003679050941719e+05
7.799749687108885332e-02 9.293041083875180921e+05
7.809762202753441074e-02 9.291091545417344896e+05
7.819774718397996816e-02 9.289154976813934045e+05
7.829787234042552557e-02 9.287231291779334424e+05
7.839799749687108299e-02 9.285320404601970222e+05
7.849812265331664041e-02 9.283422230140488828e+05
7.859824780976219782e-02 9.281536683819959871e+05
7.869837296620775524e-02 9.279663681628115010e+05
7.879849812265331266e-02 9.277803140111600515e+05
7.889862327909887008e-02 9.275954976372260135e+05
7.899874843554442749e-02 9.274119108063438907e+05
7.909887359198998491e-02 9.272295453386318404e+05
7.919899874843554233e-02 9.270483931086268276e+05
7.929912390488109974e-02 9.268684460449229227e+05
7.939924906132665716e-02 9.266896961298114620e+05
7.949937421777221458e-02 9.265121353989236522e+05
7.959949937421777200e-02 9.263357559408760862e+05
7.969962453066332941e-02 9.261605498969181208e+05
7.979974968710888683e-02 9.259865094605814666e+05
7.989987484355444425e-02 9.258136268773328047e+05
8.000000000000000167e-02 9.256418944442278007e+05
---------------
