field_vs_length
---------------
0.000000000000000000e+00 2.400000000000000000e+06
1.001251564455569429e-04 2.400000000000000000e+06
2.002503128911138858e-04 2.400000000000000000e+06
3.003754693366708422e-04 2.400000000000000000e+06
4.005006257822277716e-04 2.400000000000000000e+06
5.006257822277847009e-04 2.400000000000000000e+06
6.007509386733416844e-04 2.400000000000000000e+06
7.008760951188985596e-04 2.400000000000000000e+06
8.010012515644555431e-04 2.400000000000000000e+06
9.011264080100125267e-04 2.400000000000000000e+06
1.001251564455569402e-03 2.400000000000000000e+06
1.101376720901126385e-03 2.400000000000000000e+06
1.201501877346683369e-03 2.400000000000000000e+06
1.301627033792240352e-03 2.400000000000000000e+06
1.401752190237797119e-03 2.400000000000000000e+06
1.501877346683354103e-03 2.400000000000000000e+06
1.602002503128911086e-03 2.400000000000000000e+06
1.702127659574468070e-03 2.400000000000000000e+06
1.802252816020025053e-03 2.400000000000000000e+06
1.902377972465581820e-03 2.400000000000000000e+06
2.002503128911138804e-03 2.400000000000000000e+06
2.102628285356695787e-03 2.400000000000000000e+06
2.202753441802252771e-03 2.400000000000000000e+06
2.302878598247809754e-03 2.400000000000000000e+06
2.403003754693366738e-03 2.400000000000000000e+06
2.503128911138923721e-03 2.400000000000000000e+06
2.603254067584480705e-03 2.400000000000000000e+06
2.703379224030037255e-03 2.400000000000000000e+06
2.803504380475594238e-03 2.400000000000000000e+06
2.903629536921151222e-03 2.400000000000000000e+06
3.003754693366708205e-03 2.400000000000000000e+06
3.103879849812265189e-03 2.400000000000000000e+06
3.204005006257822172e-03 2.400000000000000000e+06
3.304130162703379156e-03 2.400000000000000000e+06
3.404255319148936140e-03 2.400000000000000000e+06
3.504380475594493123e-03 2.400000000000000000e+06
3.604505632040050107e-03 2.400000000000000000e+06
3.704630788485607090e-03 2.400000000000000000e+06
3.804755944931163640e-03 2.400000000000000000e+06
3.904881101376720624e-03 2.400000000000000000e+06
4.005006257822277607e-03 2.400000000000000000e+06
4.105131414267835024e-03 2.400000000000000000e+06
4.205256570713391574e-03 2.400000000000000000e+06
4.305381727158948124e-03 2.400000000000000000e+06
4.405506883604505541e-03 2.400000000000000000e+06
4.505632040050062091e-03 2.400000000000000000e+06
4.605757196495619508e-03 2.400000000000000000e+06
4.705882352941176058e-03 2.400000000000000000e+06
4.806007509386733476e-03 2.400000000000000000e+06
4.906132665832290025e-03 2.400000000000000000e+06
5.006257822277847443e-03 2.400000000000000000e+06
5.106382978723403993e-03 2.400000000000000000e+06
5.206508135168961410e-03 2.400000000000000000e+06
5.306633291614517960e-03 2.400000000000000000e+06
5.406758448060074509e-03 2.400000000000000000e+06
5.506883604505631927e-03 2.400000000000000000e+06
5.607008760951188477e-03 2.400000000000000000e+06
5.707133917396745894e-03 2.400000000000000000e+06
5.807259073842302444e-03 2.400000000000000000e+06
5.907384230287859861e-03 2.400000000000000000e+06
6.007509386733416411e-03 2.400000000000000000e+06
6.107634543178973828e-03 2.400000000000000000e+06
6.207759699624530378e-03 2.400000000000000000e+06
6.307884856070087795e-03 2.400000000000000000e+06
6.408010012515644345e-03 2.400000000000000000e+06
6.508135168961200895e-03 2.400000000000000000e+06
6.608260325406758312e-03 2.400000000000000000e+06
6.708385481852314862e-03 2.400000000000000000e+06
6.808510638297872279e-03 2.400000000000000000e+06
6.908635794743428829e-03 2.400000000000000000e+06
7.008760951188986246e-03 2.400000000000000000e+06
7.108886107634542796e-03 2.400000000000000000e+06
7.209011264080100213e-03 2.400000000000000000e+06
7.309136420525656763e-03 2.400000000000000000e+06
7.409261576971214180e-03 2.400000000000000000e+06
7.509386733416770730e-03 2.400000000000000000e+06
7.609511889862327280e-03 2.400000000000000000e+06
7.709637046307884697e-03 2.400000000000000000e+06
7.809762202753441247e-03 2.400000000000000000e+06
7.909887359198997797e-03 2.400000000000000000e+06
8.010012515644555214e-03 2.400000000000000000e+06
8.110137672090112632e-03 2.400000000000000000e+06
8.210262828535670049e-03 2.400000000000000000e+06
8.310387984981225731e-03 2.400000000000000000e+06
8.410513141426783149e-03 2.400000000000000000e+06
8.510638297872340566e-03 2.400000000000000000e+06
8.610763454317896248e-03 2.400000000000000000e+06
8.710888610763453666e-03 2.400000000000000000e+06
8.811013767209011083e-03 2.400000000000000000e+06
8.911138923654568500e-03 2.400000000000000000e+06
9.011264080100124182e-03 2.400000000000000000e+06
9.111389236545681600e-03 2.400000000000000000e+06
9.211514392991239017e-03 2.400000000000000000e+06
9.311639549436796434e-03 2.400000000000000000e+06
9.411764705882352117e-03 2.400000000000000000e+06
9.511889862327909534e-03 2.400000000000000000e+06
9.612015018773466951e-03 2.400000000000000000e+06
9.712140175219022634e-03 2.400000000000000000e+06
9.812265331664580051e-03 2.400000000000000000e+06
9.912390488110137468e-03 2.400000000000000000e+06
1.001251564455569489e-02 2.400000000000000000e+06
1.011264080100125057e-02 2.400000000000000000e+06
1.021276595744680799e-02 2.400000000000000000e+06
1.031289111389236540e-02 2.400000000000000000e+06
1.041301627033792282e-02 2.400000000000000000e+06
1.051314142678347850e-02 2.400000000000000000e+06
1.061326658322903592e-02 2.400000000000000000e+06
1.071339173967459334e-02 2.400000000000000000e+06
1.081351689612014902e-02 2.400000000000000000e+06
1.091364205256570644e-02 2.400000000000000000e+06
1.101376720901126385e-02 2.400000000000000000e+06
1.111389236545682127e-02 2.400000000000000000e+06
1.121401752190237695e-02 2.400000000000000000e+06
1.131414267834793437e-02 2.400000000000000000e+06
1.141426783479349179e-02 2.400000000000000000e+06
1.151439299123904920e-02 2.400000000000000000e+06
1.161451814768460489e-02 2.400000000000000000e+06
1.171464330413016230e-02 2.400000000000000000e+06
1.181476846057571972e-02 2.400000000000000000e+06
1.191489361702127540e-02 2.400000000000000000e+06
1.201501877346683282e-02 2.400000000000000000e+06
1.211514392991239024e-02 2.400000000000000000e+06
1.221526908635794766e-02 2.400000000000000000e+06
1.231539424280350334e-02 2.400000000000000000e+06
1.241551939924906076e-02 2.400000000000000000e+06
1.251564455569461817e-02 2.400000000000000000e+06
1.261576971214017559e-02 2.400000000000000000e+06
1.271589486858573127e-02 2.400000000000000000e+06
1.281602002503128869e-02 2.400000000000000000e+06
1.291614518147684611e-02 2.400000000000000000e+06
1.301627033792240179e-02 2.400000000000000000e+06
1.311639549436795921e-02 2.400000000000000000e+06
1.321652065081351662e-02 2.400000000000000000e+06
1.331664580725907404e-02 2.400000000000000000e+06
1.341677096370462972e-02 2.400000000000000000e+06
1.351689612015018714e-02 2.400000000000000000e+06
1.361702127659574456e-02 2.400000000000000000e+06
1.371714643304130198e-02 2.400000000000000000e+06
1.381727158948685766e-02 2.400000000000000000e+06
1.391739674593241508e-02 2.400000000000000000e+06
1.401752190237797249e-02 2.400000000000000000e+06
1.411764705882352818e-02 2.400000000000000000e+06
1.421777221526908559e-02 2.400000000000000000e+06
1.431789737171464301e-02 2.400000000000000000e+06
1.441802252816020043e-02 2.400000000000000000e+06
1.451814768460575611e-02 2.400000000000000000e+06
1.461827284105131353e-02 2.400000000000000000e+06
1.471839799749687094e-02 2.400000000000000000e+06
1.481852315394242836e-02 2.400000000000000000e+06
1.491864831038798404e-02 2.400000000000000000e+06
1.501877346683354146e-02 2.400000000000000000e+06
1.511889862327909888e-02 2.400000000000000000e+06
1.521902377972465456e-02 2.400000000000000000e+06
1.531914893617021198e-02 2.400000000000000000e+06
1.541927409261576939e-02 2.400000000000000000e+06
1.551939924906132681e-02 2.400000000000000000e+06
1.561952440550688249e-02 2.400000000000000000e+06
1.571964956195244165e-02 2.400000000000000000e+06
1.581977471839799559e-02 2.400000000000000000e+06
1.591989987484355301e-02 2.400000000000000000e+06
1.602002503128911043e-02 2.400000000000000000e+06
1.612015018773466785e-02 2.400000000000000000e+06
1.622027534418022526e-02 2.400000000000000000e+06
1.632040050062578268e-02 2.400000000000000000e+06
1.642052565707134010e-02 2.400000000000000000e+06
1.652065081351689405e-02 2.400000000000000000e+06
1.662077596996245146e-02 2.400000000000000000e+06
1.672090112640800888e-02 2.400000000000000000e+06
1.682102628285356630e-02 2.400000000000000000e+06
1.692115143929912371e-02 2.400000000000000000e+06
1.702127659574468113e-02 2.400000000000000000e+06
1.712140175219023855e-02 2.400000000000000000e+06
1.722152690863579250e-02 2.400000000000000000e+06
1.732165206508134991e-02 2.400000000000000000e+06
1.742177722152690733e-02 2.400000000000000000e+06
1.752190237797246475e-02 2.400000000000000000e+06
1.762202753441802217e-02 2.400000000000000000e+06
1.772215269086357958e-02 2.400000000000000000e+06
1.782227784730913700e-02 2.400000000000000000e+06
1.792240300375469442e-02 2.400000000000000000e+06
1.802252816020024836e-02 2.400000000000000000e+06
1.812265331664580578e-02 2.400000000000000000e+06
1.822277847309136320e-02 2.400000000000000000e+06
1.832290362953692062e-02 2.400000000000000000e+06
1.842302878598247803e-02 2.400000000000000000e+06
1.852315394242803545e-02 2.400000000000000000e+06
1.862327909887359287e-02 2.400000000000000000e+06
1.872340425531914682e-02 2.400000000000000000e+06
1.882352941176470423e-02 2.400000000000000000e+06
1.892365456821026165e-02 2.400000000000000000e+06
1.902377972465581907e-02 2.400000000000000000e+06
1.912390488110137649e-02 2.400000000000000000e+06
1.922403003754693390e-02 2.400000000000000000e+06
1.932415519399249132e-02 2.400000000000000000e+06
1.942428035043804527e-02 2.400000000000000000e+06
1.952440550688360268e-02 2.400000000000000000e+06
1.962453066332916010e-02 2.400000000000000000e+06
1.972465581977471752e-02 2.400000000000000000e+06
1.982478097622027494e-02 2.400000000000000000e+06
1.992490613266583235e-02 2.400000000000000000e+06
2.002503128911138977e-02 2.397498958479035646e+06
2.012515644555694719e-02 2.387536424313115887e+06
2.022528160200250114e-02 2.377640168715501204e+06
2.032540675844805855e-02 2.367809750749323983e+06
2.042553191489361597e-02 2.358044732411172241e+06
2.052565707133917339e-02 2.348344678611575626e+06
2.062578222778473080e-02 2.338709157155619934e+06
2.072590738423028822e-02 2.329137738723687828e+06
2.082603254067584564e-02 2.319629996852333657e+06
2.092615769712139959e-02 2.310185507915279362e+06
2.102628285356695700e-02 2.300803851104538888e+06
2.112640801001251442e-02 2.291484608411672059e+06
2.122653316645807184e-02 2.282227364609156735e+06
2.132665832290362926e-02 2.273031707231888548e+06
2.142678347934918667e-02 2.263897226558805443e+06
2.152690863579474409e-02 2.254823515594627708e+06
2.162703379224029804e-02 2.245810170051728841e+06
2.172715894868585546e-02 2.236856788332117721e+06
2.182728410513141287e-02 2.227962971509547904e+06
2.192740926157697029e-02 2.219128323311743792e+06
2.202753441802252771e-02 2.210352450102740899e+06
2.212765957446808512e-02 2.201634960865349509e+06
2.222778473091364254e-02 2.192975467183732428e+06
2.232790988735919996e-02 2.184373583226098679e+06
2.242803504380475391e-02 2.175828925727510825e+06
2.252816020025031132e-02 2.167341113972811028e+06
2.262828535669586874e-02 2.158909769779655151e+06
2.272841051314142616e-02 2.150534517481664196e+06
2.282853566958698358e-02 2.142214983911686111e+06
2.292866082603254099e-02 2.133950798385167960e+06
2.302878598247809841e-02 2.125741592683641240e+06
2.312891113892365236e-02 2.117587001038313843e+06
2.322903629536920977e-02 2.109486660113773309e+06
2.332916145181476719e-02 2.101440208991799504e+06
2.342928660826032461e-02 2.093447289155282313e+06
2.352941176470588203e-02 2.085507544472247362e+06
2.362953692115143944e-02 2.077620621179989073e+06
2.372966207759699686e-02 2.069786167869307799e+06
2.382978723404255081e-02 2.062003835468853358e+06
2.392991239048810823e-02 2.054273277229569852e+06
2.403003754693366564e-02 2.046594148709248286e+06
2.413016270337922306e-02 2.038966107757178368e+06
2.423028785982478048e-02 2.031388814498904161e+06
2.433041301627033789e-02 2.023861931321079843e+06
2.443053817271589531e-02 2.016385122856428148e+06
2.453066332916145273e-02 2.008958055968796602e+06
2.463078848560700668e-02 2.001580399738315959e+06
2.473091364205256409e-02 1.994251825446653645e+06
2.483103879849812151e-02 1.986972006562368479e+06
2.493116395494367893e-02 1.979740618726362940e+06
2.503128911138923635e-02 1.972557339737429051e+06
2.513141426783479376e-02 1.965421849537892966e+06
2.523153942428035118e-02 1.958333830199355492e+06
2.533166458072590513e-02 1.951292965908525744e+06
2.543178973717146255e-02 1.944298942953148857e+06
2.553191489361701996e-02 1.937351449708030559e+06
2.563204005006257738e-02 1.930450176621149760e+06
2.573216520650813480e-02 1.923594816199868917e+06
2.583229036295369221e-02 1.916785062997230794e+06
2.593241551939924963e-02 1.910020613598350435e+06
2.603254067584480358e-02 1.903301166606897023e+06
2.613266583229036100e-02 1.896626422631661873e+06
2.623279098873591841e-02 1.889996084273222368e+06
2.633291614518147583e-02 1.883409856110688997e+06
2.643304130162703325e-02 1.876867444688542746e+06
2.653316645807259067e-02 1.870368558503560722e+06
2.663329161451814808e-02 1.863912907991826534e+06
2.673341677096370203e-02 1.857500205515830778e+06
2.683354192740925945e-02 1.851130165351652075e+06
2.693366708385481686e-02 1.844802503676229622e+06
2.703379224030037428e-02 1.838516938554714201e+06
2.713391739674593170e-02 1.832273189927908592e+06
2.723404255319148912e-02 1.826070979599788319e+06
2.733416770963704653e-02 1.819910031225105980e+06
2.743429286608260395e-02 1.813790070297079161e+06
2.753441802252815790e-02 1.807710824135159142e+06
2.763454317897371532e-02 1.801672021872880869e+06
2.773466833541927273e-02 1.795673394445796497e+06
2.783479349186483015e-02 1.789714674579483690e+06
2.793491864831038757e-02 1.783795596777639352e+06
2.803504380475594499e-02 1.777915897310248576e+06
2.813516896120150240e-02 1.772075314201836241e+06
2.823529411764705635e-02 1.766273587219791953e+06
2.833541927409261377e-02 1.760510457862775773e+06
2.843554443053817118e-02 1.754785669349202421e+06
2.853566958698372860e-02 1.749098966605796246e+06
2.863579474342928602e-02 1.743450096256230492e+06
2.873591989987484344e-02 1.737838806609835243e+06
2.883604505632040085e-02 1.732264847650383133e+06
2.893617021276595480e-02 1.726727971024951432e+06
2.903629536921151222e-02 1.721227930032853968e+06
2.913642052565706964e-02 1.715764479614651296e+06
2.923654568210262705e-02 1.710337376341231167e+06
2.933667083854818447e-02 1.704946378402961418e+06
2.943679599499374189e-02 1.699591245598917129e+06
2.953692115143929930e-02 1.694271739326177863e+06
2.963704630788485672e-02 1.688987622569195926e+06
2.973717146433041067e-02 1.683738659889237490e+06
2.983729662077596809e-02 1.678524617413889384e+06
2.993742177722152550e-02 1.673345262826642720e+06
3.003754693366708292e-02 1.668200365356537979e+06
3.013767209011264034e-02 1.663089695767886005e+06
3.023779724655819776e-02 1.658013026350051863e+06
3.033792240300375517e-02 1.652970130907309707e+06
3.043804755944930912e-02 1.647960784748765407e+06
3.053817271589486654e-02 1.642984764678343199e+06
3.063829787234042396e-02 1.638041848984843120e+06
3.073842302878598137e-02 1.633131817432061071e+06
3.083854818523153879e-02 1.628254451248976402e+06
3.093867334167709621e-02 1.623409533120004693e+06
3.103879849812265362e-02 1.618596847175314557e+06
3.113892365456820757e-02 1.613816178981209174e+06
3.123904881101376499e-02 1.609067315530573018e+06
3.133917396745932588e-02 1.604350045233380049e+06
3.143929912390488329e-02 1.599664157907266635e+06
3.153942428035043377e-02 1.595009444768166868e+06
3.163954943679599119e-02 1.590385698421009118e+06
3.173967459324154861e-02 1.585792712850476382e+06
3.183979974968710602e-02 1.581230283411826938e+06
3.193992490613266344e-02 1.576698206821775064e+06
3.204005006257822086e-02 1.572196281149435323e+06
3.214017521902377827e-02 1.567724305807323661e+06
3.224030037546933569e-02 1.563282081542422064e+06
3.234042553191489311e-02 1.558869410427297931e+06
3.244055068836045053e-02 1.554486095851287246e+06
3.254067584480600794e-02 1.550131942511734786e+06
3.264080100125156536e-02 1.545806756405289751e+06
3.274092615769712278e-02 1.541510344819264952e+06
3.284105131414268020e-02 1.537242516323047224e+06
3.294117647058823761e-02 1.533003080759570468e+06
3.304130162703378809e-02 1.528791849236842245e+06
3.314142678347934551e-02 1.524608634119526483e+06
3.324155193992490293e-02 1.520453249020584859e+06
3.334167709637046034e-02 1.516325508792971028e+06
3.344180225281601776e-02 1.512225229521381669e+06
3.354192740926157518e-02 1.508152228514062241e+06
3.364205256570713259e-02 1.504106324294666061e+06
3.374217772215269001e-02 1.500087336594169261e+06
3.384230287859824743e-02 1.496095086342838593e+06
3.394242803504380485e-02 1.492129395662252326e+06
3.404255319148936226e-02 1.488190087857376086e+06
3.414267834793491968e-02 1.484276987408687593e+06
3.424280350438047710e-02 1.480389919964358909e+06
3.434292866082603451e-02 1.476528712332486408e+06
3.444305381727158499e-02 1.472693192473374307e+06
3.454317897371714241e-02 1.468883189491869416e+06
3.464330413016269983e-02 1.465098533629746642e+06
3.474342928660825724e-02 1.461339056258145720e+06
3.484355444305381466e-02 1.457604589870057534e+06
3.494367959949937208e-02 1.453894968072860036e+06
3.504380475594492950e-02 1.450210025580905378e+06
3.514392991239048691e-02 1.446549598208155250e+06
3.524405506883604433e-02 1.442913522860864876e+06
3.534418022528160175e-02 1.439301637530316832e+06
3.544430538172715917e-02 1.435713781285602134e+06
3.554443053817271658e-02 1.432149794266450685e+06
3.564455569461827400e-02 1.428609517676107585e+06
3.574468085106383142e-02 1.425092793774257414e+06
3.584480600750938883e-02 1.421599465869997861e+06
3.594493116395493931e-02 1.418129378314856440e+06
3.604505632040049673e-02 1.414682376495855860e+06
3.614518147684605415e-02 1.411258306828625733e+06
3.624530663329161156e-02 1.407857016750558745e+06
3.634543178973716898e-02 1.404478354714012938e+06
3.644555694618272640e-02 1.401122170179560781e+06
3.654568210262828382e-02 1.397788313609280158e+06
3.664580725907384123e-02 1.394476636460091686e+06
3.674593241551939865e-02 1.391186991177141899e+06
3.684605757196495607e-02 1.387919231187226716e+06
3.694618272841051348e-02 1.384673210892261239e+06
3.704630788485607090e-02 1.381448785662794253e+06
3.714643304130162832e-02 1.378245811831561849e+06
3.724655819774718574e-02 1.375064146687086904e+06
3.734668335419274315e-02 1.371903648467321415e+06
3.744680851063829363e-02 1.368764176353328861e+06
3.754693366708385105e-02 1.365645590463010129e+06
3.764705882352940847e-02 1.362547751844872255e+06
3.774718397997496588e-02 1.359470522471835138e+06
3.784730913642052330e-02 1.356413765235083643e+06
3.794743429286608072e-02 1.353377343937956961e+06
3.804755944931163814e-02 1.350361123289881507e+06
3.814768460575719555e-02 1.347364968900342006e+06
3.824780976220275297e-02 1.344388747272894485e+06
3.834793491864831039e-02 1.341432325799217448e+06
3.844806007509386780e-02 1.338495572753203101e+06
3.854818523153942522e-02 1.335578357285089791e+06
3.864831038798498264e-02 1.332680549415630288e+06
3.874843554443054006e-02 1.329802020030300599e+06
3.884856070087609053e-02 1.326942640873548575e+06
3.894868585732164795e-02 1.324102284543076763e+06
3.904881101376720537e-02 1.321280824484168552e+06
3.914893617021276279e-02 1.318478134984048083e+06
3.924906132665832020e-02 1.315694091166279046e+06
3.934918648310387762e-02 1.312928568985200953e+06
3.944931163954943504e-02 1.310181445220401976e+06
3.954943679599499246e-02 1.307452597471228801e+06
3.964956195244054987e-02 1.304741904151333030e+06
3.974968710888610729e-02 1.302049244483253686e+06
3.984981226533166471e-02 1.299374498493036022e+06
3.994993742177722212e-02 1.296717547004885972e+06
4.005006257822277954e-02 1.294078271635859739e+06
4.015018773466833696e-02 1.291456554790589493e+06
4.025031289111389438e-02 1.288852279656044208e+06
4.035043804755944485e-02 1.286265330196323805e+06
4.045056320400500227e-02 1.283695591147490311e+06
4.055068836045055969e-02 1.281142948012431152e+06
4.065081351689611711e-02 1.278607287055758294e+06
4.075093867334167452e-02 1.276088495298740920e+06
4.085106382978723194e-02 1.273586460514270235e+06
4.095118898623278936e-02 1.271101071221860358e+06
4.105131414267834677e-02 1.268632216682680883e+06
4.115143929912390419e-02 1.266179786894622725e+06
4.125156445556946161e-02 1.263743672587396577e+06
4.135168961201501903e-02 1.261323765217664652e+06
4.145181476846057644e-02 1.258919956964204554e+06
4.155193992490613386e-02 1.256532140723104589e+06
4.165206508135169128e-02 1.254160210102992598e+06
4.175219023779724176e-02 1.251804059420294361e+06
4.185231539424279917e-02 1.249463583694525529e+06
4.195244055068835659e-02 1.247138678643614752e+06
4.205256570713391401e-02 1.244829240679255920e+06
4.215269086357947143e-02 1.242535166902293451e+06
4.225281602002502884e-02 1.240256355098137399e+06
4.235294117647058626e-02 1.237992703732209513e+06
4.245306633291614368e-02 1.235744111945418641e+06
4.255319148936170109e-02 1.233510479549667332e+06
4.265331664580725851e-02 1.231291707023387542e+06
4.275344180225281593e-02 1.229087695507106371e+06
4.285356695869837335e-02 1.226898346799042309e+06
4.295369211514393076e-02 1.224723563350728014e+06
4.305381727158948818e-02 1.222563248262664769e+06
4.315394242803504560e-02 1.220417305280006025e+06
4.325406758448059608e-02 1.218285638788267039e+06
4.335419274092615349e-02 1.216168153809064999e+06
4.345431789737171091e-02 1.214064755995888729e+06
4.355444305381726833e-02 1.211975351629892830e+06
4.365456821026282574e-02 1.209899847615723498e+06
4.375469336670838316e-02 1.207838151477369713e+06
4.385481852315394058e-02 1.205790171354043297e+06
4.395494367959949800e-02 1.203755815996085992e+06
4.405506883604505541e-02 1.201734994760903530e+06
4.415519399249061283e-02 1.199727617608927190e+06
4.425531914893617025e-02 1.197733595099601662e+06
4.435544430538172767e-02 1.195752838387400378e+06
4.445556946182728508e-02 1.193785259217866231e+06
4.455569461827284250e-02 1.191830769923680462e+06
4.465581977471839992e-02 1.189889283420755295e+06
4.475594493116395040e-02 1.187960713204354979e+06
4.485607008760950781e-02 1.186044973345240112e+06
4.495619524405506523e-02 1.184141978485840838e+06
4.505632040050062265e-02 1.182251643836451462e+06
4.515644555694618006e-02 1.180373885171454400e+06
4.525657071339173748e-02 1.178508618825567188e+06
4.535669586983729490e-02 1.176655761690113228e+06
4.545682102628285232e-02 1.174815231209320016e+06
4.555694618272840973e-02 1.172986945376641583e+06
4.565707133917396715e-02 1.171170822731102351e+06
4.575719649561952457e-02 1.169366782353669871e+06
4.585732165206508198e-02 1.167574743863647804e+06
4.595744680851063940e-02 1.165794627415095456e+06
4.605757196495619682e-02 1.164026353693268960e+06
4.615769712140174730e-02 1.162269843911089236e+06
4.625782227784730471e-02 1.160525019805629738e+06
4.635794743429286213e-02 1.158791803634630283e+06
4.645807259073841955e-02 1.157070118173033232e+06
4.655819774718397697e-02 1.155359886709542247e+06
4.665832290362953438e-02 1.153661033043204341e+06
4.675844806007509180e-02 1.151973481480014976e+06
4.685857321652064922e-02 1.150297156829545740e+06
4.695869837296620664e-02 1.148631984401593218e+06
4.705882352941176405e-02 1.146977890002851607e+06
4.715894868585732147e-02 1.145334799933607690e+06
4.725907384230287889e-02 1.143702640984455356e+06
4.735919899874843630e-02 1.142081340433035512e+06
4.745932415519399372e-02 1.140470826040794840e+06
4.755944931163955114e-02 1.138871026049767388e+06
4.765957446808510162e-02 1.137281869179377332e+06
4.775969962453065903e-02 1.135703284623262472e+06
4.785982478097621645e-02 1.134135202046120772e+06
4.795994993742177387e-02 1.132577551580575062e+06
4.806007509386733129e-02 1.131030263824060792e+06
4.816020025031288870e-02 1.129493269835733343e+06
4.826032540675844612e-02 1.127966501133396989e+06
4.836045056320400354e-02 1.126449889690452488e+06
4.846057571964956096e-02 1.124943367932867259e+06
4.856070087609511837e-02 1.123446868736163713e+06
4.866082603254067579e-02 1.121960325422428781e+06
4.876095118898623321e-02 1.120483671757343458e+06
4.886107634543179062e-02 1.119016841947230510e+06
4.896120150187734804e-02 1.117559770636124304e+06
4.906132665832290546e-02 1.116112392902857857e+06
4.916145181476845594e-02 1.114674644258170854e+06
4.926157697121401335e-02 1.113246460641835816e+06
4.936170212765957077e-02 1.111827778419803595e+06
4.946182728410512819e-02 1.110418534381369129e+06
4.956195244055068561e-02 1.109018665736354422e+06
4.966207759699624302e-02 1.107628110112310154e+06
4.976220275344180044e-02 1.106246805551737780e+06
4.986232790988735786e-02 1.104874690509328619e+06
4.996245306633291527e-02 1.103511703849221347e+06
5.006257822277847269e-02 1.102157784842278110e+06
5.016270337922403011e-02 1.100812873163378797e+06
5.026282853566958753e-02 1.099476908888733480e+06
5.036295369211514494e-02 1.098149832493211608e+06
5.046307884856070236e-02 1.096831584847690770e+06
5.056320400500625284e-02 1.095522107216421515e+06
5.066332916145181026e-02 1.094221341254410567e+06
5.076345431789736767e-02 1.092929229004821274e+06
5.086357947434292509e-02 1.091645712896391284e+06
5.096370463078848251e-02 1.090370735740866745e+06
5.106382978723403993e-02 1.089104240730455611e+06
5.116395494367959734e-02 1.087846171435294906e+06
5.126408010012515476e-02 1.086596471800937783e+06
5.136420525657071218e-02 1.085355086145855254e+06
5.146433041301626959e-02 1.084121959158955142e+06
5.156445556946182701e-02 1.082897035897118505e+06
5.166458072590738443e-02 1.081680261782750254e+06
5.176470588235294185e-02 1.080471582601348870e+06
5.186483103879849926e-02 1.079270944499089383e+06
5.196495619524405668e-02 1.078078293980425457e+06
5.206508135168960716e-02 1.076893577905704034e+06
5.216520650813516458e-02 1.075716743488799082e+06
5.226533166458072199e-02 1.074547738294759300e+06
5.236545682102627941e-02 1.073386510237470968e+06
5.246558197747183683e-02 1.072233007577339187e+06
5.256570713391739424e-02 1.071087178918979829e+06
5.266583229036295166e-02 1.069948973208932206e+06
5.276595744680850908e-02 1.068818339733382687e+06
5.286608260325406650e-02 1.067695228115905542e+06
5.296620775969962391e-02 1.066579588315218454e+06
5.306633291614518133e-02 1.065471370622953167e+06
5.316645807259073875e-02 1.064370525661440101e+06
5.326658322903629617e-02 1.063277004381508334e+06
5.336670838548185358e-02 1.062190758060300956e+06
5.346683354192740406e-02 1.061111738299102988e+06
5.356695869837296148e-02 1.060039897021186072e+06
5.366708385481851890e-02 1.058975186469665263e+06
5.376720901126407631e-02 1.057917559205372352e+06
5.386733416770963373e-02 1.056866968104741536e+06
5.396745932415519115e-02 1.055823366357709048e+06
5.406758448060074856e-02 1.054786707465629559e+06
5.416770963704630598e-02 1.053756945239201654e+06
5.426783479349186340e-02 1.052734033796412405e+06
5.436795994993742082e-02 1.051717927560491720e+06
5.446808510638297823e-02 1.050708581257881131e+06
5.456821026282853565e-02 1.049705949916217942e+06
5.466833541927409307e-02 1.048709988862330792e+06
5.476846057571965048e-02 1.047720653720248607e+06
5.486858573216520790e-02 1.046737900409224792e+06
5.496871088861075838e-02 1.045761685141771799e+06
5.506883604505631580e-02 1.044791964421710814e+06
5.516896120150187321e-02 1.043828695042233565e+06
5.526908635794743063e-02 1.042871834083977272e+06
5.536921151439298805e-02 1.041921338913112530e+06
5.546933667083854547e-02 1.040977167179443291e+06
5.556946182728410288e-02 1.040039276814520243e+06
5.566958698372966030e-02 1.039107626029766165e+06
5.576971214017521772e-02 1.038182173314614221e+06
5.586983729662077514e-02 1.037262877434658352e+06
5.596996245306633255e-02 1.036349697429816006e+06
5.607008760951188997e-02 1.035442592612503096e+06
5.617021276595744739e-02 1.034541522565821186e+06
5.627033792240300480e-02 1.033646447141756536e+06
5.637046307884856222e-02 1.032757326459391741e+06
5.647058823529411270e-02 1.031874120903127943e+06
5.657071339173967012e-02 1.030996791120920563e+06
5.667083854818522753e-02 1.030125298022525618e+06
5.677096370463078495e-02 1.029259602777757915e+06
5.687108886107634237e-02 1.028399666814761003e+06
5.697121401752189979e-02 1.027545451818288420e+06
5.707133917396745720e-02 1.026696919727997039e+06
5.717146433041301462e-02 1.025854032736750552e+06
5.727158948685857204e-02 1.025016753288935637e+06
5.737171464330412946e-02 1.024185044078788138e+06
5.747183979974968687e-02 1.023358868048730772e+06
5.757196495619524429e-02 1.022538188387722592e+06
5.767209011264080171e-02 1.021722968529618229e+06
5.777221526908635912e-02 1.020913172151539125e+06
5.787234042553190960e-02 1.020108763172254898e+06
5.797246558197746702e-02 1.019309705750575406e+06
5.807259073842302444e-02 1.018515964283754467e+06
5.817271589486858185e-02 1.017727503405903117e+06
5.827284105131413927e-02 1.016944287986413925e+06
5.837296620775969669e-02 1.016166283128395793e+06
5.847309136420525411e-02 1.015393454167118762e+06
5.857321652065081152e-02 1.014625766668470344e+06
5.867334167709636894e-02 1.013863186427420122e+06
5.877346683354192636e-02 1.013105679466496571e+06
5.887359198998748377e-02 1.012353212034272728e+06
5.897371714643304119e-02 1.011605750603862689e+06
5.907384230287859861e-02 1.010863261871427414e+06
5.917396745932415603e-02 1.010125712754691252e+06
5.927409261576971344e-02 1.009393070391467772e+06
5.937421777221526392e-02 1.008665302138195140e+06
5.947434292866082134e-02 1.007942375568482326e+06
5.957446808510637876e-02 1.007224258471663808e+06
5.967459324155193617e-02 1.006510918851364986e+06
5.977471839799749359e-02 1.005802324924075627e+06
5.987484355444305101e-02 1.005098445117734838e+06
5.997496871088860843e-02 1.004399248070323141e+06
6.007509386733416584e-02 1.003704702628466417e+06
6.017521902377972326e-02 1.003014777846046491e+06
6.027534418022528068e-02 1.002329442982823355e+06
6.037546933667083809e-02 1.001648667503065197e+06
6.047559449311639551e-02 1.000972421074187499e+06
6.057571964956195293e-02 1.000300673565401928e+06
6.067584480600751035e-02 9.996333950463737128e+05
6.077596996245306776e-02 9.989705557858882239e+05
6.087609511889861824e-02 9.983121262505259365e+05
6.097622027534417566e-02 9.976580771033465862e+05
6.107634543178973308e-02 9.970083792025825242e+05
6.117647058823529049e-02 9.963630036003398709e+05
6.127659574468084791e-02 9.957219215413085185e+05
6.137672090112640533e-02 9.950851044614813291e+05
6.147684605757196274e-02 9.944525239868813660e+05
6.157697121401752016e-02 9.938241519322975073e+05
6.167709637046307758e-02 9.931999603000285570e+05
6.177722152690863500e-02 9.925799212786362041e+05
6.187734668335419241e-02 9.919640072417053161e+05
6.197747183979974983e-02 9.913521907466134289e+05
6.207759699624530725e-02 9.907444445333078038e+05
6.217772215269086467e-02 9.901407415230908664e+05
6.227784730913641514e-02 9.895410548174137948e+05
6.237797246558197256e-02 9.889453576966777910e+05
6.247809762202752998e-02 9.883536236190440832e+05
6.257822277847309433e-02 9.877658262192504480e+05
6.267834793491865175e-02 9.871819393074375112e+05
6.277847309136420917e-02 9.866019368679808686e+05
6.287859824780976659e-02 9.860257930583328707e+05
6.297872340425532400e-02 9.854534822078702273e+05
6.307884856070086754e-02 9.848849788167511579e+05
6.317897371714642496e-02 9.843202575547783636e+05
6.327909887359198238e-02 9.837592932602709625e+05
6.337922403003753979e-02 9.832020609389434103e+05
6.347934918648309721e-02 9.826485357627917547e+05
6.357947434292865463e-02 9.820986930689868750e+05
6.367959949937421205e-02 9.815525083587765694e+05
6.377972465581976946e-02 9.810099572963931132e+05
6.387984981226532688e-02 9.804710157079697819e+05
6.397997496871088430e-02 9.799356595804628450e+05
6.408010012515644171e-02 9.794038650605825242e+05
6.418022528160199913e-02 9.788756084537294228e+05
6.428035043804755655e-02 9.783508662229393376e+05
6.438047559449311397e-02 9.778296149878344731e+05
6.448060075093867138e-02 9.773118315235814080e+05
6.458072590738422880e-02 9.767974927598563954e+05
6.468085106382978622e-02 9.762865757798177656e+05
6.478097622027534364e-02 9.757790578190844972e+05
6.488110137672090105e-02 9.752749162647220073e+05
6.498122653316645847e-02 9.747741286542345770e+05
6.508135168961201589e-02 9.742766726745647611e+05
6.518147684605757330e-02 9.737825261610988528e+05
6.528160200250313072e-02 9.732916670966796810e+05
6.538172715894868814e-02 9.728040736106249969e+05
6.548185231539424556e-02 9.723197239777541254e+05
6.558197747183980297e-02 9.718385966174184578e+05
6.568210262828536039e-02 9.713606700925414916e+05
6.578222778473091781e-02 9.708859231086624786e+05
6.588235294117647523e-02 9.704143345129882218e+05
6.598247809762201876e-02 9.699458832934503444e+05
6.608260325406757618e-02 9.694805485777694266e+05
6.618272841051313360e-02 9.690183096325243823e+05
6.628285356695869102e-02 9.685591458622294012e+05
6.638297872340424843e-02 9.681030368084156653e+05
6.648310387984980585e-02 9.676499621487205150e+05
6.658322903629536327e-02 9.671999016959811561e+05
6.668335419274092069e-02 9.667528353973357007e+05
6.678347934918647810e-02 9.663087433333295630e+05
6.688360450563203552e-02 9.658676057170280255e+05
6.698372966207759294e-02 9.654294028931343928e+05
6.708385481852315035e-02 9.649941153371145483e+05
6.718397997496870777e-02 9.645617236543267500e+05
6.728410513141426519e-02 9.641322085791574791e+05
6.738423028785982261e-02 9.637055509741634596e+05
6.748435544430538002e-02 9.632817318292183336e+05
6.758448060075093744e-02 9.628607322606659727e+05
6.768460575719649486e-02 9.624425335104793776e+05
6.778473091364205227e-02 9.620271169454244664e+05
6.788485607008760969e-02 9.616144640562298009e+05
6.798498122653316711e-02 9.612045564567623660e+05
6.808510638297872453e-02 9.607973758832081221e+05
6.818523153942428194e-02 9.603929041932577966e+05
6.828535669586983936e-02 9.599911233652995434e+05
6.838548185231539678e-02 9.595920154976147460e+05
6.848560700876095420e-02 9.591955628075815039e+05
6.858573216520651161e-02 9.588017476308814948e+05
6.868585732165206903e-02 9.584105524207135895e+05
6.878598247809762645e-02 9.580219597470114240e+05
6.888610763454316999e-02 9.576359522956671426e+05
6.898623279098872740e-02 9.572525128677599132e+05
6.908635794743428482e-02 9.568716243787894491e+05
6.918648310387984224e-02 9.564932698579152348e+05
6.928660826032539966e-02 9.561174324471995933e+05
6.938673341677095707e-02 9.557440954008575063e+05
6.948685857321651449e-02 9.553732420845096931e+05
6.958698372966207191e-02 9.550048559744418599e+05
6.968710888610762932e-02 9.546389206568684895e+05
6.978723404255318674e-02 9.542754198272011708e+05
6.988735919899874416e-02 9.539143372893226333e+05
6.998748435544430158e-02 9.535556569548645057e+05
7.008760951188985899e-02 9.531993628424912458e+05
7.018773466833541641e-02 9.528454390771874459e+05
7.028785982478097383e-02 9.524938698895506095e+05
7.038798498122653124e-02 9.521446396150887012e+05
7.048811013767208866e-02 9.517977326935222372e+05
7.058823529411764608e-02 9.514531336680907989e+05
7.068836045056320350e-02 9.511108271848645527e+05
7.078848560700876091e-02 9.507707979920597281e+05
7.088861076345431833e-02 9.504330309393596835e+05
7.098873591989987575e-02 9.500975109772392316e+05
7.108886107634543317e-02 9.497642231562946690e+05
7.118898623279099058e-02 9.494331526265770663e+05
7.128911138923654800e-02 9.491042846369314939e+05
7.138923654568210542e-02 9.487776045343386941e+05
7.148936170212766283e-02 9.484530977632631548e+05
7.158948685857322025e-02 9.481307498650038615e+05
7.168961201501877767e-02 9.478105464770506369e+05
7.178973717146432121e-02 9.474924733324437402e+05
7.188986232790987863e-02 9.471765162591385888e+05
7.198998748435543604e-02 9.468626611793740885e+05
7.209011264080099346e-02 9.465508941090452718e+05
7.219023779724655088e-02 9.462412011570805917e+05
7.229036295369210829e-02 9.459335685248224763e+05
7.239048811013766571e-02 9.456279825054132380e+05
7.249061326658322313e-02 9.453244294831834268e+05
7.259073842302878055e-02 9.450228959330462385e+05
7.269086357947433796e-02 9.447233684198936680e+05
7.279098873591989538e-02 9.444258335979992989e+05
7.289111389236545280e-02 9.441302782104221405e+05
7.299123904881101021e-02 9.438366890884174500e+05
7.309136420525656763e-02 9.435450531508487184e+05
7.319148936170212505e-02 9.432553574036057107e+05
7.329161451814768247e-02 9.429675889390251832e+05
7.339173967459323988e-02 9.426817349353155587e+05
7.349186483103879730e-02 9.423977826559859095e+05
7.359198998748435472e-02 9.421157194492786657e+05
7.369211514392991214e-02 9.418355327476051170e+05
7.379224030037546955e-02 9.415572100669865031e+05
7.389236545682102697e-02 9.412807390064969659e+05
7.399249061326658439e-02 9.410061072477113921e+05
7.409261576971214180e-02 9.407333025541563984e+05
7.419274092615769922e-02 9.404623127707653912e+05
7.429286608260325664e-02 9.401931258233365370e+05
7.439299123904881406e-02 9.399257297179950401e+05
7.449311639549437147e-02 9.396601125406590290e+05
7.459324155193992889e-02 9.393962624565082369e+05
7.469336670838548631e-02 9.391341677094566403e+05
7.479349186483102985e-02 9.388738166216294048e+05
7.489361702127658726e-02 9.386151975928414613e+05
7.499374217772214468e-02 9.383582991000817856e+05
7.509386733416770210e-02 9.381031096969991922e+05
7.519399249061325952e-02 9.378496180133924354e+05
7.529411764705881693e-02 9.375978127547040349e+05
7.539424280350437435e-02 9.373476827015165472e+05
7.549436795994993177e-02 9.370992167090527946e+05
7.559449311639548919e-02 9.368524037066797027e+05
7.569461827284104660e-02 9.366072326974144671e+05
7.579474342928660402e-02 9.363636927574346773e+05
7.589486858573216144e-02 9.361217730355919339e+05
7.599499374217771885e-02 9.358814627529282589e+05
7.609511889862327627e-02 9.356427512021954171e+05
7.619524405506883369e-02 9.354056277473785449e+05
7.629536921151439111e-02 9.351700818232215242e+05
7.639549436795994852e-02 9.349361029347567819e+05
7.649561952440550594e-02 9.347036806568374159e+05
7.659574468085106336e-02 9.344728046336726984e+05
7.669586983729662077e-02 9.342434645783668384e+05
7.679599499374217819e-02 9.340156502724604215e+05
7.689612015018773561e-02 9.337893515654753428e+05
7.699624530663329303e-02 9.335645583744621836e+05
7.709637046307885044e-02 9.333412606835514307e+05
7.719649561952440786e-02 9.331194485435069073e+05
7.729662077596996528e-02 9.328991120712823467e+05
7.739674593241552270e-02 9.326802414495815756e+05
7.749687108886108011e-02 9.324628269264205592e+05
7.759699624530663753e-02 9.322468588146928232e+05
7.769712140175218107e-02 9.320323274917387171e+05
7.779724655819773849e-02 9.318192233989154920e+05
7.789737171464329590e-02 9.316075370411722688e+05
7.799749687108885332e-02 9.313972589866265189e+05
7.809762202753441074e-02 9.311883798661440378e+05
7.819774718397996816e-02 9.309808903729214799e+05
7.829787234042552557e-02 9.307747812620715704e+05
7.839799749687108299e-02 9.305700433502111118e+05
7.849812265331664041e-02 9.303666675150523661e+05
7.859824780976219782e-02 9.301646446949956007e+05
7.869837296620775524e-02 9.299639658887266414e+05
7.879849812265331266e-02 9.297646221548143076e+05
7.889862327909887008e-02 9.295666046113135526e+05
7.899874843554442749e-02 9.293699044353683712e+05
7.909887359198998491e-02 9.291745128628198290e+05
7.919899874843554233e-02 9.289804211878144415e+05
7.929912390488109974e-02 9.287876207624174422e+05
7.939924906132665716e-02 9.285961029962265166e+05
7.949937421777221458e-02 9.284058593559896108e+05
7.959949937421777200e-02 9.282168813652243698e+05
7.969962453066332941e-02 9.280291606038408354e+05
7.979974968710888683e-02 9.278426887077658903e+05
7.989987484355444425e-02 9.276574573685708456e+05
8.000000000000000167e-02 9.274734583331012400e+05
---------------
