field_vs_length
---------------
0.000000000000000000e+00 2.600000000000000000e+06
1.001251564455569429e-04 2.600000000000000000e+06
2.002503128911138858e-04 2.600000000000000000e+06
3.003754693366708422e-04 2.600000000000000000e+06
4.005006257822277716e-04 2.600000000000000000e+06
5.006257822277847009e-04 2.600000000000000000e+06
6.007509386733416844e-04 2.600000000000000000e+06
7.008760951188985596e-04 2.600000000000000000e+06
8.010012515644555431e-04 2.600000000000000000e+06
9.011264080100125267e-04 2.600000000000000000e+06
1.001251564455569402e-03 2.600000000000000000e+06
1.101376720901126385e-03 2.600000000000000000e+06
1.201501877346683369e-03 2.600000000000000000e+06
1.301627033792240352e-03 2.600000000000000000e+06
1.401752190237797119e-03 2.600000000000000000e+06
1.501877346683354103e-03 2.600000000000000000e+06
1.602002503128911086e-03 2.600000000000000000e+06
1.702127659574468070e-03 2.600000000000000000e+06
1.802252816020025053e-03 2.600000000000000000e+06
1.902377972465581820e-03 2.600000000000000000e+06
2.002503128911138804e-03 2.600000000000000000e+06
2.102628285356695787e-03 2.600000000000000000e+06
2.202753441802252771e-03 2.600000000000000000e+06
2.302878598247809754e-03 2.600000000000000000e+06
2.403003754693366738e-03 2.600000000000000000e+06
2.503128911138923721e-03 2.600000000000000000e+06
2.603254067584480705e-03 2.600000000000000000e+06
2.703379224030037255e-03 2.600000000000000000e+06
2.803504380475594238e-03 2.600000000000000000e+06
2.903629536921151222e-03 2.600000000000000000e+06
3.003754693366708205e-03 2.600000000000000000e+06
3.103879849812265189e-03 2.600000000000000000e+06
3.204005006257822172e-03 2.600000000000000000e+06
3.304130162703379156e-03 2.600000000000000000e+06
3.404255319148936140e-03 2.600000000000000000e+06
3.504380475594493123e-03 2.600000000000000000e+06
3.604505632040050107e-03 2.600000000000000000e+06
3.704630788485607090e-03 2.600000000000000000e+06
3.804755944931163640e-03 2.600000000000000000e+06
3.904881101376720624e-03 2.600000000000000000e+06
4.005006257822277607e-03 2.600000000000000000e+06
4.105131414267835024e-03 2.600000000000000000e+06
4.205256570713391574e-03 2.600000000000000000e+06
4.305381727158948124e-03 2.600000000000000000e+06
4.405506883604505541e-03 2.600000000000000000e+06
4.505632040050062091e-03 2.600000000000000000e+06
4.605757196495619508e-03 2.600000000000000000e+06
4.705882352941176058e-03 2.600000000000000000e+06
4.806007509386733476e-03 2.600000000000000000e+06
4.906132665832290025e-03 2.600000000000000000e+06
5.006257822277847443e-03 2.600000000000000000e+06
5.106382978723403993e-03 2.600000000000000000e+06
5.206508135168961410e-03 2.600000000000000000e+06
5.306633291614517960e-03 2.600000000000000000e+06
5.406758448060074509e-03 2.600000000000000000e+06
5.506883604505631927e-03 2.600000000000000000e+06
5.607008760951188477e-03 2.600000000000000000e+06
5.707133917396745894e-03 2.600000000000000000e+06
5.807259073842302444e-03 2.600000000000000000e+06
5.907384230287859861e-03 2.600000000000000000e+06
6.007509386733416411e-03 2.600000000000000000e+06
6.107634543178973828e-03 2.600000000000000000e+06
6.207759699624530378e-03 2.600000000000000000e+06
6.307884856070087795e-03 2.600000000000000000e+06
6.408010012515644345e-03 2.600000000000000000e+06
6.508135168961200895e-03 2.600000000000000000e+06
6.608260325406758312e-03 2.600000000000000000e+06
6.708385481852314862e-03 2.600000000000000000e+06
6.808510638297872279e-03 2.600000000000000000e+06
6.908635794743428829e-03 2.600000000000000000e+06
7.008760951188986246e-03 2.600000000000000000e+06
7.108886107634542796e-03 2.600000000000000000e+06
7.209011264080100213e-03 2.600000000000000000e+06
7.309136420525656763e-03 2.600000000000000000e+06
7.409261576971214180e-03 2.600000000000000000e+06
7.509386733416770730e-03 2.600000000000000000e+06
7.609511889862327280e-03 2.600000000000000000e+06
7.709637046307884697e-03 2.600000000000000000e+06
7.809762202753441247e-03 2.600000000000000000e+06
7.909887359198997797e-03 2.600000000000000000e+06
8.010012515644555214e-03 2.600000000000000000e+06
8.110137672090112632e-03 2.600000000000000000e+06
8.210262828535670049e-03 2.600000000000000000e+06
8.310387984981225731e-03 2.600000000000000000e+06
8.410513141426783149e-03 2.600000000000000000e+06
8.510638297872340566e-03 2.600000000000000000e+06
8.610763454317896248e-03 2.600000000000000000e+06
8.710888610763453666e-03 2.600000000000000000e+06
8.811013767209011083e-03 2.600000000000000000e+06
8.911138923654568500e-03 2.600000000000000000e+06
9.011264080100124182e-03 2.600000000000000000e+06
9.111389236545681600e-03 2.600000000000000000e+06
9.211514392991239017e-03 2.600000000000000000e+06
9.311639549436796434e-03 2.600000000000000000e+06
9.411764705882352117e-03 2.600000000000000000e+06
9.511889862327909534e-03 2.600000000000000000e+06
9.612015018773466951e-03 2.600000000000000000e+06
9.712140175219022634e-03 2.600000000000000000e+06
9.812265331664580051e-03 2.600000000000000000e+06
9.912390488110137468e-03 2.600000000000000000e+06
1.001251564455569489e-02 2.600000000000000000e+06
1.011264080100125057e-02 2.600000000000000000e+06
1.021276595744680799e-02 2.600000000000000000e+06
1.031289111389236540e-02 2.600000000000000000e+06
1.041301627033792282e-02 2.600000000000000000e+06
1.051314142678347850e-02 2.600000000000000000e+06
1.061326658322903592e-02 2.600000000000000000e+06
1.071339173967459334e-02 2.600000000000000000e+06
1.081351689612014902e-02 2.600000000000000000e+06
1.091364205256570644e-02 2.600000000000000000e+06
1.101376720901126385e-02 2.600000000000000000e+06
1.111389236545682127e-02 2.600000000000000000e+06
1.121401752190237695e-02 2.600000000000000000e+06
1.131414267834793437e-02 2.600000000000000000e+06
1.141426783479349179e-02 2.600000000000000000e+06
1.151439299123904920e-02 2.600000000000000000e+06
1.161451814768460489e-02 2.600000000000000000e+06
1.171464330413016230e-02 2.600000000000000000e+06
1.181476846057571972e-02 2.600000000000000000e+06
1.191489361702127540e-02 2.600000000000000000e+06
1.201501877346683282e-02 2.600000000000000000e+06
1.211514392991239024e-02 2.600000000000000000e+06
1.221526908635794766e-02 2.600000000000000000e+06
1.231539424280350334e-02 2.600000000000000000e+06
1.241551939924906076e-02 2.600000000000000000e+06
1.251564455569461817e-02 2.600000000000000000e+06
1.261576971214017559e-02 2.600000000000000000e+06
1.271589486858573127e-02 2.600000000000000000e+06
1.281602002503128869e-02 2.600000000000000000e+06
1.291614518147684611e-02 2.600000000000000000e+06
1.301627033792240179e-02 2.600000000000000000e+06
1.311639549436795921e-02 2.600000000000000000e+06
1.321652065081351662e-02 2.600000000000000000e+06
1.331664580725907404e-02 2.600000000000000000e+06
1.341677096370462972e-02 2.600000000000000000e+06
1.351689612015018714e-02 2.600000000000000000e+06
1.361702127659574456e-02 2.600000000000000000e+06
1.371714643304130198e-02 2.600000000000000000e+06
1.381727158948685766e-02 2.600000000000000000e+06
1.391739674593241508e-02 2.600000000000000000e+06
1.401752190237797249e-02 2.600000000000000000e+06
1.411764705882352818e-02 2.600000000000000000e+06
1.421777221526908559e-02 2.600000000000000000e+06
1.431789737171464301e-02 2.600000000000000000e+06
1.441802252816020043e-02 2.600000000000000000e+06
1.451814768460575611e-02 2.600000000000000000e+06
1.461827284105131353e-02 2.600000000000000000e+06
1.471839799749687094e-02 2.600000000000000000e+06
1.481852315394242836e-02 2.600000000000000000e+06
1.491864831038798404e-02 2.600000000000000000e+06
1.501877346683354146e-02 2.600000000000000000e+06
1.511889862327909888e-02 2.600000000000000000e+06
1.521902377972465456e-02 2.600000000000000000e+06
1.531914893617021198e-02 2.600000000000000000e+06
1.541927409261576939e-02 2.600000000000000000e+06
1.551939924906132681e-02 2.600000000000000000e+06
1.561952440550688249e-02 2.600000000000000000e+06
1.571964956195244165e-02 2.600000000000000000e+06
1.581977471839799559e-02 2.600000000000000000e+06
1.591989987484355301e-02 2.600000000000000000e+06
1.602002503128911043e-02 2.600000000000000000e+06
1.612015018773466785e-02 2.600000000000000000e+06
1.622027534418022526e-02 2.600000000000000000e+06
1.632040050062578268e-02 2.600000000000000000e+06
1.642052565707134010e-02 2.600000000000000000e+06
1.652065081351689405e-02 2.600000000000000000e+06
1.662077596996245146e-02 2.600000000000000000e+06
1.672090112640800888e-02 2.600000000000000000e+06
1.682102628285356630e-02 2.600000000000000000e+06
1.692115143929912371e-02 2.600000000000000000e+06
1.702127659574468113e-02 2.600000000000000000e+06
1.712140175219023855e-02 2.600000000000000000e+06
1.722152690863579250e-02 2.600000000000000000e+06
1.732165206508134991e-02 2.600000000000000000e+06
1.742177722152690733e-02 2.600000000000000000e+06
1.752190237797246475e-02 2.600000000000000000e+06
1.762202753441802217e-02 2.600000000000000000e+06
1.772215269086357958e-02 2.600000000000000000e+06
1.782227784730913700e-02 2.600000000000000000e+06
1.792240300375469442e-02 2.600000000000000000e+06
1.802252816020024836e-02 2.600000000000000000e+06
1.812265331664580578e-02 2.600000000000000000e+06
1.822277847309136320e-02 2.600000000000000000e+06
1.832290362953692062e-02 2.600000000000000000e+06
1.842302878598247803e-02 2.600000000000000000e+06
1.852315394242803545e-02 2.600000000000000000e+06
1.862327909887359287e-02 2.600000000000000000e+06
1.872340425531914682e-02 2.600000000000000000e+06
1.882352941176470423e-02 2.600000000000000000e+06
1.892365456821026165e-02 2.600000000000000000e+06
1.902377972465581907e-02 2.600000000000000000e+06
1.912390488110137649e-02 2.600000000000000000e+06
1.922403003754693390e-02 2.600000000000000000e+06
1.932415519399249132e-02 2.600000000000000000e+06
1.942428035043804527e-02 2.600000000000000000e+06
1.952440550688360268e-02 2.600000000000000000e+06
1.962453066332916010e-02 2.600000000000000000e+06
1.972465581977471752e-02 2.600000000000000000e+06
1.982478097622027494e-02 2.600000000000000000e+06
1.992490613266583235e-02 2.600000000000000000e+06
2.002503128911138977e-02 2.597165486276240088e+06
2.012515644555694719e-02 2.585874614221530966e+06
2.022528160200250114e-02 2.574658857877568342e+06
2.032540675844805855e-02 2.563517717515900731e+06
2.042553191489361597e-02 2.552450696732661687e+06
2.052565707133917339e-02 2.541457302426452748e+06
2.062578222778473080e-02 2.530537044776368886e+06
2.072590738423028822e-02 2.519689437220179476e+06
2.082603254067584564e-02 2.508913996432645246e+06
2.092615769712139959e-02 2.498210242303983308e+06
2.102628285356695700e-02 2.487577697918477468e+06
2.112640801001251442e-02 2.477015889533228241e+06
2.122653316645807184e-02 2.466524346557044424e+06
2.132665832290362926e-02 2.456102601529474370e+06
2.142678347934918667e-02 2.445750190099979751e+06
2.152690863579474409e-02 2.435466651007244829e+06
2.162703379224029804e-02 2.425251526058625896e+06
2.172715894868585546e-02 2.415104360109733418e+06
2.182728410513141287e-02 2.405024701044154353e+06
2.192740926157697029e-02 2.395012099753309507e+06
2.202753441802252771e-02 2.385066110116439871e+06
2.212765957446808512e-02 2.375186288980729412e+06
2.222778473091364254e-02 2.365372196141563356e+06
2.232790988735919996e-02 2.355623394322911277e+06
2.242803504380475391e-02 2.345939449157845695e+06
2.252816020025031132e-02 2.336319929169185460e+06
2.262828535669586874e-02 2.326764405750275590e+06
2.272841051314142616e-02 2.317272453145885840e+06
2.282853566958698358e-02 2.307843648433243856e+06
2.292866082603254099e-02 2.298477571503190324e+06
2.302878598247809841e-02 2.289173805041459855e+06
2.312891113892365236e-02 2.279931934510088991e+06
2.322903629536920977e-02 2.270751548128942959e+06
2.332916145181476719e-02 2.261632236857372802e+06
2.342928660826032461e-02 2.252573594375986606e+06
2.352941176470588203e-02 2.243575217068547383e+06
2.362953692115143944e-02 2.234636704003987834e+06
2.372966207759699686e-02 2.225757656918548979e+06
2.382978723404255081e-02 2.216937680198033806e+06
2.392991239048810823e-02 2.208176380860179197e+06
2.403003754693366564e-02 2.199473368537147995e+06
2.413016270337922306e-02 2.190828255458135158e+06
2.423028785982478048e-02 2.182240656432091258e+06
2.433041301627033789e-02 2.173710188830557279e+06
2.443053817271589531e-02 2.165236472570618615e+06
2.453066332916145273e-02 2.156819130097969435e+06
2.463078848560700668e-02 2.148457786370091606e+06
2.473091364205256409e-02 2.140152068839540705e+06
2.483103879849812151e-02 2.131901607437350787e+06
2.493116395494367893e-02 2.123706034556544386e+06
2.503128911138923635e-02 2.115564985035752878e+06
2.513141426783479376e-02 2.107478096142945345e+06
2.523153942428035118e-02 2.099445007559269667e+06
2.533166458072590513e-02 2.091465361362995813e+06
2.543178973717146255e-02 2.083538802013568580e+06
2.553191489361701996e-02 2.075664976335767889e+06
2.563204005006257738e-02 2.067843533503969666e+06
2.573216520650813480e-02 2.060074125026518013e+06
2.583229036295369221e-02 2.052356404730194947e+06
2.593241551939924963e-02 2.044690028744797455e+06
2.603254067584480358e-02 2.037074655487816548e+06
2.613266583229036100e-02 2.029509945649216883e+06
2.623279098873591841e-02 2.021995562176318606e+06
2.633291614518147583e-02 2.014531170258780941e+06
2.643304130162703325e-02 2.007116437313681934e+06
2.653316645807259067e-02 1.999751032970702043e+06
2.663329161451814808e-02 1.992434629057403421e+06
2.673341677096370203e-02 1.985166899584608153e+06
2.683354192740925945e-02 1.977947520731872413e+06
2.693366708385481686e-02 1.970776170833060052e+06
2.703379224030037428e-02 1.963652530362009536e+06
2.713391739674593170e-02 1.956576281918296590e+06
2.723404255319148912e-02 1.949547110213093460e+06
2.733416770963704653e-02 1.942564702055120142e+06
2.743429286608260395e-02 1.935628746336689685e+06
2.753441802252815790e-02 1.928738934019847075e+06
2.763454317897371532e-02 1.921894958122598473e+06
2.773466833541927273e-02 1.915096513705235906e+06
2.783479349186483015e-02 1.908343297856748104e+06
2.793491864831038757e-02 1.901635009681324475e+06
2.803504380475594499e-02 1.894971350284948479e+06
2.813516896120150240e-02 1.888352022762081120e+06
2.823529411764705635e-02 1.881776732182431035e+06
2.833541927409261377e-02 1.875245185577812605e+06
2.843554443053817118e-02 1.868757091929095797e+06
2.853566958698372860e-02 1.862312162153235637e+06
2.863579474342928602e-02 1.855910109090394573e+06
2.873591989987484344e-02 1.849550647491146578e+06
2.883604505632040085e-02 1.843233494003767613e+06
2.893617021276595480e-02 1.836958367161611561e+06
2.903629536921151222e-02 1.830724987370567862e+06
2.913642052565706964e-02 1.824533076896604849e+06
2.923654568210262705e-02 1.818382359853395261e+06
2.933667083854818447e-02 1.812272562190022785e+06
2.943679599499374189e-02 1.806203411678772885e+06
2.953692115143929930e-02 1.800174637903001625e+06
2.963704630788485672e-02 1.794185972245088778e+06
2.973717146433041067e-02 1.788237147874468938e+06
2.983729662077596809e-02 1.782327899735741317e+06
2.993742177722152550e-02 1.776457964536861749e+06
3.003754693366708292e-02 1.770627080737409648e+06
3.013767209011264034e-02 1.764834988536937628e+06
3.023779724655819776e-02 1.759081429863392143e+06
3.033792240300375517e-02 1.753366148361617699e+06
3.043804755944930912e-02 1.747688889381934190e+06
3.053817271589486654e-02 1.742049399968788959e+06
3.063829787234042396e-02 1.736447428849488962e+06
3.073842302878598137e-02 1.730882726423002547e+06
3.083854818523153879e-02 1.725355044748839922e+06
3.093867334167709621e-02 1.719864137536005117e+06
3.103879849812265362e-02 1.714409760132023133e+06
3.113892365456820757e-02 1.708991669512037188e+06
3.123904881101376499e-02 1.703609624267982785e+06
3.133917396745932588e-02 1.698263384597830474e+06
3.143929912390488329e-02 1.692952712294902187e+06
3.153942428035043377e-02 1.687677370737255784e+06
3.163954943679599119e-02 1.682437124877143651e+06
3.173967459324154861e-02 1.677231741230539978e+06
3.183979974968710602e-02 1.672060987866736948e+06
3.193992490613266344e-02 1.666924634398011724e+06
3.204005006257822086e-02 1.661822451969360001e+06
3.214017521902377827e-02 1.656754213248300366e+06
3.224030037546933569e-02 1.651719692414745223e+06
3.234042553191489311e-02 1.646718665150937624e+06
3.244055068836045053e-02 1.641750908631458879e+06
3.254067584480600794e-02 1.636816201513299253e+06
3.264080100125156536e-02 1.631914323925995268e+06
3.274092615769712278e-02 1.627045057461833581e+06
3.284105131414268020e-02 1.622208185166120064e+06
3.294117647058823761e-02 1.617403491527513135e+06
3.304130162703378809e-02 1.612630762468421366e+06
3.314142678347934551e-02 1.607889785335463472e+06
3.324155193992490293e-02 1.603180348889996298e+06
3.334167709637046034e-02 1.598502243298700545e+06
3.344180225281601776e-02 1.593855260124232620e+06
3.354192740926157518e-02 1.589239192315937253e+06
3.364205256570713259e-02 1.584653834200621583e+06
3.374217772215269001e-02 1.580098981473391876e+06
3.384230287859824743e-02 1.575574431188550312e+06
3.394242803504380485e-02 1.571079981750552775e+06
3.404255319148936226e-02 1.566615432905026246e+06
3.414267834793491968e-02 1.562180585729846032e+06
3.424280350438047710e-02 1.557775242626273539e+06
3.434292866082603451e-02 1.553399207310151309e+06
3.444305381727158499e-02 1.549052284803157672e+06
3.454317897371714241e-02 1.544734281424118672e+06
3.464330413016269983e-02 1.540445004780379357e+06
3.474342928660825724e-02 1.536184263759231661e+06
3.484355444305381466e-02 1.531951868519398384e+06
3.494367959949937208e-02 1.527747630482574692e+06
3.504380475594492950e-02 1.523571362325026188e+06
3.514392991239048691e-02 1.519422877969242632e+06
3.524405506883604433e-02 1.515301992575646844e+06
3.534418022528160175e-02 1.511208522534359014e+06
3.544430538172715917e-02 1.507142285457015969e+06
3.554443053817271658e-02 1.503103100168644218e+06
3.564455569461827400e-02 1.499090786699588411e+06
3.574468085106383142e-02 1.495105166277491720e+06
3.584480600750938883e-02 1.491146061319330940e+06
3.594493116395493931e-02 1.487213295423503965e+06
3.604505632040049673e-02 1.483306693361970130e+06
3.614518147684605415e-02 1.479426081072442466e+06
3.624530663329161156e-02 1.475571285650633043e+06
3.634543178973716898e-02 1.471742135342547903e+06
3.644555694618272640e-02 1.467938459536835551e+06
3.654568210262828382e-02 1.464160088757184101e+06
3.664580725907384123e-02 1.460406854654770810e+06
3.674593241551939865e-02 1.456678590000760742e+06
3.684605757196495607e-02 1.452975128678856883e+06
3.694618272841051348e-02 1.449296305677896133e+06
3.704630788485607090e-02 1.445641957084500231e+06
3.714643304130162832e-02 1.442011920075770002e+06
3.724655819774718574e-02 1.438406032912031747e+06
3.734668335419274315e-02 1.434824134929630905e+06
3.744680851063829363e-02 1.431266066533772741e+06
3.754693366708385105e-02 1.427731669191411696e+06
3.764705882352940847e-02 1.424220785424188711e+06
3.774718397997496588e-02 1.420733258801413234e+06
3.784730913642052330e-02 1.417268933933094610e+06
3.794743429286608072e-02 1.413827656463017920e+06
3.804755944931163814e-02 1.410409273061865708e+06
3.814768460575719555e-02 1.407013631420387654e+06
3.824780976220275297e-02 1.403640580242613796e+06
3.834793491864831039e-02 1.400289969239112921e+06
3.844806007509386780e-02 1.396961649120296817e+06
3.854818523153942522e-02 1.393655471589768538e+06
3.864831038798498264e-02 1.390371289337714436e+06
3.874843554443054006e-02 1.387108956034340896e+06
3.884856070087609053e-02 1.383868326323355082e+06
3.894868585732164795e-02 1.380649255815487122e+06
3.904881101376720537e-02 1.377451601082057692e+06
3.914893617021276279e-02 1.374275219648587983e+06
3.924906132665832020e-02 1.371119969988449709e+06
3.934918648310387762e-02 1.367985711516560987e+06
3.944931163954943504e-02 1.364872304583122255e+06
3.954943679599499246e-02 1.361779610467392486e+06
3.964956195244054987e-02 1.358707491371510550e+06
3.974968710888610729e-02 1.355655810414354317e+06
3.984981226533166471e-02 1.352624431625440950e+06
3.994993742177722212e-02 1.349613219938870752e+06
4.005006257822277954e-02 1.346622041187307797e+06
4.015018773466833696e-02 1.343650762096001534e+06
4.025031289111389438e-02 1.340699250276850071e+06
4.035043804755944485e-02 1.337767374222500483e+06
4.045056320400500227e-02 1.334855003300488926e+06
4.055068836045055969e-02 1.331962007747421972e+06
4.065081351689611711e-02 1.329088258663192857e+06
4.075093867334167452e-02 1.326233628005239647e+06
4.085106382978723194e-02 1.323397988582839491e+06
4.095118898623278936e-02 1.320581214051441755e+06
4.105131414267834677e-02 1.317783178907038411e+06
4.115143929912390419e-02 1.315003758480572607e+06
4.125156445556946161e-02 1.312242828932382865e+06
4.135168961201501903e-02 1.309500267246686853e+06
4.145181476846057644e-02 1.306775951226098463e+06
4.155193992490613386e-02 1.304069759486185387e+06
4.165206508135169128e-02 1.301381571450058138e+06
4.175219023779724176e-02 1.298711267343000276e+06
4.185231539424279917e-02 1.296058728187128901e+06
4.195244055068835659e-02 1.293423835796096828e+06
4.205256570713391401e-02 1.290806472769823391e+06
4.215269086357947143e-02 1.288206522489265772e+06
4.225281602002502884e-02 1.285623869111222448e+06
4.235294117647058626e-02 1.283058397563170874e+06
4.245306633291614368e-02 1.280509993538141251e+06
4.255319148936170109e-02 1.277978543489622883e+06
4.265331664580725851e-02 1.275463934626505710e+06
4.275344180225281593e-02 1.272966054908053949e+06
4.285356695869837335e-02 1.270484793038914679e+06
4.295369211514393076e-02 1.268020038464158308e+06
4.305381727158948818e-02 1.265571681364353513e+06
4.315394242803504560e-02 1.263139612650673604e+06
4.325406758448059608e-02 1.260723723960035946e+06
4.335419274092615349e-02 1.258323907650273759e+06
4.345431789737171091e-02 1.255940056795340497e+06
4.355444305381726833e-02 1.253572065180545207e+06
4.365456821026282574e-02 1.251219827297819778e+06
4.375469336670838316e-02 1.248883238341019023e+06
4.385481852315394058e-02 1.246562194201249164e+06
4.395494367959949800e-02 1.244256591462230776e+06
4.405506883604505541e-02 1.241966327395690838e+06
4.415519399249061283e-02 1.239691299956784118e+06
4.425531914893617025e-02 1.237431407779548550e+06
4.435544430538172767e-02 1.235186550172386924e+06
4.445556946182728508e-02 1.232956627113581635e+06
4.455569461827284250e-02 1.230741539246837609e+06
4.465581977471839992e-02 1.228541187876855955e+06
4.475594493116395040e-02 1.226355474964935565e+06
4.485607008760950781e-02 1.224184303124605445e+06
4.495619524405506523e-02 1.222027575617286144e+06
4.505632040050062265e-02 1.219885196347978432e+06
4.515644555694618006e-02 1.217757069860981777e+06
4.525657071339173748e-02 1.215643101335642859e+06
4.535669586983729490e-02 1.213543196582128294e+06
4.545682102628285232e-02 1.211457262037229491e+06
4.555694618272840973e-02 1.209385204760193825e+06
4.565707133917396715e-02 1.207326932428582804e+06
4.575719649561952457e-02 1.205282353334159357e+06
4.585732165206508198e-02 1.203251376378800953e+06
4.595744680851063940e-02 1.201233911070441362e+06
4.605757196495619682e-02 1.199229867519038031e+06
4.615769712140174730e-02 1.197239156432567630e+06
4.625782227784730471e-02 1.195261689113046974e+06
4.635794743429286213e-02 1.193297377452580957e+06
4.645807259073841955e-02 1.191346133929437492e+06
4.655819774718397697e-02 1.189407871604147833e+06
4.665832290362953438e-02 1.187482504115631338e+06
4.675844806007509180e-02 1.185569945677350275e+06
4.685857321652064922e-02 1.183670111073485110e+06
4.695869837296620664e-02 1.181782915655138902e+06
4.705882352941176405e-02 1.179908275336565217e+06
4.715894868585732147e-02 1.178046106591421878e+06
4.725907384230287889e-02 1.176196326449049171e+06
4.735919899874843630e-02 1.174358852490773425e+06
4.745932415519399372e-02 1.172533602846234106e+06
4.755944931163955114e-02 1.170720496189736295e+06
4.765957446808510162e-02 1.168919451736627612e+06
4.775969962453065903e-02 1.167130389239697484e+06
4.785982478097621645e-02 1.165353228985603433e+06
4.795994993742177387e-02 1.163587891791318310e+06
4.806007509386733129e-02 1.161834299000602216e+06
4.816020025031288870e-02 1.160092372480497928e+06
4.826032540675844612e-02 1.158362034617849858e+06
4.836045056320400354e-02 1.156643208315846045e+06
4.846057571964956096e-02 1.154935816990582738e+06
4.856070087609511837e-02 1.153239784567652037e+06
4.866082603254067579e-02 1.151555035478752572e+06
4.876095118898623321e-02 1.149881494658322539e+06
4.886107634543179062e-02 1.148219087540194392e+06
4.896120150187734804e-02 1.146567740054274211e+06
4.906132665832290546e-02 1.144927378623238998e+06
4.916145181476845594e-02 1.143297930159260286e+06
4.926157697121401335e-02 1.141679322060747072e+06
4.936170212765957077e-02 1.140071482209110865e+06
4.946182728410512819e-02 1.138474338965551695e+06
4.956195244055068561e-02 1.136887821167868329e+06
4.966207759699624302e-02 1.135311858127284795e+06
4.976220275344180044e-02 1.133746379625302739e+06
4.986232790988735786e-02 1.132191315910572652e+06
4.996245306633291527e-02 1.130646597695784178e+06
5.006257822277847269e-02 1.129112156154582044e+06
5.016270337922403011e-02 1.127587922918495955e+06
5.026282853566958753e-02 1.126073830073897960e+06
5.036295369211514494e-02 1.124569810158973094e+06
5.046307884856070236e-02 1.123075796160716098e+06
5.056320400500625284e-02 1.121591721511944430e+06
5.066332916145181026e-02 1.120117520088332007e+06
5.076345431789736767e-02 1.118653126205464359e+06
5.086357947434292509e-02 1.117198474615910091e+06
5.096370463078848251e-02 1.115753500506315613e+06
5.106382978723403993e-02 1.114318139494516421e+06
5.116395494367959734e-02 1.112892327626667451e+06
5.126408010012515476e-02 1.111476001374396030e+06
5.136420525657071218e-02 1.110069097631969256e+06
5.146433041301626959e-02 1.108671553713482572e+06
5.156445556946182701e-02 1.107283307350067655e+06
5.166458072590738443e-02 1.105904296687116846e+06
5.176470588235294185e-02 1.104534460281528533e+06
5.186483103879849926e-02 1.103173737098968122e+06
5.196495619524405668e-02 1.101822066511148820e+06
5.206508135168960716e-02 1.100479388293131255e+06
5.216520650813516458e-02 1.099145642620638944e+06
5.226533166458072199e-02 1.097820770067393780e+06
5.236545682102627941e-02 1.096504711602467112e+06
5.246558197747183683e-02 1.095197408587650862e+06
5.256570713391739424e-02 1.093898802774843760e+06
5.266583229036295166e-02 1.092608836303456454e+06
5.276595744680850908e-02 1.091327451697833603e+06
5.286608260325406650e-02 1.090054591864692979e+06
5.296620775969962391e-02 1.088790200090580853e+06
5.306633291614518133e-02 1.087534220039346954e+06
5.316645807259073875e-02 1.086286595749631990e+06
5.326658322903629617e-02 1.085047271632376127e+06
5.336670838548185358e-02 1.083816192468340974e+06
5.346683354192740406e-02 1.082593303405650193e+06
5.356695869837296148e-02 1.081378549957344076e+06
5.366708385481851890e-02 1.080171877998953918e+06
5.376720901126407631e-02 1.078973233766088728e+06
5.386733416770963373e-02 1.077782563852040330e+06
5.396745932415519115e-02 1.076599815205403604e+06
5.406758448060074856e-02 1.075424935127713252e+06
5.416770963704630598e-02 1.074257871271095239e+06
5.426783479349186340e-02 1.073098571635934059e+06
5.436795994993742082e-02 1.071946984568557236e+06
5.446808510638297823e-02 1.070803058758931933e+06
5.456821026282853565e-02 1.069666743238380412e+06
5.466833541927409307e-02 1.068537987377308076e+06
5.476846057571965048e-02 1.067416740882948507e+06
5.486858573216520790e-02 1.066302953797121532e+06
5.496871088861075838e-02 1.065196576494008070e+06
5.506883604505631580e-02 1.064097559677938931e+06
5.516896120150187321e-02 1.063005854381198063e+06
5.526908635794743063e-02 1.061921411961840931e+06
5.536921151439298805e-02 1.060844184101527557e+06
5.546933667083854547e-02 1.059774122803369071e+06
5.556946182728410288e-02 1.058711180389789632e+06
5.566958698372966030e-02 1.057655309500401607e+06
5.576971214017521772e-02 1.056606463089896133e+06
5.586983729662077514e-02 1.055564594425946241e+06
5.596996245306633255e-02 1.054529657087124884e+06
5.607008760951188997e-02 1.053501604960836936e+06
5.617021276595744739e-02 1.052480392241263995e+06
5.627033792240300480e-02 1.051465973427324090e+06
5.637046307884856222e-02 1.050458303320643958e+06
5.647058823529411270e-02 1.049457337023545057e+06
5.657071339173967012e-02 1.048463029937043320e+06
5.667083854818522753e-02 1.047475337758862413e+06
5.677096370463078495e-02 1.046494216481458978e+06
5.687108886107634237e-02 1.045519622390062432e+06
5.697121401752189979e-02 1.044551512060726876e+06
5.707133917396745720e-02 1.043589842358396621e+06
5.717146433041301462e-02 1.042634570434983936e+06
5.727158948685857204e-02 1.041685653727460420e+06
5.737171464330412946e-02 1.040743049955959897e+06
5.747183979974968687e-02 1.039806717121894821e+06
5.757196495619524429e-02 1.038876613506085589e+06
5.767209011264080171e-02 1.037952697666900698e+06
5.777221526908635912e-02 1.037034928438410978e+06
5.787234042553190960e-02 1.036123264928555582e+06
5.797246558197746702e-02 1.035217666517318808e+06
5.807259073842302444e-02 1.034318092854921706e+06
5.817271589486858185e-02 1.033424503860023571e+06
5.827284105131413927e-02 1.032536859717935789e+06
5.837296620775969669e-02 1.031655120878848480e+06
5.847309136420525411e-02 1.030779248056067969e+06
5.857321652065081152e-02 1.029909202224266366e+06
5.867334167709636894e-02 1.029044944617742789e+06
5.877346683354192636e-02 1.028186436728696106e+06
5.887359198998748377e-02 1.027333640305509092e+06
5.897371714643304119e-02 1.026486517351044342e+06
5.907384230287859861e-02 1.025645030120951124e+06
5.917396745932415603e-02 1.024809141121983528e+06
5.927409261576971344e-02 1.023978813110330142e+06
5.937421777221526392e-02 1.023154009089954430e+06
5.947434292866082134e-02 1.022334692310946528e+06
5.957446808510637876e-02 1.021520826267885743e+06
5.967459324155193617e-02 1.020712374698213651e+06
5.977471839799749359e-02 1.019909301580619067e+06
5.987484355444305101e-02 1.019111571133432793e+06
5.997496871088860843e-02 1.018319147813032963e+06
6.007509386733416584e-02 1.017531996312261908e+06
6.017521902377972326e-02 1.016750081558852689e+06
6.027534418022528068e-02 1.015973368713866454e+06
6.037546933667083809e-02 1.015201823170140502e+06
6.047559449311639551e-02 1.014435410550745786e+06
6.057571964956195293e-02 1.013674096707455465e+06
6.067584480600751035e-02 1.012917847719223588e+06
6.077596996245306776e-02 1.012166629890673328e+06
6.087609511889861824e-02 1.011420409750596038e+06
6.097622027534417566e-02 1.010679154050459503e+06
6.107634543178973308e-02 1.009942829762926907e+06
6.117647058823529049e-02 1.009211404080385109e+06
6.127659574468084791e-02 1.008484844413482933e+06
6.137672090112640533e-02 1.007763118389678886e+06
6.147684605757196274e-02 1.007046193851798889e+06
6.157697121401752016e-02 1.006334038856603787e+06
6.167709637046307758e-02 1.005626621673365706e+06
6.177722152690863500e-02 1.004923910782454419e+06
6.187734668335419241e-02 1.004225874873932684e+06
6.197747183979974983e-02 1.003532482846161933e+06
6.207759699624530725e-02 1.002843703804415534e+06
6.217772215269086467e-02 1.002159507059502997e+06
6.227784730913641514e-02 1.001479862126402324e+06
6.237797246558197256e-02 1.000804738722901559e+06
6.247809762202752998e-02 1.000134106768250000e+06
6.257822277847309433e-02 9.994679363818172133e+05
6.267834793491865175e-02 9.988061978817625204e+05
6.277847309136420917e-02 9.981488617837117054e+05
6.287859824780976659e-02 9.974958987994438503e+05
6.297872340425532400e-02 9.968472798355863197e+05
6.307884856070086754e-02 9.962029759923180100e+05
6.317897371714642496e-02 9.955629585620821454e+05
6.327909887359198238e-02 9.949271990283071063e+05
6.337922403003753979e-02 9.942956690641359892e+05
6.347934918648309721e-02 9.936683405311639654e+05
6.357947434292865463e-02 9.930451854781850707e+05
6.367959949937421205e-02 9.924261761399466777e+05
6.377972465581976946e-02 9.918112849359122338e+05
6.387984981226532688e-02 9.912004844690323807e+05
6.397997496871088430e-02 9.905937475245245732e+05
6.408010012515644171e-02 9.899910470686601475e+05
6.418022528160199913e-02 9.893923562475600047e+05
6.428035043804755655e-02 9.887976483859979780e+05
6.438047559449311397e-02 9.882068969862124650e+05
6.448060075093867138e-02 9.876200757267256267e+05
6.458072590738422880e-02 9.870371584611706203e+05
6.468085106382978622e-02 9.864581192171268631e+05
6.478097622027534364e-02 9.858829321949625155e+05
6.488110137672090105e-02 9.853115717666849960e+05
6.498122653316645847e-02 9.847440124747992959e+05
6.508135168961201589e-02 9.841802290311733959e+05
6.518147684605757330e-02 9.836201963159120642e+05
6.528160200250313072e-02 9.830638893762369407e+05
6.538172715894868814e-02 9.825112834253751207e+05
6.548185231539424556e-02 9.819623538414546056e+05
6.558197747183980297e-02 9.814170761664076708e+05
6.568210262828536039e-02 9.808754261048804037e+05
6.578222778473091781e-02 9.803373795231508557e+05
6.588235294117647523e-02 9.798029124480532482e+05
6.598247809762201876e-02 9.792720010659104446e+05
6.608260325406757618e-02 9.787446217214720091e+05
6.618272841051313360e-02 9.782207509168609977e+05
6.628285356695869102e-02 9.777003653105265694e+05
6.638297872340424843e-02 9.771834417162043974e+05
6.648310387984980585e-02 9.766699571018832503e+05
6.658322903629536327e-02 9.761598885887786746e+05
6.668335419274092069e-02 9.756532134503137786e+05
6.678347934918647810e-02 9.751499091111067683e+05
6.688360450563203552e-02 9.746499531459650025e+05
6.698372966207759294e-02 9.741533232788855676e+05
6.708385481852315035e-02 9.736599973820630694e+05
6.718397997496870777e-02 9.731699534749035956e+05
6.728410513141426519e-02 9.726831697230451973e+05
6.738423028785982261e-02 9.721996244373852387e+05
6.748435544430538002e-02 9.717192960731140338e+05
6.758448060075093744e-02 9.712421632287547691e+05
6.768460575719649486e-02 9.707682046452099457e+05
6.778473091364205227e-02 9.702973992048143409e+05
6.788485607008760969e-02 9.698297259303937899e+05
6.798498122653316711e-02 9.693651639843307203e+05
6.808510638297872453e-02 9.689036926676358562e+05
6.818523153942428194e-02 9.684452914190255105e+05
6.828535669586983936e-02 9.679899398140060948e+05
6.838548185231539678e-02 9.675376175639634021e+05
6.848560700876095420e-02 9.670883045152589912e+05
6.858573216520651161e-02 9.666419806483323919e+05
6.868585732165206903e-02 9.661986260768087814e+05
6.878598247809762645e-02 9.657582210466128308e+05
6.888610763454316999e-02 9.653207459350894205e+05
6.898623279098872740e-02 9.648861812501278473e+05
6.908635794743428482e-02 9.644545076292947633e+05
6.918648310387984224e-02 9.640257058389706071e+05
6.928660826032539966e-02 9.635997567734929034e+05
6.938673341677095707e-02 9.631766414543051505e+05
6.948685857321651449e-02 9.627563410291109467e+05
6.958698372966207191e-02 9.623388367710341699e+05
6.968710888610762932e-02 9.619241100777842803e+05
6.978723404255318674e-02 9.615121424708280247e+05
6.988735919899874416e-02 9.611029155945655657e+05
6.998748435544430158e-02 9.606964112155131297e+05
7.008760951188985899e-02 9.602926112214900786e+05
7.018773466833541641e-02 9.598914976208123844e+05
7.028785982478097383e-02 9.594930525414906442e+05
7.038798498122653124e-02 9.590972582304337993e+05
7.048811013767208866e-02 9.587040970526585588e+05
7.058823529411764608e-02 9.583135514905028977e+05
7.068836045056320350e-02 9.579256041428464232e+05
7.078848560700876091e-02 9.575402377243343508e+05
7.088861076345431833e-02 9.571574350646076491e+05
7.098873591989987575e-02 9.567771791075378424e+05
7.108886107634543317e-02 9.563994529104672838e+05
7.118898623279099058e-02 9.560242396434540860e+05
7.128911138923654800e-02 9.556515225885222899e+05
7.138923654568210542e-02 9.552812851389171556e+05
7.148936170212766283e-02 9.549135107983648777e+05
7.158948685857322025e-02 9.545481831803376554e+05
7.168961201501877767e-02 9.541852860073240008e+05
7.178973717146432121e-02 9.538248031101030065e+05
7.188986232790987863e-02 9.534667184270237340e+05
7.198998748435543604e-02 9.531110160032906570e+05
7.209011264080099346e-02 9.527576799902513158e+05
7.219023779724655088e-02 9.524066946446913062e+05
7.229036295369210829e-02 9.520580443281321786e+05
7.239048811013766571e-02 9.517117135061349254e+05
7.249061326658322313e-02 9.513676867476078914e+05
7.259073842302878055e-02 9.510259487241189927e+05
7.269086357947433796e-02 9.506864842092129402e+05
7.279098873591989538e-02 9.503492780777325388e+05
7.289111389236545280e-02 9.500143153051451081e+05
7.299123904881101021e-02 9.496815809668730944e+05
7.309136420525656763e-02 9.493510602376285242e+05
7.319148936170212505e-02 9.490227383907531621e+05
7.329161451814768247e-02 9.486966007975619286e+05
7.339173967459323988e-02 9.483726329266909743e+05
7.349186483103879730e-02 9.480508203434507595e+05
7.359198998748435472e-02 9.477311487091823947e+05
7.369211514392991214e-02 9.474136037806191016e+05
7.379224030037546955e-02 9.470981714092512848e+05
7.389236545682102697e-02 9.467848375406964915e+05
7.399249061326658439e-02 9.464735882140728645e+05
7.409261576971214180e-02 9.461644095613772515e+05
7.419274092615769922e-02 9.458572878068673890e+05
7.429286608260325664e-02 9.455522092664480442e+05
7.439299123904881406e-02 9.452491603470611153e+05
7.449311639549437147e-02 9.449481275460802717e+05
7.459324155193992889e-02 9.446490974507093197e+05
7.469336670838548631e-02 9.443520567373841768e+05
7.479349186483102985e-02 9.440569921711799689e+05
7.489361702127658726e-02 9.437638906052203383e+05
7.499374217772214468e-02 9.434727389800926903e+05
7.509386733416770210e-02 9.431835243232657667e+05
7.519399249061325952e-02 9.428962337485114112e+05
7.529411764705881693e-02 9.426108544553312240e+05
7.539424280350437435e-02 9.423273737283854280e+05
7.549436795994993177e-02 9.420457789369265083e+05
7.559449311639548919e-02 9.417660575342370430e+05
7.569461827284104660e-02 9.414881970570696285e+05
7.579474342928660402e-02 9.412121851250926265e+05
7.589486858573216144e-02 9.409380094403375406e+05
7.599499374217771885e-02 9.406656577866519801e+05
7.609511889862327627e-02 9.403951180291548371e+05
7.619524405506883369e-02 9.401263781136956532e+05
7.629536921151439111e-02 9.398594260663177120e+05
7.639549436795994852e-02 9.395942499927243916e+05
7.649561952440550594e-02 9.393308380777491257e+05
7.659574468085106336e-02 9.390691785848290892e+05
7.669586983729662077e-02 9.388092598554823780e+05
7.679599499374217819e-02 9.385510703087884467e+05
7.689612015018773561e-02 9.382945984408720396e+05
7.699624530663329303e-02 9.380398328243904980e+05
7.709637046307885044e-02 9.377867621080250246e+05
7.719649561952440786e-02 9.375353750159745105e+05
7.729662077596996528e-02 9.372856603474534350e+05
7.739674593241552270e-02 9.370376069761924446e+05
7.749687108886108011e-02 9.367912038499432383e+05
7.759699624530663753e-02 9.365464399899853161e+05
7.769712140175218107e-02 9.363033044906372670e+05
7.779724655819773849e-02 9.360617865187709685e+05
7.789737171464329590e-02 9.358218753133285791e+05
7.799749687108885332e-02 9.355835601848433726e+05
7.809762202753441074e-02 9.353468305149632506e+05
7.819774718397996816e-02 9.351116757559776306e+05
7.829787234042552557e-02 9.348780854303477099e+05
7.839799749687108299e-02 9.346460491302392911e+05
7.849812265331664041e-02 9.344155565170593327e+05
7.859824780976219782e-02 9.341865973209950607e+05
7.869837296620775524e-02 9.339591613405568060e+05
7.879849812265331266e-02 9.337332384421229362e+05
7.889862327909887008e-02 9.335088185594886309e+05
7.899874843554442749e-02 9.332858916934175650e+05
7.909887359198998491e-02 9.330644479111958062e+05
7.919899874843554233e-02 9.328444773461896693e+05
7.929912390488109974e-02 9.326259701974063646e+05
7.939924906132665716e-02 9.324089167290567420e+05
7.949937421777221458e-02 9.321933072701215278e+05
7.959949937421777200e-02 9.319791322139209369e+05
7.969962453066332941e-02 9.317663820176862646e+05
7.979974968710888683e-02 9.315550472021346213e+05
7.989987484355444425e-02 9.313451183510469273e+05
8.000000000000000167e-02 9.311365861108481186e+05
---------------
