field_vs_length
---------------
0.000000000000000000e+00 2.700000000000000000e+06
1.001251564455569429e-04 2.700000000000000000e+06
2.002503128911138858e-04 2.700000000000000000e+06
3.003754693366708422e-04 2.700000000000000000e+06
4.005006257822277716e-04 2.700000000000000000e+06
5.006257822277847009e-04 2.700000000000000000e+06
6.007509386733416844e-04 2.700000000000000000e+06
7.008760951188985596e-04 2.700000000000000000e+06
8.010012515644555431e-04 2.700000000000000000e+06
9.011264080100125267e-04 2.700000000000000000e+06
1.001251564455569402e-03 2.700000000000000000e+06
1.101376720901126385e-03 2.700000000000000000e+06
1.201501877346683369e-03 2.700000000000000000e+06
1.301627033792240352e-03 2.700000000000000000e+06
1.401752190237797119e-03 2.700000000000000000e+06
1.501877346683354103e-03 2.700000000000000000e+06
1.602002503128911086e-03 2.700000000000000000e+06
1.702127659574468070e-03 2.700000000000000000e+06
1.802252816020025053e-03 2.700000000000000000e+06
1.902377972465581820e-03 2.700000000000000000e+06
2.002503128911138804e-03 2.700000000000000000e+06
2.102628285356695787e-03 2.700000000000000000e+06
2.202753441802252771e-03 2.700000000000000000e+06
2.302878598247809754e-03 2.700000000000000000e+06
2.403003754693366738e-03 2.700000000000000000e+06
2.503128911138923721e-03 2.700000000000000000e+06
2.603254067584480705e-03 2.700000000000000000e+06
2.703379224030037255e-03 2.700000000000000000e+06
2.803504380475594238e-03 2.700000000000000000e+06
2.903629536921151222e-03 2.700000000000000000e+06
3.003754693366708205e-03 2.700000000000000000e+06
3.103879849812265189e-03 2.700000000000000000e+06
3.204005006257822172e-03 2.700000000000000000e+06
3.304130162703379156e-03 2.700000000000000000e+06
3.404255319148936140e-03 2.700000000000000000e+06
3.504380475594493123e-03 2.700000000000000000e+06
3.604505632040050107e-03 2.700000000000000000e+06
3.704630788485607090e-03 2.700000000000000000e+06
3.804755944931163640e-03 2.700000000000000000e+06
3.904881101376720624e-03 2.700000000000000000e+06
4.005006257822277607e-03 2.700000000000000000e+06
4.105131414267835024e-03 2.700000000000000000e+06
4.205256570713391574e-03 2.700000000000000000e+06
4.305381727158948124e-03 2.700000000000000000e+06
4.405506883604505541e-03 2.700000000000000000e+06
4.505632040050062091e-03 2.700000000000000000e+06
4.605757196495619508e-03 2.700000000000000000e+06
4.705882352941176058e-03 2.700000000000000000e+06
4.806007509386733476e-03 2.700000000000000000e+06
4.906132665832290025e-03 2.700000000000000000e+06
5.006257822277847443e-03 2.700000000000000000e+06
5.106382978723403993e-03 2.700000000000000000e+06
5.206508135168961410e-03 2.700000000000000000e+06
5.306633291614517960e-03 2.700000000000000000e+06
5.406758448060074509e-03 2.700000000000000000e+06
5.506883604505631927e-03 2.700000000000000000e+06
5.607008760951188477e-03 2.700000000000000000e+06
5.707133917396745894e-03 2.700000000000000000e+06
5.807259073842302444e-03 2.700000000000000000e+06
5.907384230287859861e-03 2.700000000000000000e+06
6.007509386733416411e-03 2.700000000000000000e+06
6.107634543178973828e-03 2.700000000000000000e+06
6.207759699624530378e-03 2.700000000000000000e+06
6.307884856070087795e-03 2.700000000000000000e+06
6.408010012515644345e-03 2.700000000000000000e+06
6.508135168961200895e-03 2.700000000000000000e+06
6.608260325406758312e-03 2.700000000000000000e+06
6.708385481852314862e-03 2.700000000000000000e+06
6.808510638297872279e-03 2.700000000000000000e+06
6.908635794743428829e-03 2.700000000000000000e+06
7.008760951188986246e-03 2.700000000000000000e+06
7.108886107634542796e-03 2.700000000000000000e+06
7.209011264080100213e-03 2.700000000000000000e+06
7.309136420525656763e-03 2.700000000000000000e+06
7.409261576971214180e-03 2.700000000000000000e+06
7.509386733416770730e-03 2.700000000000000000e+06
7.609511889862327280e-03 2.700000000000000000e+06
7.709637046307884697e-03 2.700000000000000000e+06
7.809762202753441247e-03 2.700000000000000000e+06
7.909887359198997797e-03 2.700000000000000000e+06
8.010012515644555214e-03 2.700000000000000000e+06
8.110137672090112632e-03 2.700000000000000000e+06
8.210262828535670049e-03 2.700000000000000000e+06
8.310387984981225731e-03 2.700000000000000000e+06
8.410513141426783149e-03 2.700000000000000000e+06
8.510638297872340566e-03 2.700000000000000000e+06
8.610763454317896248e-03 2.700000000000000000e+06
8.710888610763453666e-03 2.700000000000000000e+06
8.811013767209011083e-03 2.700000000000000000e+06
8.911138923654568500e-03 2.700000000000000000e+06
9.011264080100124182e-03 2.700000000000000000e+06
9.111389236545681600e-03 2.700000000000000000e+06
9.211514392991239017e-03 2.700000000000000000e+06
9.311639549436796434e-03 2.700000000000000000e+06
9.411764705882352117e-03 2.700000000000000000e+06
9.511889862327909534e-03 2.700000000000000000e+06
9.612015018773466951e-03 2.700000000000000000e+06
9.712140175219022634e-03 2.700000000000000000e+06
9.812265331664580051e-03 2.700000000000000000e+06
9.912390488110137468e-03 2.700000000000000000e+06
1.001251564455569489e-02 2.700000000000000000e+06
1.011264080100125057e-02 2.700000000000000000e+06
1.021276595744680799e-02 2.700000000000000000e+06
1.031289111389236540e-02 2.700000000000000000e+06
1.041301627033792282e-02 2.700000000000000000e+06
1.051314142678347850e-02 2.700000000000000000e+06
1.061326658322903592e-02 2.700000000000000000e+06
1.071339173967459334e-02 2.700000000000000000e+06
1.081351689612014902e-02 2.700000000000000000e+06
1.091364205256570644e-02 2.700000000000000000e+06
1.101376720901126385e-02 2.700000000000000000e+06
1.111389236545682127e-02 2.700000000000000000e+06
1.121401752190237695e-02 2.700000000000000000e+06
1.131414267834793437e-02 2.700000000000000000e+06
1.141426783479349179e-02 2.700000000000000000e+06
1.151439299123904920e-02 2.700000000000000000e+06
1.161451814768460489e-02 2.700000000000000000e+06
1.171464330413016230e-02 2.700000000000000000e+06
1.181476846057571972e-02 2.700000000000000000e+06
1.191489361702127540e-02 2.700000000000000000e+06
1.201501877346683282e-02 2.700000000000000000e+06
1.211514392991239024e-02 2.700000000000000000e+06
1.221526908635794766e-02 2.700000000000000000e+06
1.231539424280350334e-02 2.700000000000000000e+06
1.241551939924906076e-02 2.700000000000000000e+06
1.251564455569461817e-02 2.700000000000000000e+06
1.261576971214017559e-02 2.700000000000000000e+06
1.271589486858573127e-02 2.700000000000000000e+06
1.281602002503128869e-02 2.700000000000000000e+06
1.291614518147684611e-02 2.700000000000000000e+06
1.301627033792240179e-02 2.700000000000000000e+06
1.311639549436795921e-02 2.700000000000000000e+06
1.321652065081351662e-02 2.700000000000000000e+06
1.331664580725907404e-02 2.700000000000000000e+06
1.341677096370462972e-02 2.700000000000000000e+06
1.351689612015018714e-02 2.700000000000000000e+06
1.361702127659574456e-02 2.700000000000000000e+06
1.371714643304130198e-02 2.700000000000000000e+06
1.381727158948685766e-02 2.700000000000000000e+06
1.391739674593241508e-02 2.700000000000000000e+06
1.401752190237797249e-02 2.700000000000000000e+06
1.411764705882352818e-02 2.700000000000000000e+06
1.421777221526908559e-02 2.700000000000000000e+06
1.431789737171464301e-02 2.700000000000000000e+06
1.441802252816020043e-02 2.700000000000000000e+06
1.451814768460575611e-02 2.700000000000000000e+06
1.461827284105131353e-02 2.700000000000000000e+06
1.471839799749687094e-02 2.700000000000000000e+06
1.481852315394242836e-02 2.700000000000000000e+06
1.491864831038798404e-02 2.700000000000000000e+06
1.501877346683354146e-02 2.700000000000000000e+06
1.511889862327909888e-02 2.700000000000000000e+06
1.521902377972465456e-02 2.700000000000000000e+06
1.531914893617021198e-02 2.700000000000000000e+06
1.541927409261576939e-02 2.700000000000000000e+06
1.551939924906132681e-02 2.700000000000000000e+06
1.561952440550688249e-02 2.700000000000000000e+06
1.571964956195244165e-02 2.700000000000000000e+06
1.581977471839799559e-02 2.700000000000000000e+06
1.591989987484355301e-02 2.700000000000000000e+06
1.602002503128911043e-02 2.700000000000000000e+06
1.612015018773466785e-02 2.700000000000000000e+06
1.622027534418022526e-02 2.700000000000000000e+06
1.632040050062578268e-02 2.700000000000000000e+06
1.642052565707134010e-02 2.700000000000000000e+06
1.652065081351689405e-02 2.700000000000000000e+06
1.662077596996245146e-02 2.700000000000000000e+06
1.672090112640800888e-02 2.700000000000000000e+06
1.682102628285356630e-02 2.700000000000000000e+06
1.692115143929912371e-02 2.700000000000000000e+06
1.702127659574468113e-02 2.700000000000000000e+06
1.712140175219023855e-02 2.700000000000000000e+06
1.722152690863579250e-02 2.700000000000000000e+06
1.732165206508134991e-02 2.700000000000000000e+06
1.742177722152690733e-02 2.700000000000000000e+06
1.752190237797246475e-02 2.700000000000000000e+06
1.762202753441802217e-02 2.700000000000000000e+06
1.772215269086357958e-02 2.700000000000000000e+06
1.782227784730913700e-02 2.700000000000000000e+06
1.792240300375469442e-02 2.700000000000000000e+06
1.802252816020024836e-02 2.700000000000000000e+06
1.812265331664580578e-02 2.700000000000000000e+06
1.822277847309136320e-02 2.700000000000000000e+06
1.832290362953692062e-02 2.700000000000000000e+06
1.842302878598247803e-02 2.700000000000000000e+06
1.852315394242803545e-02 2.700000000000000000e+06
1.862327909887359287e-02 2.700000000000000000e+06
1.872340425531914682e-02 2.700000000000000000e+06
1.882352941176470423e-02 2.700000000000000000e+06
1.892365456821026165e-02 2.700000000000000000e+06
1.902377972465581907e-02 2.700000000000000000e+06
1.912390488110137649e-02 2.700000000000000000e+06
1.922403003754693390e-02 2.700000000000000000e+06
1.932415519399249132e-02 2.700000000000000000e+06
1.942428035043804527e-02 2.700000000000000000e+06
1.952440550688360268e-02 2.700000000000000000e+06
1.962453066332916010e-02 2.700000000000000000e+06
1.972465581977471752e-02 2.700000000000000000e+06
1.982478097622027494e-02 2.700000000000000000e+06
1.992490613266583235e-02 2.700000000000000000e+06
2.002503128911138977e-02 2.696998750174842775e+06
2.012515644555694719e-02 2.685043709175738506e+06
2.022528160200250114e-02 2.673168202458601445e+06
2.032540675844805855e-02 2.661371700899188872e+06
2.042553191489361597e-02 2.649653678893406875e+06
2.052565707133917339e-02 2.638013614333891310e+06
2.062578222778473080e-02 2.626450988586743828e+06
2.072590738423028822e-02 2.614965286468425766e+06
2.082603254067584564e-02 2.603555996222800575e+06
2.092615769712139959e-02 2.592222609498335049e+06
2.102628285356695700e-02 2.580964621325446293e+06
2.112640801001251442e-02 2.569781530094006564e+06
2.122653316645807184e-02 2.558672837530988269e+06
2.132665832290362926e-02 2.547638048678266816e+06
2.142678347934918667e-02 2.536676671870566905e+06
2.152690863579474409e-02 2.525788218713553622e+06
2.162703379224029804e-02 2.514972204062074423e+06
2.172715894868585546e-02 2.504228145998541266e+06
2.182728410513141287e-02 2.493555565811458044e+06
2.192740926157697029e-02 2.482953987974092364e+06
2.202753441802252771e-02 2.472422940123288892e+06
2.212765957446808512e-02 2.461961953038419597e+06
2.222778473091364254e-02 2.451570560620479286e+06
2.232790988735919996e-02 2.441248299871318042e+06
2.242803504380475391e-02 2.430994710873013362e+06
2.252816020025031132e-02 2.420809336767373141e+06
2.262828535669586874e-02 2.410691723735585809e+06
2.272841051314142616e-02 2.400641420977996662e+06
2.282853566958698358e-02 2.390657980694022961e+06
2.292866082603254099e-02 2.380740958062201738e+06
2.302878598247809841e-02 2.370889911220369395e+06
2.312891113892365236e-02 2.361104401245976798e+06
2.322903629536920977e-02 2.351383992136527784e+06
2.332916145181476719e-02 2.341728250790159218e+06
2.342928660826032461e-02 2.332136746986338869e+06
2.352941176470588203e-02 2.322609053366696928e+06
2.362953692115143944e-02 2.313144745415986981e+06
2.372966207759699686e-02 2.303743401443169452e+06
2.382978723404255081e-02 2.294404602562624030e+06
2.392991239048810823e-02 2.285127932675483637e+06
2.403003754693366564e-02 2.275912978451097850e+06
2.413016270337922306e-02 2.266759329308614135e+06
2.423028785982478048e-02 2.257666577398684807e+06
2.433041301627033789e-02 2.248634317585295998e+06
2.443053817271589531e-02 2.239662147427713498e+06
2.453066332916145273e-02 2.230749667162556201e+06
2.463078848560700668e-02 2.221896479685978964e+06
2.473091364205256409e-02 2.213102190535984002e+06
2.483103879849812151e-02 2.204366407874842174e+06
2.493116395494367893e-02 2.195688742471635342e+06
2.503128911138923635e-02 2.187068807684914675e+06
2.513141426783479376e-02 2.178506219445471652e+06
2.523153942428035118e-02 2.170000596239226405e+06
2.533166458072590513e-02 2.161551559090230614e+06
2.543178973717146255e-02 2.153158731543778442e+06
2.553191489361701996e-02 2.144821739649636671e+06
2.563204005006257738e-02 2.136540211945380084e+06
2.573216520650813480e-02 2.128313779439842328e+06
2.583229036295369221e-02 2.120142075596677139e+06
2.593241551939924963e-02 2.112024736318020616e+06
2.603254067584480358e-02 2.103961399928276427e+06
2.613266583229036100e-02 2.095951707157994388e+06
2.623279098873591841e-02 2.087995301127866842e+06
2.633291614518147583e-02 2.080091827332826797e+06
2.643304130162703325e-02 2.072240933626251528e+06
2.653316645807259067e-02 2.064442270204272820e+06
2.663329161451814808e-02 2.056695489590191748e+06
2.673341677096370203e-02 2.049000246618996840e+06
2.683354192740925945e-02 2.041356198421982583e+06
2.693366708385481686e-02 2.033763004411475500e+06
2.703379224030037428e-02 2.026220326265657088e+06
2.713391739674593170e-02 2.018727827913490357e+06
2.723404255319148912e-02 2.011285175519746030e+06
2.733416770963704653e-02 2.003892037470127223e+06
2.743429286608260395e-02 1.996548084356494946e+06
2.753441802252815790e-02 1.989252988962190924e+06
2.763454317897371532e-02 1.982006426247457275e+06
2.773466833541927273e-02 1.974808073334955843e+06
2.783479349186483015e-02 1.967657609495380428e+06
2.793491864831038757e-02 1.960554716133167036e+06
2.803504380475594499e-02 1.953499076772298431e+06
2.813516896120150240e-02 1.946490377042203676e+06
2.823529411764705635e-02 1.939528304663750343e+06
2.833541927409261377e-02 1.932612549435331021e+06
2.843554443053817118e-02 1.925742803219042718e+06
2.853566958698372860e-02 1.918918759926955448e+06
2.863579474342928602e-02 1.912140115507476497e+06
2.873591989987484344e-02 1.905406567931802245e+06
2.883604505632040085e-02 1.898717817180459853e+06
2.893617021276595480e-02 1.892073565229941625e+06
2.903629536921151222e-02 1.885473516039424809e+06
2.913642052565706964e-02 1.878917375537581742e+06
2.923654568210262705e-02 1.872404851609477308e+06
2.933667083854818447e-02 1.865935654083553702e+06
2.943679599499374189e-02 1.859509494718700647e+06
2.953692115143929930e-02 1.853126087191413390e+06
2.963704630788485672e-02 1.846785147083035205e+06
2.973717146433041067e-02 1.840486391867084894e+06
2.983729662077596809e-02 1.834229540896667168e+06
2.993742177722152550e-02 1.828014315391971264e+06
3.003754693366708292e-02 1.821840438427845482e+06
3.013767209011264034e-02 1.815707634921463206e+06
3.023779724655819776e-02 1.809615631620062282e+06
3.033792240300375517e-02 1.803564157088771928e+06
3.043804755944930912e-02 1.797552941698518582e+06
3.053817271589486654e-02 1.791581717614011839e+06
3.063829787234042396e-02 1.785650218781811651e+06
3.073842302878598137e-02 1.779758180918473285e+06
3.083854818523153879e-02 1.773905341498771682e+06
3.093867334167709621e-02 1.768091439744005445e+06
3.103879849812265362e-02 1.762316216610377189e+06
3.113892365456820757e-02 1.756579414777451195e+06
3.123904881101376499e-02 1.750880778636687668e+06
3.133917396745932588e-02 1.745220054280055920e+06
3.143929912390488329e-02 1.739596989488719963e+06
3.153942428035043377e-02 1.734011333721800242e+06
3.163954943679599119e-02 1.728462838105211034e+06
3.173967459324154861e-02 1.722951255420571659e+06
3.183979974968710602e-02 1.717476340094192186e+06
3.193992490613266344e-02 1.712037848186130170e+06
3.204005006257822086e-02 1.706635537379322341e+06
3.214017521902377827e-02 1.701269166968788486e+06
3.224030037546933569e-02 1.695938497850906570e+06
3.234042553191489311e-02 1.690643292512757471e+06
3.244055068836045053e-02 1.685383315021544928e+06
3.254067584480600794e-02 1.680158331014081836e+06
3.264080100125156536e-02 1.674968107686347794e+06
3.274092615769712278e-02 1.669812413783117663e+06
3.284105131414268020e-02 1.664691019587656483e+06
3.294117647058823761e-02 1.659603696911484469e+06
3.304130162703378809e-02 1.654550219084210694e+06
3.314142678347934551e-02 1.649530360943431966e+06
3.324155193992490293e-02 1.644543898824702017e+06
3.334167709637046034e-02 1.639590610551565420e+06
3.344180225281601776e-02 1.634670275425658096e+06
3.354192740926157518e-02 1.629782674216874875e+06
3.364205256570713259e-02 1.624927589153599227e+06
3.374217772215269001e-02 1.620104803913003067e+06
3.384230287859824743e-02 1.615314103611406172e+06
3.394242803504380485e-02 1.610555274794702884e+06
3.404255319148936226e-02 1.605828105428851210e+06
3.414267834793491968e-02 1.601132384890425019e+06
3.424280350438047710e-02 1.596467903957230737e+06
3.434292866082603451e-02 1.591834454798983643e+06
3.444305381727158499e-02 1.587231830968049122e+06
3.454317897371714241e-02 1.582659827390243299e+06
3.464330413016269983e-02 1.578118240355695831e+06
3.474342928660825724e-02 1.573606867509774864e+06
3.484355444305381466e-02 1.569125507844069041e+06
3.494367959949937208e-02 1.564673961687432136e+06
3.504380475594492950e-02 1.560252030697086593e+06
3.514392991239048691e-02 1.555859517849786207e+06
3.524405506883604433e-02 1.551496227433037944e+06
3.534418022528160175e-02 1.547161965036380105e+06
3.544430538172715917e-02 1.542856537542722654e+06
3.554443053817271658e-02 1.538579753119741101e+06
3.564455569461827400e-02 1.534331421211329056e+06
3.574468085106383142e-02 1.530111352529108990e+06
3.584480600750938883e-02 1.525919359043997480e+06
3.594493116395493931e-02 1.521755253977827728e+06
3.604505632040049673e-02 1.517618851795027032e+06
3.614518147684605415e-02 1.513509968194350833e+06
3.624530663329161156e-02 1.509428420100670308e+06
3.634543178973716898e-02 1.505374025656815618e+06
3.644555694618272640e-02 1.501346604215472937e+06
3.654568210262828382e-02 1.497345976331136189e+06
3.664580725907384123e-02 1.493371963752110023e+06
3.674593241551939865e-02 1.489424389412570279e+06
3.684605757196495607e-02 1.485503077424671967e+06
3.694618272841051348e-02 1.481607853070713580e+06
3.704630788485607090e-02 1.477738542795353103e+06
3.714643304130162832e-02 1.473894974197874311e+06
3.724655819774718574e-02 1.470076976024504285e+06
3.734668335419274315e-02 1.466284378160785651e+06
3.744680851063829363e-02 1.462517011623994447e+06
3.754693366708385105e-02 1.458774708555612247e+06
3.764705882352940847e-02 1.455057302213846706e+06
3.774718397997496588e-02 1.451364626966202166e+06
3.784730913642052330e-02 1.447696518282100325e+06
3.794743429286608072e-02 1.444052812725548167e+06
3.804755944931163814e-02 1.440433347947857808e+06
3.814768460575719555e-02 1.436837962680410594e+06
3.824780976220275297e-02 1.433266496727473335e+06
3.834793491864831039e-02 1.429718790959060658e+06
3.844806007509386780e-02 1.426194687303843908e+06
3.854818523153942522e-02 1.422694028742108028e+06
3.864831038798498264e-02 1.419216659298756626e+06
3.874843554443054006e-02 1.415762424036360811e+06
3.884856070087609053e-02 1.412331169048258336e+06
3.894868585732164795e-02 1.408922741451692302e+06
3.904881101376720537e-02 1.405536989381002262e+06
3.914893617021276279e-02 1.402173761980857700e+06
3.924906132665832020e-02 1.398832909399535041e+06
3.934918648310387762e-02 1.395514282782241236e+06
3.944931163954943504e-02 1.392217734264482278e+06
3.954943679599499246e-02 1.388943116965474561e+06
3.964956195244054987e-02 1.385690284981599543e+06
3.974968710888610729e-02 1.382459093379904516e+06
3.984981226533166471e-02 1.379249398191643413e+06
3.994993742177722212e-02 1.376061056405863259e+06
4.005006257822277954e-02 1.372893925963031594e+06
4.015018773466833696e-02 1.369747865748707438e+06
4.025031289111389438e-02 1.366622735587253002e+06
4.035043804755944485e-02 1.363518396235588705e+06
4.045056320400500227e-02 1.360434709376988234e+06
4.055068836045055969e-02 1.357371537614917383e+06
4.065081351689611711e-02 1.354328744466910139e+06
4.075093867334167452e-02 1.351306194358489010e+06
4.085106382978723194e-02 1.348303752617124235e+06
4.095118898623278936e-02 1.345321285466232337e+06
4.105131414267834677e-02 1.342358660019217059e+06
4.115143929912390419e-02 1.339415744273547316e+06
4.125156445556946161e-02 1.336492407104875892e+06
4.135168961201501903e-02 1.333588518261197722e+06
4.145181476846057644e-02 1.330703948357045650e+06
4.155193992490613386e-02 1.327838568867725553e+06
4.165206508135169128e-02 1.324992252123591024e+06
4.175219023779724176e-02 1.322164871304353233e+06
4.185231539424279917e-02 1.319356300433430588e+06
4.195244055068835659e-02 1.316566414372337749e+06
4.205256570713391401e-02 1.313795088815107010e+06
4.215269086357947143e-02 1.311042200282752048e+06
4.225281602002502884e-02 1.308307626117764972e+06
4.235294117647058626e-02 1.305591244478651555e+06
4.245306633291614368e-02 1.302892934334502323e+06
4.255319148936170109e-02 1.300212575459600659e+06
4.265331664580725851e-02 1.297550048428064911e+06
4.275344180225281593e-02 1.294905234608527739e+06
4.285356695869837335e-02 1.292278016158850864e+06
4.295369211514393076e-02 1.289668276020873571e+06
4.305381727158948818e-02 1.287075897915198002e+06
4.315394242803504560e-02 1.284500766336007277e+06
4.325406758448059608e-02 1.281942766545920400e+06
4.335419274092615349e-02 1.279401784570878139e+06
4.345431789737171091e-02 1.276877707195066614e+06
4.355444305381726833e-02 1.274370421955871396e+06
4.365456821026282574e-02 1.271879817138868151e+06
4.375469336670838316e-02 1.269405781772843562e+06
4.385481852315394058e-02 1.266948205624851864e+06
4.395494367959949800e-02 1.264506979195303284e+06
4.405506883604505541e-02 1.262081993713084375e+06
4.415519399249061283e-02 1.259673141130712815e+06
4.425531914893617025e-02 1.257280314119521994e+06
4.435544430538172767e-02 1.254903406064880313e+06
4.445556946182728508e-02 1.252542311061439570e+06
4.455569461827284250e-02 1.250196923908416415e+06
4.465581977471839992e-02 1.247867140104906401e+06
4.475594493116395040e-02 1.245552855845225975e+06
4.485607008760950781e-02 1.243253968014288228e+06
4.495619524405506523e-02 1.240970374183008913e+06
4.505632040050062265e-02 1.238701972603741800e+06
4.515644555694618006e-02 1.236448662205745466e+06
4.525657071339173748e-02 1.234210342590680579e+06
4.535669586983729490e-02 1.231986914028135594e+06
4.545682102628285232e-02 1.229778277451184113e+06
4.555694618272840973e-02 1.227584334451969713e+06
4.565707133917396715e-02 1.225404987277322914e+06
4.575719649561952457e-02 1.223240138824403984e+06
4.585732165206508198e-02 1.221089692636377644e+06
4.595744680851063940e-02 1.218953552898114314e+06
4.605757196495619682e-02 1.216831624431922566e+06
4.615769712140174730e-02 1.214723812693306943e+06
4.625782227784730471e-02 1.212630023766755592e+06
4.635794743429286213e-02 1.210550164361556293e+06
4.645807259073841955e-02 1.208484141807639971e+06
4.655819774718397697e-02 1.206431864051450510e+06
4.665832290362953438e-02 1.204393239651845070e+06
4.675844806007509180e-02 1.202368177776018158e+06
4.685857321652064922e-02 1.200356588195454795e+06
4.695869837296620664e-02 1.198358381281911861e+06
4.705882352941176405e-02 1.196373468003422022e+06
4.715894868585732147e-02 1.194401759920329088e+06
4.725907384230287889e-02 1.192443169181346428e+06
4.735919899874843630e-02 1.190497608519642614e+06
4.745932415519399372e-02 1.188564991248953855e+06
4.755944931163955114e-02 1.186645231259720866e+06
4.765957446808510162e-02 1.184738243015252752e+06
4.775969962453065903e-02 1.182843941547914874e+06
4.785982478097621645e-02 1.180962242455344880e+06
4.795994993742177387e-02 1.179093061896690167e+06
4.806007509386733129e-02 1.177236316588873044e+06
4.816020025031288870e-02 1.175391923802880105e+06
4.826032540675844612e-02 1.173559801360076293e+06
4.836045056320400354e-02 1.171739867628542939e+06
4.846057571964956096e-02 1.169932041519440711e+06
4.856070087609511837e-02 1.168136242483396316e+06
4.866082603254067579e-02 1.166352390506914584e+06
4.876095118898623321e-02 1.164580406108811963e+06
4.886107634543179062e-02 1.162820210336676566e+06
4.896120150187734804e-02 1.161071724763349164e+06
4.906132665832290546e-02 1.159334871483429568e+06
4.916145181476845594e-02 1.157609573109805118e+06
4.926157697121401335e-02 1.155895752770202933e+06
4.936170212765957077e-02 1.154193334103764268e+06
4.946182728410512819e-02 1.152502241257643094e+06
4.956195244055068561e-02 1.150822398883625166e+06
4.966207759699624302e-02 1.149153732134771999e+06
4.976220275344180044e-02 1.147496166662085336e+06
4.986232790988735786e-02 1.145849628611194436e+06
4.996245306633291527e-02 1.144214044619065709e+06
5.006257822277847269e-02 1.142589341810733778e+06
5.016270337922403011e-02 1.140975447796054650e+06
5.026282853566958753e-02 1.139372290666480083e+06
5.036295369211514494e-02 1.137779798991853837e+06
5.046307884856070236e-02 1.136197901817228878e+06
5.056320400500625284e-02 1.134626528659705771e+06
5.066332916145181026e-02 1.133065609505292727e+06
5.076345431789736767e-02 1.131515074805785669e+06
5.086357947434292509e-02 1.129974855475669494e+06
5.096370463078848251e-02 1.128444882889040280e+06
5.106382978723403993e-02 1.126925088876546593e+06
5.116395494367959734e-02 1.125415405722353840e+06
5.126408010012515476e-02 1.123915766161125153e+06
5.136420525657071218e-02 1.122426103375026258e+06
5.146433041301626959e-02 1.120946350990746170e+06
5.156445556946182701e-02 1.119476443076542113e+06
5.166458072590738443e-02 1.118016314139300259e+06
5.176470588235294185e-02 1.116565899121618597e+06
5.186483103879849926e-02 1.115125133398907259e+06
5.196495619524405668e-02 1.113693952776510501e+06
5.206508135168960716e-02 1.112272293486844981e+06
5.216520650813516458e-02 1.110860092186558992e+06
5.226533166458072199e-02 1.109457285953711020e+06
5.236545682102627941e-02 1.108063812284965301e+06
5.246558197747183683e-02 1.106679609092806932e+06
5.256570713391739424e-02 1.105304614702775842e+06
5.266583229036295166e-02 1.103938767850718694e+06
5.276595744680850908e-02 1.102582007680059178e+06
5.286608260325406650e-02 1.101234273739086464e+06
5.296620775969962391e-02 1.099895505978262052e+06
5.306633291614518133e-02 1.098565644747543847e+06
5.316645807259073875e-02 1.097244630793728167e+06
5.326658322903629617e-02 1.095932405257810140e+06
5.336670838548185358e-02 1.094628909672361100e+06
5.346683354192740406e-02 1.093334085958923679e+06
5.356695869837296148e-02 1.092047876425423194e+06
5.366708385481851890e-02 1.090770223763598362e+06
5.376720901126407631e-02 1.089501071046446916e+06
5.386733416770963373e-02 1.088240361725689843e+06
5.396745932415519115e-02 1.086988039629250998e+06
5.406758448060074856e-02 1.085744048958755331e+06
5.416770963704630598e-02 1.084508334287042031e+06
5.426783479349186340e-02 1.083280840555694886e+06
5.436795994993742082e-02 1.082061513072589878e+06
5.446808510638297823e-02 1.080850297509457218e+06
5.456821026282853565e-02 1.079647139899461530e+06
5.466833541927409307e-02 1.078451986634796951e+06
5.476846057571965048e-02 1.077264784464298282e+06
5.486858573216520790e-02 1.076085480491069611e+06
5.496871088861075838e-02 1.074914022170126205e+06
5.506883604505631580e-02 1.073750357306052931e+06
5.516896120150187321e-02 1.072594434050680138e+06
5.526908635794743063e-02 1.071446200900772819e+06
5.536921151439298805e-02 1.070305606695734896e+06
5.546933667083854547e-02 1.069172600615331903e+06
5.556946182728410288e-02 1.068047132177424151e+06
5.566958698372966030e-02 1.066929151235719444e+06
5.576971214017521772e-02 1.065818607977536973e+06
5.586983729662077514e-02 1.064715452921590069e+06
5.596996245306633255e-02 1.063619636915779207e+06
5.607008760951188997e-02 1.062531111135003623e+06
5.617021276595744739e-02 1.061449827078985516e+06
5.627033792240300480e-02 1.060375736570107983e+06
5.637046307884856222e-02 1.059308791751270182e+06
5.647058823529411270e-02 1.058248945083753671e+06
5.657071339173967012e-02 1.057196149345104583e+06
5.667083854818522753e-02 1.056150357627030928e+06
5.677096370463078495e-02 1.055111523333309451e+06
5.687108886107634237e-02 1.054079600177713204e+06
5.697121401752189979e-02 1.053054542181946104e+06
5.707133917396745720e-02 1.052036303673596354e+06
5.717146433041301462e-02 1.051024839284100570e+06
5.727158948685857204e-02 1.050020103946722811e+06
5.737171464330412946e-02 1.049022052894545719e+06
5.747183979974968687e-02 1.048030641658476903e+06
5.757196495619524429e-02 1.047045826065267087e+06
5.767209011264080171e-02 1.046067562235541875e+06
5.777221526908635912e-02 1.045095806581846904e+06
5.787234042553190960e-02 1.044130515806705924e+06
5.797246558197746702e-02 1.043171646900690510e+06
5.807259073842302444e-02 1.042219157140505384e+06
5.817271589486858185e-02 1.041273004087083740e+06
5.827284105131413927e-02 1.040333145583696663e+06
5.837296620775969669e-02 1.039399539754074882e+06
5.847309136420525411e-02 1.038472145000542514e+06
5.857321652065081152e-02 1.037550920002164436e+06
5.867334167709636894e-02 1.036635823712904123e+06
5.877346683354192636e-02 1.035726815359795815e+06
5.887359198998748377e-02 1.034823854441127274e+06
5.897371714643304119e-02 1.033926900724635227e+06
5.907384230287859861e-02 1.033035914245712920e+06
5.917396745932415603e-02 1.032150855305629550e+06
5.927409261576971344e-02 1.031271684469761327e+06
5.937421777221526392e-02 1.030398362565834075e+06
5.947434292866082134e-02 1.029530850682178745e+06
5.957446808510637876e-02 1.028669110165996593e+06
5.967459324155193617e-02 1.027813102621637983e+06
5.977471839799749359e-02 1.026962789908890845e+06
5.987484355444305101e-02 1.026118134141281713e+06
5.997496871088860843e-02 1.025279097684387816e+06
6.007509386733416584e-02 1.024445643154159654e+06
6.017521902377972326e-02 1.023617733415255789e+06
6.027534418022528068e-02 1.022795331579388003e+06
6.037546933667083809e-02 1.021978401003678213e+06
6.047559449311639551e-02 1.021166905289024930e+06
6.057571964956195293e-02 1.020360808278482291e+06
6.067584480600751035e-02 1.019560074055648525e+06
6.077596996245306776e-02 1.018764666943065822e+06
6.087609511889861824e-02 1.017974551500631031e+06
6.097622027534417566e-02 1.017189692524015903e+06
6.107634543178973308e-02 1.016410055043099099e+06
6.117647058823529049e-02 1.015635604320407845e+06
6.127659574468084791e-02 1.014866305849570199e+06
6.137672090112640533e-02 1.014102125353777548e+06
6.147684605757196274e-02 1.013343028784257593e+06
6.157697121401752016e-02 1.012588982318756985e+06
6.167709637046307758e-02 1.011839952360034338e+06
6.177722152690863500e-02 1.011095905534363468e+06
6.187734668335419241e-02 1.010356808690046426e+06
6.197747183979974983e-02 1.009622628895936185e+06
6.207759699624530725e-02 1.008893333439969341e+06
6.217772215269086467e-02 1.008168889827709063e+06
6.227784730913641514e-02 1.007449265780896530e+06
6.237797246558197256e-02 1.006734429236013442e+06
6.247809762202752998e-02 1.006024348342852900e+06
6.257822277847309433e-02 1.005318991463100538e+06
6.267834793491865175e-02 1.004618327168924967e+06
6.277847309136420917e-02 1.003922324241577066e+06
6.287859824780976659e-02 1.003230951669999398e+06
6.297872340425532400e-02 1.002544178649444249e+06
6.307884856070086754e-02 1.001861974580101436e+06
6.317897371714642496e-02 1.001184309065734036e+06
6.327909887359198238e-02 1.000511151912325178e+06
6.337922403003753979e-02 9.998424731267321622e+05
6.347934918648309721e-02 9.991782429153500125e+05
6.357947434292865463e-02 9.985184316827842267e+05
6.367959949937421205e-02 9.978630100305317901e+05
6.377972465581976946e-02 9.972119487556717359e+05
6.387984981226532688e-02 9.965652188495637383e+05
6.397997496871088430e-02 9.959227914965554373e+05
6.408010012515644171e-02 9.952846380726989591e+05
6.418022528160199913e-02 9.946507301444752375e+05
6.428035043804755655e-02 9.940210394675272983e+05
6.438047559449311397e-02 9.933955379854014609e+05
6.448060075093867138e-02 9.927741978282977361e+05
6.458072590738422880e-02 9.921569913118276745e+05
6.468085106382978622e-02 9.915438909357814118e+05
6.478097622027534364e-02 9.909348693829014665e+05
6.488110137672090105e-02 9.903298995176664321e+05
6.498122653316645847e-02 9.897289543850815389e+05
6.508135168961201589e-02 9.891320072094777133e+05
6.518147684605757330e-02 9.885390313933186699e+05
6.528160200250313072e-02 9.879500005160155706e+05
6.538172715894868814e-02 9.873648883327500662e+05
6.548185231539424556e-02 9.867836687733049039e+05
6.558197747183980297e-02 9.862063159409022192e+05
6.568210262828536039e-02 9.856328041110497434e+05
6.578222778473091781e-02 9.850631077303949278e+05
6.588235294117647523e-02 9.844972014155858196e+05
6.598247809762201876e-02 9.839350599521404365e+05
6.608260325406757618e-02 9.833766582933232421e+05
6.618272841051313360e-02 9.828219715590291889e+05
6.628285356695869102e-02 9.822709750346752116e+05
6.638297872340424843e-02 9.817236441700988216e+05
6.648310387984980585e-02 9.811799545784646180e+05
6.658322903629536327e-02 9.806398820351774339e+05
6.668335419274092069e-02 9.801034024768028175e+05
6.678347934918647810e-02 9.795704919999954291e+05
6.688360450563203552e-02 9.790411268604336074e+05
6.698372966207759294e-02 9.785152834717612714e+05
6.708385481852315035e-02 9.779929384045373881e+05
6.718397997496870777e-02 9.774740683851920767e+05
6.728410513141426519e-02 9.769586502949889982e+05
6.738423028785982261e-02 9.764466611689961283e+05
6.748435544430538002e-02 9.759380781950618839e+05
6.758448060075093744e-02 9.754328787127991673e+05
6.768460575719649486e-02 9.749310402125752298e+05
6.778473091364205227e-02 9.744325403345093364e+05
6.788485607008760969e-02 9.739373568674757844e+05
6.798498122653316711e-02 9.734454677481148392e+05
6.808510638297872453e-02 9.729568510598497232e+05
6.818523153942428194e-02 9.724714850319094257e+05
6.828535669586983936e-02 9.719893480383594288e+05
6.838548185231539678e-02 9.715104185971376719e+05
6.848560700876095420e-02 9.710346753690977348e+05
6.858573216520651161e-02 9.705620971570578404e+05
6.868585732165206903e-02 9.700926629048562609e+05
6.878598247809762645e-02 9.696263516964137089e+05
6.888610763454316999e-02 9.691631427548006177e+05
6.898623279098872740e-02 9.687030154413118726e+05
6.908635794743428482e-02 9.682459492545473622e+05
6.918648310387984224e-02 9.677919238294982351e+05
6.928660826032539966e-02 9.673409189366395585e+05
6.938673341677095707e-02 9.668929144810290309e+05
6.948685857321651449e-02 9.664478905014116317e+05
6.958698372966207191e-02 9.660058271693302086e+05
6.968710888610762932e-02 9.655667047882421175e+05
6.978723404255318674e-02 9.651305037926413352e+05
6.988735919899874416e-02 9.646972047471870901e+05
6.998748435544430158e-02 9.642667883458373835e+05
7.008760951188985899e-02 9.638392354109894950e+05
7.018773466833541641e-02 9.634145268926249119e+05
7.028785982478097383e-02 9.629926438674606616e+05
7.038798498122653124e-02 9.625735675381064648e+05
7.048811013767208866e-02 9.621572792322266614e+05
7.058823529411764608e-02 9.617437604017090052e+05
7.068836045056320350e-02 9.613329926218374167e+05
7.078848560700876091e-02 9.609249575904717203e+05
7.088861076345431833e-02 9.605196371272315737e+05
7.098873591989987575e-02 9.601170131726870313e+05
7.108886107634543317e-02 9.597170677875535330e+05
7.118898623279099058e-02 9.593197831518924795e+05
7.128911138923654800e-02 9.589251415643177461e+05
7.138923654568210542e-02 9.585331254412065027e+05
7.148936170212766283e-02 9.581437173159157392e+05
7.158948685857322025e-02 9.577568998380046105e+05
7.168961201501877767e-02 9.573726557724607410e+05
7.178973717146432121e-02 9.569909679989325814e+05
7.188986232790987863e-02 9.566118195109663066e+05
7.198998748435543604e-02 9.562351934152488830e+05
7.209011264080099346e-02 9.558610729308543960e+05
7.219023779724655088e-02 9.554894413884966634e+05
7.229036295369210829e-02 9.551202822297869716e+05
7.239048811013766571e-02 9.547535790064958856e+05
7.249061326658322313e-02 9.543893153798201820e+05
7.259073842302878055e-02 9.540274751196554862e+05
7.269086357947433796e-02 9.536680421038725181e+05
7.279098873591989538e-02 9.533110003175990423e+05
7.289111389236545280e-02 9.529563338525065919e+05
7.299123904881101021e-02 9.526040269061009167e+05
7.309136420525656763e-02 9.522540637810184853e+05
7.319148936170212505e-02 9.519064288843269460e+05
7.329161451814768247e-02 9.515611067268302431e+05
7.339173967459323988e-02 9.512180819223786239e+05
7.349186483103879730e-02 9.508773391871831845e+05
7.359198998748435472e-02 9.505388633391343756e+05
7.369211514392991214e-02 9.502026392971260939e+05
7.379224030037546955e-02 9.498686520803837338e+05
7.389236545682102697e-02 9.495368868077963125e+05
7.399249061326658439e-02 9.492073286972536007e+05
7.409261576971214180e-02 9.488799630649876781e+05
7.419274092615769922e-02 9.485547753249184461e+05
7.429286608260325664e-02 9.482317509880037978e+05
7.439299123904881406e-02 9.479108756615940947e+05
7.449311639549437147e-02 9.475921350487909513e+05
7.459324155193992889e-02 9.472755149478098610e+05
7.469336670838548631e-02 9.469610012513479451e+05
7.479349186483102985e-02 9.466485799459551927e+05
7.489361702127658726e-02 9.463382371114097768e+05
7.499374217772214468e-02 9.460299589200981427e+05
7.509386733416770210e-02 9.457237316363990540e+05
7.519399249061325952e-02 9.454195416160708992e+05
7.529411764705881693e-02 9.451173753056448186e+05
7.539424280350437435e-02 9.448172192418198101e+05
7.549436795994993177e-02 9.445190600508634234e+05
7.559449311639548919e-02 9.442228844480157131e+05
7.569461827284104660e-02 9.439286792368972674e+05
7.579474342928660402e-02 9.436364313089215429e+05
7.589486858573216144e-02 9.433461276427103439e+05
7.599499374217771885e-02 9.430577553035139572e+05
7.609511889862327627e-02 9.427713014426345471e+05
7.619524405506883369e-02 9.424867532968543237e+05
7.629536921151439111e-02 9.422040981878659222e+05
7.639549436795994852e-02 9.419233235217081383e+05
7.649561952440550594e-02 9.416444167882049223e+05
7.659574468085106336e-02 9.413673655604072846e+05
7.669586983729662077e-02 9.410921574940402061e+05
7.679599499374217819e-02 9.408187803269525757e+05
7.689612015018773561e-02 9.405472218785703881e+05
7.699624530663329303e-02 9.402774700493545970e+05
7.709637046307885044e-02 9.400095128202617634e+05
7.719649561952440786e-02 9.397433382522083120e+05
7.729662077596996528e-02 9.394789344855388626e+05
7.739674593241552270e-02 9.392162897394979373e+05
7.749687108886108011e-02 9.389553923117045779e+05
7.759699624530663753e-02 9.386962305776315043e+05
7.769712140175218107e-02 9.384387929900864838e+05
7.779724655819773849e-02 9.381830680786985904e+05
7.789737171464329590e-02 9.379290444494067924e+05
7.799749687108885332e-02 9.376767107839517994e+05
7.809762202753441074e-02 9.374260558393729152e+05
7.819774718397996816e-02 9.371770684475058224e+05
7.829787234042552557e-02 9.369297375144858379e+05
7.839799749687108299e-02 9.366840520202533808e+05
7.849812265331664041e-02 9.364400010180628160e+05
7.859824780976219782e-02 9.361975736339947907e+05
7.869837296620775524e-02 9.359567590664719464e+05
7.879849812265331266e-02 9.357175465857771924e+05
7.889862327909887008e-02 9.354799255335762864e+05
7.899874843554442749e-02 9.352438853224420454e+05
7.909887359198998491e-02 9.350094154353837948e+05
7.919899874843554233e-02 9.347765054253772832e+05
7.929912390488109974e-02 9.345451449149008840e+05
7.939924906132665716e-02 9.343153235954717966e+05
7.949937421777221458e-02 9.340870312271874864e+05
7.959949937421777200e-02 9.338602576382692205e+05
7.969962453066332941e-02 9.336349927246089792e+05
7.979974968710888683e-02 9.334112264493190451e+05
7.989987484355444425e-02 9.331889488422850845e+05
8.000000000000000167e-02 9.329681499997215578e+05
---------------
