field_vs_time
---------------
0.000000000000000000e+00 2.500000000000000000e+06
2.404809619238476905e-10 2.500000000000000000e+06
4.809619238476953810e-10 2.500000000000000000e+06
7.214428857715430714e-10 2.500000000000000000e+06
9.619238476953907619e-10 2.500000000000000000e+06
1.202404809619238452e-09 2.500000000000000000e+06
1.442885771543086143e-09 2.500000000000000000e+06
1.683366733466933833e-09 2.500000000000000000e+06
1.923847695390781524e-09 2.500000000000000000e+06
2.164328657314629214e-09 2.500000000000000000e+06
2.404809619238476905e-09 2.500000000000000000e+06
2.645290581162324595e-09 2.500000000000000000e+06
2.885771543086172286e-09 2.500000000000000000e+06
3.126252505010019976e-09 2.500000000000000000e+06
3.366733466933867667e-09 2.500000000000000000e+06
3.607214428857715357e-09 2.500000000000000000e+06
3.847695390781563048e-09 2.500000000000000000e+06
4.088176352705410738e-09 2.500000000000000000e+06
4.328657314629258429e-09 2.500000000000000000e+06
4.569138276553106119e-09 2.500000000000000000e+06
4.809619238476953810e-09 2.500000000000000000e+06
5.050100200400801500e-09 2.500000000000000000e+06
5.290581162324649190e-09 2.500000000000000000e+06
5.531062124248496881e-09 2.500000000000000000e+06
5.771543086172344571e-09 2.500000000000000000e+06
6.012024048096192262e-09 2.500000000000000000e+06
6.252505010020039952e-09 2.500000000000000000e+06
6.492985971943887643e-09 2.500000000000000000e+06
6.733466933867735333e-09 2.500000000000000000e+06
6.973947895791583024e-09 2.500000000000000000e+06
7.214428857715430714e-09 2.500000000000000000e+06
7.454909819639278405e-09 2.500000000000000000e+06
7.695390781563126095e-09 2.500000000000000000e+06
7.935871743486973786e-09 2.500000000000000000e+06
8.176352705410821476e-09 2.500000000000000000e+06
8.416833667334669167e-09 2.500000000000000000e+06
8.657314629258516857e-09 2.500000000000000000e+06
8.897795591182364548e-09 2.500000000000000000e+06
9.138276553106212238e-09 2.500000000000000000e+06
9.378757515030059929e-09 2.500000000000000000e+06
9.619238476953907619e-09 2.500000000000000000e+06
9.859719438877755310e-09 2.500000000000000000e+06
1.010020040080160300e-08 2.500000000000000000e+06
1.034068136272545069e-08 2.500000000000000000e+06
1.058116232464929838e-08 2.500000000000000000e+06
1.082164328657314607e-08 2.500000000000000000e+06
1.106212424849699376e-08 2.500000000000000000e+06
1.130260521042084145e-08 2.500000000000000000e+06
1.154308617234468914e-08 2.500000000000000000e+06
1.178356713426853683e-08 2.500000000000000000e+06
1.202404809619238452e-08 2.500000000000000000e+06
1.226452905811623221e-08 2.500000000000000000e+06
1.250501002004007990e-08 2.500000000000000000e+06
1.274549098196392760e-08 2.500000000000000000e+06
1.298597194388777529e-08 2.500000000000000000e+06
1.322645290581162298e-08 2.500000000000000000e+06
1.346693386773547067e-08 2.500000000000000000e+06
1.370741482965931836e-08 2.500000000000000000e+06
1.394789579158316605e-08 2.500000000000000000e+06
1.418837675350701374e-08 2.500000000000000000e+06
1.442885771543086143e-08 2.500000000000000000e+06
1.466933867735470912e-08 2.500000000000000000e+06
1.490981963927855681e-08 2.500000000000000000e+06
1.515030060120240285e-08 2.500000000000000000e+06
1.539078156312625219e-08 2.500000000000000000e+06
1.563126252505010154e-08 2.500000000000000000e+06
1.587174348697394757e-08 2.500000000000000000e+06
1.611222444889779361e-08 2.500000000000000000e+06
1.635270541082164295e-08 2.500000000000000000e+06
1.659318637274549230e-08 2.500000000000000000e+06
1.683366733466933833e-08 2.500000000000000000e+06
1.707414829659318437e-08 2.500000000000000000e+06
1.731462925851703371e-08 2.500000000000000000e+06
1.755511022044088306e-08 2.500000000000000000e+06
1.779559118236472910e-08 2.500000000000000000e+06
1.803607214428857513e-08 2.500000000000000000e+06
1.827655310621242448e-08 2.500000000000000000e+06
1.851703406813627382e-08 2.500000000000000000e+06
1.875751503006011986e-08 2.500000000000000000e+06
1.899799599198396589e-08 2.500000000000000000e+06
1.923847695390781524e-08 2.500000000000000000e+06
1.947895791583166458e-08 2.500000000000000000e+06
1.971943887775551062e-08 2.500000000000000000e+06
1.995991983967935666e-08 2.500000000000000000e+06
2.020040080160320600e-08 2.470239081361116376e+06
2.044088176352705534e-08 2.435304370725178160e+06
2.068136272545090138e-08 2.401199752298519481e+06
2.092184368737474742e-08 2.367905502057000995e+06
2.116232464929859676e-08 2.335402364643847104e+06
2.140280561122244611e-08 2.303671542233527638e+06
2.164328657314629214e-08 2.272694683660245501e+06
2.188376753507013818e-08 2.242453873804744799e+06
2.212424849699398752e-08 2.212931623233302496e+06
2.236472945891783687e-08 2.184110858082911931e+06
2.260521042084168290e-08 2.155974910186802968e+06
2.284569138276552894e-08 2.128507507434596308e+06
2.308617234468937829e-08 2.101692764361508191e+06
2.332665330661322763e-08 2.075515172961171716e+06
2.356713426853707367e-08 2.049959593716757139e+06
2.380761523046091970e-08 2.025011246845196234e+06
2.404809619238476905e-08 2.000655703749464592e+06
2.428857715430861839e-08 1.976878878673963249e+06
2.452905811623246443e-08 1.953667020558179356e+06
2.476953907815631046e-08 1.931006705083913635e+06
2.501002004008015981e-08 1.908884826911477372e+06
2.525050100200400915e-08 1.887288592100366019e+06
2.549098196392785519e-08 1.866205510710025672e+06
2.573146292585170123e-08 1.845623389576437650e+06
2.597194388777555057e-08 1.825530325260336511e+06
2.621242484969939992e-08 1.805914697162991157e+06
2.645290581162324595e-08 1.786765160805561580e+06
2.669338677354709199e-08 1.768070641268144362e+06
2.693386773547094133e-08 1.749820326784719247e+06
2.717434869739479068e-08 1.732003662490284536e+06
2.741482965931863671e-08 1.714610344316568924e+06
2.765531062124248275e-08 1.697630313032789156e+06
2.789579158316633210e-08 1.681053748428005725e+06
2.813627254509018144e-08 1.664871063631715719e+06
2.837675350701402748e-08 1.649072899569392670e+06
2.861723446893787351e-08 1.633650119549768977e+06
2.885771543086172286e-08 1.618593803980735131e+06
2.909819639278557220e-08 1.603895245210793335e+06
2.933867735470941824e-08 1.589545942493083887e+06
2.957915831663326427e-08 1.575537597069072537e+06
2.981963927855711362e-08 1.561862107369059231e+06
3.006012024048096296e-08 1.548511564326722641e+06
3.030060120240480569e-08 1.535478246805003844e+06
3.054108216432865504e-08 1.522754617130669300e+06
3.078156312625250438e-08 1.510333316734985216e+06
3.102204408817635373e-08 1.498207161897970363e+06
3.126252505010020307e-08 1.486369139593771426e+06
3.150300601202404580e-08 1.474812403434759704e+06
3.174348697394789514e-08 1.463530269711996894e+06
3.198396793587174449e-08 1.452516213529790286e+06
3.222444889779558722e-08 1.441763865032089874e+06
3.246492985971943656e-08 1.431267005718554137e+06
3.270541082164328590e-08 1.421019564848149894e+06
3.294589178356713525e-08 1.411015615928207990e+06
3.318637274549098459e-08 1.401249373286901508e+06
3.342685370741482732e-08 1.391715188727168599e+06
3.366733466933867667e-08 1.382407548260138603e+06
3.390781563126252601e-08 1.373321068916181102e+06
3.414829659318636874e-08 1.364450495631724596e+06
3.438877755511021808e-08 1.355790698210048489e+06
3.462925851703406743e-08 1.347336668354291935e+06
3.486973947895791677e-08 1.339083516770962626e+06
3.511022044088176612e-08 1.331026470342266606e+06
3.535070140280560885e-08 1.323160869365630206e+06
3.559118236472945819e-08 1.315482164858812932e+06
3.583166332665330754e-08 1.307985915929054609e+06
3.607214428857715026e-08 1.300667787204735214e+06
3.631262525050099961e-08 1.293523546328060096e+06
3.655310621242484895e-08 1.286549061507324455e+06
3.679358717434869830e-08 1.279740299127337523e+06
3.703406813627254764e-08 1.273093321416625986e+06
3.727454909819639037e-08 1.266604284170068335e+06
3.751503006012023971e-08 1.260269434525641380e+06
3.775551102204408906e-08 1.254085108793995809e+06
3.799599198396793179e-08 1.248047730339600705e+06
3.823647294589178113e-08 1.242153807512237923e+06
3.847695390781563048e-08 1.236399931627644226e+06
3.871743486973947982e-08 1.230782774996137945e+06
3.895791583166332917e-08 1.225299088998085819e+06
3.919839679358717189e-08 1.219945702205101028e+06
3.943887775551102124e-08 1.214719518545882776e+06
3.967935871743487058e-08 1.209617515515638283e+06
3.991983967935871331e-08 1.204636742428050609e+06
4.016032064128256266e-08 1.199774318708782550e+06
4.040080160320641200e-08 1.195027432229529135e+06
4.064128256513026134e-08 1.190393337681653909e+06
4.088176352705411069e-08 1.185869354988470674e+06
4.112224448897795342e-08 1.181452867755251937e+06
4.136272545090180276e-08 1.177141321756064892e+06
4.160320641282565211e-08 1.172932223456564825e+06
4.184368737474949483e-08 1.168823138571886346e+06
4.208416833667334418e-08 1.164811690658802865e+06
4.232464929859719352e-08 1.160895559741336852e+06
4.256513026052104287e-08 1.157072480969027616e+06
4.280561122244489221e-08 1.153340243307080818e+06
4.304609218436873494e-08 1.149696688257640926e+06
4.328657314629258429e-08 1.146139708611448063e+06
4.352705410821643363e-08 1.142667247229157016e+06
4.376753507014027636e-08 1.139277295851615025e+06
4.400801603206412570e-08 1.135967893938405206e+06
4.424849699398797505e-08 1.132737127533992520e+06
4.448897795591182439e-08 1.129583128160807071e+06
4.472945891783567374e-08 1.126504071738632163e+06
4.496993987975951646e-08 1.123498177529667271e+06
4.521042084168336581e-08 1.120563707108658971e+06
4.545090180360721515e-08 1.117698963357501198e+06
4.569138276553105788e-08 1.114902289483727189e+06
4.593186372745490723e-08 1.112172068062321050e+06
4.617234468937875657e-08 1.109506720100298291e+06
4.641282565130260592e-08 1.106904704123513773e+06
4.665330661322645526e-08 1.104364515285166446e+06
4.689378757515029799e-08 1.101884684495488415e+06
4.713426853707414733e-08 1.099463777572113322e+06
4.737474949899799668e-08 1.097100394410633016e+06
4.761523046092183941e-08 1.094793168174862862e+06
4.785571142284568875e-08 1.092540764506347245e+06
4.809619238476953810e-08 1.090341880752648693e+06
4.833667334669338744e-08 1.088195245213972637e+06
4.857715430861723678e-08 1.086099616407694761e+06
4.881763527054107951e-08 1.084053782350363443e+06
4.905811623246492886e-08 1.082056559856762178e+06
4.929859719438877820e-08 1.080106793855627999e+06
4.953907815631262093e-08 1.078203356721629156e+06
4.977955911823647027e-08 1.076345147623215104e+06
5.002004008016031962e-08 1.074531091885963222e+06
5.026052104208416896e-08 1.072760140371053014e+06
5.050100200400801831e-08 1.071031268868508050e+06
5.074148296593186104e-08 1.069343477504856186e+06
5.098196392785571038e-08 1.067695790164862992e+06
5.122244488977955973e-08 1.066087253927007550e+06
5.146292585170340245e-08 1.064516938512370223e+06
5.170340681362725180e-08 1.062983935746615985e+06
5.194388777555110114e-08 1.061487359034763416e+06
5.218436873747495049e-08 1.060026342848430853e+06
5.242484969939879983e-08 1.058600042225267971e+06
5.266533066132264256e-08 1.057207632280282676e+06
5.290581162324649190e-08 1.055848307728775777e+06
5.314629258517034125e-08 1.054521282420616131e+06
5.338677354709418398e-08 1.053225788885577582e+06
5.362725450901803332e-08 1.051961077889481792e+06
5.386773547094188267e-08 1.050726418000887381e+06
5.410821643286573201e-08 1.049521095168074127e+06
5.434869739478958136e-08 1.048344412306080223e+06
5.458917835671342408e-08 1.047195688893549377e+06
5.482965931863727343e-08 1.046074260579160182e+06
5.507014028056112277e-08 1.044979478797405609e+06
5.531062124248496550e-08 1.043910710393502144e+06
5.555110220440881485e-08 1.042867337257212494e+06
5.579158316633266419e-08 1.041848755965367425e+06
5.603206412825651354e-08 1.040854377432883601e+06
5.627254509018036288e-08 1.039883626572072622e+06
5.651302605210420561e-08 1.038935941960045369e+06
5.675350701402805495e-08 1.038010775514018955e+06
5.699398797595190430e-08 1.037107592174340272e+06
5.723446893787574702e-08 1.036225869595039170e+06
5.747494989979959637e-08 1.035365097841736162e+06
5.771543086172344571e-08 1.034524779096727027e+06
5.795591182364729506e-08 1.033704427371076192e+06
5.819639278557114440e-08 1.032903568223549984e+06
5.843687374749498713e-08 1.032121738486229093e+06
5.867735470941883648e-08 1.031358485996640171e+06
5.891783567134268582e-08 1.030613369336253498e+06
5.915831663326652855e-08 1.029885957575192908e+06
5.939879759519037789e-08 1.029175830023012240e+06
5.963927855711422724e-08 1.028482575985394302e+06
5.987975951903807658e-08 1.027805794526629965e+06
6.012024048096192593e-08 1.027145094237741665e+06
6.036072144288577527e-08 1.026500093010116252e+06
6.060120240480961138e-08 1.025870417814516928e+06
6.084168336673346073e-08 1.025255704485345748e+06
6.108216432865731007e-08 1.024655597510032938e+06
6.132264529058115942e-08 1.024069749823429622e+06
6.156312625250500876e-08 1.023497822607087088e+06
6.180360721442885811e-08 1.022939485093304422e+06
6.204408817635270745e-08 1.022394414373833337e+06
6.228456913827655680e-08 1.021862295213127276e+06
6.252505010020040614e-08 1.021342819866028614e+06
6.276553106212424225e-08 1.020835687899787910e+06
6.300601202404809160e-08 1.020340606020311592e+06
6.324649298597194094e-08 1.019857287902538897e+06
6.348697394789579029e-08 1.019385454024849110e+06
6.372745490981963963e-08 1.018924831507402938e+06
6.396793587174348898e-08 1.018475153954325593e+06
6.420841683366733832e-08 1.018036161299640313e+06
6.444889779559117443e-08 1.017607599656861275e+06
6.468937875751502378e-08 1.017189221172161750e+06
6.492985971943887312e-08 1.016780783881030395e+06
6.517034068136272246e-08 1.016382051568333874e+06
6.541082164328657181e-08 1.015992793631704291e+06
6.565130260521042115e-08 1.015612784948173212e+06
6.589178356713427050e-08 1.015241805743974284e+06
6.613226452905811984e-08 1.014879641467439127e+06
6.637274549098196919e-08 1.014526082664914080e+06
6.661322645290580530e-08 1.014180924859625287e+06
6.685370741482965464e-08 1.013843968433421222e+06
6.709418837675350399e-08 1.013515018511326285e+06
6.733466933867735333e-08 1.013193884848836926e+06
6.757515030060120268e-08 1.012880381721895537e+06
6.781563126252505202e-08 1.012574327819479746e+06
6.805611222444890137e-08 1.012275546138742240e+06
6.829659318637273748e-08 1.011983863882644102e+06
6.853707414829658682e-08 1.011699112360019004e+06
6.877755511022043617e-08 1.011421126888012397e+06
6.901803607214428551e-08 1.011149746696839924e+06
6.925851703406813486e-08 1.010884814836806967e+06
6.949899799599198420e-08 1.010626178087539272e+06
6.973947895791583355e-08 1.010373686869369238e+06
6.997995991983968289e-08 1.010127195156828267e+06
7.022044088176353224e-08 1.009886560394195025e+06
7.046092184368736835e-08 1.009651643413049285e+06
7.070140280561121769e-08 1.009422308351785643e+06
7.094188376753506704e-08 1.009198422577039688e+06
7.118236472945891638e-08 1.008979856606981019e+06
7.142284569138276573e-08 1.008766484036428272e+06
7.166332665330661507e-08 1.008558181463744841e+06
7.190380761523046442e-08 1.008354828419470578e+06
7.214428857715430053e-08 1.008156307296649553e+06
7.238476953907814987e-08 1.007962503282813705e+06
7.262525050100199922e-08 1.007773304293581750e+06
7.286573146292584856e-08 1.007588600907837157e+06
7.310621242484969790e-08 1.007408286304445239e+06
7.334669338677354725e-08 1.007232256200474454e+06
7.358717434869739659e-08 1.007060408790885354e+06
7.382765531062124594e-08 1.006892644689653069e+06
7.406813627254509528e-08 1.006728866872288636e+06
7.430861723446893139e-08 1.006568980619725189e+06
7.454909819639278074e-08 1.006412893463539076e+06
7.478957915831663008e-08 1.006260515132471803e+06
7.503006012024047943e-08 1.006111757500221720e+06
7.527054108216432877e-08 1.005966534534478211e+06
7.551102204408817812e-08 1.005824762247165316e+06
7.575150300601202746e-08 1.005686358645868371e+06
7.599198396793586357e-08 1.005551243686414557e+06
7.623246492985971292e-08 1.005419339226580109e+06
7.647294589178356226e-08 1.005290568980897777e+06
7.671342685370741161e-08 1.005164858476538095e+06
7.695390781563126095e-08 1.005042135010238737e+06
7.719438877755511030e-08 1.004922327606257284e+06
7.743486973947895964e-08 1.004805366975323181e+06
7.767535070140280899e-08 1.004691185474565485e+06
7.791583166332665833e-08 1.004579717068391968e+06
7.815631262525049444e-08 1.004470897290298017e+06
7.839679358717434379e-08 1.004364663205583696e+06
7.863727454909819313e-08 1.004260953374955920e+06
7.887775551102204248e-08 1.004159707818995346e+06
7.911823647294589182e-08 1.004060867983468692e+06
7.935871743486974117e-08 1.003964376705463743e+06
7.959919839679359051e-08 1.003870178180330666e+06
7.983967935871742662e-08 1.003778217929407256e+06
8.008016032064127597e-08 1.003688442768512294e+06
8.032064128256512531e-08 1.003600800777186640e+06
8.056112224448897466e-08 1.003515241268666345e+06
8.080160320641282400e-08 1.003431714760567644e+06
8.104208416833667334e-08 1.003350172946269973e+06
8.128256513026052269e-08 1.003270568666978157e+06
8.152304609218437203e-08 1.003192855884448974e+06
8.176352705410822138e-08 1.003116989654364646e+06
8.200400801603205749e-08 1.003042926100340788e+06
8.224448897795590683e-08 1.002970622388550197e+06
8.248496993987975618e-08 1.002900036702950951e+06
8.272545090180360552e-08 1.002831128221102292e+06
8.296593186372745487e-08 1.002763857090555364e+06
8.320641282565130421e-08 1.002698184405805194e+06
8.344689378757515356e-08 1.002634072185789933e+06
8.368737474949898967e-08 1.002571483351925155e+06
8.392785571142283901e-08 1.002510381706659799e+06
8.416833667334668836e-08 1.002450731912541436e+06
8.440881763527053770e-08 1.002392499471779796e+06
8.464929859719438705e-08 1.002335650706294691e+06
8.488977955911823639e-08 1.002280152738239383e+06
8.513026052104208574e-08 1.002225973470985540e+06
8.537074148296593508e-08 1.002173081570560695e+06
8.561122244488978443e-08 1.002121446447526454e+06
8.585170340681362054e-08 1.002071038239287678e+06
8.609218436873746988e-08 1.002021827792821685e+06
8.633266533066131923e-08 1.001973786647817935e+06
8.657314629258516857e-08 1.001926887020218070e+06
8.681362725450901792e-08 1.001881101786147687e+06
8.705410821643286726e-08 1.001836404466229607e+06
8.729458917835671661e-08 1.001792769210269093e+06
8.753507014028055272e-08 1.001750170782304718e+06
8.777555110220440206e-08 1.001708584546012687e+06
8.801603206412825141e-08 1.001667986450458877e+06
8.825651302605210075e-08 1.001628353016189532e+06
8.849699398797595010e-08 1.001589661321651540e+06
8.873747494989979944e-08 1.001551888989936910e+06
8.897795591182364878e-08 1.001515014175840421e+06
8.921843687374749813e-08 1.001479015553226345e+06
8.945891783567134747e-08 1.001443872302694479e+06
8.969939879759518358e-08 1.001409564099539421e+06
8.993987975951903293e-08 1.001376071101996000e+06
9.018036072144288227e-08 1.001343373939764337e+06
9.042084168336673162e-08 1.001311453702806612e+06
9.066132264529058096e-08 1.001280291930411360e+06
9.090180360721443031e-08 1.001249870600516442e+06
9.114228456913827965e-08 1.001220172119286493e+06
9.138276553106211576e-08 1.001191179310937296e+06
9.162324649298596511e-08 1.001162875407802989e+06
9.186372745490981445e-08 1.001135244040638092e+06
9.210420841683366380e-08 1.001108269229150959e+06
9.234468937875751314e-08 1.001081935372761218e+06
9.258517034068136249e-08 1.001056227241578046e+06
9.282565130260521183e-08 1.001031129967591725e+06
9.306613226452906118e-08 1.001006629036074854e+06
9.330661322645291052e-08 1.000982710277188104e+06
9.354709418837674663e-08 1.000959359857785050e+06
9.378757515030059598e-08 1.000936564273412223e+06
9.402805611222444532e-08 1.000914310340498574e+06
9.426853707414829467e-08 1.000892585188731318e+06
9.450901803607214401e-08 1.000871376253612107e+06
9.474949899799599336e-08 1.000850671269190963e+06
9.498997995991984270e-08 1.000830458260971936e+06
9.523046092184367881e-08 1.000810725538988016e+06
9.547094188376752816e-08 1.000791461691040662e+06
9.571142284569137750e-08 1.000772655576098827e+06
9.595190380761522685e-08 1.000754296317856875e+06
9.619238476953907619e-08 1.000736373298443039e+06
9.643286573146292554e-08 1.000718876152280020e+06
9.667334669338677488e-08 1.000701794760089251e+06
9.691382765531062422e-08 1.000685119243038818e+06
9.715430861723447357e-08 1.000668839957030024e+06
9.739478957915830968e-08 1.000652947487120400e+06
9.763527054108215902e-08 1.000637432642077678e+06
9.787575150300600837e-08 1.000622286449065083e+06
9.811623246492985771e-08 1.000607500148451654e+06
9.835671342685370706e-08 1.000593065188745735e+06
9.859719438877755640e-08 1.000578973221650231e+06
9.883767535070140575e-08 1.000565216097233701e+06
9.907815631262524186e-08 1.000551785859217285e+06
9.931863727454909120e-08 1.000538674740373390e+06
9.955911823647294055e-08 1.000525875158033101e+06
9.979959919839678989e-08 1.000513379709701287e+06
1.000400801603206392e-07 1.000501181168775423e+06
1.002805611222444886e-07 1.000489272480365937e+06
1.005210420841683379e-07 1.000477646757216309e+06
1.007615230460921873e-07 1.000466297275719699e+06
1.010020040080160366e-07 1.000455217472030548e+06
1.012424849699398727e-07 1.000444400938268518e+06
1.014829659318637221e-07 1.000433841418812401e+06
1.017234468937875714e-07 1.000423532806682400e+06
1.019639278557114208e-07 1.000413469140008092e+06
1.022044088176352701e-07 1.000403644598580664e+06
1.024448897795591195e-07 1.000394053500486538e+06
1.026853707414829688e-07 1.000384690298821544e+06
1.029258517034068049e-07 1.000375549578482867e+06
1.031663326653306543e-07 1.000366626053037122e+06
1.034068136272545036e-07 1.000357914561663521e+06
1.036472945891783529e-07 1.000349410066168406e+06
1.038877755511022023e-07 1.000341107648072182e+06
1.041282565130260516e-07 1.000333002505764249e+06
1.043687374749499010e-07 1.000325089951726375e+06
1.046092184368737503e-07 1.000317365409821505e+06
1.048496993987975997e-07 1.000309824412647285e+06
1.050901803607214358e-07 1.000302462598952465e+06
1.053306613226452851e-07 1.000295275711114635e+06
1.055711422845691345e-07 1.000288259592677583e+06
1.058116232464929838e-07 1.000281410185947781e+06
1.060521042084168332e-07 1.000274723529647687e+06
1.062925851703406825e-07 1.000268195756624336e+06
1.065330661322645318e-07 1.000261823091613478e+06
1.067735470941883680e-07 1.000255601849055500e+06
1.070140280561122173e-07 1.000249528430964565e+06
1.072545090180360666e-07 1.000243599324847222e+06
1.074949899799599160e-07 1.000237811101671425e+06
1.077354709418837653e-07 1.000232160413883161e+06
1.079759519038076147e-07 1.000226643993470352e+06
1.082164328657314640e-07 1.000221258650073083e+06
1.084569138276553134e-07 1.000216001269138185e+06
1.086973947895791627e-07 1.000210868810118525e+06
1.089378757515029988e-07 1.000205858304713620e+06
1.091783567134268482e-07 1.000200966855153907e+06
1.094188376753506975e-07 1.000196191632524366e+06
1.096593186372745469e-07 1.000191529875128297e+06
1.098997995991983962e-07 1.000186978886890691e+06
1.101402805611222455e-07 1.000182536035798374e+06
1.103807615230460949e-07 1.000178198752378230e+06
1.106212424849699310e-07 1.000173964528210927e+06
1.108617234468937803e-07 1.000169830914480379e+06
1.111022044088176297e-07 1.000165795520557323e+06
1.113426853707414790e-07 1.000161856012616772e+06
1.115831663326653284e-07 1.000158010112288641e+06
1.118236472945891777e-07 1.000154255595339462e+06
1.120641282565130271e-07 1.000150590290386346e+06
1.123046092184368764e-07 1.000147012077641324e+06
1.125450901803607258e-07 1.000143518887684913e+06
1.127855711422845619e-07 1.000140108700270182e+06
1.130260521042084112e-07 1.000136779543153010e+06
1.132665330661322606e-07 1.000133529490952962e+06
1.135070140280561099e-07 1.000130356664038729e+06
1.137474949899799592e-07 1.000127259227441275e+06
1.139879759519038086e-07 1.000124235389792826e+06
1.142284569138276579e-07 1.000121283402290777e+06
1.144689378757514940e-07 1.000118401557686273e+06
1.147094188376753434e-07 1.000115588189296657e+06
1.149498997995991927e-07 1.000112841670041904e+06
1.151903807615230421e-07 1.000110160411503399e+06
1.154308617234468914e-07 1.000107542863005190e+06
1.156713426853707408e-07 1.000104987510717474e+06
1.159118236472945901e-07 1.000102492876780918e+06
1.161523046092184395e-07 1.000100057518451824e+06
1.163927855711422888e-07 1.000097680027267896e+06
1.166332665330661249e-07 1.000095359028234030e+06
1.168737474949899743e-07 1.000093093179026153e+06
1.171142284569138236e-07 1.000090881169215776e+06
1.173547094188376730e-07 1.000088721719512017e+06
1.175951903807615223e-07 1.000086613581021084e+06
1.178356713426853716e-07 1.000084555534524727e+06
1.180761523046092210e-07 1.000082546389775001e+06
1.183166332665330571e-07 1.000080584984805202e+06
1.185571142284569064e-07 1.000078670185259078e+06
1.187975951903807558e-07 1.000076800883733551e+06
1.190380761523046051e-07 1.000074975999139016e+06
1.192785571142284545e-07 1.000073194476073957e+06
1.195190380761522906e-07 1.000071455284214462e+06
1.197595190380761532e-07 1.000069757417718414e+06
1.199999999999999893e-07 1.000068099894643761e+06
---------------
