field_vs_time
---------------
0.000000000000000000e+00 2.500000000000000000e+06
2.404809619238476905e-10 2.500000000000000000e+06
4.809619238476953810e-10 2.500000000000000000e+06
7.214428857715430714e-10 2.500000000000000000e+06
9.619238476953907619e-10 2.500000000000000000e+06
1.202404809619238452e-09 2.500000000000000000e+06
1.442885771543086143e-09 2.500000000000000000e+06
1.683366733466933833e-09 2.500000000000000000e+06
1.923847695390781524e-09 2.500000000000000000e+06
2.164328657314629214e-09 2.500000000000000000e+06
2.404809619238476905e-09 2.500000000000000000e+06
2.645290581162324595e-09 2.500000000000000000e+06
2.885771543086172286e-09 2.500000000000000000e+06
3.126252505010019976e-09 2.500000000000000000e+06
3.366733466933867667e-09 2.500000000000000000e+06
3.607214428857715357e-09 2.500000000000000000e+06
3.847695390781563048e-09 2.500000000000000000e+06
4.088176352705410738e-09 2.500000000000000000e+06
4.328657314629258429e-09 2.500000000000000000e+06
4.569138276553106119e-09 2.500000000000000000e+06
4.809619238476953810e-09 2.500000000000000000e+06
5.050100200400801500e-09 2.500000000000000000e+06
5.290581162324649190e-09 2.500000000000000000e+06
5.531062124248496881e-09 2.500000000000000000e+06
5.771543086172344571e-09 2.500000000000000000e+06
6.012024048096192262e-09 2.500000000000000000e+06
6.252505010020039952e-09 2.500000000000000000e+06
6.492985971943887643e-09 2.500000000000000000e+06
6.733466933867735333e-09 2.500000000000000000e+06
6.973947895791583024e-09 2.500000000000000000e+06
7.214428857715430714e-09 2.500000000000000000e+06
7.454909819639278405e-09 2.500000000000000000e+06
7.695390781563126095e-09 2.500000000000000000e+06
7.935871743486973786e-09 2.500000000000000000e+06
8.176352705410821476e-09 2.500000000000000000e+06
8.416833667334669167e-09 2.500000000000000000e+06
8.657314629258516857e-09 2.500000000000000000e+06
8.897795591182364548e-09 2.500000000000000000e+06
9.138276553106212238e-09 2.500000000000000000e+06
9.378757515030059929e-09 2.500000000000000000e+06
9.619238476953907619e-09 2.500000000000000000e+06
9.859719438877755310e-09 2.500000000000000000e+06
1.010020040080160300e-08 2.500000000000000000e+06
1.034068136272545069e-08 2.500000000000000000e+06
1.058116232464929838e-08 2.500000000000000000e+06
1.082164328657314607e-08 2.500000000000000000e+06
1.106212424849699376e-08 2.500000000000000000e+06
1.130260521042084145e-08 2.500000000000000000e+06
1.154308617234468914e-08 2.500000000000000000e+06
1.178356713426853683e-08 2.500000000000000000e+06
1.202404809619238452e-08 2.500000000000000000e+06
1.226452905811623221e-08 2.500000000000000000e+06
1.250501002004007990e-08 2.500000000000000000e+06
1.274549098196392760e-08 2.500000000000000000e+06
1.298597194388777529e-08 2.500000000000000000e+06
1.322645290581162298e-08 2.500000000000000000e+06
1.346693386773547067e-08 2.500000000000000000e+06
1.370741482965931836e-08 2.500000000000000000e+06
1.394789579158316605e-08 2.500000000000000000e+06
1.418837675350701374e-08 2.500000000000000000e+06
1.442885771543086143e-08 2.500000000000000000e+06
1.466933867735470912e-08 2.500000000000000000e+06
1.490981963927855681e-08 2.500000000000000000e+06
1.515030060120240285e-08 2.500000000000000000e+06
1.539078156312625219e-08 2.500000000000000000e+06
1.563126252505010154e-08 2.500000000000000000e+06
1.587174348697394757e-08 2.500000000000000000e+06
1.611222444889779361e-08 2.500000000000000000e+06
1.635270541082164295e-08 2.500000000000000000e+06
1.659318637274549230e-08 2.500000000000000000e+06
1.683366733466933833e-08 2.500000000000000000e+06
1.707414829659318437e-08 2.500000000000000000e+06
1.731462925851703371e-08 2.500000000000000000e+06
1.755511022044088306e-08 2.500000000000000000e+06
1.779559118236472910e-08 2.500000000000000000e+06
1.803607214428857513e-08 2.500000000000000000e+06
1.827655310621242448e-08 2.500000000000000000e+06
1.851703406813627382e-08 2.500000000000000000e+06
1.875751503006011986e-08 2.500000000000000000e+06
1.899799599198396589e-08 2.500000000000000000e+06
1.923847695390781524e-08 2.500000000000000000e+06
1.947895791583166458e-08 2.500000000000000000e+06
1.971943887775551062e-08 2.500000000000000000e+06
1.995991983967935666e-08 2.500000000000000000e+06
2.020040080160320600e-08 2.458334713905562647e+06
2.044088176352705534e-08 2.409426119015249424e+06
2.068136272545090138e-08 2.361679653217927553e+06
2.092184368737474742e-08 2.315067702879801393e+06
2.116232464929859676e-08 2.269563310501386411e+06
2.140280561122244611e-08 2.225140159126938321e+06
2.164328657314629214e-08 2.181772557124343701e+06
2.188376753507013818e-08 2.139435423326642253e+06
2.212424849699398752e-08 2.098104272526623681e+06
2.236472945891783687e-08 2.057755201316076797e+06
2.260521042084168290e-08 2.018364874261524528e+06
2.284569138276552894e-08 1.979910510408434784e+06
2.308617234468937829e-08 1.942369870106111048e+06
2.332665330661322763e-08 1.905721242145640543e+06
2.356713426853707367e-08 1.869943431203459855e+06
2.380761523046091970e-08 1.835015745583274635e+06
2.404809619238476905e-08 1.800917985249250429e+06
2.428857715430861839e-08 1.767630430143548409e+06
2.452905811623246443e-08 1.735133828781450866e+06
2.476953907815631046e-08 1.703409387117478997e+06
2.501002004008015981e-08 1.672438757676068228e+06
2.525050100200400915e-08 1.642204028940512333e+06
2.549098196392785519e-08 1.612687714994036127e+06
2.573146292585170123e-08 1.583872745407012757e+06
2.597194388777555057e-08 1.555742455364470836e+06
2.621242484969939992e-08 1.528280576028187526e+06
2.645290581162324595e-08 1.501471225127785932e+06
2.669338677354709199e-08 1.475298897775401827e+06
2.693386773547094133e-08 1.449748457498606760e+06
2.717434869739479068e-08 1.424805127486397978e+06
2.741482965931863671e-08 1.400454482043196447e+06
2.765531062124248275e-08 1.376682438245904632e+06
2.789579158316633210e-08 1.353475247799207922e+06
2.813627254509018144e-08 1.330819489084402099e+06
2.837675350701402748e-08 1.308702059397149598e+06
2.861723446893787351e-08 1.287110167369676521e+06
2.885771543086172286e-08 1.266031325573029462e+06
2.909819639278557220e-08 1.245453343295110855e+06
2.933867735470941824e-08 1.225364319490317255e+06
2.957915831663326427e-08 1.205752635896701831e+06
2.981963927855711362e-08 1.186606950316682691e+06
3.006012024048096296e-08 1.167916190057411557e+06
3.030060120240480569e-08 1.149669545527005335e+06
3.054108216432865504e-08 1.131856463982936926e+06
3.078156312625250438e-08 1.114466643428979442e+06
3.102204408817635373e-08 1.097490026657158509e+06
3.126252505010020307e-08 1.080916795431280043e+06
3.150300601202404580e-08 1.064737364808663726e+06
3.174348697394789514e-08 1.048942377596795559e+06
3.198396793587174449e-08 1.033522698941706331e+06
3.222444889779558722e-08 1.018469411044926033e+06
3.246492985971943656e-08 1.003773808005975676e+06
3.270541082164328590e-08 9.894273907874097349e+05
3.294589178356713525e-08 9.754218622994913021e+05
3.318637274549098459e-08 9.617491226016622968e+05
3.342685370741482732e-08 9.484012642180359690e+05
3.366733466933867667e-08 9.353705675641940907e+05
3.390781563126252601e-08 9.226494964826536598e+05
3.414829659318636874e-08 9.102306938844145043e+05
3.438877755511021808e-08 8.981069774940677453e+05
3.462925851703406743e-08 8.862713356960088713e+05
3.486973947895791677e-08 8.747169234793479554e+05
3.511022044088176612e-08 8.634370584791733418e+05
3.535070140280560885e-08 8.524252171118822880e+05
3.559118236472945819e-08 8.416750308023381513e+05
3.583166332665330754e-08 8.311802823006764520e+05
3.607214428857715026e-08 8.209349020866291830e+05
3.631262525050099961e-08 8.109329648592839949e+05
3.655310621242484895e-08 8.011686861102541443e+05
3.679358717434869830e-08 7.916364187782724621e+05
3.703406813627254764e-08 7.823306499832762638e+05
3.727454909819639037e-08 7.732459978380955290e+05
3.751503006012023971e-08 7.643772083358980017e+05
3.775551102204408906e-08 7.557191523115939926e+05
3.799599198396793179e-08 7.472668224754410330e+05
3.823647294589178113e-08 7.390153305171332322e+05
3.847695390781563048e-08 7.309599042787019862e+05
3.871743486973947982e-08 7.230958849945929833e+05
3.895791583166332917e-08 7.154187245973201934e+05
3.919839679358717189e-08 7.079239830871415325e+05
3.943887775551102124e-08 7.006073259642359335e+05
3.967935871743487058e-08 6.934645217218934558e+05
3.991983967935871331e-08 6.864914393992708065e+05
4.016032064128256266e-08 6.796840461922956165e+05
4.040080160320641200e-08 6.730384051213407656e+05
4.064128256513026134e-08 6.665506727543154266e+05
4.088176352705411069e-08 6.602170969838590827e+05
4.112224448897795342e-08 6.540340148573528277e+05
4.136272545090180276e-08 6.479978504584910115e+05
4.160320641282565211e-08 6.421051128391906386e+05
4.184368737474949483e-08 6.363523940006409539e+05
4.208416833667334418e-08 6.307363669223239413e+05
4.232464929859719352e-08 6.252537836378716165e+05
4.256513026052104287e-08 6.199014733566388022e+05
4.280561122244489221e-08 6.146763406299132621e+05
4.304609218436873494e-08 6.095753635606974130e+05
4.328657314629258429e-08 6.045955920560272643e+05
4.352705410821643363e-08 5.997341461208199617e+05
4.376753507014027636e-08 5.949882141922609881e+05
4.400801603206412570e-08 5.903550515137674520e+05
4.424849699398797505e-08 5.858319785475895042e+05
4.448897795591182439e-08 5.814163794251298532e+05
4.472945891783567374e-08 5.771057004340849817e+05
4.496993987975951646e-08 5.728974485415343661e+05
4.521042084168336581e-08 5.687891899521226296e+05
4.545090180360721515e-08 5.647785487005017931e+05
4.569138276553105788e-08 5.608632052772182506e+05
4.593186372745490723e-08 5.570408952872493537e+05
4.617234468937875657e-08 5.533094081404175377e+05
4.641282565130260592e-08 5.496665857729192358e+05
4.665330661322645526e-08 5.461103213992328383e+05
4.689378757515029799e-08 5.426385582936836872e+05
4.713426853707414733e-08 5.392492886009585345e+05
4.737474949899799668e-08 5.359405521748861065e+05
4.761523046092183941e-08 5.327104354448079830e+05
4.785571142284568875e-08 5.295570703088862356e+05
4.809619238476953810e-08 5.264786330537081230e+05
4.833667334669338744e-08 5.234733432995615876e+05
4.857715430861723678e-08 5.205394629707726417e+05
4.881763527054107951e-08 5.176752952905088896e+05
4.905811623246492886e-08 5.148791837994669913e+05
4.929859719438877820e-08 5.121495113978792797e+05
4.953907815631262093e-08 5.094846994102809113e+05
4.977955911823647027e-08 5.068832066725011682e+05
5.002004008016031962e-08 5.043435286403485807e+05
5.026052104208416896e-08 5.018641965194742661e+05
5.050100200400801831e-08 4.994437764159113867e+05
5.074148296593186104e-08 4.970808685067986953e+05
5.098196392785571038e-08 4.947741062308083056e+05
5.122244488977955973e-08 4.925221554978106869e+05
5.146292585170340245e-08 4.903237139173182077e+05
5.170340681362725180e-08 4.881775100452625193e+05
5.194388777555110114e-08 4.860823026486689341e+05
5.218436873747495049e-08 4.840368799878031132e+05
5.242484969939879983e-08 4.820400591153752757e+05
5.266533066132264256e-08 4.800906851923957001e+05
5.290581162324649190e-08 4.781876308202862274e+05
5.314629258517034125e-08 4.763297953888627235e+05
5.338677354709418398e-08 4.745161044398085796e+05
5.362725450901803332e-08 4.727455090452744626e+05
5.386773547094188267e-08 4.710169852012422634e+05
5.410821643286573201e-08 4.693295332353039412e+05
5.434869739478958136e-08 4.676821772285123589e+05
5.458917835671342408e-08 4.660739644509691279e+05
5.482965931863727343e-08 4.645039648108242545e+05
5.507014028056112277e-08 4.629712703163677943e+05
5.531062124248496550e-08 4.614749945509030949e+05
5.555110220440881485e-08 4.600142721600974328e+05
5.579158316633266419e-08 4.585882583515143488e+05
5.603206412825651354e-08 4.571961284060371108e+05
5.627254509018036288e-08 4.558370772009017528e+05
5.651302605210420561e-08 4.545103187440634938e+05
5.675350701402805495e-08 4.532150857196265715e+05
5.699398797595190430e-08 4.519506290440764278e+05
5.723446893787574702e-08 4.507162174330548733e+05
5.747494989979959637e-08 4.495111369784305571e+05
5.771543086172344571e-08 4.483346907354178256e+05
5.795591182364729506e-08 4.471861983195066568e+05
5.819639278557114440e-08 4.460649955129700247e+05
5.843687374749498713e-08 4.449704338807206950e+05
5.867735470941883648e-08 4.439018803952962626e+05
5.891783567134268582e-08 4.428587170707549667e+05
5.915831663326652855e-08 4.418403406052700011e+05
5.939879759519037789e-08 4.408461620322170784e+05
5.963927855711422724e-08 4.398756063795519876e+05
5.987975951903807658e-08 4.389281123372819857e+05
6.012024048096192593e-08 4.380031319328383543e+05
6.036072144288577527e-08 4.371001302141627530e+05
6.060120240480961138e-08 4.362185849403236643e+05
6.084168336673346073e-08 4.353579862794841174e+05
6.108216432865731007e-08 4.345178365140461829e+05
6.132264529058115942e-08 4.336976497528015170e+05
6.156312625250500876e-08 4.328969516499218880e+05
6.180360721442885811e-08 4.321152791306262370e+05
6.204408817635270745e-08 4.313521801233667065e+05
6.228456913827655680e-08 4.306072132983781630e+05
6.252505010020040614e-08 4.298799478124401066e+05
6.276553106212424225e-08 4.291699630597030045e+05
6.300601202404809160e-08 4.284768484284362057e+05
6.324649298597194094e-08 4.278002030635544797e+05
6.348697394789579029e-08 4.271396356347887777e+05
6.372745490981963963e-08 4.264947641103640199e+05
6.396793587174348898e-08 4.258652155360558536e+05
6.420841683366733832e-08 4.252506258194964612e+05
6.444889779559117443e-08 4.246506395196058438e+05
6.468937875751502378e-08 4.240649096410265192e+05
6.492985971943887312e-08 4.234930974334425991e+05
6.517034068136272246e-08 4.229348721956673544e+05
6.541082164328657181e-08 4.223899110843859962e+05
6.565130260521042115e-08 4.218578989274425549e+05
6.589178356713427050e-08 4.213385280415639863e+05
6.613226452905811984e-08 4.208314980544147547e+05
6.637274549098196919e-08 4.203365157308797352e+05
6.661322645290580530e-08 4.198532948034753790e+05
6.685370741482965464e-08 4.193815558067896636e+05
6.709418837675350399e-08 4.189210259158567642e+05
6.733466933867735333e-08 4.184714387883716263e+05
6.757515030060120268e-08 4.180325344106538105e+05
6.781563126252505202e-08 4.176040589472716092e+05
6.805611222444890137e-08 4.171857645942391828e+05
6.829659318637273748e-08 4.167774094357017893e+05
6.853707414829658682e-08 4.163787573040265124e+05
6.877755511022043617e-08 4.159895776432174025e+05
6.901803607214428551e-08 4.156096453755759285e+05
6.925851703406813486e-08 4.152387407715297886e+05
6.949899799599198420e-08 4.148766493225549930e+05
6.973947895791583355e-08 4.145231616171168862e+05
6.997995991983968289e-08 4.141780732195596211e+05
7.022044088176353224e-08 4.138411845518730115e+05
7.046092184368736835e-08 4.135123007782689529e+05
7.070140280561121769e-08 4.131912316924998304e+05
7.094188376753506704e-08 4.128777916078555863e+05
7.118236472945891638e-08 4.125717992497733794e+05
7.142284569138276573e-08 4.122730776509995339e+05
7.166332665330661507e-08 4.119814540492427768e+05
7.190380761523046442e-08 4.116967597872588085e+05
7.214428857715430053e-08 4.114188302153094555e+05
7.238476953907814987e-08 4.111475045959391282e+05
7.262525050100199922e-08 4.108826260110143921e+05
7.286573146292584856e-08 4.106240412709719967e+05
7.310621242484969790e-08 4.103716008262233809e+05
7.334669338677354725e-08 4.101251586806642008e+05
7.358717434869739659e-08 4.098845723072394612e+05
7.382765531062124594e-08 4.096497025655143661e+05
7.406813627254509528e-08 4.094204136212040321e+05
7.430861723446893139e-08 4.091965728676152066e+05
7.454909819639278074e-08 4.089780508489547647e+05
7.478957915831663008e-08 4.087647211854604539e+05
7.503006012024047943e-08 4.085564605003103497e+05
7.527054108216432877e-08 4.083531483482694020e+05
7.551102204408817812e-08 4.081546671460313955e+05
7.575150300601202746e-08 4.079609021042157547e+05
7.599198396793586357e-08 4.077717411609803676e+05
7.623246492985971292e-08 4.075870749172120704e+05
7.647294589178356226e-08 4.074067965732568991e+05
7.671342685370741161e-08 4.072308018671533791e+05
7.695390781563126095e-08 4.070589890143342782e+05
7.719438877755511030e-08 4.068912586487602093e+05
7.743486973947895964e-08 4.067275137654525461e+05
7.767535070140280899e-08 4.065676596643917728e+05
7.791583166332665833e-08 4.064116038957487326e+05
7.815631262525049444e-08 4.062592562064172234e+05
7.839679358717434379e-08 4.061105284878172097e+05
7.863727454909819313e-08 4.059653347249382641e+05
7.887775551102204248e-08 4.058235909465934965e+05
7.911823647294589182e-08 4.056852151768561453e+05
7.935871743486974117e-08 4.055501273876493215e+05
7.959919839679359051e-08 4.054182494524630019e+05
7.983967935871742662e-08 4.052895051011702162e+05
8.008016032064127597e-08 4.051638198759171646e+05
8.032064128256512531e-08 4.050411210880613653e+05
8.056112224448897466e-08 4.049213377761328593e+05
8.080160320641282400e-08 4.048044006647946662e+05
8.104208416833667334e-08 4.046902421247779275e+05
8.128256513026052269e-08 4.045787961337695015e+05
8.152304609218437203e-08 4.044699982382284943e+05
8.176352705410822138e-08 4.043637855161104817e+05
8.200400801603205749e-08 4.042600965404770104e+05
8.224448897795590683e-08 4.041588713439702406e+05
8.248496993987975618e-08 4.040600513841313659e+05
8.272545090180360552e-08 4.039635795095431968e+05
8.296593186372745487e-08 4.038693999267774634e+05
8.320641282565130421e-08 4.037774581681272248e+05
8.344689378757515356e-08 4.036877010601059301e+05
8.368737474949898967e-08 4.036000766926952638e+05
8.392785571142283901e-08 4.035145343893237296e+05
8.416833667334668836e-08 4.034310246775580454e+05
8.440881763527053770e-08 4.033494992604916915e+05
8.464929859719438705e-08 4.032699109888126259e+05
8.488977955911823639e-08 4.031922138335352065e+05
8.513026052104208574e-08 4.031163628593797912e+05
8.537074148296593508e-08 4.030423141987849376e+05
8.561122244488978443e-08 4.029700250265370123e+05
8.585170340681362054e-08 4.028994535350027727e+05
8.609218436873746988e-08 4.028305589099504286e+05
8.633266533066131923e-08 4.027633013069450972e+05
8.657314629258516857e-08 4.026976418283053208e+05
8.681362725450901792e-08 4.026335425006068544e+05
8.705410821643286726e-08 4.025709662527213804e+05
8.729458917835671661e-08 4.025098768943767063e+05
8.753507014028055272e-08 4.024502390952265705e+05
8.777555110220440206e-08 4.023920183644177159e+05
8.801603206412825141e-08 4.023351810306424741e+05
8.825651302605210075e-08 4.022796942226652754e+05
8.849699398797595010e-08 4.022255258503122022e+05
8.873747494989979944e-08 4.021726445859116502e+05
8.897795591182364878e-08 4.021210198461766122e+05
8.921843687374749813e-08 4.020706217745169415e+05
8.945891783567134747e-08 4.020214212237723405e+05
8.969939879759518358e-08 4.019733897393551888e+05
8.993987975951903293e-08 4.019264995427944814e+05
9.018036072144288227e-08 4.018807235156700481e+05
9.042084168336673162e-08 4.018360351839292562e+05
9.066132264529058096e-08 4.017924087025758927e+05
9.090180360721443031e-08 4.017498188407230773e+05
9.114228456913827965e-08 4.017082409670010675e+05
9.138276553106211576e-08 4.016676510353122721e+05
9.162324649298596511e-08 4.016280255709242192e+05
9.186372745490981445e-08 4.015893416568934335e+05
9.210420841683366380e-08 4.015515769208113197e+05
9.234468937875751314e-08 4.015147095218657050e+05
9.258517034068136249e-08 4.014787181382093113e+05
9.282565130260521183e-08 4.014435819546284620e+05
9.306613226452906118e-08 4.014092806505048065e+05
9.330661322645291052e-08 4.013757943880633102e+05
9.354709418837674663e-08 4.013431038008990581e+05
9.378757515030059598e-08 4.013111899827770540e+05
9.402805611222444532e-08 4.012800344766979688e+05
9.426853707414829467e-08 4.012496192642237875e+05
9.450901803607214401e-08 4.012199267550569493e+05
9.474949899799599336e-08 4.011909397768672789e+05
9.498997995991984270e-08 4.011626415653606527e+05
9.523046092184367881e-08 4.011350157545832917e+05
9.547094188376752816e-08 4.011080463674569037e+05
9.571142284569137750e-08 4.010817178065384505e+05
9.595190380761522685e-08 4.010560148449995322e+05
9.619238476953907619e-08 4.010309226178203244e+05
9.643286573146292554e-08 4.010064266131921322e+05
9.667334669338677488e-08 4.009825126641249517e+05
9.691382765531062422e-08 4.009591669402542757e+05
9.715430861723447357e-08 4.009363759398420807e+05
9.739478957915830968e-08 4.009141264819685020e+05
9.763527054108215902e-08 4.008924056989087258e+05
9.787575150300600837e-08 4.008712010286911973e+05
9.811623246492985771e-08 4.008505002078322577e+05
9.835671342685370706e-08 4.008302912642440060e+05
9.859719438877755640e-08 4.008105625103103230e+05
9.883767535070140575e-08 4.007913025361271575e+05
9.907815631262524186e-08 4.007725002029042807e+05
9.931863727454909120e-08 4.007541446365227457e+05
9.955911823647294055e-08 4.007362252212463063e+05
9.979959919839678989e-08 4.007187315935817896e+05
1.000400801603206392e-07 4.007016536362855695e+05
1.002805611222444886e-07 4.006849814725123579e+05
1.005210420841683379e-07 4.006687054601028212e+05
1.007615230460921873e-07 4.006528161860075197e+05
1.010020040080160366e-07 4.006373044608427444e+05
1.012424849699398727e-07 4.006221613135758671e+05
1.014829659318637221e-07 4.006073779863373493e+05
1.017234468937875714e-07 4.005929459293553373e+05
1.019639278557114208e-07 4.005788567960113869e+05
1.022044088176352701e-07 4.005651024380130111e+05
1.024448897795591195e-07 4.005516749006811879e+05
1.026853707414829688e-07 4.005385664183501503e+05
1.029258517034068049e-07 4.005257694098759675e+05
1.031663326653306543e-07 4.005132764742519939e+05
1.034068136272545036e-07 4.005010803863289184e+05
1.036472945891783529e-07 4.004891740926358616e+05
1.038877755511022023e-07 4.004775507073011249e+05
1.041282565130260516e-07 4.004662035080700298e+05
1.043687374749499010e-07 4.004551259324169368e+05
1.046092184368737503e-07 4.004443115737500484e+05
1.048496993987975997e-07 4.004337541777061415e+05
1.050901803607214358e-07 4.004234476385334274e+05
1.053306613226452851e-07 4.004133859955604421e+05
1.055711422845691345e-07 4.004035634297485813e+05
1.058116232464929838e-07 4.003939742603268824e+05
1.060521042084168332e-07 4.003846129415067262e+05
1.062925851703406825e-07 4.003754740592740709e+05
1.065330661322645318e-07 4.003665523282588110e+05
1.067735470941883680e-07 4.003578425886776531e+05
1.070140280561122173e-07 4.003493398033503327e+05
1.072545090180360666e-07 4.003410390547861462e+05
1.074949899799599160e-07 4.003329355423400411e+05
1.077354709418837653e-07 4.003250245794364600e+05
1.079759519038076147e-07 4.003173015908585512e+05
1.082164328657314640e-07 4.003097621101022814e+05
1.084569138276553134e-07 4.003024017767935293e+05
1.086973947895791627e-07 4.002952163341658888e+05
1.089378757515029988e-07 4.002882016265990096e+05
1.091783567134268482e-07 4.002813535972154350e+05
1.094188376753506975e-07 4.002746682855340187e+05
1.096593186372745469e-07 4.002681418251796276e+05
1.098997995991983962e-07 4.002617704416469787e+05
1.101402805611222455e-07 4.002555504501177929e+05
1.103807615230460949e-07 4.002494782533295802e+05
1.106212424849699310e-07 4.002435503394952975e+05
1.108617234468937803e-07 4.002377632802724838e+05
1.111022044088176297e-07 4.002321137287801830e+05
1.113426853707414790e-07 4.002265984176635393e+05
1.115831663326653284e-07 4.002212141572041437e+05
1.118236472945891777e-07 4.002159578334752587e+05
1.120641282565130271e-07 4.002108264065408730e+05
1.123046092184368764e-07 4.002058169086977723e+05
1.125450901803607258e-07 4.002009264427589369e+05
1.127855711422845619e-07 4.001961521803781507e+05
1.130260521042084112e-07 4.001914913604142494e+05
1.132665330661322606e-07 4.001869412873341935e+05
1.135070140280561099e-07 4.001824993296542089e+05
1.137474949899799592e-07 4.001781629184177145e+05
1.139879759519038086e-07 4.001739295457099215e+05
1.142284569138276579e-07 4.001697967632070649e+05
1.144689378757514940e-07 4.001657621807607356e+05
1.147094188376753434e-07 4.001618234650153317e+05
1.149498997995991927e-07 4.001579783380587469e+05
1.151903807615230421e-07 4.001542245761047816e+05
1.154308617234468914e-07 4.001505600082073361e+05
1.156713426853707408e-07 4.001469825150045217e+05
1.159118236472945901e-07 4.001434900274932152e+05
1.161523046092184395e-07 4.001400805258324835e+05
1.163927855711422888e-07 4.001367520381751237e+05
1.166332665330661249e-07 4.001335026395276072e+05
1.168737474949899743e-07 4.001303304506365675e+05
1.171142284569138236e-07 4.001272336369021214e+05
1.173547094188376730e-07 4.001242104073168011e+05
1.175951903807615223e-07 4.001212590134295169e+05
1.178356713426853716e-07 4.001183777483346639e+05
1.180761523046092210e-07 4.001155649456849205e+05
1.183166332665330571e-07 4.001128189787273295e+05
1.185571142284569064e-07 4.001101382593627204e+05
1.187975951903807558e-07 4.001075212372269598e+05
1.190380761523046051e-07 4.001049663987946115e+05
1.192785571142284545e-07 4.001024722665035515e+05
1.195190380761522906e-07 4.001000373979003052e+05
1.197595190380761532e-07 4.000976603848058148e+05
1.199999999999999893e-07 4.000953398525012308e+05
---------------
