field_vs_time
---------------
0.000000000000000000e+00 2.500000000000000000e+06
2.404809619238476905e-10 2.500000000000000000e+06
4.809619238476953810e-10 2.500000000000000000e+06
7.214428857715430714e-10 2.500000000000000000e+06
9.619238476953907619e-10 2.500000000000000000e+06
1.202404809619238452e-09 2.500000000000000000e+06
1.442885771543086143e-09 2.500000000000000000e+06
1.683366733466933833e-09 2.500000000000000000e+06
1.923847695390781524e-09 2.500000000000000000e+06
2.164328657314629214e-09 2.500000000000000000e+06
2.404809619238476905e-09 2.500000000000000000e+06
2.645290581162324595e-09 2.500000000000000000e+06
2.885771543086172286e-09 2.500000000000000000e+06
3.126252505010019976e-09 2.500000000000000000e+06
3.366733466933867667e-09 2.500000000000000000e+06
3.607214428857715357e-09 2.500000000000000000e+06
3.847695390781563048e-09 2.500000000000000000e+06
4.088176352705410738e-09 2.500000000000000000e+06
4.328657314629258429e-09 2.500000000000000000e+06
4.569138276553106119e-09 2.500000000000000000e+06
4.809619238476953810e-09 2.500000000000000000e+06
5.050100200400801500e-09 2.500000000000000000e+06
5.290581162324649190e-09 2.500000000000000000e+06
5.531062124248496881e-09 2.500000000000000000e+06
5.771543086172344571e-09 2.500000000000000000e+06
6.012024048096192262e-09 2.500000000000000000e+06
6.252505010020039952e-09 2.500000000000000000e+06
6.492985971943887643e-09 2.500000000000000000e+06
6.733466933867735333e-09 2.500000000000000000e+06
6.973947895791583024e-09 2.500000000000000000e+06
7.214428857715430714e-09 2.500000000000000000e+06
7.454909819639278405e-09 2.500000000000000000e+06
7.695390781563126095e-09 2.500000000000000000e+06
7.935871743486973786e-09 2.500000000000000000e+06
8.176352705410821476e-09 2.500000000000000000e+06
8.416833667334669167e-09 2.500000000000000000e+06
8.657314629258516857e-09 2.500000000000000000e+06
8.897795591182364548e-09 2.500000000000000000e+06
9.138276553106212238e-09 2.500000000000000000e+06
9.378757515030059929e-09 2.500000000000000000e+06
9.619238476953907619e-09 2.500000000000000000e+06
9.859719438877755310e-09 2.500000000000000000e+06
1.010020040080160300e-08 2.500000000000000000e+06
1.034068136272545069e-08 2.500000000000000000e+06
1.058116232464929838e-08 2.500000000000000000e+06
1.082164328657314607e-08 2.500000000000000000e+06
1.106212424849699376e-08 2.500000000000000000e+06
1.130260521042084145e-08 2.500000000000000000e+06
1.154308617234468914e-08 2.500000000000000000e+06
1.178356713426853683e-08 2.500000000000000000e+06
1.202404809619238452e-08 2.500000000000000000e+06
1.226452905811623221e-08 2.500000000000000000e+06
1.250501002004007990e-08 2.500000000000000000e+06
1.274549098196392760e-08 2.500000000000000000e+06
1.298597194388777529e-08 2.500000000000000000e+06
1.322645290581162298e-08 2.500000000000000000e+06
1.346693386773547067e-08 2.500000000000000000e+06
1.370741482965931836e-08 2.500000000000000000e+06
1.394789579158316605e-08 2.500000000000000000e+06
1.418837675350701374e-08 2.500000000000000000e+06
1.442885771543086143e-08 2.500000000000000000e+06
1.466933867735470912e-08 2.500000000000000000e+06
1.490981963927855681e-08 2.500000000000000000e+06
1.515030060120240285e-08 2.500000000000000000e+06
1.539078156312625219e-08 2.500000000000000000e+06
1.563126252505010154e-08 2.500000000000000000e+06
1.587174348697394757e-08 2.500000000000000000e+06
1.611222444889779361e-08 2.500000000000000000e+06
1.635270541082164295e-08 2.500000000000000000e+06
1.659318637274549230e-08 2.500000000000000000e+06
1.683366733466933833e-08 2.500000000000000000e+06
1.707414829659318437e-08 2.500000000000000000e+06
1.731462925851703371e-08 2.500000000000000000e+06
1.755511022044088306e-08 2.500000000000000000e+06
1.779559118236472910e-08 2.500000000000000000e+06
1.803607214428857513e-08 2.500000000000000000e+06
1.827655310621242448e-08 2.500000000000000000e+06
1.851703406813627382e-08 2.500000000000000000e+06
1.875751503006011986e-08 2.500000000000000000e+06
1.899799599198396589e-08 2.500000000000000000e+06
1.923847695390781524e-08 2.500000000000000000e+06
1.947895791583166458e-08 2.500000000000000000e+06
1.971943887775551062e-08 2.500000000000000000e+06
1.995991983967935666e-08 2.500000000000000000e+06
2.020040080160320600e-08 2.454366591420378536e+06
2.044088176352705534e-08 2.400800035111939535e+06
2.068136272545090138e-08 2.348506286857729778e+06
2.092184368737474742e-08 2.297455103154068347e+06
2.116232464929859676e-08 2.247616959120566025e+06
2.140280561122244611e-08 2.198963031424742192e+06
2.164328657314629214e-08 2.151465181612376124e+06
2.188376753507013818e-08 2.105095939833941869e+06
2.212424849699398752e-08 2.059828488957730588e+06
2.236472945891783687e-08 2.015636649060464930e+06
2.260521042084168290e-08 1.972494862286431482e+06
2.284569138276552894e-08 1.930378178066381020e+06
2.308617234468937829e-08 1.889262238687645411e+06
2.332665330661322763e-08 1.849123265207129996e+06
2.356713426853707367e-08 1.809938043699027505e+06
2.380761523046091970e-08 1.771683911829300690e+06
2.404809619238476905e-08 1.734338745749179041e+06
2.428857715430861839e-08 1.697880947300076950e+06
2.452905811623246443e-08 1.662289431522541447e+06
2.476953907815631046e-08 1.627543614462001016e+06
2.501002004008015981e-08 1.593623401264265412e+06
2.525050100200400915e-08 1.560509174553894438e+06
2.549098196392785519e-08 1.528181783088706201e+06
2.573146292585170123e-08 1.496622530683871126e+06
2.597194388777555057e-08 1.465813165399182355e+06
2.621242484969939992e-08 1.435735868983253138e+06
2.645290581162324595e-08 1.406373246568527538e+06
2.669338677354709199e-08 1.377708316611154471e+06
2.693386773547094133e-08 1.349724501069902675e+06
2.717434869739479068e-08 1.322405615818436025e+06
2.741482965931863671e-08 1.295735861285405699e+06
2.765531062124248275e-08 1.269699813316943357e+06
2.789579158316633210e-08 1.244282414256275631e+06
2.813627254509018144e-08 1.219468964235297637e+06
2.837675350701402748e-08 1.195245112673068652e+06
2.861723446893787351e-08 1.171596849976312369e+06
2.885771543086172286e-08 1.148510499437127262e+06
2.909819639278557220e-08 1.125972709323216695e+06
2.933867735470941824e-08 1.103970445156061789e+06
2.957915831663326427e-08 1.082490982172578108e+06
2.981963927855711362e-08 1.061521897965890588e+06
3.006012024048096296e-08 1.041051065300974529e+06
3.030060120240480569e-08 1.021066645101005910e+06
3.054108216432865504e-08 1.001557079600359662e+06
3.078156312625250438e-08 9.825110856603108114e+05
3.102204408817635373e-08 9.639176482435546350e+05
3.126252505010020307e-08 9.457660140437828377e+05
3.150300601202404580e-08 9.280456852666315390e+05
3.174348697394789514e-08 9.107464135583953466e+05
3.198396793587174449e-08 8.938581940790116787e+05
3.222444889779558722e-08 8.773712597158713033e+05
3.246492985971943656e-08 8.612760754351161886e+05
3.270541082164328590e-08 8.455633327671630541e+05
3.294589178356713525e-08 8.302239444232523674e+05
3.318637274549098459e-08 8.152490390399157768e+05
3.342685370741482732e-08 8.006299560483251698e+05
3.366733466933867667e-08 7.863582406655459199e+05
3.390781563126252601e-08 7.724256390048111789e+05
3.414829659318636874e-08 7.588240933019778458e+05
3.438877755511021808e-08 7.455457372554076137e+05
3.462925851703406743e-08 7.325828914765811060e+05
3.486973947895791677e-08 7.199280590488095768e+05
3.511022044088176612e-08 7.075739211914754706e+05
3.535070140280560885e-08 6.955133330272997264e+05
3.559118236472945819e-08 6.837393194501798134e+05
3.583166332665330754e-08 6.722450710912169889e+05
3.607214428857715026e-08 6.610239403805938782e+05
3.631262525050099961e-08 6.500694377030254109e+05
3.655310621242484895e-08 6.393752276445641182e+05
3.679358717434869830e-08 6.289351253285841085e+05
3.703406813627254764e-08 6.187430928388263565e+05
3.727454909819639037e-08 6.087932357274380047e+05
3.751503006012023971e-08 5.990797996059835423e+05
3.775551102204408906e-08 5.895971668174602091e+05
3.799599198396793179e-08 5.803398531873878092e+05
3.823647294589178113e-08 5.713025048520981800e+05
3.847695390781563048e-08 5.624798951623879839e+05
3.871743486973947982e-08 5.538669216607448179e+05
3.895791583166332917e-08 5.454586031303983182e+05
3.919839679358717189e-08 5.372500767144884448e+05
3.943887775551102124e-08 5.292365951036869083e+05
3.967935871743487058e-08 5.214135237906452967e+05
3.991983967935871331e-08 5.137763383896775777e+05
4.016032064128256266e-08 5.063206220201333635e+05
4.040080160320641200e-08 4.990420627519446425e+05
4.064128256513026134e-08 4.919364511118692462e+05
4.088176352705411069e-08 4.849996776489884942e+05
4.112224448897795342e-08 4.782277305580530665e+05
4.136272545090180276e-08 4.716166933592996211e+05
4.160320641282565211e-08 4.651627426333992044e+05
4.184368737474949483e-08 4.588621458102257457e+05
4.208416833667334418e-08 4.527112590101643582e+05
4.232464929859719352e-08 4.467065249367165379e+05
4.256513026052104287e-08 4.408444708191758255e+05
4.280561122244489221e-08 4.351217064041907433e+05
4.304609218436873494e-08 4.295349219950495753e+05
4.328657314629258429e-08 4.240808865375536261e+05
4.352705410821643363e-08 4.187564457513742382e+05
4.376753507014027636e-08 4.135585203058096813e+05
4.400801603206412570e-08 4.084841040388881229e+05
4.424849699398797505e-08 4.035302622187884990e+05
4.448897795591182439e-08 3.986941298465707805e+05
4.472945891783567374e-08 3.939729099992358824e+05
4.496993987975951646e-08 3.893638722121566534e+05
4.521042084168336581e-08 3.848643508999438491e+05
4.545090180360721515e-08 3.804717438148353249e+05
4.569138276553105788e-08 3.761835105417151353e+05
4.593186372745490723e-08 3.719971710288921604e+05
4.617234468937875657e-08 3.679103041537906975e+05
4.641282565130260592e-08 3.639205463227210566e+05
4.665330661322645526e-08 3.600255901039217133e+05
4.689378757515029799e-08 3.562231828930821503e+05
4.713426853707414733e-08 3.525111256105736829e+05
4.737474949899799668e-08 3.488872714296372142e+05
4.761523046092183941e-08 3.453495245347897289e+05
4.785571142284568875e-08 3.418958389097325271e+05
4.809619238476953810e-08 3.385242171540612471e+05
4.833667334669338744e-08 3.352327093280912377e+05
4.857715430861723678e-08 3.320194118251319742e+05
4.881763527054107951e-08 3.288824662705573137e+05
4.905811623246492886e-08 3.258200584470353206e+05
4.929859719438877820e-08 3.228304172452963539e+05
4.953907815631262093e-08 3.199118136398314382e+05
4.977955911823647027e-08 3.170625596889298176e+05
5.002004008016031962e-08 3.142810075584769947e+05
5.026052104208416896e-08 3.115655485689479392e+05
5.050100200400801831e-08 3.089146122650458128e+05
5.074148296593186104e-08 3.063266655074462178e+05
5.098196392785571038e-08 3.038002115861233906e+05
5.122244488977955973e-08 3.013337893547450076e+05
5.146292585170340245e-08 2.989259723856342607e+05
5.170340681362725180e-08 2.965753681448113057e+05
5.194388777555110114e-08 2.942806171866373625e+05
5.218436873747495049e-08 2.920403923675938859e+05
5.242484969939879983e-08 2.898533980787443579e+05
5.266533066132264256e-08 2.877183694964333554e+05
5.290581162324649190e-08 2.856340718507897109e+05
5.314629258517034125e-08 2.835992997116115293e+05
5.338677354709418398e-08 2.816128762912189122e+05
5.362725450901803332e-08 2.796736527638720581e+05
5.386773547094188267e-08 2.777805076013605576e+05
5.410821643286573201e-08 2.759323459243805264e+05
5.434869739478958136e-08 2.741280988693230320e+05
5.458917835671342408e-08 2.723667229701090255e+05
5.482965931863727343e-08 2.706471995547122788e+05
5.507014028056112277e-08 2.689685341560218367e+05
5.531062124248496550e-08 2.673297559367033537e+05
5.555110220440881485e-08 2.657299171277257265e+05
5.579158316633266419e-08 2.641680924802299705e+05
5.603206412825651354e-08 2.626433787304215948e+05
5.627254509018036288e-08 2.611548940771780908e+05
5.651302605210420561e-08 2.597017776720694965e+05
5.675350701402805495e-08 2.582831891214957577e+05
5.699398797595190430e-08 2.568983080006551172e+05
5.723446893787574702e-08 2.555463333790601173e+05
5.747494989979959637e-08 2.542264833573287178e+05
5.771543086172344571e-08 2.529379946149814350e+05
5.795591182364729506e-08 2.516801219689834979e+05
5.819639278557114440e-08 2.504521379427766660e+05
5.843687374749498713e-08 2.492533323455512291e+05
5.867735470941883648e-08 2.480830118615149695e+05
5.891783567134268582e-08 2.469404996489220648e+05
5.915831663326652855e-08 2.458251349486290710e+05
5.939879759519037789e-08 2.447362727019520535e+05
5.963927855711422724e-08 2.436732831776045787e+05
5.987975951903807658e-08 2.426355516074993066e+05
6.012024048096192593e-08 2.416224778312038979e+05
6.036072144288577527e-08 2.406334759488448908e+05
6.060120240480961138e-08 2.396679739822592819e+05
6.084168336673346073e-08 2.387254135441968683e+05
6.108216432865731007e-08 2.378052495153839118e+05
6.132264529058115942e-08 2.369069497292588349e+05
6.156312625250500876e-08 2.360299946642001742e+05
6.180360721442885811e-08 2.351738771430668421e+05
6.204408817635270745e-08 2.343381020398778201e+05
6.228456913827655680e-08 2.335221859934618114e+05
6.252505010020040614e-08 2.327256571279105556e+05
6.276553106212424225e-08 2.319480547796747414e+05
6.300601202404809160e-08 2.311889292311444005e+05
6.324649298597194094e-08 2.304478414505596738e+05
6.348697394789579029e-08 2.297243628381019516e+05
6.372745490981963963e-08 2.290180749780177430e+05
6.396793587174348898e-08 2.283285693966326071e+05
6.420841683366733832e-08 2.276554473261151579e+05
6.444889779559117443e-08 2.269983194738540333e+05
6.468937875751502378e-08 2.263568057973147661e+05
6.492985971943887312e-08 2.257305352842466382e+05
6.517034068136272246e-08 2.251191457381118671e+05
6.541082164328657181e-08 2.245222835686132312e+05
6.565130260521042115e-08 2.239396035871990025e+05
6.589178356713427050e-08 2.233707688074272301e+05
6.613226452905811984e-08 2.228154502500732779e+05
6.637274549098196919e-08 2.222733267528682773e+05
6.661322645290580530e-08 2.217440847847587138e+05
6.685370741482965464e-08 2.212274182645791443e+05
6.709418837675350399e-08 2.207230283840336197e+05
6.733466933867735333e-08 2.202306234348832222e+05
6.757515030060120268e-08 2.197499186402398918e+05
6.781563126252505202e-08 2.192806359898689261e+05
6.805611222444890137e-08 2.188225040794048400e+05
6.829659318637273748e-08 2.183752579533877142e+05
6.853707414829658682e-08 2.179386389520290541e+05
6.877755511022043617e-08 2.175123945616190613e+05
6.901803607214428551e-08 2.170962782684879203e+05
6.925851703406813486e-08 2.166900494164373958e+05
6.949899799599198420e-08 2.162934730675602041e+05
6.973947895791583355e-08 2.159063198663660733e+05
6.997995991983968289e-08 2.155283659071367001e+05
7.022044088176353224e-08 2.151593926044323598e+05
7.046092184368736835e-08 2.147991865666754893e+05
7.070140280561121769e-08 2.144475394727379316e+05
7.094188376753506704e-08 2.141042479514608858e+05
7.118236472945891638e-08 2.137691134640374803e+05
7.142284569138276573e-08 2.134419421891899838e+05
7.166332665330661507e-08 2.131225449110754416e+05
7.190380761523046442e-08 2.128107369098548952e+05
7.214428857715430053e-08 2.125063378548627079e+05
7.238476953907814987e-08 2.122091717003142694e+05
7.262525050100199922e-08 2.119190665834919782e+05
7.286573146292584856e-08 2.116358547253503057e+05
7.310621242484969790e-08 2.113593723334827228e+05
7.334669338677354725e-08 2.110894595073941164e+05
7.358717434869739659e-08 2.108259601460241829e+05
7.382765531062124594e-08 2.105687218574681319e+05
7.406813627254509528e-08 2.103175958708424878e+05
7.430861723446893139e-08 2.100724369502452319e+05
7.454909819639278074e-08 2.098331033107599942e+05
7.478957915831663008e-08 2.095994565364566806e+05
7.503006012024047943e-08 2.093713615003399027e+05
7.527054108216432877e-08 2.091486862861998379e+05
7.551102204408817812e-08 2.089313021123201179e+05
7.575150300601202746e-08 2.087190832569981867e+05
7.599198396793586357e-08 2.085119069858356088e+05
7.623246492985971292e-08 2.083096534807560965e+05
7.647294589178356226e-08 2.081122057707099011e+05
7.671342685370741161e-08 2.079194496640251600e+05
7.695390781563126095e-08 2.077312736823661253e+05
7.719438877755511030e-08 2.075475689962611650e+05
7.743486973947895964e-08 2.073682293621622957e+05
7.767535070140280899e-08 2.071931510610005062e+05
7.791583166332665833e-08 2.070222328382009582e+05
7.815631262525049444e-08 2.068553758451236063e+05
7.839679358717434379e-08 2.066924835818950669e+05
7.863727454909819313e-08 2.065334618415990262e+05
7.887775551102204248e-08 2.063782186557928799e+05
7.911823647294589182e-08 2.062266642413186200e+05
7.935871743486974117e-08 2.060787109483778186e+05
7.959919839679359051e-08 2.059342732098404376e+05
7.983967935871742662e-08 2.057932674917578697e+05
8.008016032064127597e-08 2.056556122450521507e+05
8.032064128256512531e-08 2.055212278583529114e+05
8.056112224448897466e-08 2.053900366119550308e+05
8.080160320641282400e-08 2.052619626328703307e+05
8.104208416833667334e-08 2.051369318509472650e+05
8.128256513026052269e-08 2.050148719560332538e+05
8.152304609218437203e-08 2.048957123561550397e+05
8.176352705410822138e-08 2.047793841366924462e+05
8.200400801603205749e-08 2.046658200205224566e+05
8.224448897795590683e-08 2.045549543291102746e+05
8.248496993987975618e-08 2.044467229445248086e+05
8.272545090180360552e-08 2.043410632723568415e+05
8.296593186372745487e-08 2.042379142055182019e+05
8.320641282565130421e-08 2.041372160889012448e+05
8.344689378757515356e-08 2.040389106848778902e+05
8.368737474949898967e-08 2.039429411396186333e+05
8.392785571142283901e-08 2.038492519502117066e+05
8.416833667334668836e-08 2.037577889325635915e+05
8.440881763527053770e-08 2.036684991900623427e+05
8.464929859719438705e-08 2.035813310829852417e+05
8.488977955911823639e-08 2.034962341986337851e+05
8.513026052104208574e-08 2.034131593221778749e+05
8.537074148296593508e-08 2.033320584081929992e+05
8.561122244488978443e-08 2.032528845528738457e+05
8.585170340681362054e-08 2.031755919669077848e+05
8.609218436873746988e-08 2.031001359489933238e+05
8.633266533066131923e-08 2.030264728599874943e+05
8.657314629258516857e-08 2.029545600976677088e+05
8.681362725450901792e-08 2.028843560720931855e+05
8.705410821643286726e-08 2.028158201815519715e+05
8.729458917835671661e-08 2.027489127890792734e+05
8.753507014028055272e-08 2.026835951995338837e+05
8.777555110220440206e-08 2.026198296372194309e+05
8.801603206412825141e-08 2.025575792240369774e+05
8.825651302605210075e-08 2.024968079581572092e+05
8.849699398797595010e-08 2.024374806931990606e+05
8.873747494989979944e-08 2.023795631179032207e+05
8.897795591182364878e-08 2.023230217362886469e+05
8.921843687374749813e-08 2.022678238482804736e+05
8.945891783567134747e-08 2.022139375307982555e+05
8.969939879759518358e-08 2.021613316192938073e+05
8.993987975951903293e-08 2.021099756897272891e+05
9.018036072144288227e-08 2.020598400409719325e+05
9.042084168336673162e-08 2.020108956776367850e+05
9.066132264529058096e-08 2.019631142932974035e+05
9.090180360721443031e-08 2.019164682541252405e+05
9.114228456913827965e-08 2.018709305829059158e+05
9.138276553106211576e-08 2.018264749434372352e+05
9.162324649298596511e-08 2.017830756252979918e+05
9.186372745490981445e-08 2.017407075289784989e+05
9.210420841683366380e-08 2.016993461513647344e+05
9.234468937875751314e-08 2.016589675715671910e+05
9.258517034068136249e-08 2.016195484370863996e+05
9.282565130260521183e-08 2.015810659503073548e+05
9.306613226452906118e-08 2.015434978553148103e+05
9.330661322645291052e-08 2.015068224250217318e+05
9.354709418837674663e-08 2.014710184486037469e+05
9.378757515030059598e-08 2.014360652192319976e+05
9.402805611222444532e-08 2.014019425220977573e+05
9.426853707414829467e-08 2.013686306227212772e+05
9.450901803607214401e-08 2.013361102555385442e+05
9.474949899799599336e-08 2.013043626127594325e+05
9.498997995991984270e-08 2.012733693334902346e+05
9.523046092184367881e-08 2.012431124931150116e+05
9.547094188376752816e-08 2.012135745929289551e+05
9.571142284569137750e-08 2.011847385500182572e+05
9.595190380761522685e-08 2.011565876873804664e+05
9.619238476953907619e-08 2.011291057242793904e+05
9.643286573146292554e-08 2.011022767668294546e+05
9.667334669338677488e-08 2.010760852988035476e+05
9.691382765531062422e-08 2.010505161726594670e+05
9.715430861723447357e-08 2.010255546007794328e+05
9.739478957915830968e-08 2.010011861469178693e+05
9.763527054108215902e-08 2.009773967178524472e+05
9.787575150300600837e-08 2.009541725552332064e+05
9.811623246492985771e-08 2.009315002276258019e+05
9.835671342685370706e-08 2.009093666227434587e+05
9.859719438877755640e-08 2.008877589398636774e+05
9.883767535070140575e-08 2.008666646824250056e+05
9.907815631262524186e-08 2.008460716507999168e+05
9.931863727454909120e-08 2.008259679352391977e+05
9.955911823647294055e-08 2.008063419089840318e+05
9.979959919839678989e-08 2.007871822215419670e+05
1.000400801603206392e-07 2.007684777921223140e+05
1.002805611222444886e-07 2.007502178032278025e+05
1.005210420841683379e-07 2.007323916943983349e+05
1.007615230460921873e-07 2.007149891561034892e+05
1.010020040080160366e-07 2.006980001237801334e+05
1.012424849699398727e-07 2.006814147720116598e+05
1.014829659318637221e-07 2.006652235088456364e+05
1.017234468937875714e-07 2.006494169702463259e+05
1.019639278557114208e-07 2.006339860146791616e+05
1.022044088176352701e-07 2.006189217178237450e+05
1.024448897795591195e-07 2.006042153674127185e+05
1.026853707414829688e-07 2.005898584581930190e+05
1.029258517034068049e-07 2.005758426870069816e+05
1.031663326653306543e-07 2.005621599479902943e+05
1.034068136272545036e-07 2.005488023278840701e+05
1.036472945891783529e-07 2.005357621014582983e+05
1.038877755511022023e-07 2.005230317270440864e+05
1.041282565130260516e-07 2.005106038421719277e+05
1.043687374749499010e-07 2.004984712593137810e+05
1.046092184368737503e-07 2.004866269617262587e+05
1.048496993987975997e-07 2.004750640993924462e+05
1.050901803607214358e-07 2.004637759850604343e+05
1.053306613226452851e-07 2.004527560903757112e+05
1.055711422845691345e-07 2.004419980421055516e+05
1.058116232464929838e-07 2.004314956184532784e+05
1.060521042084168332e-07 2.004212427454597200e+05
1.062925851703406825e-07 2.004112334934906685e+05
1.065330661322645318e-07 2.004014620738072554e+05
1.067735470941883680e-07 2.003919228352184000e+05
1.070140280561122173e-07 2.003826102608122746e+05
1.072545090180360666e-07 2.003735189647657680e+05
1.074949899799599160e-07 2.003646436892295897e+05
1.077354709418837653e-07 2.003559793012875598e+05
1.079759519038076147e-07 2.003475207899879024e+05
1.082164328657314640e-07 2.003392632634453767e+05
1.084569138276553134e-07 2.003312019460119773e+05
1.086973947895791627e-07 2.003233321755150100e+05
1.089378757515029988e-07 2.003156494005608547e+05
1.091783567134268482e-07 2.003081491779026401e+05
1.094188376753506975e-07 2.003008271698706085e+05
1.096593186372745469e-07 2.002936791418633948e+05
1.098997995991983962e-07 2.002867009598990844e+05
1.101402805611222455e-07 2.002798885882242175e+05
1.103807615230460949e-07 2.002732380869799817e+05
1.106212424849699310e-07 2.002667456099234405e+05
1.108617234468937803e-07 2.002604074022032146e+05
1.111022044088176297e-07 2.002542197981878126e+05
1.113426853707414790e-07 2.002481792193457659e+05
1.115831663326653284e-07 2.002422821721759392e+05
1.118236472945891777e-07 2.002365252461871714e+05
1.120641282565130271e-07 2.002309051119257347e+05
1.123046092184368764e-07 2.002254185190499702e+05
1.125450901803607258e-07 2.002200622944502975e+05
1.127855711422845619e-07 2.002148333404141886e+05
1.130260521042084112e-07 2.002097286328346818e+05
1.132665330661322606e-07 2.002047452194612706e+05
1.135070140280561099e-07 2.001998802181926731e+05
1.137474949899799592e-07 2.001951308154098806e+05
1.139879759519038086e-07 2.001904942643489339e+05
1.142284569138276579e-07 2.001859678835125233e+05
1.144689378757514940e-07 2.001815490551189287e+05
1.147094188376753434e-07 2.001772352235882427e+05
1.149498997995991927e-07 2.001730238940643321e+05
1.151903807615230421e-07 2.001689126309718995e+05
1.154308617234468914e-07 2.001648990566080029e+05
1.156713426853707408e-07 2.001609808497668419e+05
1.159118236472945901e-07 2.001571557443973725e+05
1.161523046092184395e-07 2.001534215282927034e+05
1.163927855711422888e-07 2.001497760418108373e+05
1.166332665330661249e-07 2.001462171766254469e+05
1.168737474949899743e-07 2.001427428745067155e+05
1.171142284569138236e-07 2.001393511261309322e+05
1.173547094188376730e-07 2.001360399699183763e+05
1.175951903807615223e-07 2.001328074908989656e+05
1.178356713426853716e-07 2.001296518196046527e+05
1.180761523046092210e-07 2.001265711309882754e+05
1.183166332665330571e-07 2.001235636433680484e+05
1.185571142284569064e-07 2.001206276173972292e+05
1.187975951903807558e-07 2.001177613550580572e+05
1.190380761523046051e-07 2.001149631986798195e+05
1.192785571142284545e-07 2.001122315299801121e+05
1.195190380761522906e-07 2.001095647691289196e+05
1.197595190380761532e-07 2.001069613738349581e+05
1.199999999999999893e-07 2.001044198384537012e+05
---------------
