field_vs_time
---------------
0.000000000000000000e+00 2.500000000000000000e+06
2.404809619238476905e-10 2.500000000000000000e+06
4.809619238476953810e-10 2.500000000000000000e+06
7.214428857715430714e-10 2.500000000000000000e+06
9.619238476953907619e-10 2.500000000000000000e+06
1.202404809619238452e-09 2.500000000000000000e+06
1.442885771543086143e-09 2.500000000000000000e+06
1.683366733466933833e-09 2.500000000000000000e+06
1.923847695390781524e-09 2.500000000000000000e+06
2.164328657314629214e-09 2.500000000000000000e+06
2.404809619238476905e-09 2.500000000000000000e+06
2.645290581162324595e-09 2.500000000000000000e+06
2.885771543086172286e-09 2.500000000000000000e+06
3.126252505010019976e-09 2.500000000000000000e+06
3.366733466933867667e-09 2.500000000000000000e+06
3.607214428857715357e-09 2.500000000000000000e+06
3.847695390781563048e-09 2.500000000000000000e+06
4.088176352705410738e-09 2.500000000000000000e+06
4.328657314629258429e-09 2.500000000000000000e+06
4.569138276553106119e-09 2.500000000000000000e+06
4.809619238476953810e-09 2.500000000000000000e+06
5.050100200400801500e-09 2.500000000000000000e+06
5.290581162324649190e-09 2.500000000000000000e+06
5.531062124248496881e-09 2.500000000000000000e+06
5.771543086172344571e-09 2.500000000000000000e+06
6.012024048096192262e-09 2.500000000000000000e+06
6.252505010020039952e-09 2.500000000000000000e+06
6.492985971943887643e-09 2.500000000000000000e+06
6.733466933867735333e-09 2.500000000000000000e+06
6.973947895791583024e-09 2.500000000000000000e+06
7.214428857715430714e-09 2.500000000000000000e+06
7.454909819639278405e-09 2.500000000000000000e+06
7.695390781563126095e-09 2.500000000000000000e+06
7.935871743486973786e-09 2.500000000000000000e+06
8.176352705410821476e-09 2.500000000000000000e+06
8.416833667334669167e-09 2.500000000000000000e+06
8.657314629258516857e-09 2.500000000000000000e+06
8.897795591182364548e-09 2.500000000000000000e+06
9.138276553106212238e-09 2.500000000000000000e+06
9.378757515030059929e-09 2.500000000000000000e+06
9.619238476953907619e-09 2.500000000000000000e+06
9.859719438877755310e-09 2.500000000000000000e+06
1.010020040080160300e-08 2.500000000000000000e+06
1.034068136272545069e-08 2.500000000000000000e+06
1.058116232464929838e-08 2.500000000000000000e+06
1.082164328657314607e-08 2.500000000000000000e+06
1.106212424849699376e-08 2.500000000000000000e+06
1.130260521042084145e-08 2.500000000000000000e+06
1.154308617234468914e-08 2.500000000000000000e+06
1.178356713426853683e-08 2.500000000000000000e+06
1.202404809619238452e-08 2.500000000000000000e+06
1.226452905811623221e-08 2.500000000000000000e+06
1.250501002004007990e-08 2.500000000000000000e+06
1.274549098196392760e-08 2.500000000000000000e+06
1.298597194388777529e-08 2.500000000000000000e+06
1.322645290581162298e-08 2.500000000000000000e+06
1.346693386773547067e-08 2.500000000000000000e+06
1.370741482965931836e-08 2.500000000000000000e+06
1.394789579158316605e-08 2.500000000000000000e+06
1.418837675350701374e-08 2.500000000000000000e+06
1.442885771543086143e-08 2.500000000000000000e+06
1.466933867735470912e-08 2.500000000000000000e+06
1.490981963927855681e-08 2.500000000000000000e+06
1.515030060120240285e-08 2.500000000000000000e+06
1.539078156312625219e-08 2.500000000000000000e+06
1.563126252505010154e-08 2.500000000000000000e+06
1.587174348697394757e-08 2.500000000000000000e+06
1.611222444889779361e-08 2.500000000000000000e+06
1.635270541082164295e-08 2.500000000000000000e+06
1.659318637274549230e-08 2.500000000000000000e+06
1.683366733466933833e-08 2.500000000000000000e+06
1.707414829659318437e-08 2.500000000000000000e+06
1.731462925851703371e-08 2.500000000000000000e+06
1.755511022044088306e-08 2.500000000000000000e+06
1.779559118236472910e-08 2.500000000000000000e+06
1.803607214428857513e-08 2.500000000000000000e+06
1.827655310621242448e-08 2.500000000000000000e+06
1.851703406813627382e-08 2.500000000000000000e+06
1.875751503006011986e-08 2.500000000000000000e+06
1.899799599198396589e-08 2.500000000000000000e+06
1.923847695390781524e-08 2.500000000000000000e+06
1.947895791583166458e-08 2.500000000000000000e+06
1.971943887775551062e-08 2.500000000000000000e+06
1.995991983967935666e-08 2.500000000000000000e+06
2.020040080160320600e-08 2.466270958875931799e+06
2.044088176352705534e-08 2.426678286821868271e+06
2.068136272545090138e-08 2.388026385938322172e+06
2.092184368737474742e-08 2.350292902331267949e+06
2.116232464929859676e-08 2.313456013263026718e+06
2.140280561122244611e-08 2.277494414531331044e+06
2.164328657314629214e-08 2.242387308148277923e+06
2.188376753507013818e-08 2.208114390312043950e+06
2.212424849699398752e-08 2.174655839664409868e+06
2.236472945891783687e-08 2.141992305827300064e+06
2.260521042084168290e-08 2.110104898211710155e+06
2.284569138276552894e-08 2.078975175092542544e+06
2.308617234468937829e-08 2.048585132943042321e+06
2.332665330661322763e-08 2.018917196022661403e+06
2.356713426853707367e-08 1.989954206212324789e+06
2.380761523046091970e-08 1.961679413091222290e+06
2.404809619238476905e-08 1.934076464249393204e+06
2.428857715430861839e-08 1.907129395830491558e+06
2.452905811623246443e-08 1.880822623299269937e+06
2.476953907815631046e-08 1.855140932428435422e+06
2.501002004008015981e-08 1.830069470499674324e+06
2.525050100200400915e-08 1.805593737713748123e+06
2.549098196392785519e-08 1.781699578804695979e+06
2.573146292585170123e-08 1.758373174853296019e+06
2.597194388777555057e-08 1.735601035295047797e+06
2.621242484969939992e-08 1.713369990118056536e+06
2.645290581162324595e-08 1.691667182246302953e+06
2.669338677354709199e-08 1.670480060103896772e+06
2.693386773547094133e-08 1.649796370356014930e+06
2.717434869739479068e-08 1.629604150822322350e+06
2.741482965931863671e-08 1.609891723558777943e+06
2.765531062124248275e-08 1.590647688103827648e+06
2.789579158316633210e-08 1.571860914885073202e+06
2.813627254509018144e-08 1.553520538782611489e+06
2.837675350701402748e-08 1.535615952845311724e+06
2.861723446893787351e-08 1.518136802156404592e+06
2.885771543086172286e-08 1.501072977844833396e+06
2.909819639278557220e-08 1.484414611238899175e+06
2.933867735470941824e-08 1.468152068158828188e+06
2.957915831663326427e-08 1.452275943344949046e+06
2.981963927855711362e-08 1.436777055018266896e+06
3.006012024048096296e-08 1.421646439570285380e+06
3.030060120240480569e-08 1.406875346379004419e+06
3.054108216432865504e-08 1.392455232748091919e+06
3.078156312625250438e-08 1.378377758966316702e+06
3.102204408817635373e-08 1.364634783484366490e+06
3.126252505010020307e-08 1.351218358206274454e+06
3.150300601202404580e-08 1.338120723892727634e+06
3.174348697394789514e-08 1.325334305673596449e+06
3.198396793587174449e-08 1.312851708667095518e+06
3.222444889779558722e-08 1.300665713703035377e+06
3.246492985971943656e-08 1.288769273147694534e+06
3.270541082164328590e-08 1.277155506827903213e+06
3.294589178356713525e-08 1.265817698051969055e+06
3.318637274549098459e-08 1.254749289725155104e+06
3.342685370741482732e-08 1.243943880557457684e+06
3.366733466933867667e-08 1.233395221361490432e+06
3.390781563126252601e-08 1.223097211438338738e+06
3.414829659318636874e-08 1.213043895049287938e+06
3.438877755511021808e-08 1.203229457971388241e+06
3.462925851703406743e-08 1.193648224134864286e+06
3.486973947895791677e-08 1.184294652340424480e+06
3.511022044088176612e-08 1.175163333054568851e+06
3.535070140280560885e-08 1.166248985281047644e+06
3.559118236472945819e-08 1.157546453506654594e+06
3.583166332665330754e-08 1.149050704719595145e+06
3.607214428857715026e-08 1.140756825498699909e+06
3.631262525050099961e-08 1.132660019171801396e+06
3.655310621242484895e-08 1.124755603041634429e+06
3.679358717434869830e-08 1.117039005677649053e+06
3.703406813627254764e-08 1.109505764272175962e+06
3.727454909819639037e-08 1.102151522059410810e+06
3.751503006012023971e-08 1.094972025795727037e+06
3.775551102204408906e-08 1.087963123299861792e+06
3.799599198396793179e-08 1.081120761051547481e+06
3.823647294589178113e-08 1.074440981847203104e+06
3.847695390781563048e-08 1.067919922511330340e+06
3.871743486973947982e-08 1.061553811662289547e+06
3.895791583166332917e-08 1.055338967531163944e+06
3.919839679358717189e-08 1.049271795832447940e+06
3.943887775551102124e-08 1.043348787685333868e+06
3.967935871743487058e-08 1.037566517584390007e+06
3.991983967935871331e-08 1.031921641418457380e+06
4.016032064128256266e-08 1.026410894536620239e+06
4.040080160320641200e-08 1.021031089860133012e+06
4.064128256513026134e-08 1.015779116039207671e+06
4.088176352705411069e-08 1.010651935653600143e+06
4.112224448897795342e-08 1.005646583455952234e+06
4.136272545090180276e-08 1.000760164656873676e+06
4.160320641282565211e-08 9.959898532507733908e+05
4.184368737474949483e-08 9.913328903814712539e+05
4.208416833667334418e-08 9.867865827466432238e+05
4.232464929859719352e-08 9.823483010401817737e+05
4.256513026052104287e-08 9.780154784315647557e+05
4.280561122244489221e-08 9.737856090813584160e+05
4.304609218436873494e-08 9.696562466919932049e+05
4.328657314629258429e-08 9.656250030929744244e+05
4.352705410821643363e-08 9.616895468597114086e+05
4.376753507014027636e-08 9.578476019651636016e+05
4.400801603206412570e-08 9.540969464635259937e+05
4.424849699398797505e-08 9.504354112051915145e+05
4.448897795591182439e-08 9.468608785822479986e+05
4.472945891783567374e-08 9.433712813037830638e+05
4.496993987975951646e-08 9.399646012002896750e+05
4.521042084168336581e-08 9.366388680564801907e+05
4.545090180360721515e-08 9.333921584718348458e+05
4.569138276553105788e-08 9.302225947482242482e+05
4.593186372745490723e-08 9.271283438039637404e+05
4.617234468937875657e-08 9.241076161136713345e+05
4.641282565130260592e-08 9.211586646733155940e+05
4.665330661322645526e-08 9.182797839898552047e+05
4.689378757515029799e-08 9.154693090948867612e+05
4.713426853707414733e-08 9.127256145817283541e+05
4.737474949899799668e-08 9.100471136653840076e+05
4.761523046092183941e-08 9.074322572648446076e+05
4.785571142284568875e-08 9.048795331071936525e+05
4.809619238476953810e-08 9.023874648530017585e+05
4.833667334669338744e-08 8.999546112425022293e+05
4.857715430861723678e-08 8.975795652620540932e+05
4.881763527054107951e-08 8.952609533304119250e+05
4.905811623246492886e-08 8.929974345043303911e+05
4.929859719438877820e-08 8.907876997030450730e+05
4.953907815631262093e-08 8.886304709511797410e+05
4.977955911823647027e-08 8.865245006396437529e+05
5.002004008016031962e-08 8.844685708040917525e+05
5.026052104208416896e-08 8.824614924205268035e+05
5.050100200400801831e-08 8.805021047176425345e+05
5.074148296593186104e-08 8.785892745055037085e+05
5.098196392785571038e-08 8.767218955201781355e+05
5.122244488977955973e-08 8.748988877839419292e+05
5.146292585170340245e-08 8.731191969806861598e+05
5.170340681362725180e-08 8.713817938461648300e+05
5.194388777555110114e-08 8.696856735727320192e+05
5.218436873747495049e-08 8.680298552282215096e+05
5.242484969939879983e-08 8.664133811886371113e+05
5.266533066132264256e-08 8.648353165843202733e+05
5.290581162324649190e-08 8.632947487592793768e+05
5.314629258517034125e-08 8.617907867433649953e+05
5.338677354709418398e-08 8.603225607369879726e+05
5.362725450901803332e-08 8.588892216080793878e+05
5.386773547094188267e-08 8.574899404010056751e+05
5.410821643286573201e-08 8.561239078571507707e+05
5.434869739478958136e-08 8.547903339468908962e+05
5.458917835671342408e-08 8.534884474126893329e+05
5.482965931863727343e-08 8.522174953230482060e+05
5.507014028056112277e-08 8.509767426370596513e+05
5.531062124248496550e-08 8.497654717793024611e+05
5.555110220440881485e-08 8.485829822248407872e+05
5.579158316633266419e-08 8.474285900940829888e+05
5.603206412825651354e-08 8.463016277572681429e+05
5.627254509018036288e-08 8.452014434483490186e+05
5.651302605210420561e-08 8.441274008880513720e+05
5.675350701402805495e-08 8.430788789158881409e+05
5.699398797595190430e-08 8.420552711309189908e+05
5.723446893787574702e-08 8.410559855410445016e+05
5.747494989979959637e-08 8.400804442206342937e+05
5.771543086172344571e-08 8.391280829762906069e+05
5.795591182364729506e-08 8.381983510205530329e+05
5.819639278557114440e-08 8.372907106533566257e+05
5.843687374749498713e-08 8.364046369510595687e+05
5.867735470941883648e-08 8.355396174628589069e+05
5.891783567134268582e-08 8.346951519144206541e+05
5.915831663326652855e-08 8.338707519185519777e+05
5.939879759519037789e-08 8.330659406927471282e+05
5.963927855711422724e-08 8.322802527834468056e+05
5.987975951903807658e-08 8.315132337968472857e+05
6.012024048096192593e-08 8.307644401361072669e+05
6.036072144288577527e-08 8.300334387447984191e+05
6.060120240480961138e-08 8.293198068564524874e+05
6.084168336673346073e-08 8.286231317500586156e+05
6.108216432865731007e-08 8.279430105113707250e+05
6.132264529058115942e-08 8.272790497998869978e+05
6.156312625250500876e-08 8.266308656213653740e+05
6.180360721442885811e-08 8.259980831057450268e+05
6.204408817635270745e-08 8.253803362903444795e+05
6.228456913827655680e-08 8.247772679082108662e+05
6.252505010020040614e-08 8.241885291814991506e+05
6.276553106212424225e-08 8.236137796197596472e+05
6.300601202404809160e-08 8.230526868230197579e+05
6.324649298597194094e-08 8.225049262895440916e+05
6.348697394789579029e-08 8.219701812281623716e+05
6.372745490981963963e-08 8.214481423750566319e+05
6.396793587174348898e-08 8.209385078149023466e+05
6.420841683366733832e-08 8.204409828062590677e+05
6.444889779559117443e-08 8.199552796111095231e+05
6.468937875751502378e-08 8.194811173284500837e+05
6.492985971943887312e-08 8.190182217318344628e+05
6.517034068136272246e-08 8.185663251107783290e+05
6.541082164328657181e-08 8.181251661159314681e+05
6.565130260521042115e-08 8.176944896079297177e+05
6.589178356713427050e-08 8.172740465098374989e+05
6.613226452905811984e-08 8.168635936630975921e+05
6.637274549098196919e-08 8.164628936869025929e+05
6.661322645290580530e-08 8.160717148409086512e+05
6.685370741482965464e-08 8.156898308912107022e+05
6.709418837675350399e-08 8.153170209795031697e+05
6.733466933867735333e-08 8.149530694953484926e+05
6.757515030060120268e-08 8.145977659514816478e+05
6.781563126252505202e-08 8.142509048620770918e+05
6.805611222444890137e-08 8.139122856239079265e+05
6.829659318637273748e-08 8.135817124003299978e+05
6.853707414829658682e-08 8.132589940080214292e+05
6.877755511022043617e-08 8.129439438064141432e+05
6.901803607214428551e-08 8.126363795897519449e+05
6.925851703406813486e-08 8.123361234817146324e+05
6.949899799599198420e-08 8.120430018325444544e+05
6.973947895791583355e-08 8.117568451186184539e+05
6.997995991983968289e-08 8.114774878444053466e+05
7.022044088176353224e-08 8.112047684467543149e+05
7.046092184368736835e-08 8.109385292014557635e+05
7.070140280561121769e-08 8.106786161320237443e+05
7.094188376753506704e-08 8.104248789206449874e+05
7.118236472945891638e-08 8.101771708212450612e+05
7.142284569138276573e-08 8.099353485746186925e+05
7.166332665330661507e-08 8.096992723255774472e+05
7.190380761523046442e-08 8.094688055420666933e+05
7.214428857715430053e-08 8.092438149362028344e+05
7.238476953907814987e-08 8.090241703871887876e+05
7.262525050100199922e-08 8.088097448660592781e+05
7.286573146292584856e-08 8.086004143622154370e+05
7.310621242484969790e-08 8.083960578117045807e+05
7.334669338677354725e-08 8.081965570272043115e+05
7.358717434869739659e-08 8.080017966296700761e+05
7.382765531062124594e-08 8.078116639816068346e+05
7.406813627254509528e-08 8.076260491219270043e+05
7.430861723446893139e-08 8.074448447023552144e+05
7.454909819639278074e-08 8.072679459253443638e+05
7.478957915831663008e-08 8.070952504834679421e+05
7.503006012024047943e-08 8.069266585002512438e+05
7.527054108216432877e-08 8.067620724724085303e+05
7.551102204408817812e-08 8.066013972134540090e+05
7.575150300601202746e-08 8.064445397986507742e+05
7.599198396793586357e-08 8.062914095112697687e+05
7.623246492985971292e-08 8.061419177901240764e+05
7.647294589178356226e-08 8.059959781783508370e+05
7.671342685370741161e-08 8.058535062734099338e+05
7.695390781563126095e-08 8.057144196782705840e+05
7.719438877755511030e-08 8.055786379537582397e+05
7.743486973947895964e-08 8.054460825720330467e+05
7.767535070140280899e-08 8.053166768711742479e+05
7.791583166332665833e-08 8.051903460108442232e+05
7.815631262525049444e-08 8.050670169290044578e+05
7.839679358717434379e-08 8.049466182996615535e+05
7.863727454909819313e-08 8.048290804916166235e+05
7.887775551102204248e-08 8.047143355281947879e+05
7.911823647294589182e-08 8.046023170479311375e+05
7.935871743486974117e-08 8.044929602661923273e+05
7.959919839679359051e-08 8.043862019377081888e+05
7.983967935871742662e-08 8.042819803199949674e+05
8.008016032064127597e-08 8.041802351376472507e+05
8.032064128256512531e-08 8.040809075474782148e+05
8.056112224448897466e-08 8.039839401044885162e+05
8.080160320641282400e-08 8.038892767286433373e+05
8.104208416833667334e-08 8.037968626724393107e+05
8.128256513026052269e-08 8.037066444892419968e+05
8.152304609218437203e-08 8.036185700023755198e+05
8.176352705410822138e-08 8.035325882749465527e+05
8.200400801603205749e-08 8.034486495803861180e+05
8.224448897795590683e-08 8.033667053736902308e+05
8.248496993987975618e-08 8.032867082633443642e+05
8.272545090180360552e-08 8.032086119839159073e+05
8.296593186372745487e-08 8.031323713692961028e+05
8.320641282565130421e-08 8.030579423265791265e+05
8.344689378757515356e-08 8.029852818105618935e+05
8.368737474949898967e-08 8.029143477988485247e+05
8.392785571142283901e-08 8.028450992675478337e+05
8.416833667334668836e-08 8.027774961675469531e+05
8.440881763527053770e-08 8.027114994013503892e+05
8.464929859719438705e-08 8.026470708004673943e+05
8.488977955911823639e-08 8.025841731033379911e+05
8.513026052104208574e-08 8.025227699337836821e+05
8.537074148296593508e-08 8.024628257799687563e+05
8.561122244488978443e-08 8.024043059738632292e+05
8.585170340681362054e-08 8.023471766711927485e+05
8.609218436873746988e-08 8.022914048318646383e+05
8.633266533066131923e-08 8.022369582008603029e+05
8.657314629258516857e-08 8.021838052895804867e+05
8.681362725450901792e-08 8.021319153576340759e+05
8.705410821643286726e-08 8.020812583950601984e+05
8.729458917835671661e-08 8.020318051049716305e+05
8.753507014028055272e-08 8.019835268866120605e+05
8.777555110220440206e-08 8.019363958188144024e+05
8.801603206412825141e-08 8.018903846438534092e+05
8.825651302605210075e-08 8.018454667516814079e+05
8.849699398797595010e-08 8.018016161645384273e+05
8.873747494989979944e-08 8.017588075219284510e+05
8.897795591182364878e-08 8.017170160659524845e+05
8.921843687374749813e-08 8.016762176269899355e+05
8.945891783567134747e-08 8.016363886097205104e+05
8.969939879759518358e-08 8.015975059794780100e+05
8.993987975951903293e-08 8.015595472489288077e+05
9.018036072144288227e-08 8.015224904650661629e+05
9.042084168336673162e-08 8.014863141965141986e+05
9.066132264529058096e-08 8.014509975211328128e+05
9.090180360721443031e-08 8.014165200139186345e+05
9.114228456913827965e-08 8.013828617351913126e+05
9.138276553106211576e-08 8.013500032190623460e+05
9.162324649298596511e-08 8.013179254621767905e+05
9.186372745490981445e-08 8.012866099127231864e+05
9.210420841683366380e-08 8.012560384597043740e+05
9.234468937875751314e-08 8.012261934224626748e+05
9.258517034068136249e-08 8.011970575404551346e+05
9.282565130260521183e-08 8.011686139632706763e+05
9.306613226452906118e-08 8.011408462408848573e+05
9.330661322645291052e-08 8.011137383141465252e+05
9.354709418837674663e-08 8.010872745054897387e+05
9.378757515030059598e-08 8.010614395098671084e+05
9.402805611222444532e-08 8.010362183858983917e+05
9.426853707414829467e-08 8.010115965472287498e+05
9.450901803607214401e-08 8.009875597540937597e+05
9.474949899799599336e-08 8.009640941050830297e+05
9.498997995991984270e-08 8.009411860291014891e+05
9.523046092184367881e-08 8.009188222775198519e+05
9.547094188376752816e-08 8.008969899165127426e+05
9.571142284569137750e-08 8.008756763195787789e+05
9.595190380761522685e-08 8.008548691602377221e+05
9.619238476953907619e-08 8.008345564049021341e+05
9.643286573146292554e-08 8.008147263059173711e+05
9.667334669338677488e-08 8.007953673947678180e+05
9.691382765531062422e-08 8.007764684754438931e+05
9.715430861723447357e-08 8.007580186179673765e+05
9.739478957915830968e-08 8.007400071520697093e+05
9.763527054108215902e-08 8.007224236610213993e+05
9.787575150300600837e-08 8.007052579756071791e+05
9.811623246492985771e-08 8.006885001682451693e+05
9.835671342685370706e-08 8.006721405472451588e+05
9.859719438877755640e-08 8.006561696512035560e+05
9.883767535070140575e-08 8.006405782435315195e+05
9.907815631262524186e-08 8.006253573071130086e+05
9.931863727454909120e-08 8.006104980390898418e+05
9.955911823647294055e-08 8.005959918457708554e+05
9.979959919839678989e-08 8.005818303376614349e+05
1.000400801603206392e-07 8.005680053246121388e+05
1.002805611222444886e-07 8.005545088110814104e+05
1.005210420841683379e-07 8.005413329915117938e+05
1.007615230460921873e-07 8.005284702458155807e+05
1.010020040080160366e-07 8.005159131349679083e+05
1.012424849699398727e-07 8.005036543967042817e+05
1.014829659318637221e-07 8.004916869413206587e+05
1.017234468937875714e-07 8.004800038475734182e+05
1.019639278557114208e-07 8.004685983586758375e+05
1.022044088176352701e-07 8.004574638783914270e+05
1.024448897795591195e-07 8.004465939672180684e+05
1.026853707414829688e-07 8.004359823386643548e+05
1.029258517034068049e-07 8.004256228556138230e+05
1.031663326653306543e-07 8.004155095267754514e+05
1.034068136272545036e-07 8.004056365032186732e+05
1.036472945891783529e-07 8.003959980749909300e+05
1.038877755511022023e-07 8.003865886678152019e+05
1.041282565130260516e-07 8.003774028398662340e+05
1.043687374749499010e-07 8.003684352786232485e+05
1.046092184368737503e-07 8.003596807977976277e+05
1.048496993987975997e-07 8.003511343343335902e+05
1.050901803607214358e-07 8.003427909454794135e+05
1.053306613226452851e-07 8.003346458059299039e+05
1.055711422845691345e-07 8.003266942050345242e+05
1.058116232464929838e-07 8.003189315440742066e+05
1.060521042084168332e-07 8.003113533336006803e+05
1.062925851703406825e-07 8.003039551908408757e+05
1.065330661322645318e-07 8.002967328371618642e+05
1.067735470941883680e-07 8.002896820955962176e+05
1.070140280561122173e-07 8.002827988884265069e+05
1.072545090180360666e-07 8.002760792348268442e+05
1.074949899799599160e-07 8.002695192485610023e+05
1.077354709418837653e-07 8.002631151357343188e+05
1.079759519038076147e-07 8.002568631925997324e+05
1.082164328657314640e-07 8.002507598034162074e+05
1.084569138276553134e-07 8.002448014383566333e+05
1.086973947895791627e-07 8.002389846514676465e+05
1.089378757515029988e-07 8.002333060786754359e+05
1.091783567134268482e-07 8.002277624358410249e+05
1.094188376753506975e-07 8.002223505168608390e+05
1.096593186372745469e-07 8.002170671918120934e+05
1.098997995991983962e-07 8.002119094051427674e+05
1.101402805611222455e-07 8.002068741739048855e+05
1.103807615230460949e-07 8.002019585860286606e+05
1.106212424849699310e-07 8.001971597986391280e+05
1.108617234468937803e-07 8.001924750364110805e+05
1.111022044088176297e-07 8.001879015899648657e+05
1.113426853707414790e-07 8.001834368142990861e+05
1.115831663326653284e-07 8.001790781272604363e+05
1.118236472945891777e-07 8.001748230080513749e+05
1.120641282565130271e-07 8.001706689957712078e+05
1.123046092184368764e-07 8.001666136879934929e+05
1.125450901803607258e-07 8.001626547393762739e+05
1.127855711422845619e-07 8.001587898603061913e+05
1.130260521042084112e-07 8.001550168155734427e+05
1.132665330661322606e-07 8.001513334230800392e+05
1.135070140280561099e-07 8.001477375525771640e+05
1.137474949899799592e-07 8.001442271244333824e+05
1.139879759519038086e-07 8.001408001084318385e+05
1.142284569138276579e-07 8.001374545225962065e+05
1.144689378757514940e-07 8.001341884320444660e+05
1.147094188376753434e-07 8.001309999478695681e+05
1.149498997995991927e-07 8.001278872260475764e+05
1.151903807615230421e-07 8.001248484663704876e+05
1.154308617234468914e-07 8.001218819114059443e+05
1.156713426853707408e-07 8.001189858454798814e+05
1.159118236472945901e-07 8.001161585936850170e+05
1.161523046092184395e-07 8.001133985209120438e+05
1.163927855711422888e-07 8.001107040309036383e+05
1.166332665330661249e-07 8.001080735653318698e+05
1.168737474949899743e-07 8.001055056028962135e+05
1.171142284569138236e-07 8.001029986584446160e+05
1.173547094188376730e-07 8.001005512821135344e+05
1.175951903807615223e-07 8.000981620584905613e+05
1.178356713426853716e-07 8.000958296057947446e+05
1.180761523046092210e-07 8.000935525750783272e+05
1.183166332665330571e-07 8.000913296494459501e+05
1.185571142284569064e-07 8.000891595432936447e+05
1.187975951903807558e-07 8.000870410015647067e+05
1.190380761523046051e-07 8.000849727990241954e+05
1.192785571142284545e-07 8.000829537395505467e+05
1.195190380761522906e-07 8.000809826554431347e+05
1.197595190380761532e-07 8.000790584067475284e+05
1.199999999999999893e-07 8.000771798805962317e+05
---------------
