field_vs_time
---------------
0.000000000000000000e+00 2.500000000000000000e+06
2.404809619238476905e-10 2.500000000000000000e+06
4.809619238476953810e-10 2.500000000000000000e+06
7.214428857715430714e-10 2.500000000000000000e+06
9.619238476953907619e-10 2.500000000000000000e+06
1.202404809619238452e-09 2.500000000000000000e+06
1.442885771543086143e-09 2.500000000000000000e+06
1.683366733466933833e-09 2.500000000000000000e+06
1.923847695390781524e-09 2.500000000000000000e+06
2.164328657314629214e-09 2.500000000000000000e+06
2.404809619238476905e-09 2.500000000000000000e+06
2.645290581162324595e-09 2.500000000000000000e+06
2.885771543086172286e-09 2.500000000000000000e+06
3.126252505010019976e-09 2.500000000000000000e+06
3.366733466933867667e-09 2.500000000000000000e+06
3.607214428857715357e-09 2.500000000000000000e+06
3.847695390781563048e-09 2.500000000000000000e+06
4.088176352705410738e-09 2.500000000000000000e+06
4.328657314629258429e-09 2.500000000000000000e+06
4.569138276553106119e-09 2.500000000000000000e+06
4.809619238476953810e-09 2.500000000000000000e+06
5.050100200400801500e-09 2.500000000000000000e+06
5.290581162324649190e-09 2.500000000000000000e+06
5.531062124248496881e-09 2.500000000000000000e+06
5.771543086172344571e-09 2.500000000000000000e+06
6.012024048096192262e-09 2.500000000000000000e+06
6.252505010020039952e-09 2.500000000000000000e+06
6.492985971943887643e-09 2.500000000000000000e+06
6.733466933867735333e-09 2.500000000000000000e+06
6.973947895791583024e-09 2.500000000000000000e+06
7.214428857715430714e-09 2.500000000000000000e+06
7.454909819639278405e-09 2.500000000000000000e+06
7.695390781563126095e-09 2.500000000000000000e+06
7.935871743486973786e-09 2.500000000000000000e+06
8.176352705410821476e-09 2.500000000000000000e+06
8.416833667334669167e-09 2.500000000000000000e+06
8.657314629258516857e-09 2.500000000000000000e+06
8.897795591182364548e-09 2.500000000000000000e+06
9.138276553106212238e-09 2.500000000000000000e+06
9.378757515030059929e-09 2.500000000000000000e+06
9.619238476953907619e-09 2.500000000000000000e+06
9.859719438877755310e-09 2.500000000000000000e+06
1.010020040080160300e-08 2.500000000000000000e+06
1.034068136272545069e-08 2.500000000000000000e+06
1.058116232464929838e-08 2.500000000000000000e+06
1.082164328657314607e-08 2.500000000000000000e+06
1.106212424849699376e-08 2.500000000000000000e+06
1.130260521042084145e-08 2.500000000000000000e+06
1.154308617234468914e-08 2.500000000000000000e+06
1.178356713426853683e-08 2.500000000000000000e+06
1.202404809619238452e-08 2.500000000000000000e+06
1.226452905811623221e-08 2.500000000000000000e+06
1.250501002004007990e-08 2.500000000000000000e+06
1.274549098196392760e-08 2.500000000000000000e+06
1.298597194388777529e-08 2.500000000000000000e+06
1.322645290581162298e-08 2.500000000000000000e+06
1.346693386773547067e-08 2.500000000000000000e+06
1.370741482965931836e-08 2.500000000000000000e+06
1.394789579158316605e-08 2.500000000000000000e+06
1.418837675350701374e-08 2.500000000000000000e+06
1.442885771543086143e-08 2.500000000000000000e+06
1.466933867735470912e-08 2.500000000000000000e+06
1.490981963927855681e-08 2.500000000000000000e+06
1.515030060120240285e-08 2.500000000000000000e+06
1.539078156312625219e-08 2.500000000000000000e+06
1.563126252505010154e-08 2.500000000000000000e+06
1.587174348697394757e-08 2.500000000000000000e+06
1.611222444889779361e-08 2.500000000000000000e+06
1.635270541082164295e-08 2.500000000000000000e+06
1.659318637274549230e-08 2.500000000000000000e+06
1.683366733466933833e-08 2.500000000000000000e+06
1.707414829659318437e-08 2.500000000000000000e+06
1.731462925851703371e-08 2.500000000000000000e+06
1.755511022044088306e-08 2.500000000000000000e+06
1.779559118236472910e-08 2.500000000000000000e+06
1.803607214428857513e-08 2.500000000000000000e+06
1.827655310621242448e-08 2.500000000000000000e+06
1.851703406813627382e-08 2.500000000000000000e+06
1.875751503006011986e-08 2.500000000000000000e+06
1.899799599198396589e-08 2.500000000000000000e+06
1.923847695390781524e-08 2.500000000000000000e+06
1.947895791583166458e-08 2.500000000000000000e+06
1.971943887775551062e-08 2.500000000000000000e+06
1.995991983967935666e-08 2.500000000000000000e+06
2.020040080160320600e-08 2.462302836390747689e+06
2.044088176352705534e-08 2.418052202918558381e+06
2.068136272545090138e-08 2.374853019578124862e+06
2.092184368737474742e-08 2.332680302605534904e+06
2.116232464929859676e-08 2.291509661882206798e+06
2.140280561122244611e-08 2.251317286829134915e+06
2.164328657314629214e-08 2.212079932636310812e+06
2.188376753507013818e-08 2.173774906819343567e+06
2.212424849699398752e-08 2.136380056095516309e+06
2.236472945891783687e-08 2.099873753571688198e+06
2.260521042084168290e-08 2.064234886236617342e+06
2.284569138276552894e-08 2.029442842750488548e+06
2.308617234468937829e-08 1.995477501524576684e+06
2.332665330661322763e-08 1.962319219084150856e+06
2.356713426853707367e-08 1.929948818707892438e+06
2.380761523046091970e-08 1.898347579337248579e+06
2.404809619238476905e-08 1.867497224749321816e+06
2.428857715430861839e-08 1.837379912987020100e+06
2.452905811623246443e-08 1.807978226040360285e+06
2.476953907815631046e-08 1.779275159772957209e+06
2.501002004008015981e-08 1.751254114087871276e+06
2.525050100200400915e-08 1.723898883327130228e+06
2.549098196392785519e-08 1.697193646899366053e+06
2.573146292585170123e-08 1.671122960130154388e+06
2.597194388777555057e-08 1.645671745329759549e+06
2.621242484969939992e-08 1.620825283073122147e+06
2.645290581162324595e-08 1.596569203687044326e+06
2.669338677354709199e-08 1.572889478939649183e+06
2.693386773547094133e-08 1.549772413927310845e+06
2.717434869739479068e-08 1.527204639154360164e+06
2.741482965931863671e-08 1.505173102800987195e+06
2.765531062124248275e-08 1.483665063174866140e+06
2.789579158316633210e-08 1.462668081342140678e+06
2.813627254509018144e-08 1.442170013933506794e+06
2.837675350701402748e-08 1.422159006121230777e+06
2.861723446893787351e-08 1.402623484763040673e+06
2.885771543086172286e-08 1.383552151708931196e+06
2.909819639278557220e-08 1.364933977267005015e+06
2.933867735470941824e-08 1.346758193824572954e+06
2.957915831663326427e-08 1.329014289620825555e+06
2.981963927855711362e-08 1.311692002667474793e+06
3.006012024048096296e-08 1.294781314813848585e+06
3.030060120240480569e-08 1.278272445953004993e+06
3.054108216432865504e-08 1.262155848365514539e+06
3.078156312625250438e-08 1.246422201197647955e+06
3.102204408817635373e-08 1.231062405070762616e+06
3.126252505010020307e-08 1.216067576818777248e+06
3.150300601202404580e-08 1.201429044350695563e+06
3.174348697394789514e-08 1.187138341635196004e+06
3.198396793587174449e-08 1.173187203804400982e+06
3.222444889779558722e-08 1.159567562373980647e+06
3.246492985971943656e-08 1.146271540576835163e+06
3.270541082164328590e-08 1.133291448807656299e+06
3.294589178356713525e-08 1.120619780175730120e+06
3.318637274549098459e-08 1.108249206163408700e+06
3.342685370741482732e-08 1.096172572387746768e+06
3.366733466933867667e-08 1.084382894462842261e+06
3.390781563126252601e-08 1.072873353960496141e+06
3.414829659318636874e-08 1.061637294466851279e+06
3.438877755511021808e-08 1.050668217732727993e+06
3.462925851703406743e-08 1.039959779915436637e+06
3.486973947895791677e-08 1.029505787909886101e+06
3.511022044088176612e-08 1.019300195766871097e+06
3.535070140280560885e-08 1.009337101196465082e+06
3.559118236472945819e-08 9.996107421544963727e+05
3.583166332665330754e-08 9.901154935101356823e+05
3.607214428857715026e-08 9.808458637926644878e+05
3.631262525050099961e-08 9.717964920155426953e+05
3.655310621242484895e-08 9.629621445759442868e+05
3.679358717434869830e-08 9.543377122279608157e+05
3.703406813627254764e-08 9.459182071277261712e+05
3.727454909819639037e-08 9.376987599487530533e+05
3.751503006012023971e-08 9.296746170658124611e+05
3.775551102204408906e-08 9.218411378057280090e+05
3.799599198396793179e-08 9.141937917634942569e+05
3.823647294589178113e-08 9.067281561821680516e+05
3.847695390781563048e-08 8.994399133950161049e+05
3.871743486973947982e-08 8.923248483284413815e+05
3.895791583166332917e-08 8.853788460642420687e+05
3.919839679358717189e-08 8.785978894597947365e+05
3.943887775551102124e-08 8.719780568247849587e+05
3.967935871743487058e-08 8.655155196531417314e+05
3.991983967935871331e-08 8.592065404088641517e+05
4.016032064128256266e-08 8.530474703644579276e+05
4.040080160320641200e-08 8.470347474907368887e+05
4.064128256513026134e-08 8.411648943967615487e+05
4.088176352705411069e-08 8.354345163187296130e+05
4.112224448897795342e-08 8.298402991566525307e+05
4.136272545090180276e-08 8.243790075576823438e+05
4.160320641282565211e-08 8.190474830449819565e+05
4.184368737474949483e-08 8.138426421910560457e+05
4.208416833667334418e-08 8.087614748344835825e+05
4.232464929859719352e-08 8.038010423390266951e+05
4.256513026052104287e-08 7.989584758941017790e+05
4.280561122244489221e-08 7.942309748556357808e+05
4.304609218436873494e-08 7.896158051263452508e+05
4.328657314629258429e-08 7.851102975745007861e+05
4.352705410821643363e-08 7.807118464902656851e+05
4.376753507014027636e-08 7.764179080787122948e+05
4.400801603206412570e-08 7.722259989886467811e+05
4.424849699398797505e-08 7.681336948763905093e+05
4.448897795591182439e-08 7.641386290036889259e+05
4.472945891783567374e-08 7.602384908689339645e+05
4.496993987975951646e-08 7.564310248709119624e+05
4.521042084168336581e-08 7.527140290043014102e+05
4.545090180360721515e-08 7.490853535861682612e+05
4.569138276553105788e-08 7.455429000127211912e+05
4.593186372745490723e-08 7.420846195456065470e+05
4.617234468937875657e-08 7.387085121270444943e+05
4.641282565130260592e-08 7.354126252231174149e+05
4.665330661322645526e-08 7.321950526945440797e+05
4.689378757515029799e-08 7.290539336942852242e+05
4.713426853707414733e-08 7.259874515913435025e+05
4.737474949899799668e-08 7.229938329201351153e+05
4.761523046092183941e-08 7.200713463548262371e+05
4.785571142284568875e-08 7.172183017080399441e+05
4.809619238476953810e-08 7.144330489533549407e+05
4.833667334669338744e-08 7.117139772710319376e+05
4.857715430861723678e-08 7.090595141164134257e+05
4.881763527054107951e-08 7.064681243104604073e+05
4.905811623246492886e-08 7.039383091518987203e+05
4.929859719438877820e-08 7.014686055504621472e+05
4.953907815631262093e-08 6.990575851807303261e+05
4.977955911823647027e-08 6.967038536560725188e+05
5.002004008016031962e-08 6.944060497222201666e+05
5.026052104208416896e-08 6.921628444700004766e+05
5.050100200400801831e-08 6.899729405667770188e+05
5.074148296593186104e-08 6.878350715061512310e+05
5.098196392785571038e-08 6.857480008754932787e+05
5.122244488977955973e-08 6.837105216408763081e+05
5.146292585170340245e-08 6.817214554490022128e+05
5.170340681362725180e-08 6.797796519457136746e+05
5.194388777555110114e-08 6.778839881107003894e+05
5.218436873747495049e-08 6.760333676080123987e+05
5.242484969939879983e-08 6.742267201520062517e+05
5.266533066132264256e-08 6.724630008883579867e+05
5.290581162324649190e-08 6.707411897897827439e+05
5.314629258517034125e-08 6.690602910661138594e+05
5.338677354709418398e-08 6.674193325883982470e+05
5.362725450901803332e-08 6.658173653266768670e+05
5.386773547094188267e-08 6.642534628011239693e+05
5.410821643286573201e-08 6.627267205462274142e+05
5.434869739478958136e-08 6.612362555877016857e+05
5.458917835671342408e-08 6.597812059318291722e+05
5.482965931863727343e-08 6.583607300669362303e+05
5.507014028056112277e-08 6.569740064767136937e+05
5.531062124248496550e-08 6.556202331651027780e+05
5.555110220440881485e-08 6.542986271924690809e+05
5.579158316633266419e-08 6.530084242227986688e+05
5.603206412825651354e-08 6.517488780816525687e+05
5.627254509018036288e-08 6.505192603246254148e+05
5.651302605210420561e-08 6.493188598160573747e+05
5.675350701402805495e-08 6.481469823177573271e+05
5.699398797595190430e-08 6.470029500874977093e+05
5.723446893787574702e-08 6.458861014870497165e+05
5.747494989979959637e-08 6.447957905995324254e+05
5.771543086172344571e-08 6.437313868558541872e+05
5.795591182364729506e-08 6.426922746700298740e+05
5.819639278557114440e-08 6.416778530831633834e+05
5.843687374749498713e-08 6.406875354158901609e+05
5.867735470941883648e-08 6.397207489290776430e+05
5.891783567134268582e-08 6.387769344925878104e+05
5.915831663326652855e-08 6.378555462619109312e+05
5.939879759519037789e-08 6.369560513624821324e+05
5.963927855711422724e-08 6.360779295814994257e+05
5.987975951903807658e-08 6.352206730670646066e+05
6.012024048096192593e-08 6.343837860344727524e+05
6.036072144288577527e-08 6.335667844794805860e+05
6.060120240480961138e-08 6.327691958983880468e+05
6.084168336673346073e-08 6.319905590147713665e+05
6.108216432865731007e-08 6.312304235127083957e+05
6.132264529058115942e-08 6.304883497763442574e+05
6.156312625250500876e-08 6.297639086356436601e+05
6.180360721442885811e-08 6.290566811181856319e+05
6.204408817635270745e-08 6.283662582068556221e+05
6.228456913827655680e-08 6.276922406032945728e+05
6.252505010020040614e-08 6.270342384969695704e+05
6.276553106212424225e-08 6.263918713397312677e+05
6.300601202404809160e-08 6.257647676257279236e+05
6.324649298597194094e-08 6.251525646765492857e+05
6.348697394789579029e-08 6.245549084314755164e+05
6.372745490981963963e-08 6.239714532427103259e+05
6.396793587174348898e-08 6.234018616754791001e+05
6.420841683366733832e-08 6.228458043128777063e+05
6.444889779559117443e-08 6.223029595653576544e+05
6.468937875751502378e-08 6.217730134847383015e+05
6.492985971943887312e-08 6.212556595826385310e+05
6.517034068136272246e-08 6.207505986532228999e+05
6.541082164328657181e-08 6.202575386001587613e+05
6.565130260521042115e-08 6.197761942676861072e+05
6.589178356713427050e-08 6.193062872757007135e+05
6.613226452905811984e-08 6.188475458587561734e+05
6.637274549098196919e-08 6.183997047088912223e+05
6.661322645290580530e-08 6.179625048221920151e+05
6.685370741482965464e-08 6.175356933490001829e+05
6.709418837675350399e-08 6.171190234476799378e+05
6.733466933867735333e-08 6.167122541418600595e+05
6.757515030060120268e-08 6.163151501810677582e+05
6.781563126252505202e-08 6.159274819046743214e+05
6.805611222444890137e-08 6.155490251090736128e+05
6.829659318637273748e-08 6.151795609180158935e+05
6.853707414829658682e-08 6.148188756560239708e+05
6.877755511022043617e-08 6.144667607248157728e+05
6.901803607214428551e-08 6.141230124826639658e+05
6.925851703406813486e-08 6.137874321266221814e+05
6.949899799599198420e-08 6.134598255775497528e+05
6.973947895791583355e-08 6.131400033678676700e+05
6.997995991983968289e-08 6.128277805319825420e+05
7.022044088176353224e-08 6.125229764993137214e+05
7.046092184368736835e-08 6.122254149898623582e+05
7.070140280561121769e-08 6.119349239122617291e+05
7.094188376753506704e-08 6.116513352642502869e+05
7.118236472945891638e-08 6.113744850355092203e+05
7.142284569138276573e-08 6.111042131128091132e+05
7.166332665330661507e-08 6.108403631874101702e+05
7.190380761523046442e-08 6.105827826646626927e+05
7.214428857715430053e-08 6.103313225757561158e+05
7.238476953907814987e-08 6.100858374915639870e+05
7.262525050100199922e-08 6.098461854385368060e+05
7.286573146292584856e-08 6.096122278165937169e+05
7.310621242484969790e-08 6.093838293189640390e+05
7.334669338677354725e-08 6.091608578539342852e+05
7.358717434869739659e-08 6.089431844684547978e+05
7.382765531062124594e-08 6.087306832735606004e+05
7.406813627254509528e-08 6.085232313715654891e+05
7.430861723446893139e-08 6.083207087849851232e+05
7.454909819639278074e-08 6.081229983871495351e+05
7.478957915831663008e-08 6.079299858344641980e+05
7.503006012024047943e-08 6.077415595002807677e+05
7.527054108216432877e-08 6.075576104103389662e+05
7.551102204408817812e-08 6.073780321797427023e+05
7.575150300601202746e-08 6.072027209514332935e+05
7.599198396793586357e-08 6.070315753361250972e+05
7.623246492985971292e-08 6.068644963536680443e+05
7.647294589178356226e-08 6.067013873758038972e+05
7.671342685370741161e-08 6.065421540702816565e+05
7.695390781563126095e-08 6.063867043463024311e+05
7.719438877755511030e-08 6.062349483012591954e+05
7.743486973947895964e-08 6.060867981687427964e+05
7.767535070140280899e-08 6.059421682677830104e+05
7.791583166332665833e-08 6.058009749532964779e+05
7.815631262525049444e-08 6.056631365677107824e+05
7.839679358717434379e-08 6.055285733937394107e+05
7.863727454909819313e-08 6.053972076082774438e+05
7.887775551102204248e-08 6.052689632373941131e+05
7.911823647294589182e-08 6.051437661123935832e+05
7.935871743486974117e-08 6.050215438269207953e+05
7.959919839679359051e-08 6.049022256950855954e+05
7.983967935871742662e-08 6.047857427105825627e+05
8.008016032064127597e-08 6.046720275067822076e+05
8.032064128256512531e-08 6.045610143177697901e+05
8.056112224448897466e-08 6.044526389403106878e+05
8.080160320641282400e-08 6.043468386967189144e+05
8.104208416833667334e-08 6.042435523986086482e+05
8.128256513026052269e-08 6.041427203115057200e+05
8.152304609218437203e-08 6.040442841203019489e+05
8.176352705410822138e-08 6.039481868955285754e+05
8.200400801603205749e-08 6.038543730604315642e+05
8.224448897795590683e-08 6.037627883588302648e+05
8.248496993987975618e-08 6.036733798237378942e+05
8.272545090180360552e-08 6.035860957467295229e+05
8.296593186372745487e-08 6.035008856480367249e+05
8.320641282565130421e-08 6.034177002473531757e+05
8.344689378757515356e-08 6.033364914353338536e+05
8.368737474949898967e-08 6.032572122457718942e+05
8.392785571142283901e-08 6.031798168284357525e+05
8.416833667334668836e-08 6.031042604225525865e+05
8.440881763527053770e-08 6.030304993309210986e+05
8.464929859719438705e-08 6.029584908946399810e+05
8.488977955911823639e-08 6.028881934684365988e+05
8.513026052104208574e-08 6.028195663965817075e+05
8.537074148296593508e-08 6.027525699893768178e+05
8.561122244488978443e-08 6.026871655002001207e+05
8.585170340681362054e-08 6.026233151030977024e+05
8.609218436873746988e-08 6.025609818709074752e+05
8.633266533066131923e-08 6.025001297539026709e+05
8.657314629258516857e-08 6.024407235589429038e+05
8.681362725450901792e-08 6.023827289291204652e+05
8.705410821643286726e-08 6.023261123238907894e+05
8.729458917835671661e-08 6.022708409996741684e+05
8.753507014028055272e-08 6.022168829909192864e+05
8.777555110220440206e-08 6.021642070916160010e+05
8.801603206412825141e-08 6.021127828372479416e+05
8.825651302605210075e-08 6.020625804871732835e+05
8.849699398797595010e-08 6.020135710074253147e+05
8.873747494989979944e-08 6.019657260539201088e+05
8.897795591182364878e-08 6.019190179560645483e+05
8.921843687374749813e-08 6.018734197007534094e+05
8.945891783567134747e-08 6.018289049167464254e+05
8.969939879759518358e-08 6.017854478594165994e+05
8.993987975951903293e-08 6.017430233958616154e+05
9.018036072144288227e-08 6.017016069903681055e+05
9.042084168336673162e-08 6.016611746902216692e+05
9.066132264529058096e-08 6.016217031118543819e+05
9.090180360721443031e-08 6.015831694273208268e+05
9.114228456913827965e-08 6.015455513510962483e+05
9.138276553106211576e-08 6.015088271271872800e+05
9.162324649298596511e-08 6.014729755165504757e+05
9.186372745490981445e-08 6.014379757848082809e+05
9.210420841683366380e-08 6.014038076902577886e+05
9.234468937875751314e-08 6.013704514721642481e+05
9.258517034068136249e-08 6.013378878393322229e+05
9.282565130260521183e-08 6.013060979589495109e+05
9.306613226452906118e-08 6.012750634456948610e+05
9.330661322645291052e-08 6.012447663511049468e+05
9.354709418837674663e-08 6.012151891531944275e+05
9.378757515030059598e-08 6.011863147463221103e+05
9.402805611222444532e-08 6.011581264312982094e+05
9.426853707414829467e-08 6.011306079057262978e+05
9.450901803607214401e-08 6.011037432545752963e+05
9.474949899799599336e-08 6.010775169409752125e+05
9.498997995991984270e-08 6.010519137972310418e+05
9.523046092184367881e-08 6.010269190160515718e+05
9.547094188376752816e-08 6.010025181419848232e+05
9.571142284569137750e-08 6.009786970630586147e+05
9.595190380761522685e-08 6.009554420026186854e+05
9.619238476953907619e-08 6.009327395113612292e+05
9.643286573146292554e-08 6.009105764595547225e+05
9.667334669338677488e-08 6.008889400294463849e+05
9.691382765531062422e-08 6.008678177078490844e+05
9.715430861723447357e-08 6.008471972789047286e+05
9.739478957915830968e-08 6.008270668170191348e+05
9.763527054108215902e-08 6.008074146799650043e+05
9.787575150300600837e-08 6.007882295021491591e+05
9.811623246492985771e-08 6.007695001880386844e+05
9.835671342685370706e-08 6.007512159057445824e+05
9.859719438877755640e-08 6.007333660807569977e+05
9.883767535070140575e-08 6.007159403898293385e+05
9.907815631262524186e-08 6.006989287550086156e+05
9.931863727454909120e-08 6.006823213378062937e+05
9.955911823647294055e-08 6.006661085335084936e+05
9.979959919839678989e-08 6.006502809656215832e+05
1.000400801603206392e-07 6.006348294804488542e+05
1.002805611222444886e-07 6.006197451417968841e+05
1.005210420841683379e-07 6.006050192258072784e+05
1.007615230460921873e-07 6.005906432159115793e+05
1.010020040080160366e-07 6.005766087979052681e+05
1.012424849699398727e-07 6.005629078551400453e+05
1.014829659318637221e-07 6.005495324638290331e+05
1.017234468937875714e-07 6.005364748884643195e+05
1.019639278557114208e-07 6.005237275773436995e+05
1.022044088176352701e-07 6.005112831582021900e+05
1.024448897795591195e-07 6.004991344339495990e+05
1.026853707414829688e-07 6.004872743785072817e+05
1.029258517034068049e-07 6.004756961327448953e+05
1.031663326653306543e-07 6.004643930005136644e+05
1.034068136272545036e-07 6.004533584447738249e+05
1.036472945891783529e-07 6.004425860838133376e+05
1.038877755511022023e-07 6.004320696875581052e+05
1.041282565130260516e-07 6.004218031739681028e+05
1.043687374749499010e-07 6.004117806055201218e+05
1.046092184368737503e-07 6.004019961857738672e+05
1.048496993987975997e-07 6.003924442560198950e+05
1.050901803607214358e-07 6.003831192920064786e+05
1.053306613226452851e-07 6.003740159007451730e+05
1.055711422845691345e-07 6.003651288173915818e+05
1.058116232464929838e-07 6.003564529022005154e+05
1.060521042084168332e-07 6.003479831375536742e+05
1.062925851703406825e-07 6.003397146250575315e+05
1.065330661322645318e-07 6.003316425827103667e+05
1.067735470941883680e-07 6.003237623421369353e+05
1.070140280561122173e-07 6.003160693458884489e+05
1.072545090180360666e-07 6.003085591448064661e+05
1.074949899799599160e-07 6.003012273954505799e+05
1.077354709418837653e-07 6.002940698575853603e+05
1.079759519038076147e-07 6.002870823917291127e+05
1.082164328657314640e-07 6.002802609567592153e+05
1.084569138276553134e-07 6.002736016075750813e+05
1.086973947895791627e-07 6.002671004928167677e+05
1.089378757515029988e-07 6.002607538526372518e+05
1.091783567134268482e-07 6.002545580165282590e+05
1.094188376753506975e-07 6.002485094011974288e+05
1.096593186372745469e-07 6.002426045084958896e+05
1.098997995991983962e-07 6.002368399233948439e+05
1.101402805611222455e-07 6.002312123120112810e+05
1.103807615230460949e-07 6.002257184196790913e+05
1.106212424849699310e-07 6.002203550690672128e+05
1.108617234468937803e-07 6.002151191583417822e+05
1.111022044088176297e-07 6.002100076593725244e+05
1.113426853707414790e-07 6.002050176159812836e+05
1.115831663326653284e-07 6.002001461422323482e+05
1.118236472945891777e-07 6.001953904207632877e+05
1.120641282565130271e-07 6.001907477011560695e+05
1.123046092184368764e-07 6.001862152983456617e+05
1.125450901803607258e-07 6.001817905910676345e+05
1.127855711422845619e-07 6.001774710203422001e+05
1.130260521042084112e-07 6.001732540879938751e+05
1.132665330661322606e-07 6.001691373552071163e+05
1.135070140280561099e-07 6.001651184411157155e+05
1.137474949899799592e-07 6.001611950214254903e+05
1.139879759519038086e-07 6.001573648270708509e+05
1.142284569138276579e-07 6.001536256429016357e+05
1.144689378757514940e-07 6.001499753064025426e+05
1.147094188376753434e-07 6.001464117064424790e+05
1.149498997995991927e-07 6.001429327820531325e+05
1.151903807615230421e-07 6.001395365212376928e+05
1.154308617234468914e-07 6.001362209598065820e+05
1.156713426853707408e-07 6.001329841802421724e+05
1.159118236472945901e-07 6.001298243105891161e+05
1.161523046092184395e-07 6.001267395233722636e+05
1.163927855711422888e-07 6.001237280345393810e+05
1.166332665330661249e-07 6.001207881024297094e+05
1.168737474949899743e-07 6.001179180267663905e+05
1.171142284569138236e-07 6.001151161476733396e+05
1.173547094188376730e-07 6.001123808447151678e+05
1.175951903807615223e-07 6.001097105359600391e+05
1.178356713426853716e-07 6.001071036770647625e+05
1.180761523046092210e-07 6.001045587603816530e+05
1.183166332665330571e-07 6.001020743140866980e+05
1.185571142284569064e-07 6.000996489013280952e+05
1.187975951903807558e-07 6.000972811193957459e+05
1.190380761523046051e-07 6.000949695989093743e+05
1.192785571142284545e-07 6.000927130030270200e+05
1.195190380761522906e-07 6.000905100266716909e+05
1.197595190380761532e-07 6.000883593957766425e+05
1.199999999999999893e-07 6.000862598665487021e+05
---------------
