efield[V/m]_vs_energy[eV]
AIR
COMMENT: Bolsig+
-----------------------
247200.394718516  0.9399
746545.192049918  1.087
1246137.18977604  1.237
1745481.98710744  1.66
2245073.98483356  2.305
2743924.38137553  2.992
3243269.17870693  3.613
3742613.97603833  4.163
4241958.77336973  4.646
4741303.57070113  5.1
5240648.36803253  5.467
5739993.16536394  5.854
6239337.96269534  6.19
6741154.76397392  6.518
7240499.56130533  6.841
7739844.35863673  7.156
8239189.15596813  7.466
8738533.95329953  7.768
9237878.75063093  8.066
9737223.54796233  8.358
10236568.3452937  8.646
10735913.1426251  8.933
11235257.9399565  9.216
11734602.7372879  9.498
12233947.5346193  9.778
12733292.3319507  10.06
13232637.1292821  10.33
13731981.9266135  10.61
14231326.723945   10.89
14730671.5212764  11.16
15230016.3186078  11.44
15729361.1159392  11.71
16228705.9132706  11.98
16728050.710602   12.26
17227395.5079334  12.53
17726740.3052648  12.8
18226085.1025962  13.07
18727901.9038748  13.34
19227246.7012062  13.61
19726591.4985376  13.88
20225936.295869   14.15
20725281.0932004  14.42
21224625.8905318  14.69
21723970.6878632  14.96
22223315.4851946  15.23
22722660.282526   15.5
23222005.0798574  15.77
23721349.8771888  16.04
24220694.6745202  16.3
24720039.4718516  16.57
-----------------------

efield[V/m]_vs_mu[m2/Vs]
AIR
COMMENT: Bolsig+
-----------------------
247200.394718516  0.0819982509
746545.192049918  0.0610435918
1246137.18977604  0.0547733753
1745481.98710744  0.0510516984
2245073.98483356  0.0483817998
2743924.38137553  0.0463186963
3243269.17870693  0.0447005759
3742613.97603833  0.0434060796
4241958.77336973  0.0423543013
4741303.57070113  0.0415452411
5240648.36803253  0.0404530098
5739993.16536394  0.0398300335
6239337.96269534  0.0390128827
6741154.76397392  0.0383170909
7240499.56130533  0.0376900693
7739844.35863673  0.0371115912
8239189.15596813  0.0365695209
8738533.95329953  0.0360517224
9237878.75063093  0.035562241
9737223.54796233  0.0350808501
10236568.3452937  0.0346156405
10735913.1426251  0.034178748
11235257.9399565  0.0337580367
11734602.7372879  0.0333535066
12233947.5346193  0.0329651577
12733292.3319507  0.03259299
13232637.1292821  0.0322450941
13731981.9266135  0.0319052889
14231326.723945   0.0315695289
14730671.5212764  0.0312539954
15230016.3186078  0.0309465525
15729361.1159392  0.0306472003
16228705.9132706  0.0303680745
16728050.710602   0.0300970393
17227395.5079334  0.0298340948
17726740.3052648  0.0295792408
18226085.1025962  0.0293284321
18727901.9038748  0.0290857141
19227246.7012062  0.028842996
19726591.4985376  0.0286124139
20225936.295869   0.0283899223
20725281.0932004  0.0281714761
21224625.8905318  0.0279570751
21723970.6878632  0.0277588554
22223315.4851946  0.0275606356
22722660.282526   0.0273664612
23222005.0798574  0.0271803773
23721349.8771888  0.0269942935
24220694.6745202  0.0268122549
24720039.4718516  0.0266342617
-----------------------

efield[V/m]_vs_dif[m2/s]
AIR
COMMENT:
-----------------------
247200.394718516  0.0756471284
746545.192049918  0.0759302995
1246137.18977604  0.0764966416
1745481.98710744  0.0837781834
2245073.98483356  0.0969254116
2743924.38137553  0.1115289481
3243269.17870693  0.1247570823
3742613.97603833  0.1363670962
4241958.77336973  0.1463185366
4741303.57070113  0.1555418228
5240648.36803253  0.1621761164
5739993.16536394  0.1696599233
6239337.96269534  0.1753637977
6741154.76397392  0.181067672
7240499.56130533  0.1864883754
7739844.35863673  0.1916663606
8239189.15596813  0.1966825338
8738533.95329953  0.201415536
9237878.75063093  0.2059462731
9737223.54796233  0.2101938391
10236568.3452937  0.2142795931
10735913.1426251  0.2182844411
11235257.9399565  0.22216793
11734602.7372879  0.225970513
12233947.5346193  0.2296517369
12733292.3319507  0.2332925077
13232637.1292821  0.2369332786
13731981.9266135  0.2404931435
14231326.723945   0.2438911963
14730671.5212764  0.2473297022
15230016.3186078  0.250646849
15729361.1159392  0.2539235428
16228705.9132706  0.2572811426
16728050.710602   0.2605982894
17227395.5079334  0.2638345302
17726740.3052648  0.267030318
18226085.1025962  0.2701451997
18727901.9038748  0.2732196285
19227246.7012062  0.2761726982
19726591.4985376  0.2792066739
20225936.295869   0.2822001966
20725281.0932004  0.2851128134
21224625.8905318  0.2880658831
21723970.6878632  0.2910594058
22223315.4851946  0.2939720225
22722660.282526   0.2968441862
23222005.0798574  0.2997163499
23721349.8771888  0.3025480606
24220694.6745202  0.3053393183
24720039.4718516  0.308130576
-----------------------

efield[V/m]_vs_alpha[1/m]
AIR
COMMENT: this is alpha_eff
-----------------------
247200.394718516  -3349.5653484359
746545.192049918  -1154.9202441249
1246137.18977604  -778.4340429686
1745481.98710744  -771.7596323112
2245073.98483356  -770.0292295482
2743924.38137553  -431.1174883891
3243269.17870693  474.3775574648
3742613.97603833  2094.0345436606
4241958.77336973  4484.2151601939
4741303.57070113  7697.8202915346
5240648.36803253  11699.9946820274
5739993.16536394  16532.7623987743
6239337.96269534  22104.6592957297
6741154.76397392  28477.485471573
7240499.56130533  35473.256642107
7739844.35863673  43087.0287994373
8239189.15596813  51269.3618646202
8738533.95329953  59946.0957192401
9237878.75063093  69092.5103238252
9737223.54796233  78634.4455599599
10236568.3452937  88522.4613487005
10735913.1426251  98756.5576900471
11235257.9399565  109262.574465584
11734602.7372879  119991.071596368
12233947.5346193  130942.049082398
12733292.3319507  142041.346805259
13232637.1292821  153338.404843895
13731981.9266135  164709.623000947
14231326.723945   176179.721315886
14730671.5212764  187748.699788713
15230016.3186078  199342.398301011
15729361.1159392  210985.536892253
16228705.9132706  222628.675483495
16728050.710602   234296.534114209
17227395.5079334  245964.392744923
17726740.3052648  257582.811296693
18226085.1025962  269201.229848464
18727901.9038748  280819.648400234
19227246.7012062  292438.066952004
19726591.4985376  303809.285109056
20225936.295869   315180.503266108
20725281.0932004  326551.721423159
21224625.8905318  337922.939580211
21723970.6878632  349046.957342544
22223315.4851946  360170.975104877
22722660.282526   371294.992867211
23222005.0798574  382171.810234825
23721349.8771888  393048.62760244
24220694.6745202  403925.444970055
24720039.4718516  414555.061942951
-----------------------

efield[V/m]_vs_eta[1/m]
AIR
COMMENT: dummy
-----------------------
0.0             0.0
-----------------------

efield[V/m]_vs_det[1/s]
AIR
COMMENT: generated by detach_rate.py
-----------------------
0.000000000000000000e+00 8.324086429387881125e+00
2.000000000000000000e+05 9.357920152448031104e+00
4.000000000000000000e+05 1.318745145322133361e+01
6.000000000000000000e+05 2.276370255195282155e+01
8.000000000000000000e+05 4.650705019706089161e+01
1.000000000000000000e+06 1.079928884385175252e+02
1.200000000000000000e+06 2.733926987761603868e+02
1.400000000000000000e+06 7.259325398062208023e+02
1.600000000000000000e+06 1.955977406847825478e+03
1.800000000000000000e+06 5.209425052434919053e+03
2.000000000000000000e+06 1.345105776506275652e+04
2.200000000000000000e+06 3.323000786197742855e+04
2.400000000000000000e+06 7.791267234430395183e+04
2.600000000000000000e+06 1.726725067927518976e+05
2.800000000000000000e+06 3.613185189434950007e+05
3.000000000000000000e+06 7.145255039183459012e+05
3.200000000000000000e+06 1.338447601452734089e+06
3.400000000000000000e+06 2.382274881044954062e+06
3.600000000000000000e+06 4.043215165166710969e+06
3.800000000000000000e+06 6.567703324001409113e+06
4.000000000000000000e+06 1.024826037528956309e+07
4.200000000000000000e+06 1.541615371979120001e+07
4.400000000000000000e+06 2.243065046979962289e+07
4.600000000000000000e+06 3.166607364967879653e+07
4.800000000000000000e+06 4.349802044702487439e+07
5.000000000000000000e+06 5.829001324530585110e+07
5.200000000000000000e+06 7.638160238959576190e+07
5.400000000000000000e+06 9.807860982557627559e+07
5.600000000000000000e+06 1.236458677318972945e+08
5.800000000000000000e+06 1.533025155634082556e+08
6.000000000000000000e+06 1.872196978289355636e+08
6.200000000000000000e+06 2.255203592246665955e+08
6.400000000000000000e+06 2.682807563816021085e+08
6.600000000000000000e+06 3.155332828167556524e+08
6.800000000000000000e+06 3.672702201667956710e+08
7.000000000000000000e+06 4.234480699716270566e+08
7.200000000000000000e+06 4.839921742823249102e+08
7.400000000000000000e+06 5.488013913453531265e+08
7.600000000000000000e+06 6.177526485798633099e+08
7.800000000000000000e+06 6.907052454198694229e+08
8.000000000000000000e+06 7.675048215549974442e+08
8.200000000000000000e+06 8.479869411603969336e+08
8.400000000000000000e+06 9.319802711630172729e+08
8.600000000000000000e+06 1.019309352219868183e+09
8.800000000000000000e+06 1.109796975873751640e+09
9.000000000000000000e+06 1.203266191344003677e+09
9.200000000000000000e+06 1.299541971593963146e+09
9.400000000000000000e+06 1.398452571576862097e+09
9.600000000000000000e+06 1.499830612651265144e+09
9.800000000000000000e+06 1.603513926696442604e+09
1.000000000000000000e+07 1.709346191942251205e+09
1.020000000000000000e+07 1.817177390341919661e+09
1.040000000000000000e+07 1.926864113750164509e+09
1.060000000000000000e+07 2.038269743437060118e+09
1.080000000000000000e+07 2.151264524721679688e+09
1.100000000000000000e+07 2.265725555852573872e+09
1.120000000000000000e+07 2.381536707761354446e+09
1.140000000000000000e+07 2.498588489010345936e+09
1.160000000000000000e+07 2.616777868164847374e+09
1.180000000000000000e+07 2.736008063950005531e+09
1.200000000000000000e+07 2.856188311897162914e+09
1.220000000000000000e+07 2.977233614733847141e+09
1.240000000000000000e+07 3.099064482510736942e+09
1.260000000000000000e+07 3.221606667371125221e+09
1.280000000000000000e+07 3.344790896936478138e+09
1.300000000000000000e+07 3.468552609488188744e+09
1.320000000000000000e+07 3.592831693454262257e+09
1.340000000000000000e+07 3.717572233145065308e+09
1.360000000000000000e+07 3.842722262210154533e+09
1.380000000000000000e+07 3.968233525896119118e+09
1.400000000000000000e+07 4.094061252861724854e+09
1.420000000000000000e+07 4.220163937041499615e+09
1.440000000000000000e+07 4.346503129833421707e+09
1.460000000000000000e+07 4.473043242712794304e+09
1.480000000000000000e+07 4.599751360236248016e+09
1.500000000000000000e+07 4.726597063291044235e+09
1.520000000000000000e+07 4.853552262360954285e+09
1.540000000000000000e+07 4.980591040516298294e+09
1.560000000000000000e+07 5.107689505789128304e+09
1.580000000000000000e+07 5.234825652561587334e+09
1.600000000000000000e+07 5.361979231573924065e+09
1.620000000000000000e+07 5.489131628146130562e+09
1.640000000000000000e+07 5.616265748202072144e+09
1.660000000000000000e+07 5.743365911685543060e+09
1.680000000000000000e+07 5.870417752962992668e+09
1.700000000000000000e+07 5.997408127816307068e+09
1.720000000000000000e+07 6.124325026640437126e+09
1.740000000000000000e+07 6.251157493473991394e+09
1.760000000000000000e+07 6.377895550505638123e+09
1.780000000000000000e+07 6.504530127714692116e+09
1.800000000000000000e+07 6.631052997320491791e+09
1.820000000000000000e+07 6.757456712731453896e+09
1.840000000000000000e+07 6.883734551701073647e+09
1.860000000000000000e+07 7.009880463414279938e+09
1.880000000000000000e+07 7.135889019243366241e+09
1.900000000000000000e+07 7.261755366928007126e+09
1.920000000000000000e+07 7.387475187948781967e+09
1.940000000000000000e+07 7.513044657877761841e+09
1.960000000000000000e+07 7.638460409503347397e+09
1.980000000000000000e+07 7.763719498539527893e+09
2.000000000000000000e+07 7.888819371741972923e+09
-----------------------
