efield[V/m]_vs_energy[eV]
N2
-----------------------
2.46390000E+03	0.066379
3.20307000E+03	0.080272
4.18863000E+03	0.099281
5.17419000E+03	0.11743
6.65253000E+03	0.14221
8.62365000E+03	0.17215
1.13339400E+04	0.2113
1.45370100E+04	0.2574
1.89720300E+04	0.32092
2.46390000E+04	0.39712
3.20307000E+04	0.48167
4.18863000E+04	0.5679
5.17419000E+04	0.63148
6.65253000E+04	0.70061
8.62365000E+04	0.76501
1.13339400E+05	0.82608
1.45370100E+05	0.87605
1.89720300E+05	0.92324
2.46390000E+05	0.96327
3.20307000E+05	0.99706
4.18863000E+05	1.0255
5.17419000E+05	1.0463
6.65253000E+05	1.0713
8.62365000E+05	1.0994
1.13339000E+06	1.1522
1.45370000E+06	1.2879
1.89720000E+06	1.6651
2.46390000E+06	2.3716
3.20307000E+06	3.3042
4.18863000E+06	4.3595
5.17419000E+06	5.2173
6.65253000E+06	6.2543
8.62365000E+06	7.4343
1.13339000E+07	8.9236
1.45370000E+07	10.648508
1.89720000E+07	12.978851
2.46390000E+07	15.9935
3.20307000E+07	20.057481
4.18863000E+07	25.783367
5.17419000E+07	31.919526
6.65253000E+07	41.955059
8.62365000E+07	56.988703
1.13339000E+08	80.879871
1.45370000E+08	114.05712
1.89720000E+08	168.547
2.46390000E+08	251.48423
-----------------------

energy[eV]_vs_mu[m2/Vs]
N2
-----------------------
0.066379	0.81671
0.080272	0.6742
0.099281	0.54323
0.11743	0.45804
0.14221	0.37889
0.17215	0.3175
0.2113	0.26759
0.2574	0.23054
0.32092	0.19731
0.39712	0.17029
0.48167	0.1484
0.5679	0.13081
0.63148	0.11972
0.70061	0.10883
0.76501	0.09944
0.82608	0.0909
0.87605	0.08397
0.92324	0.07729
0.96327	0.07151
0.99706	0.06644
1.0255	0.06208
1.0463	0.05903
1.0713	0.05583
1.0994	0.05274
1.1522	0.04968
1.2879	0.04694
1.6651	0.04426
2.3716	0.0421
3.3042	0.04031
4.3595	0.03867
5.2173	0.03741
6.2543	0.03577
7.4343	0.03401
8.9236	0.03198
10.648508	0.02994
12.978851	0.02787
15.9935	0.02587
20.057481	0.02391
25.783367	0.02204
31.919526	0.02068
41.955059	0.01924
56.988703	0.01797
80.879871	0.01689
114.05712	0.01613
168.547	0.0155
251.48423	0.01497
-----------------------

energy[eV]_vs_dif[m2/s]
N2
COMMENT:
-----------------------
0.066379	0.02232
0.080272	0.01953
0.099281	0.01783
0.11743	0.01767
0.14221	0.01857
0.17215	0.01993
0.2113	0.02126
0.2574	0.02244
0.32092	0.02396
0.39712	0.02594
0.48167	0.02831
0.5679	0.03066
0.63148	0.03211
0.70061	0.03318
0.76501	0.0335
0.82608	0.03308
0.87605	0.03217
0.92324	0.03078
0.96327	0.02929
0.99706	0.02782
1.0255	0.0265
1.0463	0.0257
1.0713	0.02564
1.0994	0.02393
1.1522	0.02348
1.2879	0.02658
1.6651	0.03509
2.3716	0.05332
3.3042	0.07401
4.3595	0.09627
5.2173	0.11037
6.2543	0.12454
7.4343	0.13732
8.9236	0.15335
10.648508	0.16634
12.978851	0.18467
15.9935	0.20663
20.057481	0.23639
25.783367	0.27977
31.919526	0.33012
41.955059	0.42111
56.988703	0.57398
80.879871	0.83994
114.05712	1.22058
168.547	1.78656
251.48423	2.49651
-----------------------

energy[eV]_vs_alpha[1/m]
N2
COMMENT:
-----------------------
0.066379	0
0.080272	0
0.099281	0
0.11743	0
0.14221	0
0.17215	0
0.2113	0
0.2574	0
0.32092	0
0.39712	0
0.48167	0
0.5679	0
0.63148	0
0.70061	0
0.76501	0
0.82608	0
0.87605	0
0.92324	0
0.96327	0
0.99706	0
1.0255	0
1.0463	0
1.0713	0
1.0994	5.31268553334653E-005
1.1522	0.0121735764
1.2879	0.6627168065
1.6651	14.914073386
2.3716	169.4957578095
3.3042	1057.3807311029
4.3595	4403.5621681689
5.2173	10893.1080801819
6.2543	26626.3708559183
7.4343	57190.6434343779
8.9236	111755.779948132
10.648508	186379.639779124
12.978851	292116.533395664
15.9935	418100.253745658
20.057481	557250.487819061
25.783367	698031.45649928
31.919526	796419.860382966
41.955059	886173.779177444
56.988703	936253.565850447
80.879871	936523.192645215
114.05712	893071.54429948
168.547	813229.664583773
251.48423	718541.690951035
-----------------------

energy[eV]_vs_eta[1/m]
N2
COMMENT: dummy
-----------------------
0.0             0.0
-----------------------

energy[eV]_vs_loss[eV/s]
N2
COMMENT:
-----------------------
0.066379	15827612.033454
0.080272	18148108.8503308
0.099281	21151978.5295219
0.11743	24151354.3877169
0.14221	28860129.8214954
0.17215	35707589.564349
0.2113	46137997.7530895
0.2574	59748720.5092997
0.32092	80717763.0757708
0.39712	96673948.3210585
0.48167	140294594.931969
0.5679	211698289.851454
0.63148	297934090.62539
0.70061	454109349.644239
0.76501	706790662.838597
0.82608	1129871426.78817
0.87605	1732143302.95843
0.92324	2740981150.91749
0.96327	4310604169.26726
0.99706	6817438522.03221
1.0255	10927349893.8959
1.0463	15894956934.2155
1.0713	24913743602.5465
1.0994	39670577992.9535
1.1522	64632391157.0319
1.2879	100569921830.3
1.6651	161432567724.761
2.3716	258004518354.954
3.3042	415864482948.448
4.3595	678339356438.5
5.2173	992736368791.487
6.2543	1544608163886.88
7.4343	2398973150514.79
8.9236	3730243985727.12
10.648508	5448795167810.26
12.978851	7953168991858.69
15.9935	11198335335376.4
20.057481	15307919370850.1
25.783367	20382735291287
31.919526	24923465025652.2
41.955059	30762183626738.2
56.988703	37021361677318.7
80.879871	43521760950493.1
114.05712	49079661048782.9
168.547	54443460433029.6
251.48423	59083108775059.3
-----------------------

energy[eV]_vs_efield[V/m]
N2
COMMENT:
-----------------------
0.066379	2.46390000E+03
0.080272	3.20307000E+03
0.099281	4.18863000E+03
0.11743	5.17419000E+03
0.14221	6.65253000E+03
0.17215	8.62365000E+03
0.2113	1.13339400E+04
0.2574	1.45370100E+04
0.32092	1.89720300E+04
0.39712	2.46390000E+04
0.48167	3.20307000E+04
0.5679	4.18863000E+04
0.63148	5.17419000E+04
0.70061	6.65253000E+04
0.76501	8.62365000E+04
0.82608	1.13339400E+05
0.87605	1.45370100E+05
0.92324	1.89720300E+05
0.96327	2.46390000E+05
0.99706	3.20307000E+05
1.0255	4.18863000E+05
1.0463	5.17419000E+05
1.0713	6.65253000E+05
1.0994	8.62365000E+05
1.1522	1.13339000E+06
1.2879	1.45370000E+06
1.6651	1.89720000E+06
2.3716	2.46390000E+06
3.3042	3.20307000E+06
4.3595	4.18863000E+06
5.2173	5.17419000E+06
6.2543	6.65253000E+06
7.4343	8.62365000E+06
8.9236	1.13339000E+07
10.648508	1.45370000E+07
12.978851	1.89720000E+07
15.9935	2.46390000E+07
20.057481	3.20307000E+07
25.783367	4.18863000E+07
31.919526	5.17419000E+07
41.955059	6.65253000E+07
56.988703	8.62365000E+07
80.879871	1.13339000E+08
114.05712	1.45370000E+08
168.547	1.89720000E+08
251.48423	2.46390000E+08
-----------------------

efield[V/m]_vs_mu[m2/Vs]
N2
COMMENT: Sasa data
-----------------------
2.46390000E+03	0.81671
3.20307000E+03	0.6742
4.18863000E+03	0.54323
5.17419000E+03	0.45804
6.65253000E+03	0.37889
8.62365000E+03	0.3175
1.13339400E+04	0.26759
1.45370100E+04	0.23054
1.89720300E+04	0.19731
2.46390000E+04	0.17029
3.20307000E+04	0.1484
4.18863000E+04	0.13081
5.17419000E+04	0.11972
6.65253000E+04	0.10883
8.62365000E+04	0.09944
1.13339400E+05	0.0909
1.45370100E+05	0.08397
1.89720300E+05	0.07729
2.46390000E+05	0.07151
3.20307000E+05	0.06644
4.18863000E+05	0.06208
5.17419000E+05	0.05903
6.65253000E+05	0.05583
8.62365000E+05	0.05274
1.13339000E+06	0.04968
1.45370000E+06	0.04694
1.89720000E+06	0.04426
2.46390000E+06	0.0421
3.20307000E+06	0.04031
4.18863000E+06	0.03867
5.17419000E+06	0.03741
6.65253000E+06	0.03577
8.62365000E+06	0.03401
1.13339000E+07	0.03198
1.45370000E+07	0.02994
1.89720000E+07	0.02787
2.46390000E+07	0.02587
3.20307000E+07	0.02391
4.18863000E+07	0.02204
5.17419000E+07	0.02068
6.65253000E+07	0.01924
8.62365000E+07	0.01797
1.13339000E+08	0.01689
1.45370000E+08	0.01613
1.89720000E+08	0.0155
2.46390000E+08	0.01497
-----------------------

efield[V/m]_vs_dif[m2/s]
N2
COMMENT:
-----------------------
2.46390000E+03	0.02232
3.20307000E+03	0.01953
4.18863000E+03	0.01783
5.17419000E+03	0.01767
6.65253000E+03	0.01857
8.62365000E+03	0.01993
1.13339400E+04	0.02126
1.45370100E+04	0.02244
1.89720300E+04	0.02396
2.46390000E+04	0.02594
3.20307000E+04	0.02831
4.18863000E+04	0.03066
5.17419000E+04	0.03211
6.65253000E+04	0.03318
8.62365000E+04	0.0335
1.13339400E+05	0.03308
1.45370100E+05	0.03217
1.89720300E+05	0.03078
2.46390000E+05	0.02929
3.20307000E+05	0.02782
4.18863000E+05	0.0265
5.17419000E+05	0.0257
6.65253000E+05	0.02564
8.62365000E+05	0.02393
1.13339000E+06	0.02348
1.45370000E+06	0.02658
1.89720000E+06	0.03509
2.46390000E+06	0.05332
3.20307000E+06	0.07401
4.18863000E+06	0.09627
5.17419000E+06	0.11037
6.65253000E+06	0.12454
8.62365000E+06	0.13732
1.13339000E+07	0.15335
1.45370000E+07	0.16634
1.89720000E+07	0.18467
2.46390000E+07	0.20663
3.20307000E+07	0.23639
4.18863000E+07	0.27977
5.17419000E+07	0.33012
6.65253000E+07	0.42111
8.62365000E+07	0.57398
1.13339000E+08	0.83994
1.45370000E+08	1.22058
1.89720000E+08	1.78656
2.46390000E+08	2.49651
-----------------------

efield[V/m]_vs_alpha[1/m]
N2
COMMENT:
-----------------------
2.46390000E+03	0
3.20307000E+03	0
4.18863000E+03	0
5.17419000E+03	0
6.65253000E+03	0
8.62365000E+03	0
1.13339400E+04	0
1.45370100E+04	0
1.89720300E+04	0
2.46390000E+04	0
3.20307000E+04	0
4.18863000E+04	0
5.17419000E+04	0
6.65253000E+04	0
8.62365000E+04	0
1.13339400E+05	0
1.45370100E+05	0
1.89720300E+05	0
2.46390000E+05	0
3.20307000E+05	0
4.18863000E+05	0
5.17419000E+05	0
6.65253000E+05	0
8.62365000E+05	5.31268553334653E-005
1.13339000E+06	0.0121735764
1.45370000E+06	0.6627168065
1.89720000E+06	14.914073386
2.46390000E+06	169.4957578095
3.20307000E+06	1057.3807311029
4.18863000E+06	4403.5621681689
5.17419000E+06	10893.1080801819
6.65253000E+06	26626.3708559183
8.62365000E+06	57190.6434343779
1.13339000E+07	111755.779948132
1.45370000E+07	186379.639779124
1.89720000E+07	292116.533395664
2.46390000E+07	418100.253745658
3.20307000E+07	557250.487819061
4.18863000E+07	698031.45649928
5.17419000E+07	796419.860382966
6.65253000E+07	886173.779177444
8.62365000E+07	936253.565850447
1.13339000E+08	936523.192645215
1.45370000E+08	893071.54429948
1.89720000E+08	813229.664583773
2.46390000E+08	718541.690951035
-----------------------

efield[V/m]_vs_eta[1/m]
N2
COMMENT: dummy
-----------------------
0.0             0.0
-----------------------
