field_vs_length
---------------
0.000000000000000000e+00 2.500000000000000000e+06
1.001251564455569429e-04 2.500000000000000000e+06
2.002503128911138858e-04 2.500000000000000000e+06
3.003754693366708422e-04 2.500000000000000000e+06
4.005006257822277716e-04 2.500000000000000000e+06
5.006257822277847009e-04 2.500000000000000000e+06
6.007509386733416844e-04 2.500000000000000000e+06
7.008760951188985596e-04 2.500000000000000000e+06
8.010012515644555431e-04 2.500000000000000000e+06
9.011264080100125267e-04 2.500000000000000000e+06
1.001251564455569402e-03 2.500000000000000000e+06
1.101376720901126385e-03 2.500000000000000000e+06
1.201501877346683369e-03 2.500000000000000000e+06
1.301627033792240352e-03 2.500000000000000000e+06
1.401752190237797119e-03 2.500000000000000000e+06
1.501877346683354103e-03 2.500000000000000000e+06
1.602002503128911086e-03 2.500000000000000000e+06
1.702127659574468070e-03 2.500000000000000000e+06
1.802252816020025053e-03 2.500000000000000000e+06
1.902377972465581820e-03 2.500000000000000000e+06
2.002503128911138804e-03 2.500000000000000000e+06
2.102628285356695787e-03 2.500000000000000000e+06
2.202753441802252771e-03 2.500000000000000000e+06
2.302878598247809754e-03 2.500000000000000000e+06
2.403003754693366738e-03 2.500000000000000000e+06
2.503128911138923721e-03 2.500000000000000000e+06
2.603254067584480705e-03 2.500000000000000000e+06
2.703379224030037255e-03 2.500000000000000000e+06
2.803504380475594238e-03 2.500000000000000000e+06
2.903629536921151222e-03 2.500000000000000000e+06
3.003754693366708205e-03 2.500000000000000000e+06
3.103879849812265189e-03 2.500000000000000000e+06
3.204005006257822172e-03 2.500000000000000000e+06
3.304130162703379156e-03 2.500000000000000000e+06
3.404255319148936140e-03 2.500000000000000000e+06
3.504380475594493123e-03 2.500000000000000000e+06
3.604505632040050107e-03 2.500000000000000000e+06
3.704630788485607090e-03 2.500000000000000000e+06
3.804755944931163640e-03 2.500000000000000000e+06
3.904881101376720624e-03 2.500000000000000000e+06
4.005006257822277607e-03 2.500000000000000000e+06
4.105131414267835024e-03 2.500000000000000000e+06
4.205256570713391574e-03 2.500000000000000000e+06
4.305381727158948124e-03 2.500000000000000000e+06
4.405506883604505541e-03 2.500000000000000000e+06
4.505632040050062091e-03 2.500000000000000000e+06
4.605757196495619508e-03 2.500000000000000000e+06
4.705882352941176058e-03 2.500000000000000000e+06
4.806007509386733476e-03 2.500000000000000000e+06
4.906132665832290025e-03 2.500000000000000000e+06
5.006257822277847443e-03 2.500000000000000000e+06
5.106382978723403993e-03 2.500000000000000000e+06
5.206508135168961410e-03 2.500000000000000000e+06
5.306633291614517960e-03 2.500000000000000000e+06
5.406758448060074509e-03 2.500000000000000000e+06
5.506883604505631927e-03 2.500000000000000000e+06
5.607008760951188477e-03 2.500000000000000000e+06
5.707133917396745894e-03 2.500000000000000000e+06
5.807259073842302444e-03 2.500000000000000000e+06
5.907384230287859861e-03 2.500000000000000000e+06
6.007509386733416411e-03 2.500000000000000000e+06
6.107634543178973828e-03 2.500000000000000000e+06
6.207759699624530378e-03 2.500000000000000000e+06
6.307884856070087795e-03 2.500000000000000000e+06
6.408010012515644345e-03 2.500000000000000000e+06
6.508135168961200895e-03 2.500000000000000000e+06
6.608260325406758312e-03 2.500000000000000000e+06
6.708385481852314862e-03 2.500000000000000000e+06
6.808510638297872279e-03 2.500000000000000000e+06
6.908635794743428829e-03 2.500000000000000000e+06
7.008760951188986246e-03 2.500000000000000000e+06
7.108886107634542796e-03 2.500000000000000000e+06
7.209011264080100213e-03 2.500000000000000000e+06
7.309136420525656763e-03 2.500000000000000000e+06
7.409261576971214180e-03 2.500000000000000000e+06
7.509386733416770730e-03 2.500000000000000000e+06
7.609511889862327280e-03 2.500000000000000000e+06
7.709637046307884697e-03 2.500000000000000000e+06
7.809762202753441247e-03 2.500000000000000000e+06
7.909887359198997797e-03 2.500000000000000000e+06
8.010012515644555214e-03 2.500000000000000000e+06
8.110137672090112632e-03 2.500000000000000000e+06
8.210262828535670049e-03 2.500000000000000000e+06
8.310387984981225731e-03 2.500000000000000000e+06
8.410513141426783149e-03 2.500000000000000000e+06
8.510638297872340566e-03 2.500000000000000000e+06
8.610763454317896248e-03 2.500000000000000000e+06
8.710888610763453666e-03 2.500000000000000000e+06
8.811013767209011083e-03 2.500000000000000000e+06
8.911138923654568500e-03 2.500000000000000000e+06
9.011264080100124182e-03 2.500000000000000000e+06
9.111389236545681600e-03 2.500000000000000000e+06
9.211514392991239017e-03 2.500000000000000000e+06
9.311639549436796434e-03 2.500000000000000000e+06
9.411764705882352117e-03 2.500000000000000000e+06
9.511889862327909534e-03 2.500000000000000000e+06
9.612015018773466951e-03 2.500000000000000000e+06
9.712140175219022634e-03 2.500000000000000000e+06
9.812265331664580051e-03 2.500000000000000000e+06
9.912390488110137468e-03 2.500000000000000000e+06
1.001251564455569489e-02 2.500000000000000000e+06
1.011264080100125057e-02 2.500000000000000000e+06
1.021276595744680799e-02 2.500000000000000000e+06
1.031289111389236540e-02 2.500000000000000000e+06
1.041301627033792282e-02 2.500000000000000000e+06
1.051314142678347850e-02 2.500000000000000000e+06
1.061326658322903592e-02 2.500000000000000000e+06
1.071339173967459334e-02 2.500000000000000000e+06
1.081351689612014902e-02 2.500000000000000000e+06
1.091364205256570644e-02 2.500000000000000000e+06
1.101376720901126385e-02 2.500000000000000000e+06
1.111389236545682127e-02 2.500000000000000000e+06
1.121401752190237695e-02 2.500000000000000000e+06
1.131414267834793437e-02 2.500000000000000000e+06
1.141426783479349179e-02 2.500000000000000000e+06
1.151439299123904920e-02 2.500000000000000000e+06
1.161451814768460489e-02 2.500000000000000000e+06
1.171464330413016230e-02 2.500000000000000000e+06
1.181476846057571972e-02 2.500000000000000000e+06
1.191489361702127540e-02 2.500000000000000000e+06
1.201501877346683282e-02 2.500000000000000000e+06
1.211514392991239024e-02 2.500000000000000000e+06
1.221526908635794766e-02 2.500000000000000000e+06
1.231539424280350334e-02 2.500000000000000000e+06
1.241551939924906076e-02 2.500000000000000000e+06
1.251564455569461817e-02 2.500000000000000000e+06
1.261576971214017559e-02 2.500000000000000000e+06
1.271589486858573127e-02 2.500000000000000000e+06
1.281602002503128869e-02 2.500000000000000000e+06
1.291614518147684611e-02 2.500000000000000000e+06
1.301627033792240179e-02 2.500000000000000000e+06
1.311639549436795921e-02 2.500000000000000000e+06
1.321652065081351662e-02 2.500000000000000000e+06
1.331664580725907404e-02 2.500000000000000000e+06
1.341677096370462972e-02 2.500000000000000000e+06
1.351689612015018714e-02 2.500000000000000000e+06
1.361702127659574456e-02 2.500000000000000000e+06
1.371714643304130198e-02 2.500000000000000000e+06
1.381727158948685766e-02 2.500000000000000000e+06
1.391739674593241508e-02 2.500000000000000000e+06
1.401752190237797249e-02 2.500000000000000000e+06
1.411764705882352818e-02 2.500000000000000000e+06
1.421777221526908559e-02 2.500000000000000000e+06
1.431789737171464301e-02 2.500000000000000000e+06
1.441802252816020043e-02 2.500000000000000000e+06
1.451814768460575611e-02 2.500000000000000000e+06
1.461827284105131353e-02 2.500000000000000000e+06
1.471839799749687094e-02 2.500000000000000000e+06
1.481852315394242836e-02 2.500000000000000000e+06
1.491864831038798404e-02 2.500000000000000000e+06
1.501877346683354146e-02 2.500000000000000000e+06
1.511889862327909888e-02 2.500000000000000000e+06
1.521902377972465456e-02 2.500000000000000000e+06
1.531914893617021198e-02 2.500000000000000000e+06
1.541927409261576939e-02 2.500000000000000000e+06
1.551939924906132681e-02 2.500000000000000000e+06
1.561952440550688249e-02 2.500000000000000000e+06
1.571964956195244165e-02 2.500000000000000000e+06
1.581977471839799559e-02 2.500000000000000000e+06
1.591989987484355301e-02 2.500000000000000000e+06
1.602002503128911043e-02 2.500000000000000000e+06
1.612015018773466785e-02 2.500000000000000000e+06
1.622027534418022526e-02 2.500000000000000000e+06
1.632040050062578268e-02 2.500000000000000000e+06
1.642052565707134010e-02 2.500000000000000000e+06
1.652065081351689405e-02 2.500000000000000000e+06
1.662077596996245146e-02 2.500000000000000000e+06
1.672090112640800888e-02 2.500000000000000000e+06
1.682102628285356630e-02 2.500000000000000000e+06
1.692115143929912371e-02 2.500000000000000000e+06
1.702127659574468113e-02 2.500000000000000000e+06
1.712140175219023855e-02 2.500000000000000000e+06
1.722152690863579250e-02 2.500000000000000000e+06
1.732165206508134991e-02 2.500000000000000000e+06
1.742177722152690733e-02 2.500000000000000000e+06
1.752190237797246475e-02 2.500000000000000000e+06
1.762202753441802217e-02 2.500000000000000000e+06
1.772215269086357958e-02 2.500000000000000000e+06
1.782227784730913700e-02 2.500000000000000000e+06
1.792240300375469442e-02 2.500000000000000000e+06
1.802252816020024836e-02 2.500000000000000000e+06
1.812265331664580578e-02 2.500000000000000000e+06
1.822277847309136320e-02 2.500000000000000000e+06
1.832290362953692062e-02 2.500000000000000000e+06
1.842302878598247803e-02 2.500000000000000000e+06
1.852315394242803545e-02 2.500000000000000000e+06
1.862327909887359287e-02 2.500000000000000000e+06
1.872340425531914682e-02 2.500000000000000000e+06
1.882352941176470423e-02 2.500000000000000000e+06
1.892365456821026165e-02 2.500000000000000000e+06
1.902377972465581907e-02 2.500000000000000000e+06
1.912390488110137649e-02 2.500000000000000000e+06
1.922403003754693390e-02 2.500000000000000000e+06
1.932415519399249132e-02 2.500000000000000000e+06
1.942428035043804527e-02 2.500000000000000000e+06
1.952440550688360268e-02 2.500000000000000000e+06
1.962453066332916010e-02 2.500000000000000000e+06
1.972465581977471752e-02 2.500000000000000000e+06
1.982478097622027494e-02 2.500000000000000000e+06
1.992490613266583235e-02 2.500000000000000000e+06
2.002503128911138977e-02 2.495998333566457033e+06
2.012515644555694719e-02 2.480058278900984675e+06
2.022528160200250114e-02 2.464224269944801927e+06
2.032540675844805855e-02 2.448495601198918652e+06
2.042553191489361597e-02 2.432871571857875679e+06
2.052565707133917339e-02 2.417351485778521746e+06
2.062578222778473080e-02 2.401934651448991615e+06
2.072590738423028822e-02 2.386620381957900710e+06
2.082603254067584564e-02 2.371407994963733945e+06
2.092615769712139959e-02 2.356296812664446887e+06
2.102628285356695700e-02 2.341286161767262034e+06
2.112640801001251442e-02 2.326375373458675575e+06
2.122653316645807184e-02 2.311563783374650404e+06
2.132665832290362926e-02 2.296850731571022421e+06
2.142678347934918667e-02 2.282235562494088896e+06
2.152690863579474409e-02 2.267717624951404519e+06
2.162703379224029804e-02 2.253296272082766052e+06
2.172715894868585546e-02 2.238970861331387889e+06
2.182728410513141287e-02 2.224740754415276926e+06
2.192740926157697029e-02 2.210605317298789974e+06
2.202753441802252771e-02 2.196563920164384879e+06
2.212765957446808512e-02 2.182615937384558842e+06
2.222778473091364254e-02 2.168760747493972071e+06
2.232790988735919996e-02 2.154997733161757700e+06
2.242803504380475391e-02 2.141326281164017506e+06
2.252816020025031132e-02 2.127745782356497366e+06
2.262828535669586874e-02 2.114255631647448055e+06
2.272841051314142616e-02 2.100855227970662527e+06
2.282853566958698358e-02 2.087543974258697592e+06
2.292866082603254099e-02 2.074321277416268829e+06
2.302878598247809841e-02 2.061186548293825705e+06
2.312891113892365236e-02 2.048139201661302010e+06
2.322903629536920977e-02 2.035178656182037201e+06
2.332916145181476719e-02 2.022304334386879345e+06
2.342928660826032461e-02 2.009515662648451515e+06
2.352941176470588203e-02 1.996812071155595826e+06
2.362953692115143944e-02 1.984192993887982564e+06
2.372966207759699686e-02 1.971657868590892525e+06
2.382978723404255081e-02 1.959206136750165140e+06
2.392991239048810823e-02 1.946837243567311671e+06
2.403003754693366564e-02 1.934550637934797211e+06
2.413016270337922306e-02 1.922345772411485435e+06
2.423028785982478048e-02 1.910222103198246565e+06
2.433041301627033789e-02 1.898179090113727609e+06
2.443053817271589531e-02 1.886216196570284897e+06
2.453066332916145273e-02 1.874332889550074702e+06
2.463078848560700668e-02 1.862528639581305673e+06
2.473091364205256409e-02 1.850802920714645647e+06
2.483103879849812151e-02 1.839155210499789799e+06
2.493116395494367893e-02 1.827584989962180611e+06
2.503128911138923635e-02 1.816091743579886388e+06
2.513141426783479376e-02 1.804674959260628559e+06
2.523153942428035118e-02 1.793334128318968695e+06
2.533166458072590513e-02 1.782068745453641051e+06
2.543178973717146255e-02 1.770878308725038078e+06
2.553191489361701996e-02 1.759762319532848662e+06
2.563204005006257738e-02 1.748720282593839569e+06
2.573216520650813480e-02 1.737751705919790082e+06
2.583229036295369221e-02 1.726856100795569131e+06
2.593241551939924963e-02 1.716032981757360976e+06
2.603254067584480358e-02 1.705281866571035236e+06
2.613266583229036100e-02 1.694602276210659184e+06
2.623279098873591841e-02 1.683993734837155789e+06
2.633291614518147583e-02 1.673455769777102396e+06
2.643304130162703325e-02 1.662987911501668626e+06
2.653316645807259067e-02 1.652589693605697015e+06
2.663329161451814808e-02 1.642260652786922408e+06
2.673341677096370203e-02 1.632000328825328965e+06
2.683354192740925945e-02 1.621808264562643366e+06
2.693366708385481686e-02 1.611684005881967256e+06
2.703379224030037428e-02 1.601627101687542861e+06
2.713391739674593170e-02 1.591637103884653887e+06
2.723404255319148912e-02 1.581713567359661451e+06
2.733416770963704653e-02 1.571856049960169708e+06
2.743429286608260395e-02 1.562064112475326518e+06
2.753441802252815790e-02 1.552337318616254721e+06
2.763454317897371532e-02 1.542675234996609623e+06
2.773466833541927273e-02 1.533077431113274535e+06
2.783479349186483015e-02 1.523543479327173904e+06
2.793491864831038757e-02 1.514072954844222637e+06
2.803504380475594499e-02 1.504665435696397675e+06
2.813516896120150240e-02 1.495320502722938079e+06
2.823529411764705635e-02 1.486037739551667357e+06
2.833541927409261377e-02 1.476816732580441516e+06
2.843554443053817118e-02 1.467657070958723547e+06
2.853566958698372860e-02 1.458558346569273854e+06
2.863579474342928602e-02 1.449520154009968741e+06
2.873591989987484344e-02 1.440542090575736482e+06
2.883604505632040085e-02 1.431623756240613060e+06
2.893617021276595480e-02 1.422764753639922244e+06
2.903629536921151222e-02 1.413964688052566489e+06
2.913642052565706964e-02 1.405223167383442167e+06
2.923654568210262705e-02 1.396539802145969588e+06
2.933667083854818447e-02 1.387914205444738269e+06
2.943679599499374189e-02 1.379345992958267452e+06
2.953692115143929930e-02 1.370834782921884442e+06
2.963704630788485672e-02 1.362380196110713761e+06
2.973717146433041067e-02 1.353981855822779704e+06
2.983729662077596809e-02 1.345639387862222968e+06
2.993742177722152550e-02 1.337352420522628352e+06
3.003754693366708292e-02 1.329120584570460720e+06
3.013767209011264034e-02 1.320943513228617609e+06
3.023779724655819776e-02 1.312820842160083121e+06
3.033792240300375517e-02 1.304752209451695671e+06
3.043804755944930912e-02 1.296737255598024698e+06
3.053817271589486654e-02 1.288775623485349119e+06
3.063829787234042396e-02 1.280866958375748945e+06
3.073842302878598137e-02 1.273010907891297713e+06
3.083854818523153879e-02 1.265207121998362476e+06
3.093867334167709621e-02 1.257455252992007416e+06
3.103879849812265362e-02 1.249754955480503151e+06
3.113892365456820757e-02 1.242105886369935004e+06
3.123904881101376499e-02 1.234507704848916968e+06
3.133917396745932588e-02 1.226960072373407893e+06
3.143929912390488329e-02 1.219462652651626384e+06
3.153942428035043377e-02 1.212015111629066989e+06
3.163954943679599119e-02 1.204617117473614635e+06
3.173967459324154861e-02 1.197268340560762212e+06
3.183979974968710602e-02 1.189968453458922915e+06
3.193992490613266344e-02 1.182717130914839916e+06
3.204005006257822086e-02 1.175514049839096377e+06
3.214017521902377827e-02 1.168358889291718137e+06
3.224030037546933569e-02 1.161251330467875348e+06
3.234042553191489311e-02 1.154191056683676550e+06
3.244055068836045053e-02 1.147177753362059826e+06
3.254067584480600794e-02 1.140211108018775471e+06
3.264080100125156536e-02 1.133290810248463880e+06
3.274092615769712278e-02 1.126416551710823784e+06
3.284105131414268020e-02 1.119588026116875466e+06
3.294117647058823761e-02 1.112804929215312935e+06
3.304130162703378809e-02 1.106066958778947825e+06
3.314142678347934551e-02 1.099373814591242466e+06
3.324155193992490293e-02 1.092725198432935867e+06
3.334167709637046034e-02 1.086120814068753738e+06
3.344180225281601776e-02 1.079560367234210949e+06
3.354192740926157518e-02 1.073043565622499678e+06
3.364205256570713259e-02 1.066570118871465791e+06
3.374217772215269001e-02 1.060139738550670911e+06
3.384230287859824743e-02 1.053752138148541562e+06
3.394242803504380485e-02 1.047407033059603884e+06
3.404255319148936226e-02 1.041104140571801690e+06
3.414267834793491968e-02 1.034843179853900219e+06
3.424280350438047710e-02 1.028623871942974278e+06
3.434292866082603451e-02 1.022445939731978229e+06
3.444305381727158499e-02 1.016309107957398868e+06
3.454317897371714241e-02 1.010213103186990833e+06
3.464330413016269983e-02 1.004157653807594441e+06
3.474342928660825724e-02 9.981424900130330352e+05
3.484355444305381466e-02 9.921673437920919387e+05
3.494367959949937208e-02 9.862319489165759878e+05
3.504380475594492950e-02 9.803360409294487908e+05
3.514392991239048691e-02 9.744793571330483537e+05
3.524405506883604433e-02 9.686616365773837315e+05
3.534418022528160175e-02 9.628826200485068839e+05
3.544430538172715917e-02 9.571420500569635769e+05
3.554443053817271658e-02 9.514396708263213513e+05
3.564455569461827400e-02 9.457752282817721134e+05
3.574468085106383142e-02 9.401484700388119090e+05
3.584480600750938883e-02 9.345591453919966007e+05
3.594493116395493931e-02 9.290070053037705366e+05
3.604505632040049673e-02 9.234918023933694931e+05
3.614518147684605415e-02 9.180132909258011496e+05
3.624530663329161156e-02 9.125712268008937826e+05
3.634543178973716898e-02 9.071653675424206303e+05
3.644555694618272640e-02 9.017954722872972488e+05
3.654568210262828382e-02 8.964613017748481361e+05
3.664580725907384123e-02 8.911626183361468138e+05
3.674593241551939865e-02 8.858991858834270388e+05
3.684605757196495607e-02 8.806707698995624669e+05
3.694618272841051348e-02 8.754771374276180286e+05
3.704630788485607090e-02 8.703180570604709210e+05
3.714643304130162832e-02 8.651932989304988878e+05
3.724655819774718574e-02 8.601026346993389307e+05
3.734668335419274315e-02 8.550458375477141235e+05
3.744680851063829363e-02 8.500226821653260849e+05
3.754693366708385105e-02 8.450329447408163687e+05
3.764705882352940847e-02 8.400764029517956078e+05
3.774718397997496588e-02 8.351528359549363377e+05
3.784730913642052330e-02 8.302620243761336897e+05
3.794743429286608072e-02 8.254037503007310443e+05
3.804755944931163814e-02 8.205777972638102947e+05
3.814768460575719555e-02 8.157839502405471867e+05
3.824780976220275297e-02 8.110219956366311526e+05
3.834793491864831039e-02 8.062917212787477765e+05
3.844806007509386780e-02 8.015929164051250555e+05
3.854818523153942522e-02 7.969253716561439214e+05
3.864831038798498264e-02 7.922888790650087176e+05
3.874843554443054006e-02 7.876832320484812371e+05
3.884856070087609053e-02 7.831082253976778593e+05
3.894868585732164795e-02 7.785636552689229138e+05
3.904881101376720537e-02 7.740493191746696830e+05
3.914893617021276279e-02 7.695650159744770499e+05
3.924906132665832020e-02 7.651105458660465665e+05
3.934918648310387762e-02 7.606857103763214545e+05
3.944931163954943504e-02 7.562903123526431154e+05
3.954943679599499246e-02 7.519241559539660811e+05
3.964956195244054987e-02 7.475870466421326855e+05
3.974968710888610729e-02 7.432787911732059438e+05
3.984981226533166471e-02 7.389991975888577290e+05
3.994993742177722212e-02 7.347480752078174846e+05
4.005006257822277954e-02 7.305252346173755359e+05
4.015018773466833696e-02 7.263304876649433281e+05
4.025031289111389438e-02 7.221636474496707087e+05
4.035043804755944485e-02 7.180245283141182736e+05
4.045056320400500227e-02 7.139129458359843120e+05
4.055068836045055969e-02 7.098287168198897270e+05
4.065081351689611711e-02 7.057716592892133631e+05
4.075093867334167452e-02 7.017415924779853085e+05
4.085106382978723194e-02 6.977383368228322361e+05
4.095118898623278936e-02 6.937617139549765270e+05
4.105131414267834677e-02 6.898115466922895284e+05
4.115143929912390419e-02 6.858876590313964989e+05
4.125156445556946161e-02 6.819898761398346396e+05
4.135168961201501903e-02 6.781180243482636288e+05
4.145181476846057644e-02 6.742719311427273788e+05
4.155193992490613386e-02 6.704514251569674816e+05
4.165206508135169128e-02 6.666563361647879938e+05
4.175219023779724176e-02 6.628864950724708615e+05
4.185231539424279917e-02 6.591417339112409391e+05
4.195244055068835659e-02 6.554218858297836268e+05
4.205256570713391401e-02 6.517267850868094247e+05
4.215269086357947143e-02 6.480562670436693588e+05
4.225281602002502884e-02 6.444101681570198853e+05
4.235294117647058626e-02 6.407883259715352906e+05
4.245306633291614368e-02 6.371905791126699187e+05
4.255319148936170109e-02 6.336167672794676619e+05
4.265331664580725851e-02 6.300667312374199973e+05
4.275344180225281593e-02 6.265403128113703569e+05
4.285356695869837335e-02 6.230373548784677405e+05
4.295369211514393076e-02 6.195577013611647999e+05
4.305381727158948818e-02 6.161011972202637699e+05
4.315394242803504560e-02 6.126676884480097797e+05
4.325406758448059608e-02 6.092570220612273552e+05
4.335419274092615349e-02 6.058690460945041850e+05
4.345431789737171091e-02 6.025036095934220357e+05
4.355444305381726833e-02 5.991605626078286441e+05
4.365456821026282574e-02 5.958397561851574574e+05
4.375469336670838316e-02 5.925410423637914937e+05
4.385481852315394058e-02 5.892642741664692294e+05
4.395494367959949800e-02 5.860093055937376339e+05
4.405506883604505541e-02 5.827759916174458340e+05
4.415519399249061283e-02 5.795641881742835976e+05
4.425531914893617025e-02 5.763737521593626589e+05
4.435544430538172767e-02 5.732045414198404178e+05
4.445556946182728508e-02 5.700564147485860158e+05
4.455569461827284250e-02 5.669292318778885528e+05
4.465581977471839992e-02 5.638228534732083790e+05
4.475594493116395040e-02 5.607371411269679666e+05
4.485607008760950781e-02 5.576719573523842264e+05
4.495619524405506523e-02 5.546271655773451785e+05
4.505632040050062265e-02 5.516026301383222453e+05
4.515644555694618006e-02 5.485982162743272493e+05
4.525657071339173748e-02 5.456137901209074771e+05
4.535669586983729490e-02 5.426492187041810248e+05
4.545682102628285232e-02 5.397043699349120725e+05
4.555694618272840973e-02 5.367791126026264392e+05
4.565707133917396715e-02 5.338733163697640412e+05
4.575719649561952457e-02 5.309868517658719793e+05
4.585732165206508198e-02 5.281195901818366256e+05
4.595744680851063940e-02 5.252714038641524967e+05
4.605757196495619682e-02 5.224421659092301852e+05
4.615769712140174730e-02 5.196317502577427076e+05
4.625782227784730471e-02 5.168400316890074755e+05
4.635794743429286213e-02 5.140668858154084301e+05
4.645807259073841955e-02 5.113121890768531011e+05
4.655819774718397697e-02 5.085758187352674431e+05
4.665832290362953438e-02 5.058576528691267595e+05
4.675844806007509180e-02 5.031575703680239967e+05
4.685857321652064922e-02 5.004754509272731957e+05
4.695869837296620664e-02 4.978111750425490318e+05
4.705882352941176405e-02 4.951646240045626182e+05
4.715894868585732147e-02 4.925356798937721178e+05
4.725907384230287889e-02 4.899242255751284538e+05
4.735919899874843630e-02 4.873301446928568184e+05
4.745932415519399372e-02 4.847533216652718256e+05
4.755944931163955114e-02 4.821936416796278208e+05
4.765957446808510162e-02 4.796509906870035920e+05
4.775969962453065903e-02 4.771252553972199676e+05
4.785982478097621645e-02 4.746163232737932703e+05
4.795994993742177387e-02 4.721240825289200293e+05
4.806007509386733129e-02 4.696484221184971975e+05
4.816020025031288870e-02 4.671892317371734534e+05
4.826032540675844612e-02 4.647464018134350772e+05
4.836045056320400354e-02 4.623198235047239577e+05
4.846057571964956096e-02 4.599093886925874976e+05
4.856070087609511837e-02 4.575149899778617546e+05
4.866082603254067579e-02 4.551365206758860149e+05
4.876095118898623321e-02 4.527738748117493815e+05
4.886107634543179062e-02 4.504269471155686770e+05
4.896120150187734804e-02 4.480956330177987693e+05
4.906132665832290546e-02 4.457798286445726408e+05
4.916145181476845594e-02 4.434794308130734717e+05
4.926157697121401335e-02 4.411943370269371662e+05
4.936170212765957077e-02 4.389244454716857872e+05
4.946182728410512819e-02 4.366696550101907924e+05
4.956195244055068561e-02 4.344298651781669469e+05
4.966207759699624302e-02 4.322049761796961538e+05
4.976220275344180044e-02 4.299948888827805058e+05
4.986232790988735786e-02 4.277995048149259528e+05
4.996245306633291527e-02 4.256187261587543180e+05
5.006257822277847269e-02 4.234524557476451155e+05
5.016270337922403011e-02 4.213005970614061807e+05
5.026282853566958753e-02 4.191630542219734634e+05
5.036295369211514494e-02 4.170397319891384686e+05
5.046307884856070236e-02 4.149305357563050929e+05
5.056320400500625284e-02 4.128353715462744585e+05
5.066332916145181026e-02 4.107541460070570465e+05
5.076345431789736767e-02 4.086867664077142254e+05
5.086357947434292509e-02 4.066331406342259725e+05
5.096370463078848251e-02 4.045931771853868850e+05
5.106382978723403993e-02 4.025667851687289076e+05
5.116395494367959734e-02 4.005538742964718258e+05
5.126408010012515476e-02 3.985543548815003596e+05
5.136420525657071218e-02 3.965681378333682660e+05
5.146433041301626959e-02 3.945951346543282270e+05
5.156445556946182701e-02 3.926352574353895034e+05
5.166458072590738443e-02 3.906884188524003257e+05
5.176470588235294185e-02 3.887545321621580515e+05
5.186483103879849926e-02 3.868335111985431286e+05
5.196495619524405668e-02 3.849252703686805908e+05
5.206508135168960716e-02 3.830297246491265250e+05
5.216520650813516458e-02 3.811467895820786944e+05
5.226533166458072199e-02 3.792763812716148095e+05
5.236545682102627941e-02 3.774184163799536764e+05
5.246558197747183683e-02 3.755728121237424784e+05
5.256570713391739424e-02 3.737394862703676918e+05
5.266583229036295166e-02 3.719183571342914947e+05
5.276595744680850908e-02 3.701093435734121595e+05
5.286608260325406650e-02 3.683123649854487740e+05
5.296620775969962391e-02 3.665273413043495384e+05
5.306633291614518133e-02 3.647541929967251490e+05
5.316645807259073875e-02 3.629928410583041841e+05
5.326658322903629617e-02 3.612432070104134618e+05
5.336670838548185358e-02 3.595052128964815056e+05
5.346683354192740406e-02 3.577787812785648275e+05
5.356695869837296148e-02 3.560638352338974946e+05
5.366708385481851890e-02 3.543602983514643274e+05
5.376720901126407631e-02 3.526680947285958100e+05
5.386733416770963373e-02 3.509871489675863413e+05
5.396745932415519115e-02 3.493173861723346054e+05
5.406758448060074856e-02 3.476587319450071082e+05
5.416770963704630598e-02 3.460111123827226111e+05
5.426783479349186340e-02 3.443744540742599638e+05
5.436795994993742082e-02 3.427486840967866010e+05
5.446808510638297823e-02 3.411337300126097398e+05
5.456821026282853565e-02 3.395295198659487069e+05
5.466833541927409307e-02 3.379359821797291515e+05
5.476846057571965048e-02 3.363530459523977479e+05
5.486858573216520790e-02 3.347806406547595980e+05
5.496871088861075838e-02 3.332186962268349598e+05
5.506883604505631580e-02 3.316671430747372797e+05
5.516896120150187321e-02 3.301259120675736340e+05
5.526908635794743063e-02 3.285949345343636815e+05
5.536921151439298805e-02 3.270741422609799774e+05
5.546933667083854547e-02 3.255634674871092429e+05
5.556946182728410288e-02 3.240628429032323183e+05
5.566958698372966030e-02 3.225722016476258868e+05
5.576971214017521772e-02 3.210914773033828242e+05
5.586983729662077514e-02 3.196206038954535034e+05
5.596996245306633255e-02 3.181595158877056092e+05
5.607008760951188997e-02 3.167081481800049660e+05
5.617021276595744739e-02 3.152664361053138855e+05
5.627033792240300480e-02 3.138343154268105282e+05
5.637046307884856222e-02 3.124117223350267159e+05
5.647058823529411270e-02 3.109985934450047207e+05
5.657071339173967012e-02 3.095948657934729708e+05
5.667083854818522753e-02 3.082004768360410817e+05
5.677096370463078495e-02 3.068153644444126985e+05
5.687108886107634237e-02 3.054394669036174892e+05
5.697121401752189979e-02 3.040727229092614725e+05
5.707133917396745720e-02 3.027150715647952165e+05
5.717146433041301462e-02 3.013664523788008955e+05
5.727158948685857204e-02 3.000268052622970426e+05
5.737171464330412946e-02 2.986960705260609975e+05
5.747183979974968687e-02 2.973741888779691653e+05
5.757196495619524429e-02 2.960611014203560771e+05
5.767209011264080171e-02 2.947567496473891661e+05
5.777221526908635912e-02 2.934610754424625775e+05
5.787234042553190960e-02 2.921740210756078013e+05
5.797246558197746702e-02 2.908955292009206023e+05
5.807259073842302444e-02 2.896255428540071589e+05
5.817271589486858185e-02 2.883640054494449869e+05
5.827284105131413927e-02 2.871108607782622566e+05
5.837296620775969669e-02 2.858660530054331757e+05
5.847309136420525411e-02 2.846295266673901351e+05
5.857321652065081152e-02 2.834012266695525614e+05
5.867334167709636894e-02 2.821810982838722412e+05
5.877346683354192636e-02 2.809690871463944204e+05
5.887359198998748377e-02 2.797651392548363656e+05
5.897371714643304119e-02 2.785692009661803022e+05
5.907384230287859861e-02 2.773812189942838741e+05
5.917396745932415603e-02 2.762011404075061437e+05
5.927409261576971344e-02 2.750289126263484359e+05
5.937421777221526392e-02 2.738644834211121779e+05
5.947434292866082134e-02 2.727078009095716407e+05
5.957446808510637876e-02 2.715588135546621634e+05
5.967459324155193617e-02 2.704174701621839195e+05
5.977471839799749359e-02 2.692837198785210494e+05
5.987484355444305101e-02 2.681575121883756947e+05
5.997496871088860843e-02 2.670387969125170493e+05
6.007509386733416584e-02 2.659275242055461858e+05
6.017521902377972326e-02 2.648236445536743850e+05
6.027534418022528068e-02 2.637271087725174148e+05
6.037546933667083809e-02 2.626378680049043032e+05
6.047559449311639551e-02 2.615558737186999351e+05
6.057571964956195293e-02 2.604810777046430740e+05
6.067584480600751035e-02 2.594134320741980046e+05
6.077596996245306776e-02 2.583528892574211641e+05
6.087609511889861824e-02 2.572994020008413936e+05
6.097622027534417566e-02 2.562529233653545380e+05
6.107634543178973308e-02 2.552134067241320736e+05
6.117647058823529049e-02 2.541808057605437352e+05
6.127659574468084791e-02 2.531550744660935889e+05
6.137672090112640533e-02 2.521361671383701614e+05
6.147684605757196274e-02 2.511240383790101623e+05
6.157697121401752016e-02 2.501186430916759709e+05
6.167709637046307758e-02 2.491199364800457552e+05
6.177722152690863500e-02 2.481278740458179673e+05
6.187734668335419241e-02 2.471424115867285873e+05
6.197747183979974983e-02 2.461635051945815503e+05
6.207759699624530725e-02 2.451911112532924453e+05
6.217772215269086467e-02 2.442251864369453688e+05
6.227784730913641514e-02 2.432656877078620309e+05
6.237797246558197256e-02 2.423125723146845412e+05
6.247809762202752998e-02 2.413657977904705331e+05
6.257822277847309433e-02 2.404253219508008042e+05
6.267834793491865175e-02 2.394911028918999655e+05
6.277847309136420917e-02 2.385630989887694595e+05
6.287859824780976659e-02 2.376412688933325699e+05
6.297872340425532400e-02 2.367255715325923811e+05
6.307884856070086754e-02 2.358159661068018468e+05
6.317897371714642496e-02 2.349124120876453235e+05
6.327909887359198238e-02 2.340148692164335807e+05
6.337922403003753979e-02 2.331232975023095496e+05
6.347934918648309721e-02 2.322376572204667318e+05
6.357947434292865463e-02 2.313579089103789884e+05
6.367959949937421205e-02 2.304840133740424353e+05
6.377972465581976946e-02 2.296159316742290393e+05
6.387984981226532688e-02 2.287536251327516511e+05
6.397997496871088430e-02 2.278970553287405637e+05
6.408010012515644171e-02 2.270461840969319746e+05
6.418022528160199913e-02 2.262009735259670415e+05
6.428035043804755655e-02 2.253613859567030158e+05
6.438047559449311397e-02 2.245273839805352036e+05
6.448060075093867138e-02 2.236989304377302469e+05
6.458072590738422880e-02 2.228759884157702327e+05
6.468085106382978622e-02 2.220585212477084715e+05
6.478097622027534364e-02 2.212464925105352304e+05
6.488110137672090105e-02 2.204398660235552234e+05
6.498122653316645847e-02 2.196386058467754046e+05
6.508135168961201589e-02 2.188426762793036760e+05
6.518147684605757330e-02 2.180520418577582459e+05
6.528160200250313072e-02 2.172666673546874081e+05
6.538172715894868814e-02 2.164865177770000882e+05
6.548185231539424556e-02 2.157115583644065191e+05
6.558197747183980297e-02 2.149417545878695964e+05
6.568210262828536039e-02 2.141770721480663633e+05
6.578222778473091781e-02 2.134174769738599425e+05
6.588235294117647523e-02 2.126629352207811316e+05
6.598247809762201876e-02 2.119134132695206208e+05
6.608260325406757618e-02 2.111688777244310186e+05
6.618272841051313360e-02 2.104292954120389768e+05
6.628285356695869102e-02 2.096946333795669489e+05
6.638297872340424843e-02 2.089648588934651343e+05
6.648310387984980585e-02 2.082399394379528530e+05
6.658322903629536327e-02 2.075198427135698730e+05
6.668335419274092069e-02 2.068045366357370804e+05
6.678347934918647810e-02 2.060939893333272776e+05
6.688360450563203552e-02 2.053881691472447710e+05
6.698372966207759294e-02 2.046870446290149703e+05
6.708385481852315035e-02 2.039905845393832133e+05
6.718397997496870777e-02 2.032987578469227301e+05
6.728410513141426519e-02 2.026115337266520073e+05
6.738423028785982261e-02 2.019288815586615237e+05
6.748435544430538002e-02 2.012507709267492464e+05
6.758448060075093744e-02 2.005771716170655563e+05
6.768460575719649486e-02 1.999080536167669925e+05
6.778473091364205227e-02 1.992433871126790764e+05
6.788485607008760969e-02 1.985831424899676640e+05
6.798498122653316711e-02 1.979272903308198438e+05
6.808510638297872453e-02 1.972758014131329837e+05
6.818523153942428194e-02 1.966286467092125386e+05
6.828535669586983936e-02 1.959857973844791995e+05
6.838548185231539678e-02 1.953472247961835819e+05
6.848560700876095420e-02 1.947129004921303713e+05
6.858573216520651161e-02 1.940827962094104441e+05
6.868585732165206903e-02 1.934568838731417491e+05
6.878598247809762645e-02 1.928351355952182203e+05
6.888610763454316999e-02 1.922175236730673932e+05
6.898623279098872740e-02 1.916040205884157913e+05
6.908635794743428482e-02 1.909945990060631302e+05
6.918648310387984224e-02 1.903892317726642941e+05
6.928660826032539966e-02 1.897878919155193726e+05
6.938673341677095707e-02 1.891905526413720218e+05
6.948685857321651449e-02 1.885971873352155089e+05
6.958698372966207191e-02 1.880077695591070224e+05
6.968710888610762932e-02 1.874222730509895482e+05
6.978723404255318674e-02 1.868406717235218384e+05
6.988735919899874416e-02 1.862629396629161201e+05
6.998748435544430158e-02 1.856890511277832557e+05
7.008760951188985899e-02 1.851189805479860515e+05
7.018773466833541641e-02 1.845527025234999019e+05
7.028785982478097383e-02 1.839901918232809403e+05
7.038798498122653124e-02 1.834314233841419045e+05
7.048811013767208866e-02 1.828763723096356262e+05
7.058823529411764608e-02 1.823250138689453306e+05
7.068836045056320350e-02 1.817773234957832610e+05
7.078848560700876091e-02 1.812332767872955883e+05
7.088861076345431833e-02 1.806928495029754704e+05
7.098873591989987575e-02 1.801560175635827472e+05
7.108886107634543317e-02 1.796227570500713773e+05
7.118898623279099058e-02 1.790930442025233642e+05
7.128911138923654800e-02 1.785668554190903669e+05
7.138923654568210542e-02 1.780441672549419454e+05
7.148936170212766283e-02 1.775249564212210244e+05
7.158948685857322025e-02 1.770091997840061667e+05
7.168961201501877767e-02 1.764968743632809492e+05
7.178973717146432121e-02 1.759879573319100309e+05
7.188986232790987863e-02 1.754824260146218003e+05
7.198998748435543604e-02 1.749802578869985300e+05
7.209011264080099346e-02 1.744814305744724697e+05
7.219023779724655088e-02 1.739859218513288652e+05
7.229036295369210829e-02 1.734937096397160203e+05
7.239048811013766571e-02 1.730047720086611225e+05
7.249061326658322313e-02 1.725190871730935178e+05
7.259073842302878055e-02 1.720366334928738943e+05
7.269086357947433796e-02 1.715573894718299562e+05
7.279098873591989538e-02 1.710813337567987910e+05
7.289111389236545280e-02 1.706084451366754656e+05
7.299123904881101021e-02 1.701387025414678792e+05
7.309136420525656763e-02 1.696720850413579319e+05
7.319148936170212505e-02 1.692085718457691837e+05
7.329161451814768247e-02 1.687481423024403048e+05
7.339173967459323988e-02 1.682907758965048706e+05
7.349186483103879730e-02 1.678364522495775309e+05
7.359198998748435472e-02 1.673851511188457662e+05
7.369211514392991214e-02 1.669368523961681349e+05
7.379224030037546955e-02 1.664915361071783409e+05
7.389236545682102697e-02 1.660491824103950930e+05
7.399249061326658439e-02 1.656097715963381925e+05
7.409261576971214180e-02 1.651732840866502956e+05
7.419274092615769922e-02 1.647397004332246142e+05
7.429286608260325664e-02 1.643090013173383777e+05
7.439299123904881406e-02 1.638811675487921457e+05
7.449311639549437147e-02 1.634561800650545338e+05
7.459324155193992889e-02 1.630340199304131093e+05
7.469336670838548631e-02 1.626146683351306419e+05
7.479349186483102985e-02 1.621981065946069721e+05
7.489361702127658726e-02 1.617843161485463497e+05
7.499374217772214468e-02 1.613732785601308860e+05
7.509386733416770210e-02 1.609649755151986610e+05
7.519399249061325952e-02 1.605593888214279141e+05
7.529411764705881693e-02 1.601565004075264442e+05
7.539424280350437435e-02 1.597562923224264523e+05
7.549436795994993177e-02 1.593587467344845645e+05
7.559449311639548919e-02 1.589638459306875884e+05
7.569461827284104660e-02 1.585715723158630717e+05
7.579474342928660402e-02 1.581819084118954197e+05
7.589486858573216144e-02 1.577948368569471058e+05
7.599499374217771885e-02 1.574103404046851792e+05
7.609511889862327627e-02 1.570284019235127489e+05
7.619524405506883369e-02 1.566490043958057067e+05
7.629536921151439111e-02 1.562721309171544854e+05
7.639549436795994852e-02 1.558977646956108802e+05
7.649561952440550594e-02 1.555258890509398479e+05
7.659574468085106336e-02 1.551564874138763407e+05
7.669586983729662077e-02 1.547895433253869414e+05
7.679599499374217819e-02 1.544250404359367094e+05
7.689612015018773561e-02 1.540629625047605077e+05
7.699624530663329303e-02 1.537032933991395112e+05
7.709637046307885044e-02 1.533460170936823415e+05
7.719649561952440786e-02 1.529911176696110633e+05
7.729662077596996528e-02 1.526385793140518363e+05
7.739674593241552270e-02 1.522883863193306024e+05
7.749687108886108011e-02 1.519405230822728190e+05
7.759699624530663753e-02 1.515949741035086045e+05
7.769712140175218107e-02 1.512517239867820172e+05
7.779724655819773849e-02 1.509107574382648454e+05
7.789737171464329590e-02 1.505720592658756650e+05
7.799749687108885332e-02 1.502356143786024186e+05
7.809762202753441074e-02 1.499014077858304954e+05
7.819774718397996816e-02 1.495694245966743620e+05
7.829787234042552557e-02 1.492396500193144311e+05
7.839799749687108299e-02 1.489120693603378022e+05
7.849812265331664041e-02 1.485866680240837159e+05
7.859824780976219782e-02 1.482634315119930252e+05
7.869837296620775524e-02 1.479423454219625273e+05
7.879849812265331266e-02 1.476233954477029620e+05
7.889862327909887008e-02 1.473065673781016667e+05
7.899874843554442749e-02 1.469918470965894521e+05
7.909887359198998491e-02 1.466792205805116682e+05
7.919899874843554233e-02 1.463686739005031413e+05
7.929912390488109974e-02 1.460601932198678842e+05
7.939924906132665716e-02 1.457537647939624148e+05
7.949937421777221458e-02 1.454493749695833249e+05
7.959949937421777200e-02 1.451470101843589800e+05
7.969962453066332941e-02 1.448466569661452959e+05
7.979974968710888683e-02 1.445483019324253837e+05
7.989987484355444425e-02 1.442519317897133878e+05
8.000000000000000167e-02 1.439575333329620189e+05
---------------
