field_vs_length
---------------
0.000000000000000000e+00 2.500000000000000000e+06
1.001251564455569429e-04 2.500000000000000000e+06
2.002503128911138858e-04 2.500000000000000000e+06
3.003754693366708422e-04 2.500000000000000000e+06
4.005006257822277716e-04 2.500000000000000000e+06
5.006257822277847009e-04 2.500000000000000000e+06
6.007509386733416844e-04 2.500000000000000000e+06
7.008760951188985596e-04 2.500000000000000000e+06
8.010012515644555431e-04 2.500000000000000000e+06
9.011264080100125267e-04 2.500000000000000000e+06
1.001251564455569402e-03 2.500000000000000000e+06
1.101376720901126385e-03 2.500000000000000000e+06
1.201501877346683369e-03 2.500000000000000000e+06
1.301627033792240352e-03 2.500000000000000000e+06
1.401752190237797119e-03 2.500000000000000000e+06
1.501877346683354103e-03 2.500000000000000000e+06
1.602002503128911086e-03 2.500000000000000000e+06
1.702127659574468070e-03 2.500000000000000000e+06
1.802252816020025053e-03 2.500000000000000000e+06
1.902377972465581820e-03 2.500000000000000000e+06
2.002503128911138804e-03 2.500000000000000000e+06
2.102628285356695787e-03 2.500000000000000000e+06
2.202753441802252771e-03 2.500000000000000000e+06
2.302878598247809754e-03 2.500000000000000000e+06
2.403003754693366738e-03 2.500000000000000000e+06
2.503128911138923721e-03 2.500000000000000000e+06
2.603254067584480705e-03 2.500000000000000000e+06
2.703379224030037255e-03 2.500000000000000000e+06
2.803504380475594238e-03 2.500000000000000000e+06
2.903629536921151222e-03 2.500000000000000000e+06
3.003754693366708205e-03 2.500000000000000000e+06
3.103879849812265189e-03 2.500000000000000000e+06
3.204005006257822172e-03 2.500000000000000000e+06
3.304130162703379156e-03 2.500000000000000000e+06
3.404255319148936140e-03 2.500000000000000000e+06
3.504380475594493123e-03 2.500000000000000000e+06
3.604505632040050107e-03 2.500000000000000000e+06
3.704630788485607090e-03 2.500000000000000000e+06
3.804755944931163640e-03 2.500000000000000000e+06
3.904881101376720624e-03 2.500000000000000000e+06
4.005006257822277607e-03 2.500000000000000000e+06
4.105131414267835024e-03 2.500000000000000000e+06
4.205256570713391574e-03 2.500000000000000000e+06
4.305381727158948124e-03 2.500000000000000000e+06
4.405506883604505541e-03 2.500000000000000000e+06
4.505632040050062091e-03 2.500000000000000000e+06
4.605757196495619508e-03 2.500000000000000000e+06
4.705882352941176058e-03 2.500000000000000000e+06
4.806007509386733476e-03 2.500000000000000000e+06
4.906132665832290025e-03 2.500000000000000000e+06
5.006257822277847443e-03 2.500000000000000000e+06
5.106382978723403993e-03 2.500000000000000000e+06
5.206508135168961410e-03 2.500000000000000000e+06
5.306633291614517960e-03 2.500000000000000000e+06
5.406758448060074509e-03 2.500000000000000000e+06
5.506883604505631927e-03 2.500000000000000000e+06
5.607008760951188477e-03 2.500000000000000000e+06
5.707133917396745894e-03 2.500000000000000000e+06
5.807259073842302444e-03 2.500000000000000000e+06
5.907384230287859861e-03 2.500000000000000000e+06
6.007509386733416411e-03 2.500000000000000000e+06
6.107634543178973828e-03 2.500000000000000000e+06
6.207759699624530378e-03 2.500000000000000000e+06
6.307884856070087795e-03 2.500000000000000000e+06
6.408010012515644345e-03 2.500000000000000000e+06
6.508135168961200895e-03 2.500000000000000000e+06
6.608260325406758312e-03 2.500000000000000000e+06
6.708385481852314862e-03 2.500000000000000000e+06
6.808510638297872279e-03 2.500000000000000000e+06
6.908635794743428829e-03 2.500000000000000000e+06
7.008760951188986246e-03 2.500000000000000000e+06
7.108886107634542796e-03 2.500000000000000000e+06
7.209011264080100213e-03 2.500000000000000000e+06
7.309136420525656763e-03 2.500000000000000000e+06
7.409261576971214180e-03 2.500000000000000000e+06
7.509386733416770730e-03 2.500000000000000000e+06
7.609511889862327280e-03 2.500000000000000000e+06
7.709637046307884697e-03 2.500000000000000000e+06
7.809762202753441247e-03 2.500000000000000000e+06
7.909887359198997797e-03 2.500000000000000000e+06
8.010012515644555214e-03 2.500000000000000000e+06
8.110137672090112632e-03 2.500000000000000000e+06
8.210262828535670049e-03 2.500000000000000000e+06
8.310387984981225731e-03 2.500000000000000000e+06
8.410513141426783149e-03 2.500000000000000000e+06
8.510638297872340566e-03 2.500000000000000000e+06
8.610763454317896248e-03 2.500000000000000000e+06
8.710888610763453666e-03 2.500000000000000000e+06
8.811013767209011083e-03 2.500000000000000000e+06
8.911138923654568500e-03 2.500000000000000000e+06
9.011264080100124182e-03 2.500000000000000000e+06
9.111389236545681600e-03 2.500000000000000000e+06
9.211514392991239017e-03 2.500000000000000000e+06
9.311639549436796434e-03 2.500000000000000000e+06
9.411764705882352117e-03 2.500000000000000000e+06
9.511889862327909534e-03 2.500000000000000000e+06
9.612015018773466951e-03 2.500000000000000000e+06
9.712140175219022634e-03 2.500000000000000000e+06
9.812265331664580051e-03 2.500000000000000000e+06
9.912390488110137468e-03 2.500000000000000000e+06
1.001251564455569489e-02 2.500000000000000000e+06
1.011264080100125057e-02 2.500000000000000000e+06
1.021276595744680799e-02 2.500000000000000000e+06
1.031289111389236540e-02 2.500000000000000000e+06
1.041301627033792282e-02 2.500000000000000000e+06
1.051314142678347850e-02 2.500000000000000000e+06
1.061326658322903592e-02 2.500000000000000000e+06
1.071339173967459334e-02 2.500000000000000000e+06
1.081351689612014902e-02 2.500000000000000000e+06
1.091364205256570644e-02 2.500000000000000000e+06
1.101376720901126385e-02 2.500000000000000000e+06
1.111389236545682127e-02 2.500000000000000000e+06
1.121401752190237695e-02 2.500000000000000000e+06
1.131414267834793437e-02 2.500000000000000000e+06
1.141426783479349179e-02 2.500000000000000000e+06
1.151439299123904920e-02 2.500000000000000000e+06
1.161451814768460489e-02 2.500000000000000000e+06
1.171464330413016230e-02 2.500000000000000000e+06
1.181476846057571972e-02 2.500000000000000000e+06
1.191489361702127540e-02 2.500000000000000000e+06
1.201501877346683282e-02 2.500000000000000000e+06
1.211514392991239024e-02 2.500000000000000000e+06
1.221526908635794766e-02 2.500000000000000000e+06
1.231539424280350334e-02 2.500000000000000000e+06
1.241551939924906076e-02 2.500000000000000000e+06
1.251564455569461817e-02 2.500000000000000000e+06
1.261576971214017559e-02 2.500000000000000000e+06
1.271589486858573127e-02 2.500000000000000000e+06
1.281602002503128869e-02 2.500000000000000000e+06
1.291614518147684611e-02 2.500000000000000000e+06
1.301627033792240179e-02 2.500000000000000000e+06
1.311639549436795921e-02 2.500000000000000000e+06
1.321652065081351662e-02 2.500000000000000000e+06
1.331664580725907404e-02 2.500000000000000000e+06
1.341677096370462972e-02 2.500000000000000000e+06
1.351689612015018714e-02 2.500000000000000000e+06
1.361702127659574456e-02 2.500000000000000000e+06
1.371714643304130198e-02 2.500000000000000000e+06
1.381727158948685766e-02 2.500000000000000000e+06
1.391739674593241508e-02 2.500000000000000000e+06
1.401752190237797249e-02 2.500000000000000000e+06
1.411764705882352818e-02 2.500000000000000000e+06
1.421777221526908559e-02 2.500000000000000000e+06
1.431789737171464301e-02 2.500000000000000000e+06
1.441802252816020043e-02 2.500000000000000000e+06
1.451814768460575611e-02 2.500000000000000000e+06
1.461827284105131353e-02 2.500000000000000000e+06
1.471839799749687094e-02 2.500000000000000000e+06
1.481852315394242836e-02 2.500000000000000000e+06
1.491864831038798404e-02 2.500000000000000000e+06
1.501877346683354146e-02 2.500000000000000000e+06
1.511889862327909888e-02 2.500000000000000000e+06
1.521902377972465456e-02 2.500000000000000000e+06
1.531914893617021198e-02 2.500000000000000000e+06
1.541927409261576939e-02 2.500000000000000000e+06
1.551939924906132681e-02 2.500000000000000000e+06
1.561952440550688249e-02 2.500000000000000000e+06
1.571964956195244165e-02 2.500000000000000000e+06
1.581977471839799559e-02 2.500000000000000000e+06
1.591989987484355301e-02 2.500000000000000000e+06
1.602002503128911043e-02 2.500000000000000000e+06
1.612015018773466785e-02 2.500000000000000000e+06
1.622027534418022526e-02 2.500000000000000000e+06
1.632040050062578268e-02 2.500000000000000000e+06
1.642052565707134010e-02 2.500000000000000000e+06
1.652065081351689405e-02 2.500000000000000000e+06
1.662077596996245146e-02 2.500000000000000000e+06
1.672090112640800888e-02 2.500000000000000000e+06
1.682102628285356630e-02 2.500000000000000000e+06
1.692115143929912371e-02 2.500000000000000000e+06
1.702127659574468113e-02 2.500000000000000000e+06
1.712140175219023855e-02 2.500000000000000000e+06
1.722152690863579250e-02 2.500000000000000000e+06
1.732165206508134991e-02 2.500000000000000000e+06
1.742177722152690733e-02 2.500000000000000000e+06
1.752190237797246475e-02 2.500000000000000000e+06
1.762202753441802217e-02 2.500000000000000000e+06
1.772215269086357958e-02 2.500000000000000000e+06
1.782227784730913700e-02 2.500000000000000000e+06
1.792240300375469442e-02 2.500000000000000000e+06
1.802252816020024836e-02 2.500000000000000000e+06
1.812265331664580578e-02 2.500000000000000000e+06
1.822277847309136320e-02 2.500000000000000000e+06
1.832290362953692062e-02 2.500000000000000000e+06
1.842302878598247803e-02 2.500000000000000000e+06
1.852315394242803545e-02 2.500000000000000000e+06
1.862327909887359287e-02 2.500000000000000000e+06
1.872340425531914682e-02 2.500000000000000000e+06
1.882352941176470423e-02 2.500000000000000000e+06
1.892365456821026165e-02 2.500000000000000000e+06
1.902377972465581907e-02 2.500000000000000000e+06
1.912390488110137649e-02 2.500000000000000000e+06
1.922403003754693390e-02 2.500000000000000000e+06
1.932415519399249132e-02 2.500000000000000000e+06
1.942428035043804527e-02 2.500000000000000000e+06
1.952440550688360268e-02 2.500000000000000000e+06
1.962453066332916010e-02 2.500000000000000000e+06
1.972465581977471752e-02 2.500000000000000000e+06
1.982478097622027494e-02 2.500000000000000000e+06
1.992490613266583235e-02 2.500000000000000000e+06
2.002503128911138977e-02 2.496165069667854812e+06
2.012515644555694719e-02 2.480889183946777135e+06
2.022528160200250114e-02 2.465714925363768823e+06
2.032540675844805855e-02 2.450641617815630045e+06
2.042553191489361597e-02 2.435668589697130956e+06
2.052565707133917339e-02 2.420795173871083185e+06
2.062578222778473080e-02 2.406020707638617139e+06
2.072590738423028822e-02 2.391344532709654886e+06
2.082603254067584564e-02 2.376765995173578616e+06
2.092615769712139959e-02 2.362284445470095146e+06
2.102628285356695700e-02 2.347899238360292744e+06
2.112640801001251442e-02 2.333609732897897251e+06
2.122653316645807184e-02 2.319415292400707025e+06
2.132665832290362926e-02 2.305315284422229510e+06
2.142678347934918667e-02 2.291309080723501742e+06
2.152690863579474409e-02 2.277396057245096192e+06
2.162703379224029804e-02 2.263575594079317525e+06
2.172715894868585546e-02 2.249847075442580506e+06
2.182728410513141287e-02 2.236209889647973701e+06
2.192740926157697029e-02 2.222663429078007117e+06
2.202753441802252771e-02 2.209207090157535858e+06
2.212765957446808512e-02 2.195840273326869123e+06
2.222778473091364254e-02 2.182562383015056606e+06
2.232790988735919996e-02 2.169372827613350935e+06
2.242803504380475391e-02 2.156271019448850304e+06
2.252816020025031132e-02 2.143256374758310150e+06
2.262828535669586874e-02 2.130328313662137371e+06
2.272841051314142616e-02 2.117486260138551705e+06
2.282853566958698358e-02 2.104729641997918487e+06
2.292866082603254099e-02 2.092057890857257647e+06
2.302878598247809841e-02 2.079470442114916397e+06
2.312891113892365236e-02 2.066966734925414436e+06
2.322903629536920977e-02 2.054546212174452143e+06
2.332916145181476719e-02 2.042208320454092696e+06
2.342928660826032461e-02 2.029952510038099485e+06
2.352941176470588203e-02 2.017778234857446048e+06
2.362953692115143944e-02 2.005684952475983417e+06
2.372966207759699686e-02 1.993672124066272052e+06
2.382978723404255081e-02 1.981739214385574916e+06
2.392991239048810823e-02 1.969885691752006998e+06
2.403003754693366564e-02 1.958111028020847123e+06
2.413016270337922306e-02 1.946414698561006924e+06
2.423028785982478048e-02 1.934796182231653016e+06
2.433041301627033789e-02 1.923254961358988890e+06
2.443053817271589531e-02 1.911790521713189781e+06
2.453066332916145273e-02 1.900402352485488169e+06
2.463078848560700668e-02 1.889089946265417850e+06
2.473091364205256409e-02 1.877852799018202117e+06
2.483103879849812151e-02 1.866690410062298412e+06
2.493116395494367893e-02 1.855602282047089888e+06
2.503128911138923635e-02 1.844587920930724358e+06
2.513141426783479376e-02 1.833646835958102485e+06
2.523153942428035118e-02 1.822778539639011724e+06
2.533166458072590513e-02 1.811982547726406017e+06
2.543178973717146255e-02 1.801258379194828216e+06
2.553191489361701996e-02 1.790605556218980113e+06
2.563204005006257738e-02 1.780023604152429616e+06
2.573216520650813480e-02 1.769512051506465534e+06
2.583229036295369221e-02 1.759070429929087171e+06
2.593241551939924963e-02 1.748698274184137583e+06
2.603254067584480358e-02 1.738395122130575357e+06
2.613266583229036100e-02 1.728160514701881679e+06
2.623279098873591841e-02 1.717993995885607554e+06
2.633291614518147583e-02 1.707895112703056540e+06
2.643304130162703325e-02 1.697863415189099032e+06
2.653316645807259067e-02 1.687898456372126238e+06
2.663329161451814808e-02 1.677999792254133848e+06
2.673341677096370203e-02 1.668166981790940277e+06
2.683354192740925945e-02 1.658399586872533197e+06
2.693366708385481686e-02 1.648697172303552041e+06
2.703379224030037428e-02 1.639059305783895077e+06
2.713391739674593170e-02 1.629485557889459888e+06
2.723404255319148912e-02 1.619975502053008880e+06
2.733416770963704653e-02 1.610528714545162627e+06
2.743429286608260395e-02 1.601144774455521256e+06
2.753441802252815790e-02 1.591823263673910638e+06
2.763454317897371532e-02 1.582563766871750820e+06
2.773466833541927273e-02 1.573365871483554598e+06
2.783479349186483015e-02 1.564229167688541580e+06
2.793491864831038757e-02 1.555153248392380076e+06
2.803504380475594499e-02 1.546137709209047956e+06
2.813516896120150240e-02 1.537182148442815524e+06
2.823529411764705635e-02 1.528286167070347816e+06
2.833541927409261377e-02 1.519449368722923100e+06
2.843554443053817118e-02 1.510671359668776859e+06
2.853566958698372860e-02 1.501951748795554275e+06
2.863579474342928602e-02 1.493290147592886817e+06
2.873591989987484344e-02 1.484686170135080582e+06
2.883604505632040085e-02 1.476139433063920820e+06
2.893617021276595480e-02 1.467649555571592180e+06
2.903629536921151222e-02 1.459216159383709542e+06
2.913642052565706964e-02 1.450838868742465507e+06
2.923654568210262705e-02 1.442517310389887542e+06
2.933667083854818447e-02 1.434251113551207352e+06
2.943679599499374189e-02 1.426039909918339690e+06
2.953692115143929930e-02 1.417883333633472677e+06
2.963704630788485672e-02 1.409781021272767335e+06
2.973717146433041067e-02 1.401732611830163980e+06
2.983729662077596809e-02 1.393737746701297117e+06
2.993742177722152550e-02 1.385796069667518837e+06
3.003754693366708292e-02 1.377907226880024886e+06
3.013767209011264034e-02 1.370070866844091797e+06
3.023779724655819776e-02 1.362286640403412981e+06
3.033792240300375517e-02 1.354554200724541675e+06
3.043804755944930912e-02 1.346873203281440306e+06
3.053817271589486654e-02 1.339243305840126239e+06
3.063829787234042396e-02 1.331664168443426024e+06
3.073842302878598137e-02 1.324135453395826975e+06
3.083854818523153879e-02 1.316656825248430483e+06
3.093867334167709621e-02 1.309227950784007087e+06
3.103879849812265362e-02 1.301848499002148863e+06
3.113892365456820757e-02 1.294518141104520997e+06
3.123904881101376499e-02 1.287236550480212085e+06
3.133917396745932588e-02 1.280003402691182448e+06
3.143929912390488329e-02 1.272818375457808608e+06
3.153942428035043377e-02 1.265681148644522531e+06
3.163954943679599119e-02 1.258591404245547485e+06
3.173967459324154861e-02 1.251548826370730530e+06
3.183979974968710602e-02 1.244553101231467910e+06
3.193992490613266344e-02 1.237603917126721703e+06
3.204005006257822086e-02 1.230700964429134037e+06
3.214017521902377827e-02 1.223843935571229784e+06
3.224030037546933569e-02 1.217032525031713769e+06
3.234042553191489311e-02 1.210266429321856704e+06
3.244055068836045053e-02 1.203545346971974010e+06
3.254067584480600794e-02 1.196868978517993353e+06
3.264080100125156536e-02 1.190237026488111122e+06
3.274092615769712278e-02 1.183649195389539469e+06
3.284105131414268020e-02 1.177105191695339046e+06
3.294117647058823761e-02 1.170604723831341602e+06
3.304130162703378809e-02 1.164147502163158264e+06
3.314142678347934551e-02 1.157733238983273972e+06
3.324155193992490293e-02 1.151361648498230148e+06
3.334167709637046034e-02 1.145032446815888863e+06
3.344180225281601776e-02 1.138745351932785474e+06
3.354192740926157518e-02 1.132500083721562289e+06
3.364205256570713259e-02 1.126296363918487914e+06
3.374217772215269001e-02 1.120133916111059487e+06
3.384230287859824743e-02 1.114012465725685703e+06
3.394242803504380485e-02 1.107931740015453659e+06
3.404255319148936226e-02 1.101891468047976494e+06
3.414267834793491968e-02 1.095891380693321116e+06
3.424280350438047710e-02 1.089931210612017196e+06
3.434292866082603451e-02 1.084010692243145779e+06
3.444305381727158499e-02 1.078129561792507302e+06
3.454317897371714241e-02 1.072287557220866205e+06
3.464330413016269983e-02 1.066484418232277967e+06
3.474342928660825724e-02 1.060719886262489948e+06
3.484355444305381466e-02 1.054993704467421398e+06
3.494367959949937208e-02 1.049305617711718660e+06
3.504380475594492950e-02 1.043655372557388386e+06
3.514392991239048691e-02 1.038042717252504663e+06
3.524405506883604433e-02 1.032467401719992748e+06
3.534418022528160175e-02 1.026929177546485793e+06
3.544430538172715917e-02 1.021427797971256776e+06
3.554443053817271658e-02 1.015963017875224585e+06
3.564455569461827400e-02 1.010534593770031584e+06
3.574468085106383142e-02 1.005142283787194639e+06
3.584480600750938883e-02 9.997858476673300611e+05
3.594493116395493931e-02 9.944650467494467739e+05
3.604505632040049673e-02 9.891796439603123581e+05
3.614518147684605415e-02 9.839294038038927829e+05
3.624530663329161156e-02 9.787140923508565174e+05
3.634543178973716898e-02 9.735334772281531477e+05
3.644555694618272640e-02 9.683873276086598635e+05
3.654568210262828382e-02 9.632754142008961644e+05
3.664580725907384123e-02 9.581975092388073681e+05
3.674593241551939865e-02 9.531533864716176176e+05
3.684605757196495607e-02 9.481428211537473835e+05
3.694618272841051348e-02 9.431655900348005816e+05
3.704630788485607090e-02 9.382214713496179320e+05
3.714643304130162832e-02 9.333102448083948111e+05
3.724655819774718574e-02 9.284316915868665092e+05
3.734668335419274315e-02 9.235855943165593781e+05
3.744680851063829363e-02 9.187717370751041453e+05
3.754693366708385105e-02 9.139899053766157012e+05
3.764705882352940847e-02 9.092398861621374963e+05
3.774718397997496588e-02 9.045214677901472896e+05
3.784730913642052330e-02 8.998344400271280902e+05
3.794743429286608072e-02 8.951785940382005647e+05
3.804755944931163814e-02 8.905537223778181942e+05
3.814768460575719555e-02 8.859596189805244794e+05
3.824780976220275297e-02 8.813960791517714970e+05
3.834793491864831039e-02 8.768628995587999234e+05
3.844806007509386780e-02 8.723598782215781976e+05
3.854818523153942522e-02 8.678868145038045477e+05
3.864831038798498264e-02 8.634435091039666440e+05
3.874843554443054006e-02 8.590297640464610886e+05
3.884856070087609053e-02 8.546453826727746055e+05
3.894868585732164795e-02 8.502901696327177342e+05
3.904881101376720537e-02 8.459639308757251129e+05
3.914893617021276279e-02 8.416664736422072165e+05
3.924906132665832020e-02 8.373976064549613511e+05
3.934918648310387762e-02 8.331571391106414376e+05
3.944931163954943504e-02 8.289448826712829759e+05
3.954943679599499246e-02 8.247606494558841223e+05
3.964956195244054987e-02 8.206042530320438091e+05
3.974968710888610729e-02 8.164755082076556282e+05
3.984981226533166471e-02 8.123742310226553818e+05
3.994993742177722212e-02 8.083002387408250943e+05
4.005006257822277954e-02 8.042533498416515067e+05
4.015018773466833696e-02 8.002333840122373076e+05
4.025031289111389438e-02 7.962401621392676607e+05
4.035043804755944485e-02 7.922735063010299345e+05
4.045056320400500227e-02 7.883332397594850045e+05
4.055068836045055969e-02 7.844191869523943169e+05
4.065081351689611711e-02 7.805311734854960814e+05
4.075093867334167452e-02 7.766690261247359449e+05
4.085106382978723194e-02 7.728325727885476081e+05
4.095118898623278936e-02 7.690216425401858287e+05
4.105131414267834677e-02 7.652360655801108805e+05
4.115143929912390419e-02 7.614756732384216739e+05
4.125156445556946161e-02 7.577402979673414957e+05
4.135168961201501903e-02 7.540297733337526442e+05
4.145181476846057644e-02 7.503439340117804240e+05
4.155193992490613386e-02 7.466826157754271990e+05
4.165206508135169128e-02 7.430456554912551073e+05
4.175219023779724176e-02 7.394328911111179041e+05
4.185231539424279917e-02 7.358441616649391362e+05
4.195244055068835659e-02 7.322793072535425890e+05
4.205256570713391401e-02 7.287381690415256890e+05
4.215269086357947143e-02 7.252205892501830822e+05
4.225281602002502884e-02 7.217264111504773609e+05
4.235294117647058626e-02 7.182554790560547262e+05
4.245306633291614368e-02 7.148076383163086139e+05
4.255319148936170109e-02 7.113827353094897699e+05
4.265331664580725851e-02 7.079806174358607968e+05
4.275344180225281593e-02 7.046011331108966842e+05
4.285356695869837335e-02 7.012441317585316719e+05
4.295369211514393076e-02 6.979094638044496533e+05
4.305381727158948818e-02 6.945969806694195140e+05
4.315394242803504560e-02 6.913065347626759904e+05
4.325406758448059608e-02 6.880379794753429014e+05
4.335419274092615349e-02 6.847911691738998052e+05
4.345431789737171091e-02 6.815659591936960351e+05
4.355444305381726833e-02 6.783622058325024555e+05
4.365456821026282574e-02 6.751797663441093173e+05
4.375469336670838316e-02 6.720184989319668384e+05
4.385481852315394058e-02 6.688782627428664127e+05
4.395494367959949800e-02 6.657589178606651258e+05
4.405506883604505541e-02 6.626603253000522964e+05
4.415519399249061283e-02 6.595823470003551338e+05
4.425531914893617025e-02 6.565248458193892147e+05
4.435544430538172767e-02 6.534876855273470283e+05
4.445556946182728508e-02 6.504707308007281972e+05
4.455569461827284250e-02 6.474738472163098631e+05
4.465581977471839992e-02 6.444969012451581657e+05
4.475594493116395040e-02 6.415397602466775570e+05
4.485607008760950781e-02 6.386022924627015600e+05
4.495619524405506523e-02 6.356843670116225258e+05
4.505632040050062265e-02 6.327858538825588766e+05
4.515644555694618006e-02 6.299066239295636769e+05
4.525657071339173748e-02 6.270465488658696413e+05
4.535669586983729490e-02 6.242055012581734918e+05
4.545682102628285232e-02 6.213833545209574513e+05
4.555694618272840973e-02 6.185799829108503181e+05
4.565707133917396715e-02 6.157952615210238146e+05
4.575719649561952457e-02 6.130290662756273523e+05
4.585732165206508198e-02 6.102812739242601674e+05
4.595744680851063940e-02 6.075517620364795439e+05
4.605757196495619682e-02 6.048404089963455917e+05
4.615769712140174730e-02 6.021470939970033942e+05
4.625782227784730471e-02 5.994716970352989156e+05
4.635794743429286213e-02 5.968140989064330934e+05
4.645807259073841955e-02 5.941741811986509711e+05
4.655819774718397697e-02 5.915518262879645918e+05
4.665832290362953438e-02 5.889469173329131445e+05
4.675844806007509180e-02 5.863593382693564054e+05
4.685857321652064922e-02 5.837889738053034525e+05
4.695869837296620664e-02 5.812357094157761894e+05
4.705882352941176405e-02 5.786994313377058133e+05
4.715894868585732147e-02 5.761800265648649074e+05
4.725907384230287889e-02 5.736773828428314300e+05
4.735919899874843630e-02 5.711913886639877455e+05
4.745932415519399372e-02 5.687219332625521347e+05
4.755944931163955114e-02 5.662689066096432507e+05
4.765957446808510162e-02 5.638321994083784521e+05
4.775969962453065903e-02 5.614117030890025198e+05
4.785982478097621645e-02 5.590073098040518817e+05
4.795994993742177387e-02 5.566189124235482886e+05
4.806007509386733129e-02 5.542464045302264858e+05
4.816020025031288870e-02 5.518896804147912189e+05
4.826032540675844612e-02 5.495486350712087005e+05
4.836045056320400354e-02 5.472231641920271795e+05
4.846057571964956096e-02 5.449131641637296416e+05
4.856070087609511837e-02 5.426185320621174760e+05
4.866082603254067579e-02 5.403391656477241777e+05
4.876095118898623321e-02 5.380749633612597827e+05
4.886107634543179062e-02 5.358258243190866197e+05
4.896120150187734804e-02 5.335916483087238157e+05
4.906132665832290546e-02 5.313723357843821868e+05
4.916145181476845594e-02 5.291677878625288140e+05
4.926157697121401335e-02 5.269779063174815383e+05
4.936170212765957077e-02 5.248025935770322103e+05
4.946182728410512819e-02 5.226417527180995094e+05
4.956195244055068561e-02 5.204952874624099932e+05
4.966207759699624302e-02 5.183631021722088335e+05
4.976220275344180044e-02 5.162451018459979678e+05
4.986232790988735786e-02 5.141411921143039945e+05
4.996245306633291527e-02 5.120512792354728444e+05
5.006257822277847269e-02 5.099752700914932648e+05
5.016270337922403011e-02 5.079130721838476020e+05
5.026282853566958753e-02 5.058645936293912819e+05
5.036295369211514494e-02 5.038297431562577258e+05
5.046307884856070236e-02 5.018084300997923710e+05
5.056320400500625284e-02 4.998005643985130009e+05
5.066332916145181026e-02 4.978060565900963265e+05
5.076345431789736767e-02 4.958248178073927993e+05
5.086357947434292509e-02 4.938567597744665109e+05
5.096370463078848251e-02 4.919017948026624508e+05
5.106382978723403993e-02 4.899598357866985607e+05
5.116395494367959734e-02 4.880307962007854949e+05
5.126408010012515476e-02 4.861145900947711780e+05
5.136420525657071218e-02 4.842111320903112646e+05
5.146433041301626959e-02 4.823203373770645703e+05
5.156445556946182701e-02 4.804421217089149286e+05
5.166458072590738443e-02 4.785764014002169715e+05
5.176470588235294185e-02 4.767230933220681618e+05
5.186483103879849926e-02 4.748821148986038170e+05
5.196495619524405668e-02 4.730533841033189092e+05
5.206508135168960716e-02 4.712368194554129150e+05
5.216520650813516458e-02 4.694323400161587051e+05
5.226533166458072199e-02 4.676398653852975112e+05
5.236545682102627941e-02 4.658593156974556041e+05
5.246558197747183683e-02 4.640906116185865831e+05
5.256570713391739424e-02 4.623336743424357264e+05
5.266583229036295166e-02 4.605884255870293127e+05
5.276595744680850908e-02 4.588547875911867013e+05
5.286608260325406650e-02 4.571326831110550556e+05
5.296620775969962391e-02 4.554220354166682810e+05
5.306633291614518133e-02 4.537227682885282557e+05
5.316645807259073875e-02 4.520348060142081231e+05
5.326658322903629617e-02 4.503580733849795652e+05
5.336670838548185358e-02 4.486924956924614962e+05
5.346683354192740406e-02 4.470379987252913415e+05
5.356695869837296148e-02 4.453945087658184348e+05
5.366708385481851890e-02 4.437619525868199999e+05
5.376720901126407631e-02 4.421402574482376804e+05
5.386733416770963373e-02 4.405293510939368862e+05
5.396745932415519115e-02 4.389291617484873277e+05
5.406758448060074856e-02 4.373396181139651453e+05
5.416770963704630598e-02 4.357606493667758768e+05
5.426783479349186340e-02 4.341921851544991368e+05
5.436795994993742082e-02 4.326341555927538429e+05
5.446808510638297823e-02 4.310864912620843388e+05
5.456821026282853565e-02 4.295491232048675301e+05
5.466833541927409307e-02 4.280219829222403932e+05
5.476846057571965048e-02 4.265050023710478563e+05
5.486858573216520790e-02 4.249981139608112862e+05
5.496871088861075838e-02 4.235012505507168826e+05
5.506883604505631580e-02 4.220143454466232215e+05
5.516896120150187321e-02 4.205373323980914429e+05
5.526908635794743063e-02 4.190701455954318517e+05
5.536921151439298805e-02 4.176127196667725220e+05
5.546933667083854547e-02 4.161649896751463530e+05
5.556946182728410288e-02 4.147268911155976821e+05
5.566958698372966030e-02 4.132983599123081076e+05
5.576971214017521772e-02 4.118793324157418683e+05
5.586983729662077514e-02 4.104697453998095589e+05
5.596996245306633255e-02 4.090695360590512282e+05
5.607008760951188997e-02 4.076786420058381045e+05
5.617021276595744739e-02 4.062970012675924227e+05
5.627033792240300480e-02 4.049245522840267513e+05
5.637046307884856222e-02 4.035612339044006076e+05
5.647058823529411270e-02 4.022069853847961640e+05
5.657071339173967012e-02 4.008617463854115922e+05
5.667083854818522753e-02 3.995254569678726839e+05
5.677096370463078495e-02 3.981980575925621670e+05
5.687108886107634237e-02 3.968794891159667750e+05
5.697121401752189979e-02 3.955696927880422445e+05
5.707133917396745720e-02 3.942686102495954256e+05
5.717146433041301462e-02 3.929761835296842037e+05
5.727158948685857204e-02 3.916923550430346513e+05
5.737171464330412946e-02 3.904170675874750596e+05
5.747183979974968687e-02 3.891502643413871410e+05
5.757196495619524429e-02 3.878918888611745788e+05
5.767209011264080171e-02 3.866418850787479896e+05
5.777221526908635912e-02 3.854001972990266513e+05
5.787234042553190960e-02 3.841667701974575175e+05
5.797246558197746702e-02 3.829415488175489591e+05
5.807259073842302444e-02 3.817244785684235394e+05
5.817271589486858185e-02 3.805155052223848179e+05
5.827284105131413927e-02 3.793145749125013826e+05
5.837296620775969669e-02 3.781216341302067740e+05
5.847309136420525411e-02 3.769366297229155316e+05
5.857321652065081152e-02 3.757595088916545501e+05
5.867334167709636894e-02 3.745902191887108493e+05
5.877346683354192636e-02 3.734287085152947111e+05
5.887359198998748377e-02 3.722749251192181837e+05
5.897371714643304119e-02 3.711288175925894175e+05
5.907384230287859861e-02 3.699903348695220193e+05
5.917396745932415603e-02 3.688594262238600058e+05
5.927409261576971344e-02 3.677360412669172511e+05
5.937421777221526392e-02 3.666201299452325329e+05
5.947434292866082134e-02 3.655116425383394817e+05
5.957446808510637876e-02 3.644105296565512544e+05
5.967459324155193617e-02 3.633167422387595871e+05
5.977471839799749359e-02 3.622302315502493875e+05
5.987484355444305101e-02 3.611509491805266589e+05
5.997496871088860843e-02 3.600788470411621965e+05
6.007509386733416584e-02 3.590138773636484402e+05
6.017521902377972326e-02 3.579559926972712856e+05
6.027534418022528068e-02 3.569051459069958655e+05
6.037546933667083809e-02 3.558612901713666506e+05
6.047559449311639551e-02 3.548243789804207627e+05
6.057571964956195293e-02 3.537943661336163059e+05
6.067584480600751035e-02 3.527712057377730962e+05
6.077596996245306776e-02 3.517548522050286410e+05
6.087609511889861824e-02 3.507452602508063428e+05
6.097622027534417566e-02 3.497423848917981377e+05
6.107634543178973308e-02 3.487461814439599402e+05
6.117647058823529049e-02 3.477566055205210578e+05
6.127659574468084791e-02 3.467736130300063523e+05
6.137672090112640533e-02 3.457971601742713829e+05
6.147684605757196274e-02 3.448272034465514589e+05
6.157697121401752016e-02 3.438636996295228601e+05
6.167709637046307758e-02 3.429066057933771517e+05
6.177722152690863500e-02 3.419558792939088889e+05
6.187734668335419241e-02 3.410114777706149034e+05
6.197747183979974983e-02 3.400733591448073275e+05
6.207759699624530725e-02 3.391414816177386092e+05
6.217772215269086467e-02 3.382158036687392741e+05
6.227784730913641514e-02 3.372962840533677954e+05
6.237797246558197256e-02 3.363828818015726865e+05
6.247809762202752998e-02 3.354755562158675748e+05
6.257822277847309433e-02 3.345742668695173925e+05
6.267834793491865175e-02 3.336789736047374317e+05
6.277847309136420917e-02 3.327896365309040411e+05
6.287859824780976659e-02 3.319062160227770219e+05
6.297872340425532400e-02 3.310286727187343640e+05
6.307884856070086754e-02 3.301569675190184498e+05
6.317897371714642496e-02 3.292910615839934326e+05
6.327909887359198238e-02 3.284309163324155379e+05
6.337922403003753979e-02 3.275764934397133184e+05
6.347934918648309721e-02 3.267277548362805974e+05
6.357947434292865463e-02 3.258846627057798905e+05
6.367959949937421205e-02 3.250471794834573520e+05
6.377972465581976946e-02 3.242152678544694791e+05
6.387984981226532688e-02 3.233888907522202935e+05
6.397997496871088430e-02 3.225680113567096996e+05
6.408010012515644171e-02 3.217525930928931339e+05
6.418022528160199913e-02 3.209425996290517505e+05
6.428035043804755655e-02 3.201379948751737247e+05
6.438047559449311397e-02 3.193387429813462659e+05
6.448060075093867138e-02 3.185448083361581666e+05
6.458072590738422880e-02 3.177561555651131785e+05
6.468085106382978622e-02 3.169727495290539810e+05
6.478097622027534364e-02 3.161945553225962794e+05
6.488110137672090105e-02 3.154215382725737290e+05
6.498122653316645847e-02 3.146536639364931034e+05
6.508135168961201589e-02 3.138908981009993004e+05
6.518147684605757330e-02 3.131332067803516402e+05
6.528160200250313072e-02 3.123805562149087782e+05
6.538172715894868814e-02 3.116329128696250846e+05
6.548185231539424556e-02 3.108902434325562208e+05
6.558197747183980297e-02 3.101525148133750190e+05
6.568210262828536039e-02 3.094196941418969654e+05
6.578222778473091781e-02 3.086917487666157540e+05
6.588235294117647523e-02 3.079686462532485602e+05
6.598247809762201876e-02 3.072503543832906289e+05
6.608260325406757618e-02 3.065368411525797565e+05
6.618272841051313360e-02 3.058280747698706691e+05
6.628285356695869102e-02 3.051240236554183066e+05
6.638297872340424843e-02 3.044246564395707101e+05
6.648310387984980585e-02 3.037299419613714563e+05
6.658322903629536327e-02 3.030398492671711138e+05
6.668335419274092069e-02 3.023543476092480123e+05
6.678347934918647810e-02 3.016734064444386167e+05
6.688360450563203552e-02 3.009969954327762825e+05
6.698372966207759294e-02 3.003250844361393247e+05
6.708385481852315035e-02 2.996576435169089236e+05
6.718397997496870777e-02 2.989946429366342491e+05
6.728410513141426519e-02 2.983360531547081773e+05
6.738423028785982261e-02 2.976818448270505760e+05
6.748435544430538002e-02 2.970319888048013672e+05
6.758448060075093744e-02 2.963864561330211582e+05
6.768460575719649486e-02 2.957452180494017084e+05
6.778473091364205227e-02 2.951082459829840809e+05
6.788485607008760969e-02 2.944755115528856404e+05
6.798498122653316711e-02 2.938469865670356667e+05
6.808510638297872453e-02 2.932226430209190585e+05
6.818523153942428194e-02 2.926024530963286525e+05
6.828535669586983936e-02 2.919863891601258656e+05
6.838548185231539678e-02 2.913744237630092539e+05
6.848560700876095420e-02 2.907665296382915694e+05
6.858573216520651161e-02 2.901626797006850247e+05
6.868585732165206903e-02 2.895628470450941822e+05
6.878598247809762645e-02 2.889670049454174587e+05
6.888610763454316999e-02 2.883751268533562543e+05
6.898623279098872740e-02 2.877871863972317660e+05
6.908635794743428482e-02 2.872031573808104731e+05
6.918648310387984224e-02 2.866230137821366079e+05
6.928660826032539966e-02 2.860467297523727175e+05
6.938673341677095707e-02 2.854742796146481996e+05
6.948685857321651449e-02 2.849056378629148239e+05
6.958698372966207191e-02 2.843407791608108673e+05
6.968710888610762932e-02 2.837796783405316528e+05
6.978723404255318674e-02 2.832223104017084697e+05
6.988735919899874416e-02 2.826686505102945957e+05
6.998748435544430158e-02 2.821186739974589436e+05
7.008760951188985899e-02 2.815723563584866351e+05
7.018773466833541641e-02 2.810296732516874326e+05
7.028785982478097383e-02 2.804906004973108647e+05
7.038798498122653124e-02 2.799551140764693264e+05
7.048811013767208866e-02 2.794231901300674654e+05
7.058823529411764608e-02 2.788948049577393103e+05
7.068836045056320350e-02 2.783699350167922676e+05
7.078848560700876091e-02 2.778485569211582770e+05
7.088861076345431833e-02 2.773306474403514876e+05
7.098873591989987575e-02 2.768161834984334419e+05
7.108886107634543317e-02 2.763051421729850699e+05
7.118898623279099058e-02 2.757975006940849125e+05
7.128911138923654800e-02 2.752932364432949107e+05
7.138923654568210542e-02 2.747923269526526565e+05
7.148936170212766283e-02 2.742947499036701629e+05
7.158948685857322025e-02 2.738004831263392698e+05
7.168961201501877767e-02 2.733095045981442672e+05
7.178973717146432121e-02 2.728217924430804560e+05
7.188986232790987863e-02 2.723373249306792277e+05
7.198998748435543604e-02 2.718560804750402458e+05
7.209011264080099346e-02 2.713780376338694477e+05
7.219023779724655088e-02 2.709031751075235079e+05
7.229036295369210829e-02 2.704314717380611692e+05
7.239048811013766571e-02 2.699629065083002206e+05
7.249061326658322313e-02 2.694974585408812854e+05
7.259073842302878055e-02 2.690351070973374881e+05
7.269086357947433796e-02 2.685758315771704074e+05
7.279098873591989538e-02 2.681196115169322002e+05
7.289111389236545280e-02 2.676664265893140109e+05
7.299123904881101021e-02 2.672162566022400279e+05
7.309136420525656763e-02 2.667690814979679999e+05
7.319148936170212505e-02 2.663248813521955162e+05
7.329161451814768247e-02 2.658836363731719321e+05
7.339173967459323988e-02 2.654453269008171628e+05
7.349186483103879730e-02 2.650099334058451350e+05
7.359198998748435472e-02 2.645774364888938726e+05
7.369211514392991214e-02 2.641478168796611135e+05
7.379224030037546955e-02 2.637210554360459209e+05
7.389236545682102697e-02 2.632971331432953011e+05
7.399249061326658439e-02 2.628760311131573981e+05
7.409261576971214180e-02 2.624577305830398691e+05
7.419274092615769922e-02 2.620422129151736153e+05
7.429286608260325664e-02 2.616294595957826241e+05
7.439299123904881406e-02 2.612194522342591372e+05
7.449311639549437147e-02 2.608121725623439415e+05
7.459324155193992889e-02 2.604076024333125679e+05
7.469336670838548631e-02 2.600057238211668737e+05
7.479349186483102985e-02 2.596065188198316901e+05
7.489361702127658726e-02 2.592099696423569403e+05
7.499374217772214468e-02 2.588160586201254337e+05
7.509386733416770210e-02 2.584247682020653738e+05
7.519399249061325952e-02 2.580360809538684261e+05
7.529411764705881693e-02 2.576499795572128496e+05
7.539424280350437435e-02 2.572664468089920119e+05
7.549436795994993177e-02 2.568854656205477077e+05
7.559449311639548919e-02 2.565070190169089474e+05
7.569461827284104660e-02 2.561310901360354328e+05
7.579474342928660402e-02 2.557576622280664451e+05
7.589486858573216144e-02 2.553867186545743025e+05
7.599499374217771885e-02 2.550182428878233186e+05
7.609511889862327627e-02 2.546522185100330389e+05
7.619524405506883369e-02 2.542886292126471235e+05
7.629536921151439111e-02 2.539274587956063915e+05
7.639549436795994852e-02 2.535686911666271044e+05
7.649561952440550594e-02 2.532123103404840222e+05
7.659574468085106336e-02 2.528583004382981453e+05
7.669586983729662077e-02 2.525066456868291425e+05
7.679599499374217819e-02 2.521573304177726677e+05
7.689612015018773561e-02 2.518103390670621593e+05
7.699624530663329303e-02 2.514656561741753540e+05
7.709637046307885044e-02 2.511232663814455736e+05
7.719649561952440786e-02 2.507831544333772617e+05
7.729662077596996528e-02 2.504453051759663504e+05
7.739674593241552270e-02 2.501097035560251388e+05
7.749687108886108011e-02 2.497763346205114503e+05
7.759699624530663753e-02 2.494451835158624162e+05
7.769712140175218107e-02 2.491162354873327422e+05
7.779724655819773849e-02 2.487894758783371653e+05
7.789737171464329590e-02 2.484648901297975099e+05
7.799749687108885332e-02 2.481424637794939918e+05
7.809762202753441074e-02 2.478221824614208890e+05
7.819774718397996816e-02 2.475040319051462575e+05
7.829787234042552557e-02 2.471879979351763322e+05
7.839799749687108299e-02 2.468740664703237417e+05
7.849812265331664041e-02 2.465622235230802326e+05
7.859824780976219782e-02 2.462524551989933243e+05
7.869837296620775524e-02 2.459447476960474160e+05
7.879849812265331266e-02 2.456390873040486476e+05
7.889862327909887008e-02 2.453354604040140985e+05
7.899874843554442749e-02 2.450338534675649134e+05
7.909887359198998491e-02 2.447342530563236796e+05
7.919899874843554233e-02 2.444366458213154983e+05
7.929912390488109974e-02 2.441410185023733939e+05
7.939924906132665716e-02 2.438473579275473021e+05
7.949937421777221458e-02 2.435556510125173372e+05
7.959949937421777200e-02 2.432658847600106965e+05
7.969962453066332941e-02 2.429780462592225813e+05
7.979974968710888683e-02 2.426921226852409891e+05
7.989987484355444425e-02 2.424081012984753179e+05
8.000000000000000167e-02 2.421259694440886087e+05
---------------
