field_vs_length
---------------
0.000000000000000000e+00 2.500000000000000000e+06
1.001251564455569429e-04 2.500000000000000000e+06
2.002503128911138858e-04 2.500000000000000000e+06
3.003754693366708422e-04 2.500000000000000000e+06
4.005006257822277716e-04 2.500000000000000000e+06
5.006257822277847009e-04 2.500000000000000000e+06
6.007509386733416844e-04 2.500000000000000000e+06
7.008760951188985596e-04 2.500000000000000000e+06
8.010012515644555431e-04 2.500000000000000000e+06
9.011264080100125267e-04 2.500000000000000000e+06
1.001251564455569402e-03 2.500000000000000000e+06
1.101376720901126385e-03 2.500000000000000000e+06
1.201501877346683369e-03 2.500000000000000000e+06
1.301627033792240352e-03 2.500000000000000000e+06
1.401752190237797119e-03 2.500000000000000000e+06
1.501877346683354103e-03 2.500000000000000000e+06
1.602002503128911086e-03 2.500000000000000000e+06
1.702127659574468070e-03 2.500000000000000000e+06
1.802252816020025053e-03 2.500000000000000000e+06
1.902377972465581820e-03 2.500000000000000000e+06
2.002503128911138804e-03 2.500000000000000000e+06
2.102628285356695787e-03 2.500000000000000000e+06
2.202753441802252771e-03 2.500000000000000000e+06
2.302878598247809754e-03 2.500000000000000000e+06
2.403003754693366738e-03 2.500000000000000000e+06
2.503128911138923721e-03 2.500000000000000000e+06
2.603254067584480705e-03 2.500000000000000000e+06
2.703379224030037255e-03 2.500000000000000000e+06
2.803504380475594238e-03 2.500000000000000000e+06
2.903629536921151222e-03 2.500000000000000000e+06
3.003754693366708205e-03 2.500000000000000000e+06
3.103879849812265189e-03 2.500000000000000000e+06
3.204005006257822172e-03 2.500000000000000000e+06
3.304130162703379156e-03 2.500000000000000000e+06
3.404255319148936140e-03 2.500000000000000000e+06
3.504380475594493123e-03 2.500000000000000000e+06
3.604505632040050107e-03 2.500000000000000000e+06
3.704630788485607090e-03 2.500000000000000000e+06
3.804755944931163640e-03 2.500000000000000000e+06
3.904881101376720624e-03 2.500000000000000000e+06
4.005006257822277607e-03 2.500000000000000000e+06
4.105131414267835024e-03 2.500000000000000000e+06
4.205256570713391574e-03 2.500000000000000000e+06
4.305381727158948124e-03 2.500000000000000000e+06
4.405506883604505541e-03 2.500000000000000000e+06
4.505632040050062091e-03 2.500000000000000000e+06
4.605757196495619508e-03 2.500000000000000000e+06
4.705882352941176058e-03 2.500000000000000000e+06
4.806007509386733476e-03 2.500000000000000000e+06
4.906132665832290025e-03 2.500000000000000000e+06
5.006257822277847443e-03 2.500000000000000000e+06
5.106382978723403993e-03 2.500000000000000000e+06
5.206508135168961410e-03 2.500000000000000000e+06
5.306633291614517960e-03 2.500000000000000000e+06
5.406758448060074509e-03 2.500000000000000000e+06
5.506883604505631927e-03 2.500000000000000000e+06
5.607008760951188477e-03 2.500000000000000000e+06
5.707133917396745894e-03 2.500000000000000000e+06
5.807259073842302444e-03 2.500000000000000000e+06
5.907384230287859861e-03 2.500000000000000000e+06
6.007509386733416411e-03 2.500000000000000000e+06
6.107634543178973828e-03 2.500000000000000000e+06
6.207759699624530378e-03 2.500000000000000000e+06
6.307884856070087795e-03 2.500000000000000000e+06
6.408010012515644345e-03 2.500000000000000000e+06
6.508135168961200895e-03 2.500000000000000000e+06
6.608260325406758312e-03 2.500000000000000000e+06
6.708385481852314862e-03 2.500000000000000000e+06
6.808510638297872279e-03 2.500000000000000000e+06
6.908635794743428829e-03 2.500000000000000000e+06
7.008760951188986246e-03 2.500000000000000000e+06
7.108886107634542796e-03 2.500000000000000000e+06
7.209011264080100213e-03 2.500000000000000000e+06
7.309136420525656763e-03 2.500000000000000000e+06
7.409261576971214180e-03 2.500000000000000000e+06
7.509386733416770730e-03 2.500000000000000000e+06
7.609511889862327280e-03 2.500000000000000000e+06
7.709637046307884697e-03 2.500000000000000000e+06
7.809762202753441247e-03 2.500000000000000000e+06
7.909887359198997797e-03 2.500000000000000000e+06
8.010012515644555214e-03 2.500000000000000000e+06
8.110137672090112632e-03 2.500000000000000000e+06
8.210262828535670049e-03 2.500000000000000000e+06
8.310387984981225731e-03 2.500000000000000000e+06
8.410513141426783149e-03 2.500000000000000000e+06
8.510638297872340566e-03 2.500000000000000000e+06
8.610763454317896248e-03 2.500000000000000000e+06
8.710888610763453666e-03 2.500000000000000000e+06
8.811013767209011083e-03 2.500000000000000000e+06
8.911138923654568500e-03 2.500000000000000000e+06
9.011264080100124182e-03 2.500000000000000000e+06
9.111389236545681600e-03 2.500000000000000000e+06
9.211514392991239017e-03 2.500000000000000000e+06
9.311639549436796434e-03 2.500000000000000000e+06
9.411764705882352117e-03 2.500000000000000000e+06
9.511889862327909534e-03 2.500000000000000000e+06
9.612015018773466951e-03 2.500000000000000000e+06
9.712140175219022634e-03 2.500000000000000000e+06
9.812265331664580051e-03 2.500000000000000000e+06
9.912390488110137468e-03 2.500000000000000000e+06
1.001251564455569489e-02 2.500000000000000000e+06
1.011264080100125057e-02 2.500000000000000000e+06
1.021276595744680799e-02 2.500000000000000000e+06
1.031289111389236540e-02 2.500000000000000000e+06
1.041301627033792282e-02 2.500000000000000000e+06
1.051314142678347850e-02 2.500000000000000000e+06
1.061326658322903592e-02 2.500000000000000000e+06
1.071339173967459334e-02 2.500000000000000000e+06
1.081351689612014902e-02 2.500000000000000000e+06
1.091364205256570644e-02 2.500000000000000000e+06
1.101376720901126385e-02 2.500000000000000000e+06
1.111389236545682127e-02 2.500000000000000000e+06
1.121401752190237695e-02 2.500000000000000000e+06
1.131414267834793437e-02 2.500000000000000000e+06
1.141426783479349179e-02 2.500000000000000000e+06
1.151439299123904920e-02 2.500000000000000000e+06
1.161451814768460489e-02 2.500000000000000000e+06
1.171464330413016230e-02 2.500000000000000000e+06
1.181476846057571972e-02 2.500000000000000000e+06
1.191489361702127540e-02 2.500000000000000000e+06
1.201501877346683282e-02 2.500000000000000000e+06
1.211514392991239024e-02 2.500000000000000000e+06
1.221526908635794766e-02 2.500000000000000000e+06
1.231539424280350334e-02 2.500000000000000000e+06
1.241551939924906076e-02 2.500000000000000000e+06
1.251564455569461817e-02 2.500000000000000000e+06
1.261576971214017559e-02 2.500000000000000000e+06
1.271589486858573127e-02 2.500000000000000000e+06
1.281602002503128869e-02 2.500000000000000000e+06
1.291614518147684611e-02 2.500000000000000000e+06
1.301627033792240179e-02 2.500000000000000000e+06
1.311639549436795921e-02 2.500000000000000000e+06
1.321652065081351662e-02 2.500000000000000000e+06
1.331664580725907404e-02 2.500000000000000000e+06
1.341677096370462972e-02 2.500000000000000000e+06
1.351689612015018714e-02 2.500000000000000000e+06
1.361702127659574456e-02 2.500000000000000000e+06
1.371714643304130198e-02 2.500000000000000000e+06
1.381727158948685766e-02 2.500000000000000000e+06
1.391739674593241508e-02 2.500000000000000000e+06
1.401752190237797249e-02 2.500000000000000000e+06
1.411764705882352818e-02 2.500000000000000000e+06
1.421777221526908559e-02 2.500000000000000000e+06
1.431789737171464301e-02 2.500000000000000000e+06
1.441802252816020043e-02 2.500000000000000000e+06
1.451814768460575611e-02 2.500000000000000000e+06
1.461827284105131353e-02 2.500000000000000000e+06
1.471839799749687094e-02 2.500000000000000000e+06
1.481852315394242836e-02 2.500000000000000000e+06
1.491864831038798404e-02 2.500000000000000000e+06
1.501877346683354146e-02 2.500000000000000000e+06
1.511889862327909888e-02 2.500000000000000000e+06
1.521902377972465456e-02 2.500000000000000000e+06
1.531914893617021198e-02 2.500000000000000000e+06
1.541927409261576939e-02 2.500000000000000000e+06
1.551939924906132681e-02 2.500000000000000000e+06
1.561952440550688249e-02 2.500000000000000000e+06
1.571964956195244165e-02 2.500000000000000000e+06
1.581977471839799559e-02 2.500000000000000000e+06
1.591989987484355301e-02 2.500000000000000000e+06
1.602002503128911043e-02 2.500000000000000000e+06
1.612015018773466785e-02 2.500000000000000000e+06
1.622027534418022526e-02 2.500000000000000000e+06
1.632040050062578268e-02 2.500000000000000000e+06
1.642052565707134010e-02 2.500000000000000000e+06
1.652065081351689405e-02 2.500000000000000000e+06
1.662077596996245146e-02 2.500000000000000000e+06
1.672090112640800888e-02 2.500000000000000000e+06
1.682102628285356630e-02 2.500000000000000000e+06
1.692115143929912371e-02 2.500000000000000000e+06
1.702127659574468113e-02 2.500000000000000000e+06
1.712140175219023855e-02 2.500000000000000000e+06
1.722152690863579250e-02 2.500000000000000000e+06
1.732165206508134991e-02 2.500000000000000000e+06
1.742177722152690733e-02 2.500000000000000000e+06
1.752190237797246475e-02 2.500000000000000000e+06
1.762202753441802217e-02 2.500000000000000000e+06
1.772215269086357958e-02 2.500000000000000000e+06
1.782227784730913700e-02 2.500000000000000000e+06
1.792240300375469442e-02 2.500000000000000000e+06
1.802252816020024836e-02 2.500000000000000000e+06
1.812265331664580578e-02 2.500000000000000000e+06
1.822277847309136320e-02 2.500000000000000000e+06
1.832290362953692062e-02 2.500000000000000000e+06
1.842302878598247803e-02 2.500000000000000000e+06
1.852315394242803545e-02 2.500000000000000000e+06
1.862327909887359287e-02 2.500000000000000000e+06
1.872340425531914682e-02 2.500000000000000000e+06
1.882352941176470423e-02 2.500000000000000000e+06
1.892365456821026165e-02 2.500000000000000000e+06
1.902377972465581907e-02 2.500000000000000000e+06
1.912390488110137649e-02 2.500000000000000000e+06
1.922403003754693390e-02 2.500000000000000000e+06
1.932415519399249132e-02 2.500000000000000000e+06
1.942428035043804527e-02 2.500000000000000000e+06
1.952440550688360268e-02 2.500000000000000000e+06
1.962453066332916010e-02 2.500000000000000000e+06
1.972465581977471752e-02 2.500000000000000000e+06
1.982478097622027494e-02 2.500000000000000000e+06
1.992490613266583235e-02 2.500000000000000000e+06
2.002503128911138977e-02 2.497165486276240088e+06
2.012515644555694719e-02 2.485874614221530966e+06
2.022528160200250114e-02 2.474658857877568342e+06
2.032540675844805855e-02 2.463517717515900731e+06
2.042553191489361597e-02 2.452450696732661687e+06
2.052565707133917339e-02 2.441457302426452748e+06
2.062578222778473080e-02 2.430537044776368886e+06
2.072590738423028822e-02 2.419689437220179476e+06
2.082603254067584564e-02 2.408913996432645246e+06
2.092615769712139959e-02 2.398210242303983308e+06
2.102628285356695700e-02 2.387577697918477468e+06
2.112640801001251442e-02 2.377015889533228241e+06
2.122653316645807184e-02 2.366524346557044424e+06
2.132665832290362926e-02 2.356102601529474370e+06
2.142678347934918667e-02 2.345750190099979751e+06
2.152690863579474409e-02 2.335466651007244829e+06
2.162703379224029804e-02 2.325251526058625896e+06
2.172715894868585546e-02 2.315104360109733418e+06
2.182728410513141287e-02 2.305024701044154353e+06
2.192740926157697029e-02 2.295012099753309507e+06
2.202753441802252771e-02 2.285066110116439871e+06
2.212765957446808512e-02 2.275186288980729412e+06
2.222778473091364254e-02 2.265372196141563356e+06
2.232790988735919996e-02 2.255623394322911277e+06
2.242803504380475391e-02 2.245939449157845695e+06
2.252816020025031132e-02 2.236319929169185460e+06
2.262828535669586874e-02 2.226764405750275590e+06
2.272841051314142616e-02 2.217272453145885840e+06
2.282853566958698358e-02 2.207843648433243856e+06
2.292866082603254099e-02 2.198477571503190324e+06
2.302878598247809841e-02 2.189173805041459855e+06
2.312891113892365236e-02 2.179931934510088991e+06
2.322903629536920977e-02 2.170751548128942959e+06
2.332916145181476719e-02 2.161632236857372802e+06
2.342928660826032461e-02 2.152573594375986606e+06
2.352941176470588203e-02 2.143575217068547383e+06
2.362953692115143944e-02 2.134636704003987834e+06
2.372966207759699686e-02 2.125757656918548979e+06
2.382978723404255081e-02 2.116937680198033806e+06
2.392991239048810823e-02 2.108176380860179197e+06
2.403003754693366564e-02 2.099473368537147995e+06
2.413016270337922306e-02 2.090828255458135391e+06
2.423028785982478048e-02 2.082240656432091258e+06
2.433041301627033789e-02 2.073710188830557046e+06
2.443053817271589531e-02 2.065236472570618382e+06
2.453066332916145273e-02 2.056819130097969435e+06
2.463078848560700668e-02 2.048457786370091606e+06
2.473091364205256409e-02 2.040152068839540705e+06
2.483103879849812151e-02 2.031901607437351020e+06
2.493116395494367893e-02 2.023706034556544619e+06
2.503128911138923635e-02 2.015564985035752878e+06
2.513141426783479376e-02 2.007478096142945345e+06
2.523153942428035118e-02 1.999445007559269434e+06
2.533166458072590513e-02 1.991465361362995813e+06
2.543178973717146255e-02 1.983538802013568580e+06
2.553191489361701996e-02 1.975664976335767889e+06
2.563204005006257738e-02 1.967843533503969666e+06
2.573216520650813480e-02 1.960074125026518013e+06
2.583229036295369221e-02 1.952356404730194947e+06
2.593241551939924963e-02 1.944690028744797455e+06
2.603254067584480358e-02 1.937074655487816548e+06
2.613266583229036100e-02 1.929509945649216883e+06
2.623279098873591841e-02 1.921995562176318606e+06
2.633291614518147583e-02 1.914531170258780941e+06
2.643304130162703325e-02 1.907116437313681934e+06
2.653316645807259067e-02 1.899751032970702043e+06
2.663329161451814808e-02 1.892434629057403421e+06
2.673341677096370203e-02 1.885166899584608153e+06
2.683354192740925945e-02 1.877947520731872413e+06
2.693366708385481686e-02 1.870776170833060052e+06
2.703379224030037428e-02 1.863652530362009536e+06
2.713391739674593170e-02 1.856576281918296590e+06
2.723404255319148912e-02 1.849547110213093460e+06
2.733416770963704653e-02 1.842564702055120142e+06
2.743429286608260395e-02 1.835628746336689685e+06
2.753441802252815790e-02 1.828738934019847075e+06
2.763454317897371532e-02 1.821894958122598473e+06
2.773466833541927273e-02 1.815096513705235906e+06
2.783479349186483015e-02 1.808343297856748104e+06
2.793491864831038757e-02 1.801635009681324475e+06
2.803504380475594499e-02 1.794971350284948479e+06
2.813516896120150240e-02 1.788352022762081120e+06
2.823529411764705635e-02 1.781776732182431035e+06
2.833541927409261377e-02 1.775245185577812605e+06
2.843554443053817118e-02 1.768757091929095797e+06
2.853566958698372860e-02 1.762312162153235637e+06
2.863579474342928602e-02 1.755910109090394573e+06
2.873591989987484344e-02 1.749550647491146578e+06
2.883604505632040085e-02 1.743233494003767613e+06
2.893617021276595480e-02 1.736958367161611561e+06
2.903629536921151222e-02 1.730724987370567862e+06
2.913642052565706964e-02 1.724533076896604849e+06
2.923654568210262705e-02 1.718382359853395261e+06
2.933667083854818447e-02 1.712272562190022785e+06
2.943679599499374189e-02 1.706203411678772885e+06
2.953692115143929930e-02 1.700174637903001625e+06
2.963704630788485672e-02 1.694185972245088778e+06
2.973717146433041067e-02 1.688237147874468938e+06
2.983729662077596809e-02 1.682327899735741317e+06
2.993742177722152550e-02 1.676457964536861749e+06
3.003754693366708292e-02 1.670627080737409648e+06
3.013767209011264034e-02 1.664834988536937628e+06
3.023779724655819776e-02 1.659081429863392143e+06
3.033792240300375517e-02 1.653366148361617699e+06
3.043804755944930912e-02 1.647688889381934190e+06
3.053817271589486654e-02 1.642049399968788959e+06
3.063829787234042396e-02 1.636447428849488962e+06
3.073842302878598137e-02 1.630882726423002547e+06
3.083854818523153879e-02 1.625355044748839922e+06
3.093867334167709621e-02 1.619864137536005117e+06
3.103879849812265362e-02 1.614409760132023133e+06
3.113892365456820757e-02 1.608991669512037188e+06
3.123904881101376499e-02 1.603609624267982785e+06
3.133917396745932588e-02 1.598263384597830474e+06
3.143929912390488329e-02 1.592952712294902187e+06
3.153942428035043377e-02 1.587677370737255784e+06
3.163954943679599119e-02 1.582437124877143651e+06
3.173967459324154861e-02 1.577231741230539978e+06
3.183979974968710602e-02 1.572060987866736948e+06
3.193992490613266344e-02 1.566924634398011724e+06
3.204005006257822086e-02 1.561822451969360001e+06
3.214017521902377827e-02 1.556754213248300366e+06
3.224030037546933569e-02 1.551719692414745223e+06
3.234042553191489311e-02 1.546718665150937624e+06
3.244055068836045053e-02 1.541750908631458879e+06
3.254067584480600794e-02 1.536816201513299253e+06
3.264080100125156536e-02 1.531914323925995268e+06
3.274092615769712278e-02 1.527045057461833581e+06
3.284105131414268020e-02 1.522208185166120064e+06
3.294117647058823761e-02 1.517403491527513135e+06
3.304130162703378809e-02 1.512630762468421366e+06
3.314142678347934551e-02 1.507889785335463472e+06
3.324155193992490293e-02 1.503180348889996298e+06
3.334167709637046034e-02 1.498502243298700545e+06
3.344180225281601776e-02 1.493855260124232620e+06
3.354192740926157518e-02 1.489239192315937253e+06
3.364205256570713259e-02 1.484653834200621583e+06
3.374217772215269001e-02 1.480098981473391876e+06
3.384230287859824743e-02 1.475574431188550312e+06
3.394242803504380485e-02 1.471079981750552775e+06
3.404255319148936226e-02 1.466615432905026246e+06
3.414267834793491968e-02 1.462180585729846032e+06
3.424280350438047710e-02 1.457775242626273539e+06
3.434292866082603451e-02 1.453399207310151309e+06
3.444305381727158499e-02 1.449052284803157672e+06
3.454317897371714241e-02 1.444734281424118672e+06
3.464330413016269983e-02 1.440445004780379357e+06
3.474342928660825724e-02 1.436184263759231661e+06
3.484355444305381466e-02 1.431951868519398384e+06
3.494367959949937208e-02 1.427747630482574692e+06
3.504380475594492950e-02 1.423571362325026188e+06
3.514392991239048691e-02 1.419422877969242632e+06
3.524405506883604433e-02 1.415301992575646844e+06
3.534418022528160175e-02 1.411208522534359014e+06
3.544430538172715917e-02 1.407142285457015969e+06
3.554443053817271658e-02 1.403103100168644218e+06
3.564455569461827400e-02 1.399090786699588411e+06
3.574468085106383142e-02 1.395105166277491720e+06
3.584480600750938883e-02 1.391146061319330940e+06
3.594493116395493931e-02 1.387213295423503965e+06
3.604505632040049673e-02 1.383306693361970130e+06
3.614518147684605415e-02 1.379426081072442466e+06
3.624530663329161156e-02 1.375571285650633043e+06
3.634543178973716898e-02 1.371742135342547903e+06
3.644555694618272640e-02 1.367938459536835551e+06
3.654568210262828382e-02 1.364160088757184101e+06
3.664580725907384123e-02 1.360406854654770810e+06
3.674593241551939865e-02 1.356678590000760742e+06
3.684605757196495607e-02 1.352975128678856883e+06
3.694618272841051348e-02 1.349296305677896133e+06
3.704630788485607090e-02 1.345641957084500231e+06
3.714643304130162832e-02 1.342011920075770002e+06
3.724655819774718574e-02 1.338406032912031747e+06
3.734668335419274315e-02 1.334824134929630905e+06
3.744680851063829363e-02 1.331266066533772741e+06
3.754693366708385105e-02 1.327731669191411696e+06
3.764705882352940847e-02 1.324220785424188711e+06
3.774718397997496588e-02 1.320733258801413234e+06
3.784730913642052330e-02 1.317268933933094610e+06
3.794743429286608072e-02 1.313827656463017920e+06
3.804755944931163814e-02 1.310409273061865708e+06
3.814768460575719555e-02 1.307013631420387654e+06
3.824780976220275297e-02 1.303640580242613796e+06
3.834793491864831039e-02 1.300289969239112921e+06
3.844806007509386780e-02 1.296961649120296817e+06
3.854818523153942522e-02 1.293655471589768538e+06
3.864831038798498264e-02 1.290371289337714436e+06
3.874843554443054006e-02 1.287108956034340896e+06
3.884856070087609053e-02 1.283868326323355082e+06
3.894868585732164795e-02 1.280649255815487122e+06
3.904881101376720537e-02 1.277451601082057692e+06
3.914893617021276279e-02 1.274275219648587983e+06
3.924906132665832020e-02 1.271119969988449709e+06
3.934918648310387762e-02 1.267985711516560987e+06
3.944931163954943504e-02 1.264872304583122255e+06
3.954943679599499246e-02 1.261779610467392486e+06
3.964956195244054987e-02 1.258707491371510550e+06
3.974968710888610729e-02 1.255655810414354317e+06
3.984981226533166471e-02 1.252624431625440950e+06
3.994993742177722212e-02 1.249613219938870752e+06
4.005006257822277954e-02 1.246622041187307797e+06
4.015018773466833696e-02 1.243650762096001534e+06
4.025031289111389438e-02 1.240699250276850071e+06
4.035043804755944485e-02 1.237767374222500483e+06
4.045056320400500227e-02 1.234855003300488926e+06
4.055068836045055969e-02 1.231962007747421972e+06
4.065081351689611711e-02 1.229088258663192857e+06
4.075093867334167452e-02 1.226233628005239647e+06
4.085106382978723194e-02 1.223397988582839491e+06
4.095118898623278936e-02 1.220581214051441755e+06
4.105131414267834677e-02 1.217783178907038411e+06
4.115143929912390419e-02 1.215003758480572607e+06
4.125156445556946161e-02 1.212242828932382865e+06
4.135168961201501903e-02 1.209500267246686853e+06
4.145181476846057644e-02 1.206775951226098463e+06
4.155193992490613386e-02 1.204069759486185387e+06
4.165206508135169128e-02 1.201381571450058138e+06
4.175219023779724176e-02 1.198711267343000276e+06
4.185231539424279917e-02 1.196058728187128901e+06
4.195244055068835659e-02 1.193423835796096828e+06
4.205256570713391401e-02 1.190806472769823391e+06
4.215269086357947143e-02 1.188206522489265772e+06
4.225281602002502884e-02 1.185623869111222448e+06
4.235294117647058626e-02 1.183058397563170874e+06
4.245306633291614368e-02 1.180509993538141251e+06
4.255319148936170109e-02 1.177978543489622883e+06
4.265331664580725851e-02 1.175463934626505710e+06
4.275344180225281593e-02 1.172966054908053949e+06
4.285356695869837335e-02 1.170484793038914679e+06
4.295369211514393076e-02 1.168020038464158308e+06
4.305381727158948818e-02 1.165571681364353513e+06
4.315394242803504560e-02 1.163139612650673604e+06
4.325406758448059608e-02 1.160723723960035946e+06
4.335419274092615349e-02 1.158323907650273759e+06
4.345431789737171091e-02 1.155940056795340497e+06
4.355444305381726833e-02 1.153572065180545207e+06
4.365456821026282574e-02 1.151219827297819778e+06
4.375469336670838316e-02 1.148883238341019023e+06
4.385481852315394058e-02 1.146562194201249164e+06
4.395494367959949800e-02 1.144256591462230776e+06
4.405506883604505541e-02 1.141966327395690838e+06
4.415519399249061283e-02 1.139691299956784118e+06
4.425531914893617025e-02 1.137431407779548550e+06
4.435544430538172767e-02 1.135186550172386924e+06
4.445556946182728508e-02 1.132956627113581635e+06
4.455569461827284250e-02 1.130741539246837609e+06
4.465581977471839992e-02 1.128541187876855955e+06
4.475594493116395040e-02 1.126355474964935565e+06
4.485607008760950781e-02 1.124184303124605445e+06
4.495619524405506523e-02 1.122027575617286144e+06
4.505632040050062265e-02 1.119885196347978432e+06
4.515644555694618006e-02 1.117757069860981777e+06
4.525657071339173748e-02 1.115643101335642859e+06
4.535669586983729490e-02 1.113543196582128294e+06
4.545682102628285232e-02 1.111457262037229491e+06
4.555694618272840973e-02 1.109385204760193825e+06
4.565707133917396715e-02 1.107326932428582804e+06
4.575719649561952457e-02 1.105282353334159357e+06
4.585732165206508198e-02 1.103251376378800953e+06
4.595744680851063940e-02 1.101233911070441362e+06
4.605757196495619682e-02 1.099229867519038031e+06
4.615769712140174730e-02 1.097239156432567630e+06
4.625782227784730471e-02 1.095261689113046974e+06
4.635794743429286213e-02 1.093297377452580957e+06
4.645807259073841955e-02 1.091346133929437492e+06
4.655819774718397697e-02 1.089407871604147833e+06
4.665832290362953438e-02 1.087482504115631338e+06
4.675844806007509180e-02 1.085569945677350275e+06
4.685857321652064922e-02 1.083670111073485110e+06
4.695869837296620664e-02 1.081782915655138902e+06
4.705882352941176405e-02 1.079908275336565217e+06
4.715894868585732147e-02 1.078046106591421878e+06
4.725907384230287889e-02 1.076196326449049171e+06
4.735919899874843630e-02 1.074358852490773425e+06
4.745932415519399372e-02 1.072533602846234106e+06
4.755944931163955114e-02 1.070720496189736295e+06
4.765957446808510162e-02 1.068919451736627612e+06
4.775969962453065903e-02 1.067130389239697484e+06
4.785982478097621645e-02 1.065353228985603433e+06
4.795994993742177387e-02 1.063587891791318310e+06
4.806007509386733129e-02 1.061834299000602216e+06
4.816020025031288870e-02 1.060092372480497928e+06
4.826032540675844612e-02 1.058362034617849858e+06
4.836045056320400354e-02 1.056643208315846045e+06
4.846057571964956096e-02 1.054935816990582738e+06
4.856070087609511837e-02 1.053239784567652037e+06
4.866082603254067579e-02 1.051555035478752572e+06
4.876095118898623321e-02 1.049881494658322539e+06
4.886107634543179062e-02 1.048219087540194392e+06
4.896120150187734804e-02 1.046567740054274094e+06
4.906132665832290546e-02 1.044927378623238998e+06
4.916145181476845594e-02 1.043297930159260402e+06
4.926157697121401335e-02 1.041679322060747189e+06
4.936170212765957077e-02 1.040071482209110749e+06
4.946182728410512819e-02 1.038474338965551811e+06
4.956195244055068561e-02 1.036887821167868329e+06
4.966207759699624302e-02 1.035311858127284795e+06
4.976220275344180044e-02 1.033746379625302856e+06
4.986232790988735786e-02 1.032191315910572535e+06
4.996245306633291527e-02 1.030646597695784294e+06
5.006257822277847269e-02 1.029112156154581928e+06
5.016270337922403011e-02 1.027587922918496071e+06
5.026282853566958753e-02 1.026073830073897843e+06
5.036295369211514494e-02 1.024569810158973094e+06
5.046307884856070236e-02 1.023075796160716098e+06
5.056320400500625284e-02 1.021591721511944430e+06
5.066332916145181026e-02 1.020117520088332007e+06
5.076345431789736767e-02 1.018653126205464243e+06
5.086357947434292509e-02 1.017198474615910091e+06
5.096370463078848251e-02 1.015753500506315730e+06
5.106382978723403993e-02 1.014318139494516305e+06
5.116395494367959734e-02 1.012892327626667568e+06
5.126408010012515476e-02 1.011476001374396030e+06
5.136420525657071218e-02 1.010069097631969140e+06
5.146433041301626959e-02 1.008671553713482572e+06
5.156445556946182701e-02 1.007283307350067538e+06
5.166458072590738443e-02 1.005904296687116846e+06
5.176470588235294185e-02 1.004534460281528649e+06
5.186483103879849926e-02 1.003173737098968122e+06
5.196495619524405668e-02 1.001822066511148820e+06
5.206508135168960716e-02 1.000479388293131255e+06
5.216520650813516458e-02 9.991456426206390606e+05
5.226533166458072199e-02 9.978207700673937798e+05
5.236545682102627941e-02 9.965047116024671122e+05
5.246558197747183683e-02 9.951974085876508616e+05
5.256570713391739424e-02 9.938988027748437598e+05
5.266583229036295166e-02 9.926088363034564536e+05
5.276595744680850908e-02 9.913274516978336032e+05
5.286608260325406650e-02 9.900545918646928621e+05
5.296620775969962391e-02 9.887902000905808527e+05
5.306633291614518133e-02 9.875342200393469539e+05
5.316645807259073875e-02 9.862865957496321062e+05
5.326658322903629617e-02 9.850472716323762434e+05
5.336670838548185358e-02 9.838161924683410907e+05
5.346683354192740406e-02 9.825933034056500765e+05
5.356695869837296148e-02 9.813785499573440757e+05
5.366708385481851890e-02 9.801718779989539180e+05
5.376720901126407631e-02 9.789732337660887279e+05
5.386733416770963373e-02 9.777825638520403299e+05
5.396745932415519115e-02 9.765998152054037200e+05
5.406758448060074856e-02 9.754249351277133683e+05
5.416770963704630598e-02 9.742578712710952386e+05
5.426783479349186340e-02 9.730985716359341750e+05
5.436795994993742082e-02 9.719469845685572363e+05
5.446808510638297823e-02 9.708030587589319330e+05
5.456821026282853565e-02 9.696667432383804116e+05
5.466833541927409307e-02 9.685379873773080762e+05
5.476846057571965048e-02 9.674167408829483902e+05
5.486858573216520790e-02 9.663029537971214158e+05
5.496871088861075838e-02 9.651965764940080699e+05
5.506883604505631580e-02 9.640975596779389307e+05
5.516896120150187321e-02 9.630058543811980635e+05
5.526908635794743063e-02 9.619214119618409313e+05
5.536921151439298805e-02 9.608441841015275568e+05
5.546933667083854547e-02 9.597741228033690713e+05
5.556946182728410288e-02 9.587111803897896316e+05
5.566958698372966030e-02 9.576553095004016068e+05
5.576971214017521772e-02 9.566064630898961332e+05
5.586983729662077514e-02 9.555645944259462412e+05
5.596996245306633255e-02 9.545296570871248841e+05
5.607008760951188997e-02 9.535016049608368194e+05
5.617021276595744739e-02 9.524803922412639949e+05
5.627033792240300480e-02 9.514659734273240902e+05
5.637046307884856222e-02 9.504583033206439577e+05
5.647058823529411270e-02 9.494573370235450566e+05
5.657071339173967012e-02 9.484630299370433204e+05
5.667083854818522753e-02 9.474753377588624135e+05
5.677096370463078495e-02 9.464942164814589778e+05
5.687108886107634237e-02 9.455196223900624318e+05
5.697121401752189979e-02 9.445515120607268764e+05
5.707133917396745720e-02 9.435898423583966214e+05
5.717146433041301462e-02 9.426345704349839361e+05
5.727158948685857204e-02 9.416856537274604198e+05
5.737171464330412946e-02 9.407430499559598975e+05
5.747183979974968687e-02 9.398067171218948206e+05
5.757196495619524429e-02 9.388766135060855886e+05
5.767209011264080171e-02 9.379526976669006981e+05
5.777221526908635912e-02 9.370349284384109778e+05
5.787234042553190960e-02 9.361232649285555817e+05
5.797246558197746702e-02 9.352176665173188085e+05
5.807259073842302444e-02 9.343180928549217060e+05
5.817271589486858185e-02 9.334245038600235712e+05
5.827284105131413927e-02 9.325368597179357894e+05
5.837296620775969669e-02 9.316551208788484801e+05
5.847309136420525411e-02 9.307792480560679687e+05
5.857321652065081152e-02 9.299092022242663661e+05
5.867334167709636894e-02 9.290449446177427890e+05
5.877346683354192636e-02 9.281864367286961060e+05
5.887359198998748377e-02 9.273336403055090923e+05
5.897371714643304119e-02 9.264865173510443419e+05
5.907384230287859861e-02 9.256450301209511235e+05
5.917396745932415603e-02 9.248091411219835281e+05
5.927409261576971344e-02 9.239788131103301421e+05
5.937421777221526392e-02 9.231540090899544302e+05
5.947434292866082134e-02 9.223346923109465279e+05
5.957446808510637876e-02 9.215208262678857427e+05
5.967459324155193617e-02 9.207123746982136508e+05
5.977471839799749359e-02 9.199093015806190670e+05
5.987484355444305101e-02 9.191115711334327934e+05
5.997496871088860843e-02 9.183191478130329633e+05
6.007509386733416584e-02 9.175319963122619083e+05
6.017521902377972326e-02 9.167500815588526893e+05
6.027534418022528068e-02 9.159733687138664536e+05
6.037546933667083809e-02 9.152018231701405020e+05
6.047559449311639551e-02 9.144354105507457862e+05
6.057571964956195293e-02 9.136740967074554646e+05
6.067584480600751035e-02 9.129178477192235878e+05
6.077596996245306776e-02 9.121666298906733282e+05
6.087609511889861824e-02 9.114204097505960381e+05
6.097622027534417566e-02 9.106791540504595032e+05
6.107634543178973308e-02 9.099428297629269073e+05
6.117647058823529049e-02 9.092114040803851094e+05
6.127659574468084791e-02 9.084848444134829333e+05
6.137672090112640533e-02 9.077631183896788862e+05
6.147684605757196274e-02 9.070461938517988892e+05
6.157697121401752016e-02 9.063340388566037873e+05
6.167709637046307758e-02 9.056266216733657056e+05
6.177722152690863500e-02 9.049239107824544189e+05
6.187734668335419241e-02 9.042258748739326838e+05
6.197747183979974983e-02 9.035324828461619327e+05
6.207759699624530725e-02 9.028437038044155343e+05
6.217772215269086467e-02 9.021595070595029974e+05
6.227784730913641514e-02 9.014798621264023241e+05
6.237797246558197256e-02 9.008047387229015585e+05
6.247809762202752998e-02 9.001341067682499997e+05
6.257822277847309433e-02 8.994679363818172133e+05
6.267834793491865175e-02 8.988061978817625204e+05
6.277847309136420917e-02 8.981488617837117054e+05
6.287859824780976659e-02 8.974958987994438503e+05
6.297872340425532400e-02 8.968472798355863197e+05
6.307884856070086754e-02 8.962029759923180100e+05
6.317897371714642496e-02 8.955629585620821454e+05
6.327909887359198238e-02 8.949271990283071063e+05
6.337922403003753979e-02 8.942956690641359892e+05
6.347934918648309721e-02 8.936683405311639654e+05
6.357947434292865463e-02 8.930451854781850707e+05
6.367959949937421205e-02 8.924261761399466777e+05
6.377972465581976946e-02 8.918112849359122338e+05
6.387984981226532688e-02 8.912004844690323807e+05
6.397997496871088430e-02 8.905937475245245732e+05
6.408010012515644171e-02 8.899910470686601475e+05
6.418022528160199913e-02 8.893923562475600047e+05
6.428035043804755655e-02 8.887976483859979780e+05
6.438047559449311397e-02 8.882068969862124650e+05
6.448060075093867138e-02 8.876200757267256267e+05
6.458072590738422880e-02 8.870371584611706203e+05
6.468085106382978622e-02 8.864581192171268631e+05
6.478097622027534364e-02 8.858829321949625155e+05
6.488110137672090105e-02 8.853115717666849960e+05
6.498122653316645847e-02 8.847440124747992959e+05
6.508135168961201589e-02 8.841802290311733959e+05
6.518147684605757330e-02 8.836201963159120642e+05
6.528160200250313072e-02 8.830638893762369407e+05
6.538172715894868814e-02 8.825112834253751207e+05
6.548185231539424556e-02 8.819623538414546056e+05
6.558197747183980297e-02 8.814170761664076708e+05
6.568210262828536039e-02 8.808754261048804037e+05
6.578222778473091781e-02 8.803373795231508557e+05
6.588235294117647523e-02 8.798029124480532482e+05
6.598247809762201876e-02 8.792720010659104446e+05
6.608260325406757618e-02 8.787446217214720091e+05
6.618272841051313360e-02 8.782207509168609977e+05
6.628285356695869102e-02 8.777003653105265694e+05
6.638297872340424843e-02 8.771834417162043974e+05
6.648310387984980585e-02 8.766699571018832503e+05
6.658322903629536327e-02 8.761598885887786746e+05
6.668335419274092069e-02 8.756532134503137786e+05
6.678347934918647810e-02 8.751499091111067683e+05
6.688360450563203552e-02 8.746499531459650025e+05
6.698372966207759294e-02 8.741533232788855676e+05
6.708385481852315035e-02 8.736599973820630694e+05
6.718397997496870777e-02 8.731699534749035956e+05
6.728410513141426519e-02 8.726831697230451973e+05
6.738423028785982261e-02 8.721996244373852387e+05
6.748435544430538002e-02 8.717192960731140338e+05
6.758448060075093744e-02 8.712421632287547691e+05
6.768460575719649486e-02 8.707682046452099457e+05
6.778473091364205227e-02 8.702973992048143409e+05
6.788485607008760969e-02 8.698297259303937899e+05
6.798498122653316711e-02 8.693651639843307203e+05
6.808510638297872453e-02 8.689036926676358562e+05
6.818523153942428194e-02 8.684452914190255105e+05
6.828535669586983936e-02 8.679899398140060948e+05
6.838548185231539678e-02 8.675376175639634021e+05
6.848560700876095420e-02 8.670883045152589912e+05
6.858573216520651161e-02 8.666419806483323919e+05
6.868585732165206903e-02 8.661986260768087814e+05
6.878598247809762645e-02 8.657582210466128308e+05
6.888610763454316999e-02 8.653207459350894205e+05
6.898623279098872740e-02 8.648861812501278473e+05
6.908635794743428482e-02 8.644545076292947633e+05
6.918648310387984224e-02 8.640257058389706071e+05
6.928660826032539966e-02 8.635997567734929034e+05
6.938673341677095707e-02 8.631766414543051505e+05
6.948685857321651449e-02 8.627563410291109467e+05
6.958698372966207191e-02 8.623388367710341699e+05
6.968710888610762932e-02 8.619241100777842803e+05
6.978723404255318674e-02 8.615121424708280247e+05
6.988735919899874416e-02 8.611029155945655657e+05
6.998748435544430158e-02 8.606964112155131297e+05
7.008760951188985899e-02 8.602926112214900786e+05
7.018773466833541641e-02 8.598914976208123844e+05
7.028785982478097383e-02 8.594930525414906442e+05
7.038798498122653124e-02 8.590972582304337993e+05
7.048811013767208866e-02 8.587040970526585588e+05
7.058823529411764608e-02 8.583135514905028977e+05
7.068836045056320350e-02 8.579256041428464232e+05
7.078848560700876091e-02 8.575402377243343508e+05
7.088861076345431833e-02 8.571574350646076491e+05
7.098873591989987575e-02 8.567771791075378424e+05
7.108886107634543317e-02 8.563994529104672838e+05
7.118898623279099058e-02 8.560242396434540860e+05
7.128911138923654800e-02 8.556515225885222899e+05
7.138923654568210542e-02 8.552812851389171556e+05
7.148936170212766283e-02 8.549135107983648777e+05
7.158948685857322025e-02 8.545481831803376554e+05
7.168961201501877767e-02 8.541852860073240008e+05
7.178973717146432121e-02 8.538248031101030065e+05
7.188986232790987863e-02 8.534667184270237340e+05
7.198998748435543604e-02 8.531110160032906570e+05
7.209011264080099346e-02 8.527576799902513158e+05
7.219023779724655088e-02 8.524066946446913062e+05
7.229036295369210829e-02 8.520580443281321786e+05
7.239048811013766571e-02 8.517117135061349254e+05
7.249061326658322313e-02 8.513676867476078914e+05
7.259073842302878055e-02 8.510259487241189927e+05
7.269086357947433796e-02 8.506864842092129402e+05
7.279098873591989538e-02 8.503492780777325388e+05
7.289111389236545280e-02 8.500143153051451081e+05
7.299123904881101021e-02 8.496815809668730944e+05
7.309136420525656763e-02 8.493510602376285242e+05
7.319148936170212505e-02 8.490227383907531621e+05
7.329161451814768247e-02 8.486966007975619286e+05
7.339173967459323988e-02 8.483726329266909743e+05
7.349186483103879730e-02 8.480508203434507595e+05
7.359198998748435472e-02 8.477311487091823947e+05
7.369211514392991214e-02 8.474136037806191016e+05
7.379224030037546955e-02 8.470981714092512848e+05
7.389236545682102697e-02 8.467848375406964915e+05
7.399249061326658439e-02 8.464735882140728645e+05
7.409261576971214180e-02 8.461644095613772515e+05
7.419274092615769922e-02 8.458572878068673890e+05
7.429286608260325664e-02 8.455522092664480442e+05
7.439299123904881406e-02 8.452491603470611153e+05
7.449311639549437147e-02 8.449481275460802717e+05
7.459324155193992889e-02 8.446490974507093197e+05
7.469336670838548631e-02 8.443520567373841768e+05
7.479349186483102985e-02 8.440569921711799689e+05
7.489361702127658726e-02 8.437638906052203383e+05
7.499374217772214468e-02 8.434727389800926903e+05
7.509386733416770210e-02 8.431835243232657667e+05
7.519399249061325952e-02 8.428962337485114112e+05
7.529411764705881693e-02 8.426108544553312240e+05
7.539424280350437435e-02 8.423273737283854280e+05
7.549436795994993177e-02 8.420457789369265083e+05
7.559449311639548919e-02 8.417660575342370430e+05
7.569461827284104660e-02 8.414881970570696285e+05
7.579474342928660402e-02 8.412121851250926265e+05
7.589486858573216144e-02 8.409380094403375406e+05
7.599499374217771885e-02 8.406656577866519801e+05
7.609511889862327627e-02 8.403951180291548371e+05
7.619524405506883369e-02 8.401263781136956532e+05
7.629536921151439111e-02 8.398594260663177120e+05
7.639549436795994852e-02 8.395942499927243916e+05
7.649561952440550594e-02 8.393308380777491257e+05
7.659574468085106336e-02 8.390691785848290892e+05
7.669586983729662077e-02 8.388092598554823780e+05
7.679599499374217819e-02 8.385510703087884467e+05
7.689612015018773561e-02 8.382945984408720396e+05
7.699624530663329303e-02 8.380398328243904980e+05
7.709637046307885044e-02 8.377867621080250246e+05
7.719649561952440786e-02 8.375353750159745105e+05
7.729662077596996528e-02 8.372856603474534350e+05
7.739674593241552270e-02 8.370376069761924446e+05
7.749687108886108011e-02 8.367912038499432383e+05
7.759699624530663753e-02 8.365464399899853161e+05
7.769712140175218107e-02 8.363033044906372670e+05
7.779724655819773849e-02 8.360617865187709685e+05
7.789737171464329590e-02 8.358218753133285791e+05
7.799749687108885332e-02 8.355835601848433726e+05
7.809762202753441074e-02 8.353468305149632506e+05
7.819774718397996816e-02 8.351116757559776306e+05
7.829787234042552557e-02 8.348780854303477099e+05
7.839799749687108299e-02 8.346460491302392911e+05
7.849812265331664041e-02 8.344155565170593327e+05
7.859824780976219782e-02 8.341865973209950607e+05
7.869837296620775524e-02 8.339591613405568060e+05
7.879849812265331266e-02 8.337332384421229362e+05
7.889862327909887008e-02 8.335088185594886309e+05
7.899874843554442749e-02 8.332858916934175650e+05
7.909887359198998491e-02 8.330644479111958062e+05
7.919899874843554233e-02 8.328444773461896693e+05
7.929912390488109974e-02 8.326259701974063646e+05
7.939924906132665716e-02 8.324089167290567420e+05
7.949937421777221458e-02 8.321933072701215278e+05
7.959949937421777200e-02 8.319791322139209369e+05
7.969962453066332941e-02 8.317663820176862646e+05
7.979974968710888683e-02 8.315550472021346213e+05
7.989987484355444425e-02 8.313451183510469273e+05
8.000000000000000167e-02 8.311365861108481186e+05
---------------
