field_vs_length
---------------
0.000000000000000000e+00 2.500000000000000000e+06
1.001251564455569429e-04 2.500000000000000000e+06
2.002503128911138858e-04 2.500000000000000000e+06
3.003754693366708422e-04 2.500000000000000000e+06
4.005006257822277716e-04 2.500000000000000000e+06
5.006257822277847009e-04 2.500000000000000000e+06
6.007509386733416844e-04 2.500000000000000000e+06
7.008760951188985596e-04 2.500000000000000000e+06
8.010012515644555431e-04 2.500000000000000000e+06
9.011264080100125267e-04 2.500000000000000000e+06
1.001251564455569402e-03 2.500000000000000000e+06
1.101376720901126385e-03 2.500000000000000000e+06
1.201501877346683369e-03 2.500000000000000000e+06
1.301627033792240352e-03 2.500000000000000000e+06
1.401752190237797119e-03 2.500000000000000000e+06
1.501877346683354103e-03 2.500000000000000000e+06
1.602002503128911086e-03 2.500000000000000000e+06
1.702127659574468070e-03 2.500000000000000000e+06
1.802252816020025053e-03 2.500000000000000000e+06
1.902377972465581820e-03 2.500000000000000000e+06
2.002503128911138804e-03 2.500000000000000000e+06
2.102628285356695787e-03 2.500000000000000000e+06
2.202753441802252771e-03 2.500000000000000000e+06
2.302878598247809754e-03 2.500000000000000000e+06
2.403003754693366738e-03 2.500000000000000000e+06
2.503128911138923721e-03 2.500000000000000000e+06
2.603254067584480705e-03 2.500000000000000000e+06
2.703379224030037255e-03 2.500000000000000000e+06
2.803504380475594238e-03 2.500000000000000000e+06
2.903629536921151222e-03 2.500000000000000000e+06
3.003754693366708205e-03 2.500000000000000000e+06
3.103879849812265189e-03 2.500000000000000000e+06
3.204005006257822172e-03 2.500000000000000000e+06
3.304130162703379156e-03 2.500000000000000000e+06
3.404255319148936140e-03 2.500000000000000000e+06
3.504380475594493123e-03 2.500000000000000000e+06
3.604505632040050107e-03 2.500000000000000000e+06
3.704630788485607090e-03 2.500000000000000000e+06
3.804755944931163640e-03 2.500000000000000000e+06
3.904881101376720624e-03 2.500000000000000000e+06
4.005006257822277607e-03 2.500000000000000000e+06
4.105131414267835024e-03 2.500000000000000000e+06
4.205256570713391574e-03 2.500000000000000000e+06
4.305381727158948124e-03 2.500000000000000000e+06
4.405506883604505541e-03 2.500000000000000000e+06
4.505632040050062091e-03 2.500000000000000000e+06
4.605757196495619508e-03 2.500000000000000000e+06
4.705882352941176058e-03 2.500000000000000000e+06
4.806007509386733476e-03 2.500000000000000000e+06
4.906132665832290025e-03 2.500000000000000000e+06
5.006257822277847443e-03 2.500000000000000000e+06
5.106382978723403993e-03 2.500000000000000000e+06
5.206508135168961410e-03 2.500000000000000000e+06
5.306633291614517960e-03 2.500000000000000000e+06
5.406758448060074509e-03 2.500000000000000000e+06
5.506883604505631927e-03 2.500000000000000000e+06
5.607008760951188477e-03 2.500000000000000000e+06
5.707133917396745894e-03 2.500000000000000000e+06
5.807259073842302444e-03 2.500000000000000000e+06
5.907384230287859861e-03 2.500000000000000000e+06
6.007509386733416411e-03 2.500000000000000000e+06
6.107634543178973828e-03 2.500000000000000000e+06
6.207759699624530378e-03 2.500000000000000000e+06
6.307884856070087795e-03 2.500000000000000000e+06
6.408010012515644345e-03 2.500000000000000000e+06
6.508135168961200895e-03 2.500000000000000000e+06
6.608260325406758312e-03 2.500000000000000000e+06
6.708385481852314862e-03 2.500000000000000000e+06
6.808510638297872279e-03 2.500000000000000000e+06
6.908635794743428829e-03 2.500000000000000000e+06
7.008760951188986246e-03 2.500000000000000000e+06
7.108886107634542796e-03 2.500000000000000000e+06
7.209011264080100213e-03 2.500000000000000000e+06
7.309136420525656763e-03 2.500000000000000000e+06
7.409261576971214180e-03 2.500000000000000000e+06
7.509386733416770730e-03 2.500000000000000000e+06
7.609511889862327280e-03 2.500000000000000000e+06
7.709637046307884697e-03 2.500000000000000000e+06
7.809762202753441247e-03 2.500000000000000000e+06
7.909887359198997797e-03 2.500000000000000000e+06
8.010012515644555214e-03 2.500000000000000000e+06
8.110137672090112632e-03 2.500000000000000000e+06
8.210262828535670049e-03 2.500000000000000000e+06
8.310387984981225731e-03 2.500000000000000000e+06
8.410513141426783149e-03 2.500000000000000000e+06
8.510638297872340566e-03 2.500000000000000000e+06
8.610763454317896248e-03 2.500000000000000000e+06
8.710888610763453666e-03 2.500000000000000000e+06
8.811013767209011083e-03 2.500000000000000000e+06
8.911138923654568500e-03 2.500000000000000000e+06
9.011264080100124182e-03 2.500000000000000000e+06
9.111389236545681600e-03 2.500000000000000000e+06
9.211514392991239017e-03 2.500000000000000000e+06
9.311639549436796434e-03 2.500000000000000000e+06
9.411764705882352117e-03 2.500000000000000000e+06
9.511889862327909534e-03 2.500000000000000000e+06
9.612015018773466951e-03 2.500000000000000000e+06
9.712140175219022634e-03 2.500000000000000000e+06
9.812265331664580051e-03 2.500000000000000000e+06
9.912390488110137468e-03 2.500000000000000000e+06
1.001251564455569489e-02 2.500000000000000000e+06
1.011264080100125057e-02 2.500000000000000000e+06
1.021276595744680799e-02 2.500000000000000000e+06
1.031289111389236540e-02 2.500000000000000000e+06
1.041301627033792282e-02 2.500000000000000000e+06
1.051314142678347850e-02 2.500000000000000000e+06
1.061326658322903592e-02 2.500000000000000000e+06
1.071339173967459334e-02 2.500000000000000000e+06
1.081351689612014902e-02 2.500000000000000000e+06
1.091364205256570644e-02 2.500000000000000000e+06
1.101376720901126385e-02 2.500000000000000000e+06
1.111389236545682127e-02 2.500000000000000000e+06
1.121401752190237695e-02 2.500000000000000000e+06
1.131414267834793437e-02 2.500000000000000000e+06
1.141426783479349179e-02 2.500000000000000000e+06
1.151439299123904920e-02 2.500000000000000000e+06
1.161451814768460489e-02 2.500000000000000000e+06
1.171464330413016230e-02 2.500000000000000000e+06
1.181476846057571972e-02 2.500000000000000000e+06
1.191489361702127540e-02 2.500000000000000000e+06
1.201501877346683282e-02 2.500000000000000000e+06
1.211514392991239024e-02 2.500000000000000000e+06
1.221526908635794766e-02 2.500000000000000000e+06
1.231539424280350334e-02 2.500000000000000000e+06
1.241551939924906076e-02 2.500000000000000000e+06
1.251564455569461817e-02 2.500000000000000000e+06
1.261576971214017559e-02 2.500000000000000000e+06
1.271589486858573127e-02 2.500000000000000000e+06
1.281602002503128869e-02 2.500000000000000000e+06
1.291614518147684611e-02 2.500000000000000000e+06
1.301627033792240179e-02 2.500000000000000000e+06
1.311639549436795921e-02 2.500000000000000000e+06
1.321652065081351662e-02 2.500000000000000000e+06
1.331664580725907404e-02 2.500000000000000000e+06
1.341677096370462972e-02 2.500000000000000000e+06
1.351689612015018714e-02 2.500000000000000000e+06
1.361702127659574456e-02 2.500000000000000000e+06
1.371714643304130198e-02 2.500000000000000000e+06
1.381727158948685766e-02 2.500000000000000000e+06
1.391739674593241508e-02 2.500000000000000000e+06
1.401752190237797249e-02 2.500000000000000000e+06
1.411764705882352818e-02 2.500000000000000000e+06
1.421777221526908559e-02 2.500000000000000000e+06
1.431789737171464301e-02 2.500000000000000000e+06
1.441802252816020043e-02 2.500000000000000000e+06
1.451814768460575611e-02 2.500000000000000000e+06
1.461827284105131353e-02 2.500000000000000000e+06
1.471839799749687094e-02 2.500000000000000000e+06
1.481852315394242836e-02 2.500000000000000000e+06
1.491864831038798404e-02 2.500000000000000000e+06
1.501877346683354146e-02 2.500000000000000000e+06
1.511889862327909888e-02 2.500000000000000000e+06
1.521902377972465456e-02 2.500000000000000000e+06
1.531914893617021198e-02 2.500000000000000000e+06
1.541927409261576939e-02 2.500000000000000000e+06
1.551939924906132681e-02 2.500000000000000000e+06
1.561952440550688249e-02 2.500000000000000000e+06
1.571964956195244165e-02 2.500000000000000000e+06
1.581977471839799559e-02 2.500000000000000000e+06
1.591989987484355301e-02 2.500000000000000000e+06
1.602002503128911043e-02 2.500000000000000000e+06
1.612015018773466785e-02 2.500000000000000000e+06
1.622027534418022526e-02 2.500000000000000000e+06
1.632040050062578268e-02 2.500000000000000000e+06
1.642052565707134010e-02 2.500000000000000000e+06
1.652065081351689405e-02 2.500000000000000000e+06
1.662077596996245146e-02 2.500000000000000000e+06
1.672090112640800888e-02 2.500000000000000000e+06
1.682102628285356630e-02 2.500000000000000000e+06
1.692115143929912371e-02 2.500000000000000000e+06
1.702127659574468113e-02 2.500000000000000000e+06
1.712140175219023855e-02 2.500000000000000000e+06
1.722152690863579250e-02 2.500000000000000000e+06
1.732165206508134991e-02 2.500000000000000000e+06
1.742177722152690733e-02 2.500000000000000000e+06
1.752190237797246475e-02 2.500000000000000000e+06
1.762202753441802217e-02 2.500000000000000000e+06
1.772215269086357958e-02 2.500000000000000000e+06
1.782227784730913700e-02 2.500000000000000000e+06
1.792240300375469442e-02 2.500000000000000000e+06
1.802252816020024836e-02 2.500000000000000000e+06
1.812265331664580578e-02 2.500000000000000000e+06
1.822277847309136320e-02 2.500000000000000000e+06
1.832290362953692062e-02 2.500000000000000000e+06
1.842302878598247803e-02 2.500000000000000000e+06
1.852315394242803545e-02 2.500000000000000000e+06
1.862327909887359287e-02 2.500000000000000000e+06
1.872340425531914682e-02 2.500000000000000000e+06
1.882352941176470423e-02 2.500000000000000000e+06
1.892365456821026165e-02 2.500000000000000000e+06
1.902377972465581907e-02 2.500000000000000000e+06
1.912390488110137649e-02 2.500000000000000000e+06
1.922403003754693390e-02 2.500000000000000000e+06
1.932415519399249132e-02 2.500000000000000000e+06
1.942428035043804527e-02 2.500000000000000000e+06
1.952440550688360268e-02 2.500000000000000000e+06
1.962453066332916010e-02 2.500000000000000000e+06
1.972465581977471752e-02 2.500000000000000000e+06
1.982478097622027494e-02 2.500000000000000000e+06
1.992490613266583235e-02 2.500000000000000000e+06
2.002503128911138977e-02 2.496832014073445462e+06
2.012515644555694719e-02 2.484212804129946046e+06
2.022528160200250114e-02 2.471677547039635014e+06
2.032540675844805855e-02 2.459225684282477014e+06
2.042553191489361597e-02 2.446856661054151598e+06
2.052565707133917339e-02 2.434569926241329871e+06
2.062578222778473080e-02 2.422364932397118770e+06
2.072590738423028822e-02 2.410241135716671590e+06
2.082603254067584564e-02 2.398197996012955904e+06
2.092615769712139959e-02 2.386234976692686789e+06
2.102628285356695700e-02 2.374351544732416049e+06
2.112640801001251442e-02 2.362547170654784888e+06
2.122653316645807184e-02 2.350821328504931647e+06
2.132665832290362926e-02 2.339173495827059262e+06
2.142678347934918667e-02 2.327603153641153593e+06
2.152690863579474409e-02 2.316109786419861950e+06
2.162703379224029804e-02 2.304692882065523416e+06
2.172715894868585546e-02 2.293351931887349114e+06
2.182728410513141287e-02 2.282086430578760803e+06
2.192740926157697029e-02 2.270895876194875687e+06
2.202753441802252771e-02 2.259779770130138379e+06
2.212765957446808512e-02 2.248737617096109316e+06
2.222778473091364254e-02 2.237768925099394284e+06
2.232790988735919996e-02 2.226873205419724807e+06
2.242803504380475391e-02 2.216049972588180564e+06
2.252816020025031132e-02 2.205298744365560822e+06
2.262828535669586874e-02 2.194619041720896028e+06
2.272841051314142616e-02 2.184010388810107484e+06
2.282853566958698358e-02 2.173472312954802066e+06
2.292866082603254099e-02 2.163004344621212687e+06
2.302878598247809841e-02 2.152606017399278469e+06
2.312891113892365236e-02 2.142276867981864139e+06
2.322903629536920977e-02 2.132016436144112609e+06
2.332916145181476719e-02 2.121824264722946100e+06
2.342928660826032461e-02 2.111699899596691132e+06
2.352941176470588203e-02 2.101642889664846472e+06
2.362953692115143944e-02 2.091652786827986129e+06
2.372966207759699686e-02 2.081729145967789926e+06
2.382978723404255081e-02 2.071871524927214254e+06
2.392991239048810823e-02 2.062079484490788309e+06
2.403003754693366564e-02 2.052352588365047704e+06
2.413016270337922306e-02 2.042690403159092646e+06
2.423028785982478048e-02 2.033092498365278589e+06
2.433041301627033789e-02 2.023558446340034250e+06
2.443053817271589531e-02 2.014087822284808848e+06
2.453066332916145273e-02 2.004680204227142502e+06
2.463078848560700668e-02 1.995335173001867021e+06
2.473091364205256409e-02 1.986052312232427765e+06
2.483103879849812151e-02 1.976831208312333561e+06
2.493116395494367893e-02 1.967671450386726297e+06
2.503128911138923635e-02 1.958572630334076704e+06
2.513141426783479376e-02 1.949534342747997725e+06
2.523153942428035118e-02 1.940556184919183608e+06
2.533166458072590513e-02 1.931637756817465881e+06
2.543178973717146255e-02 1.922778661073988536e+06
2.553191489361701996e-02 1.913978502963505220e+06
2.563204005006257738e-02 1.905236890386789804e+06
2.573216520650813480e-02 1.896553433853167109e+06
2.583229036295369221e-02 1.887927746463158866e+06
2.593241551939924963e-02 1.879359443891244009e+06
2.603254067584480358e-02 1.870848144368736306e+06
2.613266583229036100e-02 1.862393468666771892e+06
2.623279098873591841e-02 1.853995040079415077e+06
2.633291614518147583e-02 1.845652484406872885e+06
2.643304130162703325e-02 1.837365429938820889e+06
2.653316645807259067e-02 1.829133507437843364e+06
2.663329161451814808e-02 1.820956350122980308e+06
2.673341677096370203e-02 1.812833593653385527e+06
2.683354192740925945e-02 1.804764876112092519e+06
2.693366708385481686e-02 1.796749837989890715e+06
2.703379224030037428e-02 1.788788122169304639e+06
2.713391739674593170e-02 1.780879373908684356e+06
2.723404255319148912e-02 1.773023240826398600e+06
2.733416770963704653e-02 1.765219372885134304e+06
2.743429286608260395e-02 1.757467422376300208e+06
2.753441802252815790e-02 1.749767043904535007e+06
2.763454317897371532e-02 1.742117894372316077e+06
2.773466833541927273e-02 1.734519632964675548e+06
2.783479349186483015e-02 1.726971921134012751e+06
2.793491864831038757e-02 1.719474422585009597e+06
2.803504380475594499e-02 1.712026803259648150e+06
2.813516896120150240e-02 1.704628731322325999e+06
2.823529411764705635e-02 1.697279877145069884e+06
2.833541927409261377e-02 1.689979913292849436e+06
2.843554443053817118e-02 1.682728514508989407e+06
2.853566958698372860e-02 1.675525357700675260e+06
2.863579474342928602e-02 1.668370121924558654e+06
2.873591989987484344e-02 1.661262488372457912e+06
2.883604505632040085e-02 1.654202140357151860e+06
2.893617021276595480e-02 1.647188763298271690e+06
2.903629536921151222e-02 1.640222044708281755e+06
2.913642052565706964e-02 1.633301674178558402e+06
2.923654568210262705e-02 1.626427343365559354e+06
2.933667083854818447e-02 1.619598745977084385e+06
2.943679599499374189e-02 1.612815577758628409e+06
2.953692115143929930e-02 1.606077536479825154e+06
2.963704630788485672e-02 1.599384321920981631e+06
2.973717146433041067e-02 1.592735635859700618e+06
2.983729662077596809e-02 1.586131182057593251e+06
2.993742177722152550e-02 1.579570666247080779e+06
3.003754693366708292e-02 1.573053796118281316e+06
3.013767209011264034e-02 1.566580281305988785e+06
3.023779724655819776e-02 1.560149833376732422e+06
3.033792240300375517e-02 1.553762165815925691e+06
3.043804755944930912e-02 1.547416994015102740e+06
3.053817271589486654e-02 1.541114035259234719e+06
3.063829787234042396e-02 1.534853008714134572e+06
3.073842302878598137e-02 1.528633635413944023e+06
3.083854818523153879e-02 1.522455638248703443e+06
3.093867334167709621e-02 1.516318741952005774e+06
3.103879849812265362e-02 1.510222673088731710e+06
3.113892365456820757e-02 1.504167160042865202e+06
3.123904881101376499e-02 1.498151933005392551e+06
3.133917396745932588e-02 1.492176723962281365e+06
3.143929912390488329e-02 1.486241266682537738e+06
3.153942428035043377e-02 1.480345296706344699e+06
3.163954943679599119e-02 1.474488551333278418e+06
3.173967459324154861e-02 1.468670769610603340e+06
3.183979974968710602e-02 1.462891692321647424e+06
3.193992490613266344e-02 1.457151061974248383e+06
3.204005006257822086e-02 1.451448622789284680e+06
3.214017521902377827e-02 1.445784120689276839e+06
3.224030037546933569e-02 1.440157303287067916e+06
3.234042553191489311e-02 1.434567919874577317e+06
3.244055068836045053e-02 1.429015721411630744e+06
3.254067584480600794e-02 1.423500460514863953e+06
3.264080100125156536e-02 1.418021891446700552e+06
3.274092615769712278e-02 1.412579770104402211e+06
3.284105131414268020e-02 1.407173854009193135e+06
3.294117647058823761e-02 1.401803902295456035e+06
3.304130162703378809e-02 1.396469675700000487e+06
3.314142678347934551e-02 1.391170936551400460e+06
3.324155193992490293e-02 1.385907448759407736e+06
3.334167709637046034e-02 1.380678977804430062e+06
3.344180225281601776e-02 1.375485290727083571e+06
3.354192740926157518e-02 1.370326156117812265e+06
3.364205256570713259e-02 1.365201344106576871e+06
3.374217772215269001e-02 1.360110626352614257e+06
3.384230287859824743e-02 1.355053776034262031e+06
3.394242803504380485e-02 1.350030567838853225e+06
3.404255319148936226e-02 1.345040777952676173e+06
3.414267834793491968e-02 1.340084184051004238e+06
3.424280350438047710e-02 1.335160565288187936e+06
3.434292866082603451e-02 1.330269702287815977e+06
3.444305381727158499e-02 1.325411377132940805e+06
3.454317897371714241e-02 1.320585373356367927e+06
3.464330413016269983e-02 1.315791475931012072e+06
3.474342928660825724e-02 1.311029471260317834e+06
3.484355444305381466e-02 1.306299147168739466e+06
3.494367959949937208e-02 1.301600292892289348e+06
3.504380475594492950e-02 1.296932699069146998e+06
3.514392991239048691e-02 1.292296157730329782e+06
3.524405506883604433e-02 1.287690462290428812e+06
3.534418022528160175e-02 1.283115407538401429e+06
3.544430538172715917e-02 1.278570789628429338e+06
3.554443053817271658e-02 1.274056406070837751e+06
3.564455569461827400e-02 1.269572055723069701e+06
3.574468085106383142e-02 1.265117538780726027e+06
3.584480600750938883e-02 1.260692656768663786e+06
3.594493116395493931e-02 1.256297212532151490e+06
3.604505632040049673e-02 1.251931010228084167e+06
3.614518147684605415e-02 1.247593855316259200e+06
3.624530663329161156e-02 1.243285554550707573e+06
3.634543178973716898e-02 1.239005915971083101e+06
3.644555694618272640e-02 1.234754748894110322e+06
3.654568210262828382e-02 1.230531863905088045e+06
3.664580725907384123e-02 1.226337072849449702e+06
3.674593241551939865e-02 1.222170188824379817e+06
3.684605757196495607e-02 1.218031026170487050e+06
3.694618272841051348e-02 1.213919400463530794e+06
3.704630788485607090e-02 1.209835128506205976e+06
3.714643304130162832e-02 1.205778028319978155e+06
3.724655819774718574e-02 1.201747919136976590e+06
3.734668335419274315e-02 1.197744621391940396e+06
3.744680851063829363e-02 1.193767956714216620e+06
3.754693366708385105e-02 1.189817747919812799e+06
3.764705882352940847e-02 1.185893819003504934e+06
3.774718397997496588e-02 1.181995995130991098e+06
3.784730913642052330e-02 1.178124102631105809e+06
3.794743429286608072e-02 1.174277968988078646e+06
3.804755944931163814e-02 1.170457422833849676e+06
3.814768460575719555e-02 1.166662293940433301e+06
3.824780976220275297e-02 1.162892413212332875e+06
3.834793491864831039e-02 1.159147612679008627e+06
3.844806007509386780e-02 1.155427725487390533e+06
3.854818523153942522e-02 1.151732585894447286e+06
3.864831038798498264e-02 1.148062029259798583e+06
3.874843554443054006e-02 1.144415892038380960e+06
3.884856070087609053e-02 1.140794011773161590e+06
3.894868585732164795e-02 1.137196227087897249e+06
3.904881101376720537e-02 1.133622377679946832e+06
3.914893617021276279e-02 1.130072304313127650e+06
3.924906132665832020e-02 1.126545848810620140e+06
3.934918648310387762e-02 1.123042854047921253e+06
3.944931163954943504e-02 1.119563163945842534e+06
3.954943679599499246e-02 1.116106623463556403e+06
3.964956195244054987e-02 1.112673078591688303e+06
3.974968710888610729e-02 1.109262376345454715e+06
3.984981226533166471e-02 1.105874364757845644e+06
3.994993742177722212e-02 1.102508892872855533e+06
4.005006257822277954e-02 1.099165810738755623e+06
4.015018773466833696e-02 1.095844969401413575e+06
4.025031289111389438e-02 1.092546220897655934e+06
4.035043804755944485e-02 1.089269418248676928e+06
4.045056320400500227e-02 1.086014415453487542e+06
4.055068836045055969e-02 1.082781067482412793e+06
4.065081351689611711e-02 1.079569230270627188e+06
4.075093867334167452e-02 1.076378760711738374e+06
4.085106382978723194e-02 1.073209516651408747e+06
4.095118898623278936e-02 1.070061356881022919e+06
4.105131414267834677e-02 1.066934141131395940e+06
4.115143929912390419e-02 1.063827730066522257e+06
4.125156445556946161e-02 1.060741985277369153e+06
4.135168961201501903e-02 1.057676769275708823e+06
4.145181476846057644e-02 1.054631945487992605e+06
4.155193992490613386e-02 1.051607378249265952e+06
4.165206508135169128e-02 1.048602932797123911e+06
4.175219023779724176e-02 1.045618475265706191e+06
4.185231539424279917e-02 1.042653872679732391e+06
4.195244055068835659e-02 1.039708992948578671e+06
4.205256570713391401e-02 1.036783704860390746e+06
4.215269086357947143e-02 1.033877878076238208e+06
4.225281602002502884e-02 1.030991383124307496e+06
4.235294117647058626e-02 1.028124091394132120e+06
4.245306633291614368e-02 1.025275875130863627e+06
4.255319148936170109e-02 1.022446607429578551e+06
4.265331664580725851e-02 1.019636162229624111e+06
4.275344180225281593e-02 1.016844414309001528e+06
4.285356695869837335e-02 1.014071239278787049e+06
4.295369211514393076e-02 1.011316513577588834e+06
4.305381727158948818e-02 1.008580114466042258e+06
4.315394242803504560e-02 1.005861920021341066e+06
4.325406758448059608e-02 1.003161809131804854e+06
4.335419274092615349e-02 1.000479661491482519e+06
4.345431789737171091e-02 9.978153575947924983e+05
4.355444305381726833e-02 9.951687787311977008e+05
4.365456821026282574e-02 9.925398069799162913e+05
4.375469336670838316e-02 9.899283252046682173e+05
4.385481852315394058e-02 9.873342170484547969e+05
4.395494367959949800e-02 9.847573669283755589e+05
4.405506883604505541e-02 9.821976600304779131e+05
4.415519399249061283e-02 9.796549823046412785e+05
4.425531914893617025e-02 9.771292204594954383e+05
4.435544430538172767e-02 9.746202619573737029e+05
4.445556946182728508e-02 9.721279950092972722e+05
4.455569461827284250e-02 9.696523085699951043e+05
4.465581977471839992e-02 9.671930923329566140e+05
4.475594493116395040e-02 9.647502367255163845e+05
4.485607008760950781e-02 9.623236329039708944e+05
4.495619524405506523e-02 9.599131727487315657e+05
4.505632040050062265e-02 9.575187488595051691e+05
4.515644555694618006e-02 9.551402545505091548e+05
4.525657071339173748e-02 9.527775838457184145e+05
4.535669586983729490e-02 9.504306314741432434e+05
4.545682102628285232e-02 9.480992928651387338e+05
4.555694618272840973e-02 9.457834641437459504e+05
4.565707133917396715e-02 9.434830421260631410e+05
4.575719649561952457e-02 9.411979243146486115e+05
4.585732165206508198e-02 9.389280088939541019e+05
4.595744680851063940e-02 9.366731947257873835e+05
4.605757196495619682e-02 9.344333813448072178e+05
4.615769712140174730e-02 9.322084689540462568e+05
4.625782227784730471e-02 9.299983584204642102e+05
4.635794743429286213e-02 9.278029512705316301e+05
4.645807259073841955e-02 9.256221496858419850e+05
4.655819774718397697e-02 9.234558564987534191e+05
4.665832290362953438e-02 9.213039751880586846e+05
4.675844806007509180e-02 9.191664098746856907e+05
4.685857321652064922e-02 9.170430653174247127e+05
4.695869837296620664e-02 9.149338469086845871e+05
4.705882352941176405e-02 9.128386606702788267e+05
4.715894868585732147e-02 9.107574132492362987e+05
4.725907384230287889e-02 9.086900119136433350e+05
4.735919899874843630e-02 9.066363645485115703e+05
4.745932415519399372e-02 9.045963796516736038e+05
4.755944931163955114e-02 9.025699663297053194e+05
4.765957446808510162e-02 9.005570342938778922e+05
4.775969962453065903e-02 8.985574938561324961e+05
4.785982478097621645e-02 8.965712559250863269e+05
4.795994993742177387e-02 8.945982320020616753e+05
4.806007509386733129e-02 8.926383341771436390e+05
4.816020025031288870e-02 8.906914751252622809e+05
4.826032540675844612e-02 8.887575681023027282e+05
4.836045056320400354e-02 8.868365269412398338e+05
4.846057571964956096e-02 8.849282660482984502e+05
4.856070087609511837e-02 8.830327003991405945e+05
4.866082603254067579e-02 8.811497455350763630e+05
4.876095118898623321e-02 8.792793175593016203e+05
4.886107634543179062e-02 8.774213331331585068e+05
4.896120150187734804e-02 8.755757094724241178e+05
4.906132665832290546e-02 8.737423643436200218e+05
4.916145181476845594e-02 8.719212160603498342e+05
4.926157697121401335e-02 8.701121834796585608e+05
4.936170212765957077e-02 8.683151859984179027e+05
4.946182728410512819e-02 8.665301435497343773e+05
4.956195244055068561e-02 8.647569765993822366e+05
4.966207759699624302e-02 8.629956061422594357e+05
4.976220275344180044e-02 8.612459536988679320e+05
4.986232790988735786e-02 8.595079413118163357e+05
4.996245306633291527e-02 8.577814915423471248e+05
5.006257822277847269e-02 8.560665274668857455e+05
5.016270337922403011e-02 8.543629726736132288e+05
5.026282853566958753e-02 8.526707512590623228e+05
5.036295369211514494e-02 8.509897878247345798e+05
5.046307884856070236e-02 8.493200074737415416e+05
5.056320400500625284e-02 8.476613358074672287e+05
5.066332916145181026e-02 8.460136989222534467e+05
5.076345431789736767e-02 8.443770234061070951e+05
5.086357947434292509e-02 8.427512363354288973e+05
5.096370463078848251e-02 8.411362652717645979e+05
5.106382978723403993e-02 8.395320382585769985e+05
5.116395494367959734e-02 8.379384838180402294e+05
5.126408010012515476e-02 8.363555309478545096e+05
5.136420525657071218e-02 8.347831091180832591e+05
5.146433041301626959e-02 8.332211482680098852e+05
5.156445556946182701e-02 8.316695788030166877e+05
5.166458072590738443e-02 8.301283315914836712e+05
5.176470588235294185e-02 8.285973379617084283e+05
5.186483103879849926e-02 8.270765296988466289e+05
5.196495619524405668e-02 8.255658390418721829e+05
5.206508135168960716e-02 8.240651986805584747e+05
5.216520650813516458e-02 8.225745417524789227e+05
5.226533166458072199e-02 8.210938018400283763e+05
5.236545682102627941e-02 8.196229129674632568e+05
5.246558197747183683e-02 8.181618095979627687e+05
5.256570713391739424e-02 8.167104266307076905e+05
5.266583229036295166e-02 8.152686993979807012e+05
5.276595744680850908e-02 8.138365636622846359e+05
5.286608260325406650e-02 8.124139556134802988e+05
5.296620775969962391e-02 8.110008118659433676e+05
5.306633291614518133e-02 8.095970694557407405e+05
5.316645807259073875e-02 8.082026658378241118e+05
5.326658322903629617e-02 8.068175388832440367e+05
5.336670838548185358e-02 8.054416268763812259e+05
5.346683354192740406e-02 8.040748685121971648e+05
5.356695869837296148e-02 8.027172028935021954e+05
5.366708385481851890e-02 8.013685695282425731e+05
5.376720901126407631e-02 8.000289083268051036e+05
5.386733416770963373e-02 7.986981595993391238e+05
5.396745932415519115e-02 7.973762640530982753e+05
5.406758448060074856e-02 7.960631627897972940e+05
5.416770963704630598e-02 7.947587973029887071e+05
5.426783479349186340e-02 7.934631094754558289e+05
5.436795994993742082e-02 7.921760415766227525e+05
5.446808510638297823e-02 7.908975362599827349e+05
5.456821026282853565e-02 7.896275365605427651e+05
5.466833541927409307e-02 7.883659858922855929e+05
5.476846057571965048e-02 7.871128280456482898e+05
5.486858573216520790e-02 7.858680071850180393e+05
5.496871088861075838e-02 7.846314678462443408e+05
5.506883604505631580e-02 7.834031549341670470e+05
5.516896120150187321e-02 7.821830137201624457e+05
5.526908635794743063e-02 7.809709898397045908e+05
5.536921151439298805e-02 7.797670292899424676e+05
5.546933667083854547e-02 7.785710784272948513e+05
5.556946182728410288e-02 7.773830839650589041e+05
5.566958698372966030e-02 7.762029929710371653e+05
5.576971214017521772e-02 7.750307528651780449e+05
5.586983729662077514e-02 7.738663114172340138e+05
5.596996245306633255e-02 7.727096167444336461e+05
5.607008760951188997e-02 7.715606173091705423e+05
5.617021276595744739e-02 7.704192619167068042e+05
5.627033792240300480e-02 7.692854997128916439e+05
5.637046307884856222e-02 7.681592801818961743e+05
5.647058823529411270e-02 7.670405531439620536e+05
5.657071339173967012e-02 7.659292687531660777e+05
5.667083854818522753e-02 7.648253774951992091e+05
5.677096370463078495e-02 7.637288301851600409e+05
5.687108886107634237e-02 7.626395779653638601e+05
5.697121401752189979e-02 7.615575723031653324e+05
5.707133917396745720e-02 7.604827649887962034e+05
5.717146433041301462e-02 7.594151081332173198e+05
5.727158948685857204e-02 7.583545541659852024e+05
5.737171464330412946e-02 7.573010558331315406e+05
5.747183979974968687e-02 7.562545661950589856e+05
5.757196495619524429e-02 7.552150386244485853e+05
5.767209011264080171e-02 7.541824268041830510e+05
5.777221526908635912e-02 7.531566847252829466e+05
5.787234042553190960e-02 7.521377666848561494e+05
5.797246558197746702e-02 7.511256272840622114e+05
5.807259073842302444e-02 7.501202214260890614e+05
5.817271589486858185e-02 7.491215043141439091e+05
5.827284105131413927e-02 7.481294314494576538e+05
5.837296620775969669e-02 7.471439586293012835e+05
5.847309136420525411e-02 7.461650419450171757e+05
5.857321652065081152e-02 7.451926377800623886e+05
5.867334167709636894e-02 7.442267028080654563e+05
5.877346683354192636e-02 7.432671939908956410e+05
5.887359198998748377e-02 7.423140685767454561e+05
5.897371714643304119e-02 7.413672840982261114e+05
5.907384230287859861e-02 7.404267983704747166e+05
5.917396745932415603e-02 7.394925694892756874e+05
5.927409261576971344e-02 7.385645558291925117e+05
5.937421777221526392e-02 7.376427160417138366e+05
5.947434292866082134e-02 7.367270090534108458e+05
5.957446808510637876e-02 7.358173940641075606e+05
5.967459324155193617e-02 7.349138305450621992e+05
5.977471839799749359e-02 7.340162782371625071e+05
5.987484355444305101e-02 7.331246971491307486e+05
5.997496871088860843e-02 7.322390475557426689e+05
6.007509386733416584e-02 7.313592899960573995e+05
6.017521902377972326e-02 7.304853852716588881e+05
6.027534418022528068e-02 7.296172944449095521e+05
6.037546933667083809e-02 7.287549788372159237e+05
6.047559449311639551e-02 7.278984000273041893e+05
6.057571964956195293e-02 7.270475198495091172e+05
6.067584480600751035e-02 7.262023003920734627e+05
6.077596996245306776e-02 7.253627039954584325e+05
6.087609511889861824e-02 7.245286932506661396e+05
6.097622027534417566e-02 7.237002309975723037e+05
6.107634543178973308e-02 7.228772803232711740e+05
6.117647058823529049e-02 7.220598045604304643e+05
6.127659574468084791e-02 7.212477672856574645e+05
6.137672090112640533e-02 7.204411323178763269e+05
6.147684605757196274e-02 7.196398637167164125e+05
6.157697121401752016e-02 7.188439257809101837e+05
6.167709637046307758e-02 7.180532830467028543e+05
6.177722152690863500e-02 7.172679002862725174e+05
6.187734668335419241e-02 7.164877425061601680e+05
6.197747183979974983e-02 7.157127749457104364e+05
6.207759699624530725e-02 7.149429630755231483e+05
6.217772215269086467e-02 7.141782725959151285e+05
6.227784730913641514e-02 7.134186694353907369e+05
6.237797246558197256e-02 7.126641197491253261e+05
6.247809762202752998e-02 7.119145899174557999e+05
6.257822277847309433e-02 7.111700465443839785e+05
6.267834793491865175e-02 7.104304564560875297e+05
6.277847309136420917e-02 7.096957866994424257e+05
6.287859824780976659e-02 7.089660045405549463e+05
6.297872340425532400e-02 7.082410774633022957e+05
6.307884856070086754e-02 7.075209731678848621e+05
6.317897371714642496e-02 7.068056595693859272e+05
6.327909887359198238e-02 7.060951047963432502e+05
6.337922403003753979e-02 7.053892771893283352e+05
6.347934918648309721e-02 7.046881452995361760e+05
6.357947434292865463e-02 7.039916778873833828e+05
6.367959949937421205e-02 7.032998439211169025e+05
6.377972465581976946e-02 7.026126125754313543e+05
6.387984981226532688e-02 7.019299532300950959e+05
6.397997496871088430e-02 7.012518354685863014e+05
6.408010012515644171e-02 7.005782290767377708e+05
6.418022528160199913e-02 6.999091040413905866e+05
6.428035043804755655e-02 6.992444305490565021e+05
6.438047559449311397e-02 6.985841789845903404e+05
6.448060075093867138e-02 6.979283199298697291e+05
6.458072590738422880e-02 6.972768241624847287e+05
6.468085106382978622e-02 6.966296626544358442e+05
6.478097622027534364e-02 6.959868065708404174e+05
6.488110137672090105e-02 6.953482272686478682e+05
6.498122653316645847e-02 6.947138962953638984e+05
6.508135168961201589e-02 6.940837853877820307e+05
6.518147684605757330e-02 6.934578664707252756e+05
6.528160200250313072e-02 6.928361116557942005e+05
6.538172715894868814e-02 6.922184932401250117e+05
6.548185231539424556e-02 6.916049837051552022e+05
6.558197747183980297e-02 6.909955557153967675e+05
6.568210262828536039e-02 6.903901821172191994e+05
6.578222778473091781e-02 6.897888359376391163e+05
6.588235294117647523e-02 6.891914903831183910e+05
6.598247809762201876e-02 6.885981188383705448e+05
6.608260325406757618e-02 6.880086948651745915e+05
6.618272841051313360e-02 6.874231922011974966e+05
6.628285356695869102e-02 6.868415847588238539e+05
6.638297872340424843e-02 6.862638466239932459e+05
6.648310387984980585e-02 6.856899520550459856e+05
6.658322903629536327e-02 6.851198754815761931e+05
6.668335419274092069e-02 6.845535915032918565e+05
6.678347934918647810e-02 6.839910748888840899e+05
6.688360450563203552e-02 6.834323005749020958e+05
6.698372966207759294e-02 6.828772436646368587e+05
6.708385481852315035e-02 6.823258794270117069e+05
6.718397997496870777e-02 6.817781832954804413e+05
6.728410513141426519e-02 6.812341308669327991e+05
6.738423028785982261e-02 6.806936979006070178e+05
6.748435544430538002e-02 6.801568603170098504e+05
6.758448060075093744e-02 6.796235941968435654e+05
6.768460575719649486e-02 6.790938757799405139e+05
6.778473091364205227e-02 6.785676814642042154e+05
6.788485607008760969e-02 6.780449878045577789e+05
6.798498122653316711e-02 6.775257715118990745e+05
6.808510638297872453e-02 6.770100094520635903e+05
6.818523153942428194e-02 6.764976786447932245e+05
6.828535669586983936e-02 6.759887562627126463e+05
6.838548185231539678e-02 6.754832196303119417e+05
6.848560700876095420e-02 6.749810462229365949e+05
6.858573216520651161e-02 6.744822136657832889e+05
6.868585732165206903e-02 6.739866997329038568e+05
6.878598247809762645e-02 6.734944823462143540e+05
6.888610763454316999e-02 6.730055395745116984e+05
6.898623279098872740e-02 6.725198496324957814e+05
6.908635794743428482e-02 6.720373908797999611e+05
6.918648310387984224e-02 6.715581418200258631e+05
6.928660826032539966e-02 6.710820810997862136e+05
6.938673341677095707e-02 6.706091875077527948e+05
6.948685857321651449e-02 6.701394399737122003e+05
6.958698372966207191e-02 6.696728175676263636e+05
6.968710888610762932e-02 6.692092994987000711e+05
6.978723404255318674e-02 6.687488651144547621e+05
6.988735919899874416e-02 6.682914938998086145e+05
6.998748435544430158e-02 6.678371654761617538e+05
7.008760951188985899e-02 6.673858596004890278e+05
7.018773466833541641e-02 6.669375561644374393e+05
7.028785982478097383e-02 6.664922351934306789e+05
7.038798498122653124e-02 6.660498768457790138e+05
7.048811013767208866e-02 6.656104614117948804e+05
7.058823529411764608e-02 6.651739693129151128e+05
7.068836045056320350e-02 6.647403811008284101e+05
7.078848560700876091e-02 6.643096774566089734e+05
7.088861076345431833e-02 6.638818391898556147e+05
7.098873591989987575e-02 6.634568472378363367e+05
7.108886107634543317e-02 6.630346826646398986e+05
7.118898623279099058e-02 6.626153266603309894e+05
7.128911138923654800e-02 6.621987605401132023e+05
7.138923654568210542e-02 6.617849657434957335e+05
7.148936170212766283e-02 6.613739238334666006e+05
7.158948685857322025e-02 6.609656164956715656e+05
7.168961201501877767e-02 6.605600255375974812e+05
7.178973717146432121e-02 6.601571328877621563e+05
7.188986232790987863e-02 6.597569205949088791e+05
7.198998748435543604e-02 6.593593708272072254e+05
7.209011264080099346e-02 6.589644658714573598e+05
7.219023779724655088e-02 6.585721881323020207e+05
7.229036295369210829e-02 6.581825201314418809e+05
7.239048811013766571e-02 6.577954445068567293e+05
7.249061326658322313e-02 6.574109440120323561e+05
7.259073842302878055e-02 6.570290015151918633e+05
7.269086357947433796e-02 6.566495999985320959e+05
7.279098873591989538e-02 6.562727225574656622e+05
7.289111389236545280e-02 6.558983523998680757e+05
7.299123904881101021e-02 6.555264728453287389e+05
7.309136420525656763e-02 6.551570673244083300e+05
7.319148936170212505e-02 6.547901193779006135e+05
7.329161451814768247e-02 6.544256126560985576e+05
7.339173967459323988e-02 6.540635309180663899e+05
7.349186483103879730e-02 6.537038580309154931e+05
7.359198998748435472e-02 6.533465779690862400e+05
7.369211514392991214e-02 6.529916748136330862e+05
7.379224030037546955e-02 6.526391327515161829e+05
7.389236545682102697e-02 6.522889360748961335e+05
7.399249061326658439e-02 6.519410691804343369e+05
7.409261576971214180e-02 6.515955165685981046e+05
7.419274092615769922e-02 6.512522628429695033e+05
7.429286608260325664e-02 6.509112927095595514e+05
7.439299123904881406e-02 6.505725909761270741e+05
7.449311639549437147e-02 6.502361425515015144e+05
7.459324155193992889e-02 6.499019324449104024e+05
7.469336670838548631e-02 6.495699457653117133e+05
7.479349186483102985e-02 6.492401677207305329e+05
7.489361702127658726e-02 6.489125836175992154e+05
7.499374217772214468e-02 6.485871788601035951e+05
7.509386733416770210e-02 6.482639389495323412e+05
7.519399249061325952e-02 6.479428494836303871e+05
7.529411764705881693e-02 6.476238961559584131e+05
7.539424280350437435e-02 6.473070647552543087e+05
7.549436795994993177e-02 6.469923411648002220e+05
7.559449311639548919e-02 6.466797113617943833e+05
7.569461827284104660e-02 6.463691614167249063e+05
7.579474342928660402e-02 6.460606774927505758e+05
7.589486858573216144e-02 6.457542458450831473e+05
7.599499374217771885e-02 6.454498528203758178e+05
7.609511889862327627e-02 6.451474848561142571e+05
7.619524405506883369e-02 6.448471284800128778e+05
7.629536921151439111e-02 6.445487703094140161e+05
7.639549436795994852e-02 6.442523970506920014e+05
7.649561952440550594e-02 6.439579954986607190e+05
7.659574468085106336e-02 6.436655525359854801e+05
7.669586983729662077e-02 6.433750551325980341e+05
7.679599499374217819e-02 6.430864903451165883e+05
7.689612015018773561e-02 6.427998453162687365e+05
7.699624530663329303e-02 6.425151072743188124e+05
7.709637046307885044e-02 6.422322635324985022e+05
7.719649561952440786e-02 6.419513014884421136e+05
7.729662077596996528e-02 6.416722086236244068e+05
7.739674593241552270e-02 6.413949725028034300e+05
7.749687108886108011e-02 6.411195807734660339e+05
7.759699624530663753e-02 6.408460211652776925e+05
7.769712140175218107e-02 6.405742814895357005e+05
7.779724655819773849e-02 6.403043496386263287e+05
7.789737171464329590e-02 6.400362135854848893e+05
7.799749687108885332e-02 6.397698613830602262e+05
7.809762202753441074e-02 6.395052811637824634e+05
7.819774718397996816e-02 6.392424611390338978e+05
7.829787234042552557e-02 6.389813895986239659e+05
7.839799749687108299e-02 6.387220549102674704e+05
7.849812265331664041e-02 6.384644455190662993e+05
7.859824780976219782e-02 6.382085499469945207e+05
7.869837296620775524e-02 6.379543567923869705e+05
7.879849812265331266e-02 6.377018547294314485e+05
7.889862327909887008e-02 6.374510325076638255e+05
7.899874843554442749e-02 6.372018789514666423e+05
7.909887359198998491e-02 6.369543829595716670e+05
7.919899874843554233e-02 6.367085335045650136e+05
7.929912390488109974e-02 6.364643196323954035e+05
7.939924906132665716e-02 6.362217304618869675e+05
7.949937421777221458e-02 6.359807551842534449e+05
7.959949937421777200e-02 6.357413830626175040e+05
7.969962453066332941e-02 6.355036034315316938e+05
7.979974968710888683e-02 6.352674056965034688e+05
7.989987484355444425e-02 6.350327793335231254e+05
8.000000000000000167e-02 6.347997138885948807e+05
---------------
