reaction_list
-----------------------
# Only a single ionization reaction
e + Ar -> e + e + Ar+,field_table,C3 Ar Ionization 15.80 eV
-----------------------


Mean energy (eV)
COMMENT: generated by bolsig_convert.py
-----------------------
2.000000000000000000e+00 3.470000000000000195e+00
2.101999999999999869e+00 3.553999999999999826e+00
2.407000000000000028e+00 3.791999999999999815e+00
2.915999999999999925e+00 4.149000000000000021e+00
3.629000000000000004e+00 4.562999999999999723e+00
4.546000000000000263e+00 4.913999999999999702e+00
5.666000000000000369e+00 5.128999999999999559e+00
6.988999999999999879e+00 5.246000000000000441e+00
8.516999999999999460e+00 5.320999999999999730e+00
1.025000000000000000e+01 5.381999999999999673e+00
1.217999999999999972e+01 5.440000000000000391e+00
1.432000000000000028e+01 5.500000000000000000e+00
1.666000000000000014e+01 5.562000000000000277e+00
1.921000000000000085e+01 5.626999999999999780e+00
2.196000000000000085e+01 5.693999999999999950e+00
2.491000000000000014e+01 5.762999999999999901e+00
2.807000000000000028e+01 5.834999999999999964e+00
3.142999999999999972e+01 5.907000000000000028e+00
3.499000000000000199e+01 5.980999999999999872e+00
3.875999999999999801e+01 6.054999999999999716e+00
4.272999999999999687e+01 6.129999999999999893e+00
4.690999999999999659e+01 6.205000000000000071e+00
5.128000000000000114e+01 6.280000000000000249e+00
5.586999999999999744e+01 6.354000000000000092e+00
6.064999999999999858e+01 6.429000000000000270e+00
6.564000000000000057e+01 6.503000000000000114e+00
7.082999999999999829e+01 6.576999999999999957e+00
7.623000000000000398e+01 6.650000000000000355e+00
8.182999999999999829e+01 6.722999999999999865e+00
8.764000000000000057e+01 6.796000000000000263e+00
9.364000000000000057e+01 6.868999999999999773e+00
9.985999999999999943e+01 6.940999999999999837e+00
1.062999999999999972e+02 7.012999999999999901e+00
1.129000000000000057e+02 7.086000000000000298e+00
1.197000000000000028e+02 7.158000000000000362e+00
1.267000000000000028e+02 7.230000000000000426e+00
1.340000000000000000e+02 7.302999999999999936e+00
1.414000000000000057e+02 7.376000000000000334e+00
1.490000000000000000e+02 7.448999999999999844e+00
1.569000000000000057e+02 7.522000000000000242e+00
1.649000000000000057e+02 7.596000000000000085e+00
1.731999999999999886e+02 7.669999999999999929e+00
1.815999999999999943e+02 7.745000000000000107e+00
1.903000000000000114e+02 7.820999999999999730e+00
1.990999999999999943e+02 7.897000000000000242e+00
2.081999999999999886e+02 7.974000000000000199e+00
2.175000000000000000e+02 8.051999999999999602e+00
2.269000000000000057e+02 8.131000000000000227e+00
2.365999999999999943e+02 8.211000000000000298e+00
2.465000000000000000e+02 8.292999999999999261e+00
2.566000000000000227e+02 8.375000000000000000e+00
2.668999999999999773e+02 8.458000000000000185e+00
2.773000000000000114e+02 8.542999999999999261e+00
2.880000000000000000e+02 8.628999999999999559e+00
2.988999999999999773e+02 8.717000000000000526e+00
3.100000000000000000e+02 8.805999999999999162e+00
3.213000000000000114e+02 8.896000000000000796e+00
3.328000000000000114e+02 8.987999999999999545e+00
3.445000000000000000e+02 9.082000000000000739e+00
3.565000000000000000e+02 9.178000000000000824e+00
3.686000000000000227e+02 9.275000000000000355e+00
3.808999999999999773e+02 9.374000000000000554e+00
3.933999999999999773e+02 9.474999999999999645e+00
4.061000000000000227e+02 9.579000000000000625e+00
4.191000000000000227e+02 9.683999999999999275e+00
4.321999999999999886e+02 9.791000000000000369e+00
4.456000000000000227e+02 9.900000000000000355e+00
4.591000000000000227e+02 1.000999999999999979e+01
4.728000000000000114e+02 1.013000000000000078e+01
4.868000000000000114e+02 1.024000000000000021e+01
5.008999999999999773e+02 1.035999999999999943e+01
5.152999999999999545e+02 1.048000000000000043e+01
5.298999999999999773e+02 1.060999999999999943e+01
5.446000000000000227e+02 1.073000000000000043e+01
5.596000000000000227e+02 1.085999999999999943e+01
5.747999999999999545e+02 1.099000000000000021e+01
5.901000000000000227e+02 1.113000000000000078e+01
6.057000000000000455e+02 1.125999999999999979e+01
6.215000000000000000e+02 1.140000000000000036e+01
6.375000000000000000e+02 1.155000000000000071e+01
6.537000000000000455e+02 1.168999999999999950e+01
6.701000000000000227e+02 1.183999999999999986e+01
6.867000000000000455e+02 1.199000000000000021e+01
7.035000000000000000e+02 1.215000000000000036e+01
7.205000000000000000e+02 1.231000000000000050e+01
7.377000000000000455e+02 1.247000000000000064e+01
7.551000000000000227e+02 1.263000000000000078e+01
7.727000000000000455e+02 1.280000000000000071e+01
7.905000000000000000e+02 1.297000000000000064e+01
8.086000000000000227e+02 1.315000000000000036e+01
8.267999999999999545e+02 1.333000000000000007e+01
8.452000000000000455e+02 1.350999999999999979e+01
8.638999999999999773e+02 1.368999999999999950e+01
8.827000000000000455e+02 1.388000000000000078e+01
9.017000000000000455e+02 1.407000000000000028e+01
9.210000000000000000e+02 1.426999999999999957e+01
9.403999999999999773e+02 1.447000000000000064e+01
9.601000000000000227e+02 1.467999999999999972e+01
9.798999999999999773e+02 1.488000000000000078e+01
1.000000000000000000e+03 1.508999999999999986e+01
-----------------------


Mobility *N (1/m/V/s)
COMMENT: generated by bolsig_convert.py
-----------------------
2.000000000000000000e+00 1.786999999999999885e+24
2.101999999999999869e+00 1.719999999999999950e+24
2.407000000000000028e+00 1.549000000000000031e+24
2.915999999999999925e+00 1.336999999999999973e+24
3.629000000000000004e+00 1.149999999999999954e+24
4.546000000000000263e+00 1.049000000000000040e+24
5.666000000000000369e+00 1.030000000000000004e+24
6.988999999999999879e+00 1.040999999999999990e+24
8.516999999999999460e+00 1.050999999999999952e+24
1.025000000000000000e+01 1.052999999999999998e+24
1.217999999999999972e+01 1.048000000000000017e+24
1.432000000000000028e+01 1.037000000000000031e+24
1.666000000000000014e+01 1.022999999999999977e+24
1.921000000000000085e+01 1.005999999999999987e+24
2.196000000000000085e+01 9.892000000000000294e+23
2.491000000000000014e+01 9.717000000000000283e+23
2.807000000000000028e+01 9.544000000000000587e+23
3.142999999999999972e+01 9.377000000000000493e+23
3.499000000000000199e+01 9.216999999999999486e+23
3.875999999999999801e+01 9.066000000000000566e+23
4.272999999999999687e+01 8.925000000000000535e+23
4.690999999999999659e+01 8.792999999999999906e+23
5.128000000000000114e+01 8.670999999999999507e+23
5.586999999999999744e+01 8.557000000000000367e+23
6.064999999999999858e+01 8.452000000000000629e+23
6.564000000000000057e+01 8.354999999999999465e+23
7.082999999999999829e+01 8.264000000000000587e+23
7.623000000000000398e+01 8.178999999999999969e+23
8.182999999999999829e+01 8.100999999999999780e+23
8.764000000000000057e+01 8.027000000000000220e+23
9.364000000000000057e+01 7.956999999999999948e+23
9.985999999999999943e+01 7.891999999999999790e+23
1.062999999999999972e+02 7.829999999999999434e+23
1.129000000000000057e+02 7.771000000000000220e+23
1.197000000000000028e+02 7.716000000000000294e+23
1.267000000000000028e+02 7.661999999999999853e+23
1.340000000000000000e+02 7.611000000000000556e+23
1.414000000000000057e+02 7.562000000000000231e+23
1.490000000000000000e+02 7.515000000000000220e+23
1.569000000000000057e+02 7.470000000000000524e+23
1.649000000000000057e+02 7.426000000000000315e+23
1.731999999999999886e+02 7.382999999999999591e+23
1.815999999999999943e+02 7.342000000000000524e+23
1.903000000000000114e+02 7.301999999999999602e+23
1.990999999999999943e+02 7.262000000000000021e+23
2.081999999999999886e+02 7.223999999999999413e+23
2.175000000000000000e+02 7.186999999999999633e+23
2.269000000000000057e+02 7.150999999999999339e+23
2.365999999999999943e+02 7.115000000000000388e+23
2.465000000000000000e+02 7.079999999999999581e+23
2.566000000000000227e+02 7.045999999999999602e+23
2.668999999999999773e+02 7.011999999999999623e+23
2.773000000000000114e+02 6.979000000000000472e+23
2.880000000000000000e+02 6.946999999999999465e+23
2.988999999999999773e+02 6.916000000000000629e+23
3.100000000000000000e+02 6.883999999999999623e+23
3.213000000000000114e+02 6.854000000000000273e+23
3.328000000000000114e+02 6.823999999999999581e+23
3.445000000000000000e+02 6.794000000000000231e+23
3.565000000000000000e+02 6.765000000000000367e+23
3.686000000000000227e+02 6.736999999999999990e+23
3.808999999999999773e+02 6.708999999999999612e+23
3.933999999999999773e+02 6.681000000000000577e+23
4.061000000000000227e+02 6.653999999999999685e+23
4.191000000000000227e+02 6.627999999999999623e+23
4.321999999999999886e+02 6.601999999999999560e+23
4.456000000000000227e+02 6.575999999999999497e+23
4.591000000000000227e+02 6.551000000000000262e+23
4.728000000000000114e+02 6.525999999999999685e+23
4.868000000000000114e+02 6.501999999999999937e+23
5.008999999999999773e+02 6.478000000000000189e+23
5.152999999999999545e+02 6.454000000000000440e+23
5.298999999999999773e+02 6.431000000000000178e+23
5.446000000000000227e+02 6.407999999999999916e+23
5.596000000000000227e+02 6.386000000000000482e+23
5.747999999999999545e+02 6.363999999999999706e+23
5.901000000000000227e+02 6.342000000000000273e+23
6.057000000000000455e+02 6.321000000000000325e+23
6.215000000000000000e+02 6.300000000000000377e+23
6.375000000000000000e+02 6.279000000000000430e+23
6.537000000000000455e+02 6.258000000000000482e+23
6.701000000000000227e+02 6.238000000000000021e+23
6.867000000000000455e+02 6.217999999999999560e+23
7.035000000000000000e+02 6.198999999999999927e+23
7.205000000000000000e+02 6.178999999999999465e+23
7.377000000000000455e+02 6.159999999999999832e+23
7.551000000000000227e+02 6.141000000000000199e+23
7.727000000000000455e+02 6.123000000000000052e+23
7.905000000000000000e+02 6.104000000000000419e+23
8.086000000000000227e+02 6.086000000000000273e+23
8.267999999999999545e+02 6.067000000000000640e+23
8.452000000000000455e+02 6.049000000000000493e+23
8.638999999999999773e+02 6.031999999999999832e+23
8.827000000000000455e+02 6.013999999999999685e+23
9.017000000000000455e+02 5.996000000000000210e+23
9.210000000000000000e+02 5.979000000000000220e+23
9.403999999999999773e+02 5.961000000000000073e+23
9.601000000000000227e+02 5.944000000000000084e+23
9.798999999999999773e+02 5.927000000000000094e+23
1.000000000000000000e+03 5.910000000000000105e+23
-----------------------


Diffusion coefficient *N (1/m/s)
COMMENT: generated by bolsig_convert.py
-----------------------
2.000000000000000000e+00 9.907000000000000371e+24
2.101999999999999869e+00 9.770999999999999381e+24
2.407000000000000028e+00 9.414999999999999759e+24
2.915999999999999925e+00 8.938999999999999516e+24
3.629000000000000004e+00 8.463999999999999832e+24
4.546000000000000263e+00 8.133000000000000250e+24
5.666000000000000369e+00 7.985999999999999543e+24
6.988999999999999879e+00 7.936000000000000537e+24
8.516999999999999460e+00 7.911999999999999983e+24
1.025000000000000000e+01 7.886000000000000457e+24
1.217999999999999972e+01 7.855000000000000279e+24
1.432000000000000028e+01 7.817999999999999962e+24
1.666000000000000014e+01 7.774999999999999507e+24
1.921000000000000085e+01 7.728999999999999520e+24
2.196000000000000085e+01 7.680000000000000000e+24
2.491000000000000014e+01 7.631000000000000480e+24
2.807000000000000028e+01 7.581000000000000401e+24
3.142999999999999972e+01 7.531999999999999807e+24
3.499000000000000199e+01 7.483999999999999774e+24
3.875999999999999801e+01 7.435999999999999740e+24
4.272999999999999687e+01 7.389999999999999753e+24
4.690999999999999659e+01 7.345000000000000325e+24
5.128000000000000114e+01 7.299999999999999824e+24
5.586999999999999744e+01 7.257000000000000442e+24
6.064999999999999858e+01 7.214999999999999474e+24
6.564000000000000057e+01 7.172999999999999578e+24
7.082999999999999829e+01 7.132000000000000243e+24
7.623000000000000398e+01 7.092000000000000394e+24
8.182999999999999829e+01 7.051999999999999472e+24
8.764000000000000057e+01 7.011999999999999623e+24
9.364000000000000057e+01 6.971999999999999774e+24
9.985999999999999943e+01 6.933000000000000484e+24
1.062999999999999972e+02 6.894999999999999608e+24
1.129000000000000057e+02 6.856000000000000319e+24
1.197000000000000028e+02 6.819000000000000002e+24
1.267000000000000028e+02 6.781999999999999685e+24
1.340000000000000000e+02 6.745999999999999929e+24
1.414000000000000057e+02 6.710999999999999658e+24
1.490000000000000000e+02 6.676000000000000461e+24
1.569000000000000057e+02 6.643000000000000237e+24
1.649000000000000057e+02 6.610000000000000013e+24
1.731999999999999886e+02 6.578000000000000348e+24
1.815999999999999943e+02 6.547999999999999656e+24
1.903000000000000114e+02 6.518000000000000038e+24
1.990999999999999943e+02 6.490000000000000466e+24
2.081999999999999886e+02 6.463000000000000380e+24
2.175000000000000000e+02 6.436000000000000294e+24
2.269000000000000057e+02 6.411999999999999740e+24
2.365999999999999943e+02 6.388000000000000260e+24
2.465000000000000000e+02 6.365000000000000266e+24
2.566000000000000227e+02 6.344000000000000319e+24
2.668999999999999773e+02 6.323000000000000371e+24
2.773000000000000114e+02 6.304000000000000470e+24
2.880000000000000000e+02 6.286000000000000055e+24
2.988999999999999773e+02 6.269000000000000199e+24
3.100000000000000000e+02 6.252999999999999830e+24
3.213000000000000114e+02 6.238000000000000021e+24
3.328000000000000114e+02 6.225000000000000258e+24
3.445000000000000000e+02 6.212000000000000495e+24
3.565000000000000000e+02 6.200999999999999704e+24
3.686000000000000227e+02 6.190999999999999474e+24
3.808999999999999773e+02 6.181999999999999803e+24
3.933999999999999773e+02 6.173999999999999618e+24
4.061000000000000227e+02 6.167999999999999480e+24
4.191000000000000227e+02 6.162000000000000415e+24
4.321999999999999886e+02 6.158000000000000323e+24
4.456000000000000227e+02 6.154999999999999717e+24
4.591000000000000227e+02 6.152999999999999671e+24
4.728000000000000114e+02 6.152999999999999671e+24
4.868000000000000114e+02 6.154000000000000231e+24
5.008999999999999773e+02 6.156000000000000277e+24
5.152999999999999545e+02 6.158999999999999809e+24
5.298999999999999773e+02 6.164000000000000461e+24
5.446000000000000227e+02 6.169999999999999526e+24
5.596000000000000227e+02 6.177000000000000224e+24
5.747999999999999545e+02 6.185999999999999895e+24
5.901000000000000227e+02 6.196000000000000126e+24
6.057000000000000455e+02 6.206999999999999843e+24
6.215000000000000000e+02 6.219999999999999606e+24
6.375000000000000000e+02 6.235000000000000489e+24
6.537000000000000455e+02 6.250000000000000298e+24
6.701000000000000227e+02 6.267999999999999639e+24
6.867000000000000455e+02 6.286000000000000055e+24
7.035000000000000000e+02 6.307000000000000002e+24
7.205000000000000000e+02 6.327999999999999950e+24
7.377000000000000455e+02 6.350999999999999943e+24
7.551000000000000227e+02 6.375999999999999983e+24
7.727000000000000455e+02 6.401999999999999509e+24
7.905000000000000000e+02 6.430000000000000155e+24
8.086000000000000227e+02 6.459000000000000287e+24
8.267999999999999545e+02 6.490000000000000466e+24
8.452000000000000455e+02 6.522000000000000130e+24
8.638999999999999773e+02 6.555999999999999841e+24
8.827000000000000455e+02 6.591999999999999597e+24
9.017000000000000455e+02 6.628999999999999914e+24
9.210000000000000000e+02 6.666999999999999717e+24
9.403999999999999773e+02 6.706999999999999566e+24
9.601000000000000227e+02 6.749000000000000535e+24
9.798999999999999773e+02 6.791999999999999916e+24
1.000000000000000000e+03 6.837000000000000417e+24
-----------------------


Townsend ioniz. coef. alpha/N (m2)
COMMENT: generated by bolsig_convert.py
-----------------------
2.000000000000000000e+00 0.000000000000000000e+00
2.101999999999999869e+00 0.000000000000000000e+00
2.407000000000000028e+00 0.000000000000000000e+00
2.915999999999999925e+00 0.000000000000000000e+00
3.629000000000000004e+00 0.000000000000000000e+00
4.546000000000000263e+00 1.194000000000000028e-34
5.666000000000000369e+00 6.335000000000000283e-32
6.988999999999999879e+00 6.238000000000000184e-30
8.516999999999999460e+00 1.931000000000000077e-28
1.025000000000000000e+01 2.675999999999999842e-27
1.217999999999999972e+01 2.086000000000000006e-26
1.432000000000000028e+01 1.072999999999999947e-25
1.666000000000000014e+01 4.051000000000000010e-25
1.921000000000000085e+01 1.212000000000000058e-24
2.196000000000000085e+01 3.031999999999999864e-24
2.491000000000000014e+01 6.590000000000000076e-24
2.807000000000000028e+01 1.280999999999999936e-23
3.142999999999999972e+01 2.277000000000000055e-23
3.499000000000000199e+01 3.761999999999999707e-23
3.875999999999999801e+01 5.847999999999999605e-23
4.272999999999999687e+01 8.643999999999999770e-23
4.690999999999999659e+01 1.223999999999999885e-22
5.128000000000000114e+01 1.673000000000000090e-22
5.586999999999999744e+01 2.215000000000000069e-22
6.064999999999999858e+01 2.856999999999999794e-22
6.564000000000000057e+01 3.600999999999999862e-22
7.082999999999999829e+01 4.448000000000000337e-22
7.623000000000000398e+01 5.400000000000000403e-22
8.182999999999999829e+01 6.454000000000000343e-22
8.764000000000000057e+01 7.611000000000000219e-22
9.364000000000000057e+01 8.869000000000000845e-22
9.985999999999999943e+01 1.021999999999999983e-21
1.062999999999999972e+02 1.168000000000000008e-21
1.129000000000000057e+02 1.321999999999999974e-21
1.197000000000000028e+02 1.484999999999999946e-21
1.267000000000000028e+02 1.657999999999999987e-21
1.340000000000000000e+02 1.839000000000000158e-21
1.414000000000000057e+02 2.028000000000000083e-21
1.490000000000000000e+02 2.225999999999999825e-21
1.569000000000000057e+02 2.431000000000000010e-21
1.649000000000000057e+02 2.643999999999999949e-21
1.731999999999999886e+02 2.865000000000000018e-21
1.815999999999999943e+02 3.093000000000000154e-21
1.903000000000000114e+02 3.329000000000000044e-21
1.990999999999999943e+02 3.571999999999999625e-21
2.081999999999999886e+02 3.821000000000000338e-21
2.175000000000000000e+02 4.078000000000000053e-21
2.269000000000000057e+02 4.341000000000000147e-21
2.365999999999999943e+02 4.610999999999999932e-21
2.465000000000000000e+02 4.888000000000000160e-21
2.566000000000000227e+02 5.171000000000000016e-21
2.668999999999999773e+02 5.460000000000000251e-21
2.773000000000000114e+02 5.756000000000000177e-21
2.880000000000000000e+02 6.057999999999999731e-21
2.988999999999999773e+02 6.365999999999999664e-21
3.100000000000000000e+02 6.679999999999999977e-21
3.213000000000000114e+02 6.998999999999999854e-21
3.328000000000000114e+02 7.324999999999999421e-21
3.445000000000000000e+02 7.656000000000000058e-21
3.565000000000000000e+02 7.992000000000000259e-21
3.686000000000000227e+02 8.333999999999999334e-21
3.808999999999999773e+02 8.682000000000000294e-21
3.933999999999999773e+02 9.034000000000000003e-21
4.061000000000000227e+02 9.392000000000000092e-21
4.191000000000000227e+02 9.754999999999999744e-21
4.321999999999999886e+02 1.011999999999999952e-20
4.456000000000000227e+02 1.049000000000000037e-20
4.591000000000000227e+02 1.087000000000000035e-20
4.728000000000000114e+02 1.125000000000000032e-20
4.868000000000000114e+02 1.163999999999999943e-20
5.008999999999999773e+02 1.203000000000000004e-20
5.152999999999999545e+02 1.242000000000000065e-20
5.298999999999999773e+02 1.282000000000000038e-20
5.446000000000000227e+02 1.322000000000000012e-20
5.596000000000000227e+02 1.363000000000000049e-20
5.747999999999999545e+02 1.402999999999999872e-20
5.901000000000000227e+02 1.445000000000000123e-20
6.057000000000000455e+02 1.485999999999999859e-20
6.215000000000000000e+02 1.528000000000000110e-20
6.375000000000000000e+02 1.570000000000000060e-20
6.537000000000000455e+02 1.612000000000000010e-20
6.701000000000000227e+02 1.654999999999999872e-20
6.867000000000000455e+02 1.697000000000000123e-20
7.035000000000000000e+02 1.739999999999999986e-20
7.205000000000000000e+02 1.784000000000000062e-20
7.377000000000000455e+02 1.826999999999999925e-20
7.551000000000000227e+02 1.870000000000000089e-20
7.727000000000000455e+02 1.913999999999999864e-20
7.905000000000000000e+02 1.957999999999999940e-20
8.086000000000000227e+02 2.001000000000000104e-20
8.267999999999999545e+02 2.044999999999999880e-20
8.452000000000000455e+02 2.088999999999999956e-20
8.638999999999999773e+02 2.133000000000000032e-20
8.827000000000000455e+02 2.177000000000000109e-20
9.017000000000000455e+02 2.220999999999999884e-20
9.210000000000000000e+02 2.264999999999999961e-20
9.403999999999999773e+02 2.309000000000000037e-20
9.601000000000000227e+02 2.353000000000000114e-20
9.798999999999999773e+02 2.395999999999999976e-20
1.000000000000000000e+03 2.440000000000000053e-20
-----------------------


Townsend attach. coef. eta/N (m2)
COMMENT: generated by bolsig_convert.py
COMMENT: Warning: no data was found
-----------------------
2.000000000000000000e+00 0.000000000000000000e+00
2.101999999999999869e+00 0.000000000000000000e+00
2.407000000000000028e+00 0.000000000000000000e+00
2.915999999999999925e+00 0.000000000000000000e+00
3.629000000000000004e+00 0.000000000000000000e+00
4.546000000000000263e+00 0.000000000000000000e+00
5.666000000000000369e+00 0.000000000000000000e+00
6.988999999999999879e+00 0.000000000000000000e+00
8.516999999999999460e+00 0.000000000000000000e+00
1.025000000000000000e+01 0.000000000000000000e+00
1.217999999999999972e+01 0.000000000000000000e+00
1.432000000000000028e+01 0.000000000000000000e+00
1.666000000000000014e+01 0.000000000000000000e+00
1.921000000000000085e+01 0.000000000000000000e+00
2.196000000000000085e+01 0.000000000000000000e+00
2.491000000000000014e+01 0.000000000000000000e+00
2.807000000000000028e+01 0.000000000000000000e+00
3.142999999999999972e+01 0.000000000000000000e+00
3.499000000000000199e+01 0.000000000000000000e+00
3.875999999999999801e+01 0.000000000000000000e+00
4.272999999999999687e+01 0.000000000000000000e+00
4.690999999999999659e+01 0.000000000000000000e+00
5.128000000000000114e+01 0.000000000000000000e+00
5.586999999999999744e+01 0.000000000000000000e+00
6.064999999999999858e+01 0.000000000000000000e+00
6.564000000000000057e+01 0.000000000000000000e+00
7.082999999999999829e+01 0.000000000000000000e+00
7.623000000000000398e+01 0.000000000000000000e+00
8.182999999999999829e+01 0.000000000000000000e+00
8.764000000000000057e+01 0.000000000000000000e+00
9.364000000000000057e+01 0.000000000000000000e+00
9.985999999999999943e+01 0.000000000000000000e+00
1.062999999999999972e+02 0.000000000000000000e+00
1.129000000000000057e+02 0.000000000000000000e+00
1.197000000000000028e+02 0.000000000000000000e+00
1.267000000000000028e+02 0.000000000000000000e+00
1.340000000000000000e+02 0.000000000000000000e+00
1.414000000000000057e+02 0.000000000000000000e+00
1.490000000000000000e+02 0.000000000000000000e+00
1.569000000000000057e+02 0.000000000000000000e+00
1.649000000000000057e+02 0.000000000000000000e+00
1.731999999999999886e+02 0.000000000000000000e+00
1.815999999999999943e+02 0.000000000000000000e+00
1.903000000000000114e+02 0.000000000000000000e+00
1.990999999999999943e+02 0.000000000000000000e+00
2.081999999999999886e+02 0.000000000000000000e+00
2.175000000000000000e+02 0.000000000000000000e+00
2.269000000000000057e+02 0.000000000000000000e+00
2.365999999999999943e+02 0.000000000000000000e+00
2.465000000000000000e+02 0.000000000000000000e+00
2.566000000000000227e+02 0.000000000000000000e+00
2.668999999999999773e+02 0.000000000000000000e+00
2.773000000000000114e+02 0.000000000000000000e+00
2.880000000000000000e+02 0.000000000000000000e+00
2.988999999999999773e+02 0.000000000000000000e+00
3.100000000000000000e+02 0.000000000000000000e+00
3.213000000000000114e+02 0.000000000000000000e+00
3.328000000000000114e+02 0.000000000000000000e+00
3.445000000000000000e+02 0.000000000000000000e+00
3.565000000000000000e+02 0.000000000000000000e+00
3.686000000000000227e+02 0.000000000000000000e+00
3.808999999999999773e+02 0.000000000000000000e+00
3.933999999999999773e+02 0.000000000000000000e+00
4.061000000000000227e+02 0.000000000000000000e+00
4.191000000000000227e+02 0.000000000000000000e+00
4.321999999999999886e+02 0.000000000000000000e+00
4.456000000000000227e+02 0.000000000000000000e+00
4.591000000000000227e+02 0.000000000000000000e+00
4.728000000000000114e+02 0.000000000000000000e+00
4.868000000000000114e+02 0.000000000000000000e+00
5.008999999999999773e+02 0.000000000000000000e+00
5.152999999999999545e+02 0.000000000000000000e+00
5.298999999999999773e+02 0.000000000000000000e+00
5.446000000000000227e+02 0.000000000000000000e+00
5.596000000000000227e+02 0.000000000000000000e+00
5.747999999999999545e+02 0.000000000000000000e+00
5.901000000000000227e+02 0.000000000000000000e+00
6.057000000000000455e+02 0.000000000000000000e+00
6.215000000000000000e+02 0.000000000000000000e+00
6.375000000000000000e+02 0.000000000000000000e+00
6.537000000000000455e+02 0.000000000000000000e+00
6.701000000000000227e+02 0.000000000000000000e+00
6.867000000000000455e+02 0.000000000000000000e+00
7.035000000000000000e+02 0.000000000000000000e+00
7.205000000000000000e+02 0.000000000000000000e+00
7.377000000000000455e+02 0.000000000000000000e+00
7.551000000000000227e+02 0.000000000000000000e+00
7.727000000000000455e+02 0.000000000000000000e+00
7.905000000000000000e+02 0.000000000000000000e+00
8.086000000000000227e+02 0.000000000000000000e+00
8.267999999999999545e+02 0.000000000000000000e+00
8.452000000000000455e+02 0.000000000000000000e+00
8.638999999999999773e+02 0.000000000000000000e+00
8.827000000000000455e+02 0.000000000000000000e+00
9.017000000000000455e+02 0.000000000000000000e+00
9.210000000000000000e+02 0.000000000000000000e+00
9.403999999999999773e+02 0.000000000000000000e+00
9.601000000000000227e+02 0.000000000000000000e+00
9.798999999999999773e+02 0.000000000000000000e+00
1.000000000000000000e+03 0.000000000000000000e+00
-----------------------


C3 Ar Ionization 15.80 eV
COMMENT: generated by bolsig_convert.py
-----------------------
2.000000000000000000e+00 0.000000000000000000e+00
2.101999999999999869e+00 0.000000000000000000e+00
2.407000000000000028e+00 0.000000000000000000e+00
2.915999999999999925e+00 0.000000000000000000e+00
3.629000000000000004e+00 0.000000000000000000e+00
4.546000000000000263e+00 5.692000000000000075e-31
5.666000000000000369e+00 3.694999999999999888e-28
6.988999999999999879e+00 4.537000000000000126e-26
8.516999999999999460e+00 1.727999999999999883e-24
1.025000000000000000e+01 2.887000000000000165e-23
1.217999999999999972e+01 2.662000000000000148e-22
1.432000000000000028e+01 1.593000000000000011e-21
1.666000000000000014e+01 6.904000000000000612e-21
1.921000000000000085e+01 2.343000000000000083e-20
2.196000000000000085e+01 6.586000000000000046e-20
2.491000000000000014e+01 1.594999999999999987e-19
2.807000000000000028e+01 3.431999999999999823e-19
3.142999999999999972e+01 6.711000000000000344e-19
3.499000000000000199e+01 1.213000000000000017e-18
3.875999999999999801e+01 2.054999999999999850e-18
4.272999999999999687e+01 3.296999999999999867e-18
4.690999999999999659e+01 5.050000000000000092e-18
5.128000000000000114e+01 7.438000000000000019e-18
5.586999999999999744e+01 1.058999999999999989e-17
6.064999999999999858e+01 1.465000000000000139e-17
6.564000000000000057e+01 1.975000000000000045e-17
7.082999999999999829e+01 2.604000000000000011e-17
7.623000000000000398e+01 3.367000000000000034e-17
8.182999999999999829e+01 4.279000000000000111e-17
8.764000000000000057e+01 5.353999999999999707e-17
9.364000000000000057e+01 6.609000000000000501e-17
9.985999999999999943e+01 8.056999999999999576e-17
1.062999999999999972e+02 9.714999999999999844e-17
1.129000000000000057e+02 1.160000000000000114e-16
1.197000000000000028e+02 1.371999999999999910e-16
1.267000000000000028e+02 1.610000000000000030e-16
1.340000000000000000e+02 1.874999999999999899e-16
1.414000000000000057e+02 2.169000000000000091e-16
1.490000000000000000e+02 2.492999999999999785e-16
1.569000000000000057e+02 2.849000000000000047e-16
1.649000000000000057e+02 3.238000000000000058e-16
1.731999999999999886e+02 3.663000000000000061e-16
1.815999999999999943e+02 4.124999999999999975e-16
1.903000000000000114e+02 4.625000000000000211e-16
1.990999999999999943e+02 5.165000000000000111e-16
2.081999999999999886e+02 5.747999999999999921e-16
2.175000000000000000e+02 6.373000000000000216e-16
2.269000000000000057e+02 7.045000000000000092e-16
2.365999999999999943e+02 7.763000000000000123e-16
2.465000000000000000e+02 8.529999999999999570e-16
2.566000000000000227e+02 9.347999999999999254e-16
2.668999999999999773e+02 1.022000000000000041e-15
2.773000000000000114e+02 1.113999999999999958e-15
2.880000000000000000e+02 1.211999999999999973e-15
2.988999999999999773e+02 1.316000000000000085e-15
3.100000000000000000e+02 1.426000000000000097e-15
3.213000000000000114e+02 1.540999999999999994e-15
3.328000000000000114e+02 1.664000000000000020e-15
3.445000000000000000e+02 1.791999999999999931e-15
3.565000000000000000e+02 1.926999999999999955e-15
3.686000000000000227e+02 2.068999999999999896e-15
3.808999999999999773e+02 2.218999999999999967e-15
3.933999999999999773e+02 2.375000000000000135e-15
4.061000000000000227e+02 2.537999999999999826e-15
4.191000000000000227e+02 2.709000000000000041e-15
4.321999999999999886e+02 2.887999999999999991e-15
4.456000000000000227e+02 3.075000000000000071e-15
4.591000000000000227e+02 3.269999999999999887e-15
4.728000000000000114e+02 3.472000000000000014e-15
4.868000000000000114e+02 3.683000000000000090e-15
5.008999999999999773e+02 3.902999999999999721e-15
5.152999999999999545e+02 4.131000000000000270e-15
5.298999999999999773e+02 4.367999999999999980e-15
5.446000000000000227e+02 4.613999999999999638e-15
5.596000000000000227e+02 4.869000000000000035e-15
5.747999999999999545e+02 5.133000000000000380e-15
5.901000000000000227e+02 5.406999999999999705e-15
6.057000000000000455e+02 5.688999999999999949e-15
6.215000000000000000e+02 5.981999999999999779e-15
6.375000000000000000e+02 6.284000000000000348e-15
6.537000000000000455e+02 6.595000000000000077e-15
6.701000000000000227e+02 6.917000000000000181e-15
6.867000000000000455e+02 7.247999999999999446e-15
7.035000000000000000e+02 7.588999999999999268e-15
7.205000000000000000e+02 7.940000000000000436e-15
7.377000000000000455e+02 8.301999999999999612e-15
7.551000000000000227e+02 8.673000000000000316e-15
7.727000000000000455e+02 9.054000000000000788e-15
7.905000000000000000e+02 9.445999999999999269e-15
8.086000000000000227e+02 9.848000000000000674e-15
8.267999999999999545e+02 1.026000000000000027e-14
8.452000000000000455e+02 1.067999999999999999e-14
8.638999999999999773e+02 1.110999999999999949e-14
8.827000000000000455e+02 1.156000000000000009e-14
9.017000000000000455e+02 1.201000000000000070e-14
9.210000000000000000e+02 1.246999999999999950e-14
9.403999999999999773e+02 1.293999999999999964e-14
9.601000000000000227e+02 1.342999999999999932e-14
9.798999999999999773e+02 1.392000000000000058e-14
1.000000000000000000e+03 1.442000000000000002e-14
-----------------------
