field_vs_length
---------------
1.600000000000000033e-01 2.000000000000000000e+06
1.598498122653316811e-01 2.000000000000000000e+06
1.596996245306633311e-01 2.000000000000000000e+06
1.595494367959950088e-01 2.000000000000000000e+06
1.593992490613266588e-01 2.000000000000000000e+06
1.592490613266583366e-01 2.000000000000000000e+06
1.590988735919899866e-01 2.000000000000000000e+06
1.589486858573216643e-01 2.000000000000000000e+06
1.587984981226533143e-01 2.000000000000000000e+06
1.586483103879849921e-01 2.000000000000000000e+06
1.584981226533166421e-01 2.000000000000000000e+06
1.583479349186483198e-01 2.000000000000000000e+06
1.581977471839799698e-01 2.000000000000000000e+06
1.580475594493116476e-01 2.000000000000000000e+06
1.578973717146432976e-01 2.000000000000000000e+06
1.577471839799749753e-01 2.000000000000000000e+06
1.575969962453066253e-01 2.000000000000000000e+06
1.574468085106383031e-01 2.000000000000000000e+06
1.572966207759699531e-01 2.000000000000000000e+06
1.571464330413016308e-01 2.000000000000000000e+06
1.569962453066333086e-01 2.000000000000000000e+06
1.568460575719649586e-01 2.000000000000000000e+06
1.566958698372966363e-01 2.000000000000000000e+06
1.565456821026282863e-01 2.000000000000000000e+06
1.563954943679599641e-01 2.000000000000000000e+06
1.562453066332916141e-01 2.000000000000000000e+06
1.560951188986232918e-01 2.000000000000000000e+06
1.559449311639549418e-01 2.000000000000000000e+06
1.557947434292866196e-01 2.000000000000000000e+06
1.556445556946182696e-01 2.000000000000000000e+06
1.554943679599499473e-01 2.000000000000000000e+06
1.553441802252815973e-01 2.000000000000000000e+06
1.551939924906132751e-01 2.000000000000000000e+06
1.550438047559449251e-01 2.000000000000000000e+06
1.548936170212766028e-01 2.000000000000000000e+06
1.547434292866082528e-01 2.000000000000000000e+06
1.545932415519399306e-01 2.000000000000000000e+06
1.544430538172715806e-01 2.000000000000000000e+06
1.542928660826032583e-01 2.000000000000000000e+06
1.541426783479349361e-01 2.000000000000000000e+06
1.539924906132665861e-01 2.000000000000000000e+06
1.538423028785982638e-01 2.000000000000000000e+06
1.536921151439299138e-01 2.000000000000000000e+06
1.535419274092615916e-01 2.000000000000000000e+06
1.533917396745932415e-01 2.000000000000000000e+06
1.532415519399249193e-01 2.000000000000000000e+06
1.530913642052565693e-01 2.000000000000000000e+06
1.529411764705882470e-01 2.000000000000000000e+06
1.527909887359198970e-01 2.000000000000000000e+06
1.526408010012515748e-01 2.000000000000000000e+06
1.524906132665832248e-01 2.000000000000000000e+06
1.523404255319149025e-01 2.000000000000000000e+06
1.521902377972465525e-01 2.000000000000000000e+06
1.520400500625782303e-01 2.000000000000000000e+06
1.518898623279098803e-01 2.000000000000000000e+06
1.517396745932415580e-01 2.000000000000000000e+06
1.515894868585732080e-01 2.000000000000000000e+06
1.514392991239048858e-01 2.000000000000000000e+06
1.512891113892365635e-01 2.000000000000000000e+06
1.511389236545682135e-01 2.000000000000000000e+06
1.509887359198998635e-01 2.000000000000000000e+06
1.508385481852315413e-01 2.000000000000000000e+06
1.506883604505632190e-01 2.000000000000000000e+06
1.505381727158948690e-01 2.000000000000000000e+06
1.503879849812265468e-01 2.000000000000000000e+06
1.502377972465581968e-01 2.000000000000000000e+06
1.500876095118898745e-01 2.000000000000000000e+06
1.499374217772215245e-01 2.000000000000000000e+06
1.497872340425532023e-01 2.000000000000000000e+06
1.496370463078848523e-01 2.000000000000000000e+06
1.494868585732165300e-01 2.000000000000000000e+06
1.493366708385481800e-01 2.000000000000000000e+06
1.491864831038798578e-01 2.000000000000000000e+06
1.490362953692115078e-01 2.000000000000000000e+06
1.488861076345431855e-01 2.000000000000000000e+06
1.487359198998748355e-01 2.000000000000000000e+06
1.485857321652065133e-01 2.000000000000000000e+06
1.484355444305381633e-01 2.000000000000000000e+06
1.482853566958698410e-01 2.000000000000000000e+06
1.481351689612014910e-01 2.000000000000000000e+06
1.479849812265331688e-01 2.000000000000000000e+06
1.478347934918648465e-01 2.000000000000000000e+06
1.476846057571964965e-01 2.000000000000000000e+06
1.475344180225281743e-01 2.000000000000000000e+06
1.473842302878598243e-01 2.000000000000000000e+06
1.472340425531915020e-01 2.000000000000000000e+06
1.470838548185231520e-01 2.000000000000000000e+06
1.469336670838548298e-01 2.000000000000000000e+06
1.467834793491864798e-01 1.991753306170771830e+06
1.466332916145181575e-01 1.918020075734314043e+06
1.464831038798498075e-01 1.846468678169166204e+06
1.463329161451814853e-01 1.777034551070421934e+06
1.461827284105131353e-01 1.709655042493040673e+06
1.460325406758448130e-01 1.644269354419611394e+06
1.458823529411764630e-01 1.580818487900957698e+06
1.457321652065081408e-01 1.519245189820090076e+06
1.455819774718397908e-01 1.459493901231447700e+06
1.454317897371714685e-01 1.401510707228842890e+06
1.452816020025031185e-01 1.345243288296848070e+06
1.451314142678347963e-01 1.290640873101740610e+06
1.449812265331664740e-01 1.237654192679413129e+06
1.448310387984981240e-01 1.186235435978894355e+06
1.446808510638298018e-01 1.136338206721388036e+06
1.445306633291614518e-01 1.087917481535883853e+06
1.443804755944931295e-01 1.040929569333574967e+06
1.442302878598247795e-01 9.953320718844288494e+05
1.440801001251564573e-01 9.510838455603250768e+05
1.439299123904881073e-01 9.081449642102513462e+05
1.437797246558197850e-01 8.664766831340601202e+05
1.436295369211514350e-01 8.260414041222685482e+05
1.434793491864831128e-01 7.868026415303626563e+05
1.433291614518147628e-01 7.487249893569995183e+05
1.431789737171464405e-01 7.117740892963849474e+05
1.430287859824780905e-01 6.759165997360215988e+05
1.428785982478097683e-01 6.411201656718342565e+05
1.427284105131414182e-01 6.073533895135354251e+05
1.425782227784730960e-01 5.745858027538866736e+05
1.424280350438047460e-01 5.427878384762915084e+05
1.422778473091364237e-01 5.119308046759163262e+05
1.421276595744681015e-01 4.819868583702599863e+05
1.419774718397997515e-01 4.529289804758159444e+05
1.418272841051314292e-01 4.247309514281582087e+05
1.416770963704630792e-01 3.973673275234474568e+05
1.415269086357947570e-01 3.708134179600181524e+05
1.413767209011264070e-01 3.450452625593225239e+05
1.412265331664580847e-01 3.200396101461325306e+05
1.410763454317897347e-01 2.957738975684917532e+05
1.409261576971214125e-01 2.722262293384834193e+05
1.407759699624530625e-01 2.493753578754522605e+05
1.406257822277847402e-01 2.272006643338409485e+05
1.404755944931163902e-01 2.056821399983514566e+05
1.403254067584480680e-01 1.848003682296400657e+05
1.401752190237797180e-01 1.645365069442539243e+05
1.400250312891113957e-01 1.448722716130050831e+05
1.398748435544430457e-01 1.257899187624356709e+05
1.397246558197747235e-01 1.072722299644899322e+05
1.395744680851063735e-01 8.930249629994737916e+04
1.394242803504380512e-01 7.186450328159448691e+04
1.392740926157697290e-01 5.494251622353761923e+04
1.391239048811013790e-01 3.852126604344719090e+04
1.389737171464330290e-01 2.258593548492790433e+04
1.388235294117647067e-01 7.122145747582137119e+03
1.386733416770963845e-01 -7.884056487301073503e+03
1.385231539424280345e-01 -2.244621164713031612e+04
1.383729662077597122e-01 -3.657745948584092548e+04
1.382227784730913622e-01 -5.029055094018299133e+04
1.380725907384230400e-01 -6.359785963517415803e+04
1.379224030037546900e-01 -7.651139304909459315e+04
1.377722152690863677e-01 -8.904280334809859050e+04
1.376220275344180177e-01 -1.012033979002216947e+05
1.374718397997496955e-01 -1.130041494782690424e+05
1.373216520650813455e-01 -1.244557061607889482e+05
1.371714643304130232e-01 -1.355684009400712675e+05
1.370212765957446732e-01 -1.463522610458320123e+05
1.368710888610763510e-01 -1.568170169930055854e+05
1.367209011264080010e-01 -1.669721113618023228e+05
1.365707133917396787e-01 -1.768267073179574218e+05
1.364205256570713565e-01 -1.863896968808579259e+05
1.362703379224030065e-01 -1.956697089470067876e+05
1.361201501877346565e-01 -2.046751170760675450e+05
1.359699624530663342e-01 -2.134140470465121907e+05
1.358197747183980120e-01 -2.218943841876892839e+05
1.356695869837296620e-01 -2.301237804949322017e+05
1.355193992490613397e-01 -2.381096615341218712e+05
1.353692115143929897e-01 -2.458592331419394177e+05
1.352190237797246675e-01 -2.533794879278514709e+05
1.350688360450563175e-01 -2.606772115836967132e+05
1.349186483103879952e-01 -2.677589890065637883e+05
1.347684605757196452e-01 -2.746312102404909674e+05
1.346182728410513230e-01 -2.813000762423425331e+05
1.344680851063829730e-01 -2.877716044770696317e+05
1.343178973717146507e-01 -2.940516343474020250e+05
1.341677096370463007e-01 -3.001458324628691189e+05
1.340175219023779785e-01 -3.060596977529074647e+05
1.338673341677096285e-01 -3.117985664286660030e+05
1.337171464330413062e-01 -3.173676167979866732e+05
1.335669586983729840e-01 -3.227718739379070466e+05
1.334167709637046340e-01 -3.280162142288966570e+05
1.332665832290362840e-01 -3.331053697549236240e+05
1.331163954943679617e-01 -3.380439325733185979e+05
1.329662077596996395e-01 -3.428363588582885568e+05
1.328160200250312895e-01 -3.474869729218223365e+05
1.326658322903629672e-01 -3.519999711156115518e+05
1.325156445556946172e-01 -3.563794256175120827e+05
1.323654568210262950e-01 -3.606292881059595966e+05
1.322152690863579449e-01 -3.647533933256566525e+05
1.320650813516896227e-01 -3.687554625477470690e+05
1.319148936170212727e-01 -3.726391069276013295e+05
1.317647058823529505e-01 -3.764078307632412179e+05
1.316145181476846004e-01 -3.800650346573457355e+05
1.314643304130162782e-01 -3.836140185856898315e+05
1.313141426783479282e-01 -3.870579848747853539e+05
1.311639549436796059e-01 -3.904000410914109671e+05
1.310137672090112559e-01 -3.936432028466379270e+05
1.308635794743429337e-01 -3.967903965168828145e+05
1.307133917396746114e-01 -3.998444618844414363e+05
1.305632040050062614e-01 -4.028081546998873819e+05
1.304130162703379114e-01 -4.056841491686457884e+05
1.302628285356695892e-01 -4.084750403639887809e+05
1.301126408010012669e-01 -4.111833465686267591e+05
1.299624530663329169e-01 -4.138115115470106248e+05
1.298122653316645947e-01 -4.163619067503947299e+05
1.296620775969962447e-01 -4.188368334566488047e+05
1.295118898623279224e-01 -4.212385248467528145e+05
1.293617021276595724e-01 -4.235691480198446079e+05
1.292115143929912502e-01 -4.258308059486416751e+05
1.290613266583229002e-01 -4.280255393769999500e+05
1.289111389236545779e-01 -4.301553286613215460e+05
1.287609511889862279e-01 -4.322220955574744730e+05
1.286107634543179057e-01 -4.342277049548352370e+05
1.284605757196495557e-01 -4.361739665590196964e+05
1.283103879849812334e-01 -4.380626365248202346e+05
1.281602002503128834e-01 -4.398954190408229479e+05
1.280100125156445612e-01 -4.416739678671352449e+05
1.278598247809762389e-01 -4.433998878276090254e+05
1.277096370463078889e-01 -4.450747362579095643e+05
1.275594493116395389e-01 -4.467000244107333128e+05
1.274092615769712167e-01 -4.482772188194448245e+05
1.272590738423028944e-01 -4.498077426213620929e+05
1.271088861076345444e-01 -4.512929768418846652e+05
1.269586983729661944e-01 -4.527342616406235029e+05
1.268085106382978722e-01 -4.541328975206564646e+05
1.266583229036295499e-01 -4.554901465020009200e+05
1.265081351689611999e-01 -4.568072332603624091e+05
1.263579474342928777e-01 -4.580853462321862462e+05
1.262077596996245277e-01 -4.593256386870102724e+05
1.260575719649562054e-01 -4.605292297680853517e+05
1.259073842302878554e-01 -4.616972055022027344e+05
1.257571964956195332e-01 -4.628306197796403430e+05
1.256070087609511832e-01 -4.639304953051111661e+05
1.254568210262828609e-01 -4.649978245205719722e+05
1.253066332916145109e-01 -4.660335705007259967e+05
1.251564455569461887e-01 -4.670386678220263566e+05
1.250062578222778664e-01 -4.680140234059650102e+05
1.248560700876095164e-01 -4.689605173374078004e+05
1.247058823529411803e-01 -4.698790036587147624e+05
1.245556946182728442e-01 -4.707703111403613584e+05
1.244055068836045080e-01 -4.716352440287562204e+05
1.242553191489361719e-01 -4.724745827719304361e+05
1.241051314142678358e-01 -4.732890847237532143e+05
1.239549436795994997e-01 -4.740794848273087409e+05
1.238047559449311635e-01 -4.748464962780517526e+05
1.236545682102628274e-01 -4.755908111673393869e+05
1.235043804755945052e-01 -4.763131011069206870e+05
1.233541927409261552e-01 -4.770140178349463968e+05
1.232040050062578329e-01 -4.776941938040469540e+05
1.230538172715894829e-01 -4.783542427520082565e+05
1.229036295369211607e-01 -4.789947602555610356e+05
1.227534418022528107e-01 -4.796163242677825037e+05
1.226032540675844884e-01 -4.802194956395967747e+05
1.224530663329161384e-01 -4.808048186258422211e+05
1.223028785982478162e-01 -4.813728213763654931e+05
1.221526908635794800e-01 -4.819240164125820156e+05
1.220025031289111439e-01 -4.824589010899359128e+05
1.218523153942428078e-01 -4.829779580466745538e+05
1.217021276595744717e-01 -4.834816556393437204e+05
1.215519399249061355e-01 -4.839704483653960051e+05
1.214017521902377994e-01 -4.844447772732940502e+05
1.212515644555694633e-01 -4.849050703604781884e+05
1.211013767209011271e-01 -4.853517429595580325e+05
1.209511889862327910e-01 -4.857851981130760396e+05
1.208010012515644549e-01 -4.862058269371821661e+05
1.206508135168961326e-01 -4.866140089745461009e+05
1.205006257822277826e-01 -4.870101125368272769e+05
1.203504380475594604e-01 -4.873944950370105216e+05
1.202002503128911104e-01 -4.877675033119076397e+05
1.200500625782227881e-01 -4.881294739351160824e+05
1.198998748435544381e-01 -4.884807335207165452e+05
1.197496871088861159e-01 -4.888215990179841174e+05
1.195994993742177659e-01 -4.891523779973785859e+05
1.194493116395494436e-01 -4.894733689280723338e+05
1.192991239048811075e-01 -4.897848614472650806e+05
1.191489361702127714e-01 -4.900871366215304588e+05
1.189987484355444353e-01 -4.903804672004283639e+05
1.188485607008760991e-01 -4.906651178626128240e+05
1.186983729662077630e-01 -4.909413454546576249e+05
1.185481852315394269e-01 -4.912093992228143034e+05
1.183979974968710908e-01 -4.914695210379129276e+05
1.182478097622027546e-01 -4.917219456136071822e+05
1.180976220275344185e-01 -4.919669007181618363e+05
1.179474342928660824e-01 -4.922046073799729347e+05
1.177972465581977601e-01 -4.924352800870068604e+05
1.176470588235294101e-01 -4.926591269803371979e+05
1.174968710888610879e-01 -4.928763500419553602e+05
1.173466833541927379e-01 -4.930871452770231408e+05
1.171964956195244156e-01 -4.932917028907326167e+05
1.170463078848560656e-01 -4.934902074599325424e+05
1.168961201501877434e-01 -4.936828380996758933e+05
1.167459324155193934e-01 -4.938697686248396640e+05
1.165957446808510711e-01 -4.940511677069615107e+05
1.164455569461827211e-01 -4.942271990264360793e+05
1.162953692115143989e-01 -4.943980214202073985e+05
1.161451814768460628e-01 -4.945637890250906930e+05
1.159949937421777266e-01 -4.947246514168537688e+05
1.158448060075093905e-01 -4.948807537451823591e+05
1.156946182728410544e-01 -4.950322368646519608e+05
1.155444305381727182e-01 -4.951792374618239119e+05
1.153942428035043821e-01 -4.953218881785809062e+05
1.152440550688360460e-01 -4.954603177318123635e+05
1.150938673341677099e-01 -4.955946510295587941e+05
1.149436795994993737e-01 -4.957250092837191187e+05
1.147934918648310376e-01 -4.958515101194224553e+05
1.146433041301627154e-01 -4.959742676811644342e+05
1.144931163954943654e-01 -4.960933927358016954e+05
1.143429286608260431e-01 -4.962089927724997397e+05
1.141927409261576931e-01 -4.963211720997226075e+05
1.140425531914893709e-01 -4.964300319393525715e+05
1.138923654568210209e-01 -4.965356705180251156e+05
1.137421777221526986e-01 -4.966381831557608675e+05
1.135919899874843486e-01 -4.967376623519748682e+05
1.134418022528160264e-01 -4.968341978689410025e+05
1.132916145181476902e-01 -4.969278768127865042e+05
1.131414267834793541e-01 -4.970187837120895274e+05
1.129912390488110180e-01 -4.971070005941512645e+05
1.128410513141426819e-01 -4.971926070590110612e+05
1.126908635794743457e-01 -4.972756803512711776e+05
1.125406758448060096e-01 -4.973562954297963297e+05
1.123904881101376735e-01 -4.974345250353507581e+05
1.122403003754693374e-01 -4.975104397562338854e+05
1.120901126408010012e-01 -4.975841080919734086e+05
1.119399249061326651e-01 -4.976555965151342680e+05
1.117897371714643429e-01 -4.977249695312982658e+05
1.116395494367959929e-01 -4.977922897372686421e+05
1.114893617021276706e-01 -4.978576178775527515e+05
1.113391739674593206e-01 -4.979210128991731326e+05
1.111889862327909984e-01 -4.979825320048566791e+05
1.110387984981226484e-01 -4.980422307046499918e+05
1.108886107634543261e-01 -4.981001628660071874e+05
1.107384230287859761e-01 -4.981563807623958564e+05
1.105882352941176539e-01 -4.982109351204644190e+05
1.104380475594493177e-01 -4.982638751658139518e+05
1.102878598247809816e-01 -4.983152486674156389e+05
1.101376720901126455e-01 -4.983651019807134871e+05
1.099874843554443093e-01 -4.984134800894522923e+05
1.098372966207759732e-01 -4.984604266462670057e+05
1.096871088861076371e-01 -4.985059840120718582e+05
1.095369211514393010e-01 -4.985501932942832354e+05
1.093867334167709648e-01 -4.985930943839120446e+05
1.092365456821026287e-01 -4.986347259915581672e+05
1.090863579474342926e-01 -4.986751256823397707e+05
1.089361702127659703e-01 -4.987143299097893760e+05
1.087859824780976203e-01 -4.987523740487464820e+05
1.086357947434292981e-01 -4.987892924272771343e+05
1.084856070087609481e-01 -4.988251183576490148e+05
1.083354192740926258e-01 -4.988598841663895873e+05
1.081852315394242758e-01 -4.988936212234552368e+05
1.080350438047559536e-01 -4.989263599705370725e+05
1.078848560700876036e-01 -4.989581299485288910e+05
1.077346683354192813e-01 -4.989889598241830245e+05
1.075844806007509313e-01 -4.990188774159764871e+05
1.074342928660826091e-01 -4.990479097192125628e+05
1.072841051314142730e-01 -4.990760829303790815e+05
1.071339173967459368e-01 -4.991034224707861431e+05
1.069837296620776007e-01 -4.991299530095044174e+05
1.068335419274092646e-01 -4.991556984856243362e+05
1.066833541927409285e-01 -4.991806821298571303e+05
1.065331664580725923e-01 -4.992049264854963403e+05
1.063829787234042562e-01 -4.992284534287590068e+05
1.062327909887359201e-01 -4.992512841885251692e+05
1.060826032540675840e-01 -4.992734393654931919e+05
1.059324155193992478e-01 -4.992949389507681481e+05
1.057822277847309256e-01 -4.993158023439001990e+05
1.056320400500625756e-01 -4.993360483703894424e+05
1.054818523153942533e-01 -4.993556952986721881e+05
1.053316645807259033e-01 -4.993747608566054842e+05
1.051814768460575811e-01 -4.993932622474629316e+05
1.050312891113892311e-01 -4.994112161654577940e+05
1.048811013767209088e-01 -4.994286388108063838e+05
1.047309136420525588e-01 -4.994455459043460432e+05
1.045807259073842366e-01 -4.994619527017204091e+05
1.044305381727159004e-01 -4.994778740071448265e+05
1.042803504380475643e-01 -4.994933241867644247e+05
1.041301627033792282e-01 -4.995083171816171962e+05
1.039799749687108921e-01 -4.995228665202133125e+05
1.038297872340425559e-01 -4.995369853307420271e+05
1.036795994993742198e-01 -4.995506863529175753e+05
1.035294117647058837e-01 -4.995639819494746043e+05
1.033792240300375476e-01 -4.995768841173233814e+05
1.032290362953692114e-01 -4.995894044983744971e+05
1.030788485607008753e-01 -4.996015543900441844e+05
1.029286608260325531e-01 -4.996133447554477607e+05
1.027784730913642031e-01 -4.996247862332920777e+05
1.026282853566958808e-01 -4.996358891474750708e+05
1.024780976220275308e-01 -4.996466635164011968e+05
1.023279098873592086e-01 -4.996571190620213165e+05
1.021777221526908586e-01 -4.996672652186049963e+05
1.020275344180225363e-01 -4.996771111412531463e+05
1.018773466833541863e-01 -4.996866657141590258e+05
1.017271589486858641e-01 -4.996959375586246606e+05
1.015769712140175279e-01 -4.997049350408398896e+05
1.014267834793491918e-01 -4.997136662794314325e+05
1.012765957446808557e-01 -4.997221391527886153e+05
1.011264080100125196e-01 -4.997303613061719225e+05
1.009762202753441834e-01 -4.997383401586118271e+05
1.008260325406758473e-01 -4.997460829096029629e+05
1.006758448060075112e-01 -4.997535965456003905e+05
1.005256570713391751e-01 -4.997608878463237197e+05
1.003754693366708389e-01 -4.997679633908744436e+05
1.002252816020025028e-01 -4.997748295636724797e+05
1.000750938673341806e-01 -4.997814925602171570e+05
9.992490613266583055e-02 -4.997879583926773048e+05
9.977471839799750830e-02 -4.997942328953160904e+05
9.962453066332915830e-02 -4.998003217297557858e+05
9.947434292866083605e-02 -4.998062303900861298e+05
9.932415519399248605e-02 -4.998119642078215838e+05
9.917396745932416380e-02 -4.998175283567125443e+05
9.902377972465581379e-02 -4.998229278574131895e+05
9.887359198998749155e-02 -4.998281675820123055e+05
9.872340425531914154e-02 -4.998332522584289545e+05
9.857321652065081929e-02 -4.998381864746788051e+05
9.842302878598248317e-02 -4.998429746830141521e+05
9.827284105131414704e-02 -4.998476212039410020e+05
9.812265331664581092e-02 -4.998521302301177639e+05
9.797246558197747479e-02 -4.998565058301381650e+05
9.782227784730913867e-02 -4.998607519522026996e+05
9.767209011264080254e-02 -4.998648724276809953e+05
9.752190237797246641e-02 -4.998688709745689994e+05
9.737171464330413029e-02 -4.998727512008438352e+05
9.722152690863579416e-02 -4.998765166077192989e+05
9.707133917396745804e-02 -4.998801705928050214e+05
9.692115143929912191e-02 -4.998837164531724411e+05
9.677096370463078578e-02 -4.998871573883296223e+05
9.662077596996244966e-02 -4.998904965031082975e+05
9.647058823529411353e-02 -4.998937368104652851e+05
9.632040050062579128e-02 -4.998968812342016026e+05
9.617021276595745516e-02 -4.998999326116000302e+05
9.602002503128911903e-02 -4.999028936959857820e+05
9.586983729662078291e-02 -4.999057671592106344e+05
9.571964956195244678e-02 -4.999085555940638878e+05
9.556946182728411066e-02 -4.999112615166117903e+05
9.541927409261577453e-02 -4.999138873684680439e+05
9.526908635794743840e-02 -4.999164355189966154e+05
9.511889862327910228e-02 -4.999189082674500532e+05
9.496871088861076615e-02 -4.999213078450437752e+05
9.481852315394243003e-02 -4.999236364169696462e+05
9.466833541927409390e-02 -4.999258960843494860e+05
9.451814768460575777e-02 -4.999280888861310086e+05
9.436795994993742165e-02 -4.999302168009276502e+05
9.421777221526908552e-02 -4.999322817488039145e+05
9.406758448060074940e-02 -4.999342855930078658e+05
9.391739674593241327e-02 -4.999362301416522823e+05
9.376720901126407715e-02 -4.999381171493463335e+05
9.361702127659574102e-02 -4.999399483187787118e+05
9.346683354192740489e-02 -4.999417253022540244e+05
9.331664580725908265e-02 -4.999434497031836654e+05
9.316645807259074652e-02 -4.999451230775325675e+05
9.301627033792241039e-02 -4.999467469352234039e+05
9.286608260325407427e-02 -4.999483227414988214e+05
9.271589486858573814e-02 -4.999498519182435703e+05
9.256570713391740202e-02 -4.999513358452675166e+05
9.241551939924906589e-02 -4.999527758615508210e+05
9.226533166458072976e-02 -4.999541732664519805e+05
9.211514392991239364e-02 -4.999555293208801886e+05
9.196495619524405751e-02 -4.999568452484332956e+05
9.181476846057572139e-02 -4.999581222365018330e+05
9.166458072590738526e-02 -4.999593614373402670e+05
9.151439299123904914e-02 -4.999605639691068791e+05
9.136420525657071301e-02 -4.999617309168725624e+05
9.121401752190237688e-02 -4.999628633336001076e+05
9.106382978723404076e-02 -4.999639622410940938e+05
9.091364205256570463e-02 -4.999650286309230141e+05
9.076345431789736851e-02 -4.999660634653138695e+05
9.061326658322903238e-02 -4.999670676780206850e+05
9.046307884856071013e-02 -4.999680421751666581e+05
9.031289111389237401e-02 -4.999689878360620933e+05
9.016270337922403788e-02 -4.999699055139976554e+05
9.001251564455570175e-02 -4.999707960370143992e+05
8.986232790988736563e-02 -4.999716602086509811e+05
8.971214017521902950e-02 -4.999724988086684025e+05
8.956195244055069338e-02 -4.999733125937540899e+05
8.941176470588235725e-02 -4.999741022982042050e+05
8.926157697121402113e-02 -4.999748686345865135e+05
8.911138923654568500e-02 -4.999756122943832888e+05
8.896120150187734887e-02 -4.999763339486151235e+05
8.881101376720901275e-02 -4.999770342484465218e+05
8.866082603254067662e-02 -4.999777138257735642e+05
8.851063829787234050e-02 -4.999783732937938184e+05
8.836045056320400437e-02 -4.999790132475598366e+05
8.821026282853566824e-02 -4.999796342645160621e+05
8.806007509386733212e-02 -4.999802369050197303e+05
8.790988735919899599e-02 -4.999808217128466931e+05
8.775969962453065987e-02 -4.999813892156819347e+05
8.760951188986232374e-02 -4.999819399255958851e+05
8.745932415519400149e-02 -4.999824743395061232e+05
8.730913642052566537e-02 -4.999829929396261577e+05
8.715894868585732924e-02 -4.999834961939003551e+05
8.700876095118899312e-02 -4.999839845564261777e+05
8.685857321652065699e-02 -4.999844584678637912e+05
8.670838548185232086e-02 -4.999849183558340301e+05
8.655819774718398474e-02 -4.999853646353039658e+05
8.640801001251564861e-02 -4.999857977089613560e+05
8.625782227784731249e-02 -4.999862179675781517e+05
8.610763454317897636e-02 -4.999866257903630030e+05
8.595744680851064023e-02 -4.999870215453033452e+05
8.580725907384230411e-02 -4.999874055894976482e+05
8.565707133917396798e-02 -4.999877782694774796e+05
8.550688360450563186e-02 -4.999881399215200800e+05
8.535669586983729573e-02 -4.999884908719522064e+05
8.520650813516895961e-02 -4.999888314374441397e+05
8.505632040050062348e-02 -4.999891619252956589e+05
8.490613266583228735e-02 -4.999894826337131672e+05
8.475594493116395123e-02 -4.999897938520789612e+05
8.460575719649561510e-02 -4.999900958612123504e+05
8.445556946182729285e-02 -4.999903889336227439e+05
8.430538172715895673e-02 -4.999906733337558107e+05
8.415519399249062060e-02 -4.999909493182321894e+05
8.400500625782228448e-02 -4.999912171360786306e+05
8.385481852315394835e-02 -4.999914770289532025e+05
8.370463078848561223e-02 -4.999917292313628714e+05
8.355444305381727610e-02 -4.999919739708755515e+05
8.340425531914893997e-02 -4.999922114683249965e+05
8.325406758448060385e-02 -4.999924419380105101e+05
8.310387984981226772e-02 -4.999926655878898455e+05
8.295369211514393160e-02 -4.999928826197673334e+05
8.280350438047559547e-02 -4.999930932294755476e+05
8.265331664580725934e-02 -4.999932976070523146e+05
8.250312891113892322e-02 -4.999934959369120770e+05
8.235294117647058709e-02 -4.999936883980121347e+05
8.220275344180225097e-02 -4.999938751640144619e+05
8.205256570713391484e-02 -4.999940564034421695e+05
8.190237797246557871e-02 -4.999942322798314854e+05
8.175219023779724259e-02 -4.999944029518796597e+05
8.160200250312892034e-02 -4.999945685735878069e+05
8.145181476846058422e-02 -4.999947292944000219e+05
8.130162703379224809e-02 -4.999948852593383053e+05
8.115143929912391196e-02 -4.999950366091331816e+05
8.100125156445557584e-02 -4.999951834803509992e+05
8.085106382978723971e-02 -4.999953260055168066e+05
8.070087609511890359e-02 -4.999954643132343190e+05
8.055068836045056746e-02 -4.999955985283015179e+05
8.040050062578223133e-02 -4.999957287718236912e+05
8.025031289111389521e-02 -4.999958551613224554e+05
8.010012515644555908e-02 -4.999959778108418104e+05
7.994993742177722296e-02 -4.999960968310511089e+05
7.979974968710888683e-02 -4.999962123293449404e+05
7.964956195244055071e-02 -4.999963244099399890e+05
7.949937421777221458e-02 -4.999964331739689806e+05
7.934918648310387845e-02 -4.999965387195721851e+05
7.919899874843554233e-02 -4.999966411419856595e+05
7.904881101376720620e-02 -4.999967405336273951e+05
7.889862327909887008e-02 -4.999968369841807289e+05
7.874843554443053395e-02 -4.999969305806750781e+05
7.859824780976221170e-02 -4.999970214075646945e+05
7.844806007509387558e-02 -4.999971095468045678e+05
7.829787234042553945e-02 -4.999971950779247563e+05
7.814768460575720332e-02 -4.999972780781018664e+05
7.799749687108886720e-02 -4.999973586222287850e+05
7.784730913642053107e-02 -4.999974367829822586e+05
7.769712140175219495e-02 -4.999975126308884355e+05
7.754693366708385882e-02 -4.999975862343866029e+05
7.739674593241552270e-02 -4.999976576598908287e+05
7.724655819774718657e-02 -4.999977269718497992e+05
7.709637046307885044e-02 -4.999977942328053759e+05
7.694618272841051432e-02 -4.999978595034485334e+05
7.679599499374217819e-02 -4.999979228426743648e+05
7.664580725907384207e-02 -4.999979843076354009e+05
7.649561952440550594e-02 -4.999980439537926577e+05
7.634543178973716981e-02 -4.999981018349662772e+05
7.619524405506883369e-02 -4.999981580033837236e+05
7.604505632040049756e-02 -4.999982125097269309e+05
7.589486858573216144e-02 -4.999982654031782877e+05
7.574468085106382531e-02 -4.999983167314645834e+05
7.559449311639550306e-02 -4.999983665409006062e+05
7.544430538172716694e-02 -4.999984148764304118e+05
7.529411764705883081e-02 -4.999984617816682439e+05
7.514392991239049469e-02 -4.999985072989377077e+05
7.499374217772215856e-02 -4.999985514693100704e+05
7.484355444305382243e-02 -4.999985943326412234e+05
7.469336670838548631e-02 -4.999986359276077710e+05
7.454317897371715018e-02 -4.999986762917416054e+05
7.439299123904881406e-02 -4.999987154614643077e+05
7.424280350438047793e-02 -4.999987534721195698e+05
7.409261576971214180e-02 -4.999987903580052080e+05
7.394242803504380568e-02 -4.999988261524041300e+05
7.379224030037546955e-02 -4.999988608876144863e+05
7.364205256570713343e-02 -4.999988945949786576e+05
7.349186483103879730e-02 -4.999989273049114272e+05
7.334167709637046118e-02 -4.999989590469277464e+05
7.319148936170212505e-02 -4.999989898496691603e+05
7.304130162703378892e-02 -4.999990197409296525e+05
7.289111389236545280e-02 -4.999990487476807320e+05
7.274092615769713055e-02 -4.999990768960958812e+05
7.259073842302879442e-02 -4.999991042115739547e+05
7.244055068836045830e-02 -4.999991307187624043e+05
7.229036295369212217e-02 -4.999991564415792236e+05
7.214017521902378605e-02 -4.999991814032346592e+05
7.198998748435544992e-02 -4.999992056262521073e+05
7.183979974968711379e-02 -4.999992291324886610e+05
7.168961201501877767e-02 -4.999992519431544351e+05
7.153942428035044154e-02 -4.999992740788320079e+05
7.138923654568210542e-02 -4.999992955594948726e+05
7.123904881101376929e-02 -4.999993164045255398e+05
7.108886107634543317e-02 -4.999993366327329422e+05
7.093867334167709704e-02 -4.999993562623694306e+05
7.078848560700876091e-02 -4.999993753111472470e+05
7.063829787234042479e-02 -4.999993937962544733e+05
7.048811013767208866e-02 -4.999994117343707476e+05
7.033792240300375254e-02 -4.999994291416819324e+05
7.018773466833541641e-02 -4.999994460338950157e+05
7.003754693366708028e-02 -4.999994624262523139e+05
6.988735919899874416e-02 -4.999994783335449756e+05
6.973717146433042191e-02 -4.999994937701264280e+05
6.958698372966208578e-02 -4.999995087499255314e+05
6.943679599499374966e-02 -4.999995232864588615e+05
6.928660826032541353e-02 -4.999995373928429908e+05
6.913642052565707741e-02 -4.999995510818065377e+05
6.898623279098874128e-02 -4.999995643657012843e+05
6.883604505632040516e-02 -4.999995772565135267e+05
6.868585732165206903e-02 -4.999995897658750764e+05
6.853566958698373290e-02 -4.999996019050732721e+05
6.838548185231539678e-02 -4.999996136850616313e+05
6.823529411764706065e-02 -4.999996251164695132e+05
6.808510638297872453e-02 -4.999996362096117227e+05
6.793491864831038840e-02 -4.999996469744978240e+05
6.778473091364205227e-02 -4.999996574208412203e+05
6.763454317897371615e-02 -4.999996675580678857e+05
6.748435544430538002e-02 -4.999996773953248630e+05
6.733416770963704390e-02 -4.999996869414885296e+05
6.718397997496870777e-02 -4.999996962051725714e+05
6.703379224030037165e-02 -4.999997051947358414e+05
6.688360450563203552e-02 -4.999997139182898100e+05
6.673341677096371327e-02 -4.999997223837059573e+05
6.658322903629537715e-02 -4.999997305986228166e+05
6.643304130162704102e-02 -4.999997385704528424e+05
6.628285356695870489e-02 -4.999997463063892210e+05
6.613266583229036877e-02 -4.999997538134122151e+05
6.598247809762203264e-02 -4.999997610982956830e+05
6.583229036295369652e-02 -4.999997681676128414e+05
6.568210262828536039e-02 -4.999997750277425512e+05
6.553191489361702426e-02 -4.999997816848747898e+05
6.538172715894868814e-02 -4.999997881450164714e+05
6.523153942428035201e-02 -4.999997944139967440e+05
6.508135168961201589e-02 -4.999998004974722280e+05
6.493116395494367976e-02 -4.999998064009321970e+05
6.478097622027534364e-02 -4.999998121297034086e+05
6.463078848560700751e-02 -4.999998176889551687e+05
6.448060075093867138e-02 -4.999998230837035808e+05
6.433041301627033526e-02 -4.999998283188165515e+05
6.418022528160199913e-02 -4.999998333990178071e+05
6.403003754693366301e-02 -4.999998383288913174e+05
6.387984981226532688e-02 -4.999998431128854281e+05
6.372966207759700463e-02 -4.999998477553168195e+05
6.357947434292866851e-02 -4.999998522603744641e+05
6.342928660826033238e-02 -4.999998566321234102e+05
6.327909887359199625e-02 -4.999998608745083329e+05
6.312891113892366013e-02 -4.999998649913572590e+05
6.297872340425532400e-02 -4.999998689863849431e+05
6.282853566958698788e-02 -4.999998728631961276e+05
6.267834793491865175e-02 -4.999998766252889181e+05
6.252816020025031563e-02 -4.999998802760580438e+05
6.237797246558197950e-02 -4.999998838187975925e+05
6.222778473091364337e-02 -4.999998872567042708e+05
6.207759699624530725e-02 -4.999998905928801978e+05
6.192740926157697112e-02 -4.999998938303356990e+05
6.177722152690863500e-02 -4.999998969719919260e+05
6.162703379224029887e-02 -4.999999000206837081e+05
6.147684605757196274e-02 -4.999999029791619978e+05
6.132665832290362662e-02 -4.999999058500961983e+05
6.117647058823529049e-02 -4.999999086360768415e+05
6.102628285356695437e-02 -4.999999113396178582e+05
6.087609511889863212e-02 -4.999999139631586149e+05
6.072590738423029599e-02 -4.999999165090664756e+05
6.057571964956195987e-02 -4.999999189796385472e+05
6.042553191489362374e-02 -4.999999213771042414e+05
6.027534418022528762e-02 -4.999999237036267295e+05
6.012515644555695149e-02 -4.999999259613052709e+05
5.997496871088861536e-02 -4.999999281521771336e+05
5.982478097622027924e-02 -4.999999302782191080e+05
5.967459324155194311e-02 -4.999999323413495440e+05
5.952440550688360699e-02 -4.999999343434300972e+05
5.937421777221527086e-02 -4.999999362862673006e+05
5.922403003754693473e-02 -4.999999381716141943e+05
5.907384230287859861e-02 -4.999999400011719554e+05
5.892365456821026248e-02 -4.999999417765914695e+05
5.877346683354192636e-02 -4.999999434994746698e+05
5.862327909887359023e-02 -4.999999451713762828e+05
5.847309136420525411e-02 -4.999999467938047601e+05
5.832290362953691798e-02 -4.999999483682241407e+05
5.817271589486858185e-02 -4.999999498960549827e+05
5.802252816020024573e-02 -4.999999513786759344e+05
5.787234042553192348e-02 -4.999999528174248408e+05
5.772215269086358735e-02 -4.999999542135998490e+05
5.757196495619525123e-02 -4.999999555684608058e+05
5.742177722152691510e-02 -4.999999568832301302e+05
5.727158948685857898e-02 -4.999999581590943271e+05
5.712140175219024285e-02 -4.999999593972045113e+05
5.697121401752190673e-02 -4.999999605986778624e+05
5.682102628285357060e-02 -4.999999617645985563e+05
5.667083854818523447e-02 -4.999999628960186383e+05
5.652065081351689835e-02 -4.999999639939589542e+05
5.637046307884856222e-02 -4.999999650594101986e+05
5.622027534418022610e-02 -4.999999660933337873e+05
5.607008760951188997e-02 -4.999999670966626727e+05
5.591989987484355384e-02 -4.999999680703021586e+05
5.576971214017521772e-02 -4.999999690151307150e+05
5.561952440550688159e-02 -4.999999699320010259e+05
5.546933667083854547e-02 -4.999999708217402222e+05
5.531914893617020934e-02 -4.999999716851512785e+05
5.516896120150187321e-02 -4.999999725230132462e+05
5.501877346683353709e-02 -4.999999733360820683e+05
5.486858573216521484e-02 -4.999999741250915104e+05
5.471839799749687872e-02 -4.999999748907533940e+05
5.456821026282854259e-02 -4.999999756337587023e+05
5.441802252816020646e-02 -4.999999763547777548e+05
5.426783479349187034e-02 -4.999999770544612547e+05
5.411764705882353421e-02 -4.999999777334404644e+05
5.396745932415519809e-02 -4.999999783923280775e+05
5.381727158948686196e-02 -4.999999790317185689e+05
5.366708385481852583e-02 -4.999999796521889511e+05
5.351689612015018971e-02 -4.999999802542990656e+05
5.336670838548185358e-02 -4.999999808385922224e+05
5.321652065081351746e-02 -4.999999814055955503e+05
5.306633291614518133e-02 -4.999999819558207528e+05
5.291614518147684521e-02 -4.999999824897643412e+05
5.276595744680850908e-02 -4.999999830079080421e+05
5.261576971214017295e-02 -4.999999835107193794e+05
5.246558197747183683e-02 -4.999999839986520819e+05
5.231539424280350070e-02 -4.999999844721464324e+05
5.216520650813516458e-02 -4.999999849316296168e+05
5.201501877346684233e-02 -4.999999853775163065e+05
5.186483103879850620e-02 -4.999999858102087746e+05
5.171464330413017008e-02 -4.999999862300975365e+05
5.156445556946183395e-02 -4.999999866375614074e+05
5.141426783479349782e-02 -4.999999870329680271e+05
5.126408010012516170e-02 -4.999999874166742084e+05
5.111389236545682557e-02 -4.999999877890261705e+05
5.096370463078848945e-02 -4.999999881503598881e+05
5.081351689612015332e-02 -4.999999885010014405e+05
5.066332916145181720e-02 -4.999999888412671862e+05
5.051314142678348107e-02 -4.999999891714641708e+05
5.036295369211514494e-02 -4.999999894918903592e+05
5.021276595744680882e-02 -4.999999898028348107e+05
5.006257822277847269e-02 -4.999999901045781444e+05
4.991239048811013657e-02 -4.999999903973925975e+05
4.976220275344180044e-02 -4.999999906815424329e+05
4.961201501877346431e-02 -4.999999909572839970e+05
4.946182728410512819e-02 -4.999999912248661276e+05
4.931163954943679206e-02 -4.999999914845302701e+05
4.916145181476845594e-02 -4.999999917365107103e+05
4.901126408010013369e-02 -4.999999919810348074e+05
4.886107634543179756e-02 -4.999999922183232266e+05
4.871088861076346144e-02 -4.999999924485900556e+05
4.856070087609512531e-02 -4.999999926720430958e+05
4.841051314142678919e-02 -4.999999928888839786e+05
4.826032540675845306e-02 -4.999999930993083399e+05
4.811013767209011693e-02 -4.999999933035059948e+05
4.795994993742178081e-02 -4.999999935016613454e+05
4.780976220275344468e-02 -4.999999936939530307e+05
4.765957446808510856e-02 -4.999999938805546844e+05
4.750938673341677243e-02 -4.999999940616345848e+05
4.735919899874843630e-02 -4.999999942373561789e+05
4.720901126408010018e-02 -4.999999944078780245e+05
4.705882352941176405e-02 -4.999999945733539644e+05
4.690863579474342793e-02 -4.999999947339333012e+05
4.675844806007509180e-02 -4.999999948897609720e+05
4.660826032540675568e-02 -4.999999950409775483e+05
4.645807259073841955e-02 -4.999999951877195272e+05
4.630788485607008342e-02 -4.999999953301192145e+05
4.615769712140174730e-02 -4.999999954683052492e+05
4.600750938673342505e-02 -4.999999956024021376e+05
4.585732165206508892e-02 -4.999999957325310679e+05
4.570713391739675280e-02 -4.999999958588093286e+05
4.555694618272841667e-02 -4.999999959813508904e+05
4.540675844806008055e-02 -4.999999961002663476e+05
4.525657071339174442e-02 -4.999999962156629772e+05
4.510638297872340829e-02 -4.999999963276449125e+05
4.495619524405507217e-02 -4.999999964363132603e+05
4.480600750938673604e-02 -4.999999965417659259e+05
4.465581977471839992e-02 -4.999999966440981952e+05
4.450563204005006379e-02 -4.999999967434023856e+05
4.435544430538172767e-02 -4.999999968397680204e+05
4.420525657071339154e-02 -4.999999969332821784e+05
4.405506883604505541e-02 -4.999999970240290859e+05
4.390488110137671929e-02 -4.999999971120907576e+05
4.375469336670838316e-02 -4.999999971975465887e+05
4.360450563204004704e-02 -4.999999972804737627e+05
4.345431789737171091e-02 -4.999999973609469598e+05
4.330413016270337478e-02 -4.999999974390389398e+05
4.315394242803505254e-02 -4.999999975148200756e+05
4.300375469336671641e-02 -4.999999975883588195e+05
4.285356695869838028e-02 -4.999999976597214700e+05
4.270337922403004416e-02 -4.999999977289724047e+05
4.255319148936170803e-02 -4.999999977961741388e+05
4.240300375469337191e-02 -4.999999978613873827e+05
4.225281602002503578e-02 -4.999999979246708681e+05
4.210262828535669966e-02 -4.999999979860816966e+05
4.195244055068836353e-02 -4.999999980456753401e+05
4.180225281602002740e-02 -4.999999981035055825e+05
4.165206508135169128e-02 -4.999999981596245780e+05
4.150187734668335515e-02 -4.999999982140829670e+05
4.135168961201501903e-02 -4.999999982669298188e+05
4.120150187734668290e-02 -4.999999983182129799e+05
4.105131414267834677e-02 -4.999999983679785510e+05
4.090112640801001065e-02 -4.999999984162715264e+05
4.075093867334167452e-02 -4.999999984631355037e+05
4.060075093867333840e-02 -4.999999985086126835e+05
4.045056320400500227e-02 -4.999999985527442186e+05
4.030037546933666615e-02 -4.999999985955698066e+05
4.015018773466834390e-02 -4.999999986371281557e+05
3.999999999999999389e-02 -4.999999986774567515e+05
---------------
