field_vs_length
---------------
1.600000000000000033e-01 2.000000000000000000e+06
1.598498122653316811e-01 2.000000000000000000e+06
1.596996245306633311e-01 2.000000000000000000e+06
1.595494367959950088e-01 2.000000000000000000e+06
1.593992490613266588e-01 2.000000000000000000e+06
1.592490613266583366e-01 2.000000000000000000e+06
1.590988735919899866e-01 2.000000000000000000e+06
1.589486858573216643e-01 2.000000000000000000e+06
1.587984981226533143e-01 2.000000000000000000e+06
1.586483103879849921e-01 2.000000000000000000e+06
1.584981226533166421e-01 2.000000000000000000e+06
1.583479349186483198e-01 2.000000000000000000e+06
1.581977471839799698e-01 2.000000000000000000e+06
1.580475594493116476e-01 2.000000000000000000e+06
1.578973717146432976e-01 2.000000000000000000e+06
1.577471839799749753e-01 2.000000000000000000e+06
1.575969962453066253e-01 2.000000000000000000e+06
1.574468085106383031e-01 2.000000000000000000e+06
1.572966207759699531e-01 2.000000000000000000e+06
1.571464330413016308e-01 2.000000000000000000e+06
1.569962453066333086e-01 2.000000000000000000e+06
1.568460575719649586e-01 2.000000000000000000e+06
1.566958698372966363e-01 2.000000000000000000e+06
1.565456821026282863e-01 2.000000000000000000e+06
1.563954943679599641e-01 2.000000000000000000e+06
1.562453066332916141e-01 2.000000000000000000e+06
1.560951188986232918e-01 2.000000000000000000e+06
1.559449311639549418e-01 2.000000000000000000e+06
1.557947434292866196e-01 2.000000000000000000e+06
1.556445556946182696e-01 2.000000000000000000e+06
1.554943679599499473e-01 2.000000000000000000e+06
1.553441802252815973e-01 2.000000000000000000e+06
1.551939924906132751e-01 2.000000000000000000e+06
1.550438047559449251e-01 2.000000000000000000e+06
1.548936170212766028e-01 2.000000000000000000e+06
1.547434292866082528e-01 2.000000000000000000e+06
1.545932415519399306e-01 2.000000000000000000e+06
1.544430538172715806e-01 2.000000000000000000e+06
1.542928660826032583e-01 2.000000000000000000e+06
1.541426783479349361e-01 2.000000000000000000e+06
1.539924906132665861e-01 2.000000000000000000e+06
1.538423028785982638e-01 2.000000000000000000e+06
1.536921151439299138e-01 2.000000000000000000e+06
1.535419274092615916e-01 2.000000000000000000e+06
1.533917396745932415e-01 2.000000000000000000e+06
1.532415519399249193e-01 2.000000000000000000e+06
1.530913642052565693e-01 2.000000000000000000e+06
1.529411764705882470e-01 2.000000000000000000e+06
1.527909887359198970e-01 2.000000000000000000e+06
1.526408010012515748e-01 2.000000000000000000e+06
1.524906132665832248e-01 2.000000000000000000e+06
1.523404255319149025e-01 2.000000000000000000e+06
1.521902377972465525e-01 2.000000000000000000e+06
1.520400500625782303e-01 2.000000000000000000e+06
1.518898623279098803e-01 2.000000000000000000e+06
1.517396745932415580e-01 2.000000000000000000e+06
1.515894868585732080e-01 2.000000000000000000e+06
1.514392991239048858e-01 2.000000000000000000e+06
1.512891113892365635e-01 2.000000000000000000e+06
1.511389236545682135e-01 2.000000000000000000e+06
1.509887359198998635e-01 2.000000000000000000e+06
1.508385481852315413e-01 2.000000000000000000e+06
1.506883604505632190e-01 2.000000000000000000e+06
1.505381727158948690e-01 2.000000000000000000e+06
1.503879849812265468e-01 2.000000000000000000e+06
1.502377972465581968e-01 2.000000000000000000e+06
1.500876095118898745e-01 2.000000000000000000e+06
1.499374217772215245e-01 2.000000000000000000e+06
1.497872340425532023e-01 2.000000000000000000e+06
1.496370463078848523e-01 2.000000000000000000e+06
1.494868585732165300e-01 2.000000000000000000e+06
1.493366708385481800e-01 2.000000000000000000e+06
1.491864831038798578e-01 2.000000000000000000e+06
1.490362953692115078e-01 2.000000000000000000e+06
1.488861076345431855e-01 2.000000000000000000e+06
1.487359198998748355e-01 2.000000000000000000e+06
1.485857321652065133e-01 2.000000000000000000e+06
1.484355444305381633e-01 2.000000000000000000e+06
1.482853566958698410e-01 2.000000000000000000e+06
1.481351689612014910e-01 2.000000000000000000e+06
1.479849812265331688e-01 2.000000000000000000e+06
1.478347934918648465e-01 2.000000000000000000e+06
1.476846057571964965e-01 2.000000000000000000e+06
1.475344180225281743e-01 2.000000000000000000e+06
1.473842302878598243e-01 2.000000000000000000e+06
1.472340425531915020e-01 2.000000000000000000e+06
1.470838548185231520e-01 2.000000000000000000e+06
1.469336670838548298e-01 2.000000000000000000e+06
1.467834793491864798e-01 1.993072777183448197e+06
1.466332916145181575e-01 1.931136863616823684e+06
1.464831038798498075e-01 1.871033689662099350e+06
1.463329161451814853e-01 1.812709022899154341e+06
1.461827284105131353e-01 1.756110235694154399e+06
1.460325406758448130e-01 1.701186257712473627e+06
1.458823529411764630e-01 1.647887529836804606e+06
1.457321652065081408e-01 1.596165959448875627e+06
1.455819774718397908e-01 1.545974877034416189e+06
1.454317897371714685e-01 1.497268994072227972e+06
1.452816020025031185e-01 1.450004362169352360e+06
1.451314142678347963e-01 1.404138333405462094e+06
1.449812265331664740e-01 1.359629521850707009e+06
1.448310387984981240e-01 1.316437766222271370e+06
1.446808510638298018e-01 1.274524093645965913e+06
1.445306633291614518e-01 1.233850684490142390e+06
1.443804755944931295e-01 1.194380838240202982e+06
1.442302878598247795e-01 1.156078940382920206e+06
1.440801001251564573e-01 1.118910430270673009e+06
1.439299123904881073e-01 1.082841769936611177e+06
1.437797246558197850e-01 1.047840413832610706e+06
1.436295369211514350e-01 1.013874779462705599e+06
1.434793491864831128e-01 9.809142188855046406e+05
1.433291614518147628e-01 9.489289910598797724e+05
1.431789737171464405e-01 9.178902350089633837e+05
1.430287859824780905e-01 8.877699437782581663e+05
1.428785982478097683e-01 8.585409391643408453e+05
1.427284105131414182e-01 8.301768471913697431e+05
1.425782227784730960e-01 8.026520743132648058e+05
1.424280350438047460e-01 7.759417843200848438e+05
1.422778473091364237e-01 7.500218759277696954e+05
1.421276595744681015e-01 7.248689610310184071e+05
1.419774718397997515e-01 7.004603435996853514e+05
1.418272841051314292e-01 6.767739991996529279e+05
1.416770963704630792e-01 6.537885551196958404e+05
1.415269086357947570e-01 6.314832710864152759e+05
1.413767209011264070e-01 6.098380205498309806e+05
1.412265331664580847e-01 5.888332725227513583e+05
1.410763454317897347e-01 5.684500739575331099e+05
1.409261576971214125e-01 5.486700326443259837e+05
1.407759699624530625e-01 5.294753006153798196e+05
1.406257822277847402e-01 5.108485580404263455e+05
1.404755944931163902e-01 4.927729975986152422e+05
1.403254067584480680e-01 4.752323093128977343e+05
1.401752190237797180e-01 4.582106658331733197e+05
1.400250312891113957e-01 4.416927081549243303e+05
1.398748435544430457e-01 4.256635317604459124e+05
1.397246558197747235e-01 4.101086731701715034e+05
1.395744680851063735e-01 3.950140968919557636e+05
1.394242803504380512e-01 3.803661827565393760e+05
1.392740926157697290e-01 3.661517136277715908e+05
1.391239048811013790e-01 3.523578634764956660e+05
1.389737171464330290e-01 3.389721858073394396e+05
1.388235294117647067e-01 3.259826024279689882e+05
1.386733416770963845e-01 3.133773925506671076e+05
1.385231539424280345e-01 3.011451822164105251e+05
1.383729662077597122e-01 2.892749340318936156e+05
1.382227784730913622e-01 2.777559372102462803e+05
1.380725907384230400e-01 2.665777979064537212e+05
1.379224030037546900e-01 2.557304298387605813e+05
1.377722152690863677e-01 2.452040451875971630e+05
1.376220275344180177e-01 2.349891457638138090e+05
1.374718397997496955e-01 2.250765144382540020e+05
1.373216520650813455e-01 2.154572068249372533e+05
1.371714643304130232e-01 2.061225432103401399e+05
1.370212765957446732e-01 1.970641007215011050e+05
1.368710888610763510e-01 1.882737057258753339e+05
1.367209011264080010e-01 1.797434264560860465e+05
1.365707133917396787e-01 1.714655658529157517e+05
1.364205256570713565e-01 1.634326546200793236e+05
1.362703379224030065e-01 1.556374444845143007e+05
1.361201501877346565e-01 1.480729016561032622e+05
1.359699624530663342e-01 1.407322004809297796e+05
1.358197747183980120e-01 1.336087172823410074e+05
1.356695869837296620e-01 1.266960243842569180e+05
1.355193992490613397e-01 1.199878843113376352e+05
1.353692115143929897e-01 1.134782441607709043e+05
1.352190237797246675e-01 1.071612301406047773e+05
1.350688360450563175e-01 1.010311422696947702e+05
1.349186483103879952e-01 9.508244923448638292e+04
1.347684605757196452e-01 8.930978339798760135e+04
1.346182728410513230e-01 8.370793595643228036e+04
1.344680851063829730e-01 7.827185223926152685e+04
1.343178973717146507e-01 7.299662714818230597e+04
1.341677096370463007e-01 6.787750073118993896e+04
1.340175219023779785e-01 6.290985388755772146e+04
1.338673341677096285e-01 5.808920419992058305e+04
1.337171464330413062e-01 5.341120188969117589e+04
1.335669586983729840e-01 4.887162589215807384e+04
1.334167709637046340e-01 4.446638004772682325e+04
1.332665832290362840e-01 4.019148940586415119e+04
1.331163954943679617e-01 3.604309663841241854e+04
1.329662077596996395e-01 3.201745855903762276e+04
1.328160200250312895e-01 2.811094274566923559e+04
1.326658322903629672e-01 2.432002426288629067e+04
1.325156445556946172e-01 2.064128248128987616e+04
1.323654568210262950e-01 1.707139799099395168e+04
1.322152690863579449e-01 1.360714960644840903e+04
1.320650813516896227e-01 1.024541145989242068e+04
1.319148936170212727e-01 6.983150180814875057e+03
1.317647058823529505e-01 3.817422158877379843e+03
1.316145181476846004e-01 7.453708878295583418e+02
1.314643304130162782e-01 -2.235775611979450332e+03
1.313141426783479282e-01 -5.128707294819716481e+03
1.311639549436796059e-01 -7.936034516785206506e+03
1.310137672090112559e-01 -1.066029039117583307e+04
1.308635794743429337e-01 -1.330393307418153563e+04
1.307133917396746114e-01 -1.586934798293080530e+04
1.305632040050062614e-01 -1.835884994790537166e+04
1.304130162703379114e-01 -2.077468530166245182e+04
1.302628285356695892e-01 -2.311903390575057711e+04
1.301126408010012669e-01 -2.539401111764648522e+04
1.299624530663329169e-01 -2.760166969948894985e+04
1.298122653316645947e-01 -2.974400167033154867e+04
1.296620775969962447e-01 -3.182294010358501691e+04
1.295118898623279224e-01 -3.384036087127235078e+04
1.293617021276595724e-01 -3.579808433666947531e+04
1.292115143929912502e-01 -3.769787699685901316e+04
1.290613266583229002e-01 -3.954145307667993620e+04
1.289111389236545779e-01 -4.133047607551007968e+04
1.287609511889862279e-01 -4.306656026827856113e+04
1.286107634543179057e-01 -4.475127216206161393e+04
1.284605757196495557e-01 -4.638613190957655752e+04
1.283103879849812334e-01 -4.797261468084898661e+04
1.281602002503128834e-01 -4.951215199429128552e+04
1.280100125156445612e-01 -5.100613300839359727e+04
1.278598247809762389e-01 -5.245590577519160433e+04
1.277096370463078889e-01 -5.386277845664404595e+04
1.275594493116395389e-01 -5.522802050501597842e+04
1.274092615769712167e-01 -5.655286380833365547e+04
1.272590738423028944e-01 -5.783850380194414902e+04
1.271088861076345444e-01 -5.908610054718311585e+04
1.269586983729661944e-01 -6.029677977812373138e+04
1.268085106382978722e-01 -6.147163391735142795e+04
1.266583229036295499e-01 -6.261172306168075738e+04
1.265081351689611999e-01 -6.371807593870440178e+04
1.263579474342928777e-01 -6.479169083503644652e+04
1.262077596996245277e-01 -6.583353649708864396e+04
1.260575719649562054e-01 -6.684455300519168668e+04
1.259073842302878554e-01 -6.782565262185029860e+04
1.257571964956195332e-01 -6.877772061489790212e+04
1.256070087609511832e-01 -6.970161605629335099e+04
1.254568210262828609e-01 -7.059817259728044155e+04
1.253066332916145109e-01 -7.146819922060985118e+04
1.251564455569461887e-01 -7.231248097050216165e+04
1.250062578222778664e-01 -7.313177966101058701e+04
1.248560700876095164e-01 -7.392683456342252612e+04
1.247058823529411803e-01 -7.469836307332041906e+04
1.245556946182728442e-01 -7.544706135790355620e+04
1.244055068836045080e-01 -7.617360498415521579e+04
1.242553191489361719e-01 -7.687864952842157800e+04
1.241051314142678358e-01 -7.756283116795268143e+04
1.239549436795994997e-01 -7.822676725493933191e+04
1.238047559449311635e-01 -7.887105687356345879e+04
1.236545682102628274e-01 -7.949628138056508033e+04
1.235043804755945052e-01 -8.010300492981336720e+04
1.233541927409261552e-01 -8.069177498135497444e+04
1.232040050062578329e-01 -8.126312279539943847e+04
1.230538172715894829e-01 -8.181756391168695700e+04
1.229036295369211607e-01 -8.235559861467126757e+04
1.227534418022528107e-01 -8.287771238493733108e+04
1.226032540675844884e-01 -8.338437633726125932e+04
1.224530663329161384e-01 -8.387604764570748375e+04
1.223028785982478162e-01 -8.435316995614700136e+04
1.221526908635794800e-01 -8.481617378656889196e+04
1.220025031289111439e-01 -8.526547691554618359e+04
1.218523153942428078e-01 -8.570148475920663623e+04
1.217021276595744717e-01 -8.612459073704872571e+04
1.215519399249061355e-01 -8.653517662693264720e+04
1.214017521902377994e-01 -8.693361290956701851e+04
1.212515644555694633e-01 -8.732025910280169046e+04
1.211013767209011271e-01 -8.769546408602873271e+04
1.209511889862327910e-01 -8.805956641498388490e+04
1.208010012515644549e-01 -8.841289462723302131e+04
1.206508135168961326e-01 -8.875576753861873294e+04
1.205006257822277826e-01 -8.908849453093491320e+04
1.203504380475594604e-01 -8.941137583108883700e+04
1.202002503128911104e-01 -8.972470278200243774e+04
1.200500625782227881e-01 -9.002875810549751623e+04
1.198998748435544381e-01 -9.032381615740188863e+04
1.197496871088861159e-01 -9.061014317510664114e+04
1.195994993742177659e-01 -9.088799751779803773e+04
1.194493116395494436e-01 -9.115762989958074468e+04
1.192991239048811075e-01 -9.141928361570264678e+04
1.191489361702127714e-01 -9.167319476208559354e+04
1.189987484355444353e-01 -9.191959244835982099e+04
1.188485607008760991e-01 -9.215869900459478959e+04
1.186983729662077630e-01 -9.239073018191238225e+04
1.185481852315394269e-01 -9.261589534716401249e+04
1.183979974968710908e-01 -9.283439767184686207e+04
1.182478097622027546e-01 -9.304643431543002953e+04
1.180976220275344185e-01 -9.325219660325592849e+04
1.179474342928660824e-01 -9.345187019917728321e+04
1.177972465581977601e-01 -9.364563527308576158e+04
1.176470588235294101e-01 -9.383366666348326544e+04
1.174968710888610879e-01 -9.401613403524251771e+04
1.173466833541927379e-01 -9.419320203269943886e+04
1.171964956195244156e-01 -9.436503042821541021e+04
1.170463078848560656e-01 -9.453177426634331641e+04
1.168961201501877434e-01 -9.469358400372775213e+04
1.167459324155193934e-01 -9.485060564486529620e+04
1.165957446808510711e-01 -9.500298087384765677e+04
1.164455569461827211e-01 -9.515084718220632931e+04
1.162953692115143989e-01 -9.529433799297419318e+04
1.161451814768460628e-01 -9.543358278107616934e+04
1.159949937421777266e-01 -9.556870719015714712e+04
1.158448060075093905e-01 -9.569983314595317643e+04
1.156946182728410544e-01 -9.582707896630764299e+04
1.155444305381727182e-01 -9.595055946793210751e+04
1.153942428035043821e-01 -9.607038607000795309e+04
1.152440550688360460e-01 -9.618666689472236612e+04
1.150938673341677099e-01 -9.629950686482939636e+04
1.149436795994993737e-01 -9.640900779832404805e+04
1.147934918648310376e-01 -9.651526850031487993e+04
1.146433041301627154e-01 -9.661838485217810376e+04
1.144931163954943654e-01 -9.671844989807342063e+04
1.143429286608260431e-01 -9.681555392889979703e+04
1.141927409261576931e-01 -9.690978456376699614e+04
1.140425531914893709e-01 -9.700122682905617694e+04
1.138923654568210209e-01 -9.708996323514111282e+04
1.137421777221526986e-01 -9.717607385083912231e+04
1.135919899874843486e-01 -9.725963637565888348e+04
1.134418022528160264e-01 -9.734072620991047006e+04
1.132916145181476902e-01 -9.741941652274067746e+04
1.131414267834793541e-01 -9.749577831815520767e+04
1.129912390488110180e-01 -9.756988049908707035e+04
1.128410513141426819e-01 -9.764178992956929142e+04
1.126908635794743457e-01 -9.771157149506777932e+04
1.125406758448060096e-01 -9.777928816102891869e+04
1.123904881101376735e-01 -9.784500102969465661e+04
1.122403003754693374e-01 -9.790876939523644978e+04
1.120901126408010012e-01 -9.797065079725765099e+04
1.119399249061326651e-01 -9.803070107271279267e+04
1.117897371714643429e-01 -9.808897440629053744e+04
1.116395494367959929e-01 -9.814552337930563954e+04
1.114893617021276706e-01 -9.820039901714430016e+04
1.113391739674593206e-01 -9.825365083530540869e+04
1.111889862327909984e-01 -9.830532688407960813e+04
1.110387984981226484e-01 -9.835547379190598440e+04
1.108886107634543261e-01 -9.840413680744604790e+04
1.107384230287859761e-01 -9.845135984041253687e+04
1.105882352941176539e-01 -9.849718550119012070e+04
1.104380475594493177e-01 -9.854165513928374276e+04
1.102878598247809816e-01 -9.858480888062913436e+04
1.101376720901126455e-01 -9.862668566379934782e+04
1.099874843554443093e-01 -9.866732327513993368e+04
1.098372966207759732e-01 -9.870675838286431099e+04
1.096871088861076371e-01 -9.874502657014036959e+04
1.095369211514393010e-01 -9.878216236719793233e+04
1.093867334167709648e-01 -9.881819928248613724e+04
1.092365456821026287e-01 -9.885316983290885400e+04
1.090863579474342926e-01 -9.888710557316540508e+04
1.089361702127659703e-01 -9.892003712422306126e+04
1.087859824780976203e-01 -9.895199420094702509e+04
1.086357947434292981e-01 -9.898300563891278580e+04
1.084856070087609481e-01 -9.901309942042516195e+04
1.083354192740926258e-01 -9.904230269976724230e+04
1.081852315394242758e-01 -9.907064182770240586e+04
1.080350438047559536e-01 -9.909814237525111821e+04
1.078848560700876036e-01 -9.912482915676428820e+04
1.077346683354192813e-01 -9.915072625231373240e+04
1.075844806007509313e-01 -9.917585702942025091e+04
1.074342928660826091e-01 -9.920024416413853760e+04
1.072841051314142730e-01 -9.922390966151840985e+04
1.071339173967459368e-01 -9.924687487546035845e+04
1.069837296620776007e-01 -9.926916052798368037e+04
1.068335419274092646e-01 -9.929078672792442376e+04
1.066833541927409285e-01 -9.931177298907998193e+04
1.065331664580725923e-01 -9.933213824781691073e+04
1.063829787234042562e-01 -9.935190088015755464e+04
1.062327909887359201e-01 -9.937107871836113918e+04
1.060826032540675840e-01 -9.938968906701428932e+04
1.059324155193992478e-01 -9.940774871864524903e+04
1.057822277847309256e-01 -9.942527396887617942e+04
1.056320400500625756e-01 -9.944228063112711243e+04
1.054818523153942533e-01 -9.945878405088465661e+04
1.053316645807259033e-01 -9.947479911954862473e+04
1.051814768460575811e-01 -9.949034028786887939e+04
1.050312891113892311e-01 -9.950542157898453297e+04
1.048811013767209088e-01 -9.952005660107733274e+04
1.047309136420525588e-01 -9.953425855965068331e+04
1.045807259073842366e-01 -9.954804026944516227e+04
1.044305381727159004e-01 -9.956141416600164666e+04
1.042803504380475643e-01 -9.957439231688210566e+04
1.041301627033792282e-01 -9.958698643255846400e+04
1.039799749687108921e-01 -9.959920787697919877e+04
1.038297872340425559e-01 -9.961106767782328825e+04
1.036795994993742198e-01 -9.962257653645075334e+04
1.035294117647058837e-01 -9.963374483755869733e+04
1.033792240300375476e-01 -9.964458265855161881e+04
1.032290362953692114e-01 -9.965509977863459790e+04
1.030788485607008753e-01 -9.966530568763711199e+04
1.029286608260325531e-01 -9.967520959457609570e+04
1.027784730913642031e-01 -9.968482043596531730e+04
1.026282853566958808e-01 -9.969414688387903152e+04
1.024780976220275308e-01 -9.970319735377700999e+04
1.023279098873592086e-01 -9.971198001209791983e+04
1.021777221526908586e-01 -9.972050278362819517e+04
1.020275344180225363e-01 -9.972877335865263012e+04
1.018773466833541863e-01 -9.973679919989359041e+04
1.017271589486858641e-01 -9.974458754924473760e+04
1.015769712140175279e-01 -9.975214543430552294e+04
1.014267834793491918e-01 -9.975947967472243181e+04
1.012765957446808557e-01 -9.976659688834242115e+04
1.011264080100125196e-01 -9.977350349718439975e+04
1.009762202753441834e-01 -9.978020573323393182e+04
1.008260325406758473e-01 -9.978670964406649000e+04
1.006758448060075112e-01 -9.979302109830435074e+04
1.005256570713391751e-01 -9.979914579091191990e+04
1.003754693366708389e-01 -9.980508924833450874e+04
1.002252816020025028e-01 -9.981085683348489692e+04
1.000750938673341806e-01 -9.981645375058242644e+04
9.992490613266583055e-02 -9.982188504984891915e+04
9.977471839799750830e-02 -9.982715563206552179e+04
9.962453066332915830e-02 -9.983227025299488741e+04
9.947434292866083605e-02 -9.983723352767233155e+04
9.932415519399248605e-02 -9.984204993457013916e+04
9.917396745932416380e-02 -9.984672381963851512e+04
9.902377972465581379e-02 -9.985125940022710711e+04
9.887359198998749155e-02 -9.985566076889034593e+04
9.872340425531914154e-02 -9.985993189708031423e+04
9.857321652065081929e-02 -9.986407663873021374e+04
9.842302878598248317e-02 -9.986809873373190931e+04
9.827284105131414704e-02 -9.987200181131045974e+04
9.812265331664581092e-02 -9.987578939329891000e+04
9.797246558197747479e-02 -9.987946489731605106e+04
9.782227784730913867e-02 -9.988303163985026185e+04
9.767209011264080254e-02 -9.988649283925203781e+04
9.752190237797246641e-02 -9.988985161863797111e+04
9.737171464330413029e-02 -9.989311100870883092e+04
9.722152690863579416e-02 -9.989627395048420294e+04
9.707133917396745804e-02 -9.989934329795623489e+04
9.692115143929912191e-02 -9.990232182066487439e+04
9.677096370463078578e-02 -9.990521220619689848e+04
9.662077596996244966e-02 -9.990801706261094660e+04
9.647058823529411353e-02 -9.991073892079085635e+04
9.632040050062579128e-02 -9.991338023672933923e+04
9.617021276595745516e-02 -9.991594339374401898e+04
9.602002503128911903e-02 -9.991843070462805917e+04
9.586983729662078291e-02 -9.992084441373695154e+04
9.571964956195244678e-02 -9.992318669901367684e+04
9.556946182728411066e-02 -9.992545967395392654e+04
9.541927409261577453e-02 -9.992766538951314578e+04
9.526908635794743840e-02 -9.992980583595715871e+04
9.511889862327910228e-02 -9.993188294465802028e+04
9.496871088861076615e-02 -9.993389858983676822e+04
9.481852315394243003e-02 -9.993585459025448654e+04
9.466833541927409390e-02 -9.993775271085354325e+04
9.451814768460575777e-02 -9.993959466435003560e+04
9.436795994993742165e-02 -9.994138211277923256e+04
9.421777221526908552e-02 -9.994311666899530974e+04
9.406758448060074940e-02 -9.994479989812661370e+04
9.391739674593241327e-02 -9.994643331898792530e+04
9.376720901126407715e-02 -9.994801840545093000e+04
9.361702127659574102e-02 -9.994955658777414646e+04
9.346683354192740489e-02 -9.995104925389339041e+04
9.331664580725908265e-02 -9.995249775067425799e+04
9.316645807259074652e-02 -9.995390338512737071e+04
9.301627033792241039e-02 -9.995526742558767728e+04
9.286608260325407427e-02 -9.995659110285901988e+04
9.271589486858573814e-02 -9.995787561132459086e+04
9.256570713391740202e-02 -9.995912211002472031e+04
9.241551939924906589e-02 -9.996033172370270768e+04
9.226533166458072976e-02 -9.996150554381965776e+04
9.211514392991239364e-02 -9.996264462953935436e+04
9.196495619524405751e-02 -9.996375000868398638e+04
9.181476846057572139e-02 -9.996482267866154143e+04
9.166458072590738526e-02 -9.996586360736582719e+04
9.151439299123904914e-02 -9.996687373404977552e+04
9.136420525657071301e-02 -9.996785397017297510e+04
9.121401752190237688e-02 -9.996880520022411656e+04
9.106382978723404076e-02 -9.996972828251904866e+04
9.091364205256570463e-02 -9.997062404997533304e+04
9.076345431789736851e-02 -9.997149331086367602e+04
9.061326658322903238e-02 -9.997233684953737247e+04
9.046307884856071013e-02 -9.997315542713998002e+04
9.031289111389237401e-02 -9.997394978229214030e+04
9.016270337922403788e-02 -9.997472063175801304e+04
9.001251564455570175e-02 -9.997546867109210871e+04
8.986232790988736563e-02 -9.997619457526681072e+04
8.971214017521902950e-02 -9.997689899928147497e+04
8.956195244055069338e-02 -9.997758257875344134e+04
8.941176470588235725e-02 -9.997824593049153918e+04
8.926157697121402113e-02 -9.997888965305268357e+04
8.911138923654568500e-02 -9.997951432728195505e+04
8.896120150187734887e-02 -9.998012051683668687e+04
8.881101376720901275e-02 -9.998070876869509812e+04
8.866082603254067662e-02 -9.998127961364980729e+04
8.851063829787234050e-02 -9.998183356678680866e+04
8.836045056320400437e-02 -9.998237112795027497e+04
8.821026282853566824e-02 -9.998289278219347761e+04
8.806007509386733212e-02 -9.998339900021655194e+04
8.790988735919899599e-02 -9.998389023879120941e+04
8.775969962453065987e-02 -9.998436694117283332e+04
8.760951188986232374e-02 -9.998482953750052548e+04
8.745932415519400149e-02 -9.998527844518513302e+04
8.730913642052566537e-02 -9.998571406928598299e+04
8.715894868585732924e-02 -9.998613680287632451e+04
8.700876095118899312e-02 -9.998654702739797358e+04
8.685857321652065699e-02 -9.998694511300559680e+04
8.670838548185232086e-02 -9.998733141890060506e+04
8.655819774718398474e-02 -9.998770629365532659e+04
8.640801001251564861e-02 -9.998807007552754658e+04
8.625782227784731249e-02 -9.998842309276567539e+04
8.610763454317897636e-02 -9.998876566390493826e+04
8.595744680851064023e-02 -9.998909809805483383e+04
8.580725907384230411e-02 -9.998942069517803611e+04
8.565707133917396798e-02 -9.998973374636106018e+04
8.550688360450563186e-02 -9.999003753407688055e+04
8.535669586983729573e-02 -9.999033233243988070e+04
8.520650813516895961e-02 -9.999061840745309019e+04
8.505632040050062348e-02 -9.999089601724833483e+04
8.490613266583228735e-02 -9.999116541231905285e+04
8.475594493116395123e-02 -9.999142683574634430e+04
8.460575719649561510e-02 -9.999168052341837029e+04
8.445556946182729285e-02 -9.999192670424308744e+04
8.430538172715895673e-02 -9.999216560035488510e+04
8.415519399249062060e-02 -9.999239742731502338e+04
8.400500625782228448e-02 -9.999262239430606132e+04
8.385481852315394835e-02 -9.999284070432068256e+04
8.370463078848561223e-02 -9.999305255434483115e+04
8.355444305381727610e-02 -9.999325813553544867e+04
8.340425531914893997e-02 -9.999345763339301629e+04
8.325406758448060385e-02 -9.999365122792881448e+04
8.310387984981226772e-02 -9.999383909382746788e+04
8.295369211514393160e-02 -9.999402140060454258e+04
8.280350438047559547e-02 -9.999419831275945762e+04
8.265331664580725934e-02 -9.999436998992395820e+04
8.250312891113892322e-02 -9.999453658700613596e+04
8.235294117647058709e-02 -9.999469825433020014e+04
8.220275344180225097e-02 -9.999485513777215965e+04
8.205256570713391484e-02 -9.999500737889140146e+04
8.190237797246557871e-02 -9.999515511505845643e+04
8.175219023779724259e-02 -9.999529847957890888e+04
8.160200250312892034e-02 -9.999543760181374091e+04
8.145181476846058422e-02 -9.999557260729600966e+04
8.130162703379224809e-02 -9.999570361784416309e+04
8.115143929912391196e-02 -9.999583075167187781e+04
8.100125156445557584e-02 -9.999595412349482649e+04
8.085106382978723971e-02 -9.999607384463412745e+04
8.070087609511890359e-02 -9.999619002311681106e+04
8.055068836045056746e-02 -9.999630276377327391e+04
8.040050062578223133e-02 -9.999641216833189537e+04
8.025031289111389521e-02 -9.999651833551084565e+04
8.010012515644555908e-02 -9.999662136110709980e+04
7.994993742177722296e-02 -9.999672133808291983e+04
7.979974968710888683e-02 -9.999681835664976097e+04
7.964956195244055071e-02 -9.999691250434958783e+04
7.949937421777221458e-02 -9.999700386613394949e+04
7.934918648310387845e-02 -9.999709252444062440e+04
7.919899874843554233e-02 -9.999717855926793709e+04
7.904881101376720620e-02 -9.999726204824702290e+04
7.889862327909887008e-02 -9.999734306671182276e+04
7.874843554443053395e-02 -9.999742168776708422e+04
7.859824780976221170e-02 -9.999749798235432536e+04
7.844806007509387558e-02 -9.999757201931583404e+04
7.829787234042553945e-02 -9.999764386545680463e+04
7.814768460575720332e-02 -9.999771358560558292e+04
7.799749687108886720e-02 -9.999778124267219391e+04
7.784730913642053107e-02 -9.999784689770510886e+04
7.769712140175219495e-02 -9.999791060994630971e+04
7.754693366708385882e-02 -9.999797243688476738e+04
7.739674593241552270e-02 -9.999803243430827570e+04
7.724655819774718657e-02 -9.999809065635384468e+04
7.709637046307885044e-02 -9.999814715555650764e+04
7.694618272841051432e-02 -9.999820198289676046e+04
7.679599499374217819e-02 -9.999825518784648739e+04
7.664580725907384207e-02 -9.999830681841370824e+04
7.649561952440550594e-02 -9.999835692118582665e+04
7.634543178973716981e-02 -9.999840554137168510e+04
7.619524405506883369e-02 -9.999845272284232487e+04
7.604505632040049756e-02 -9.999849850817063998e+04
7.589486858573216144e-02 -9.999854293866975058e+04
7.574468085106382531e-02 -9.999858605443027045e+04
7.559449311639550306e-02 -9.999862789435649756e+04
7.544430538172716694e-02 -9.999866849620152789e+04
7.529411764705883081e-02 -9.999870789660130686e+04
7.514392991239049469e-02 -9.999874613110767677e+04
7.499374217772215856e-02 -9.999878323422046378e+04
7.484355444305382243e-02 -9.999881923941864807e+04
7.469336670838548631e-02 -9.999885417919050087e+04
7.454317897371715018e-02 -9.999888808506295027e+04
7.439299123904881406e-02 -9.999892098763003014e+04
7.424280350438047793e-02 -9.999895291658042697e+04
7.409261576971214180e-02 -9.999898390072435723e+04
7.394242803504380568e-02 -9.999901396801946976e+04
7.379224030037546955e-02 -9.999904314559619525e+04
7.364205256570713343e-02 -9.999907145978206245e+04
7.349186483103879730e-02 -9.999909893612559245e+04
7.334167709637046118e-02 -9.999912559941931977e+04
7.319148936170212505e-02 -9.999915147372210049e+04
7.304130162703378892e-02 -9.999917658238091099e+04
7.289111389236545280e-02 -9.999920094805181725e+04
7.274092615769713055e-02 -9.999922459272052220e+04
7.259073842302879442e-02 -9.999924753772214171e+04
7.244055068836045830e-02 -9.999926980376042775e+04
7.229036295369212217e-02 -9.999929141092654027e+04
7.214017521902378605e-02 -9.999931237871709163e+04
7.198998748435544992e-02 -9.999933272605179809e+04
7.183979974968711379e-02 -9.999935247129047639e+04
7.168961201501877767e-02 -9.999937163224973483e+04
7.153942428035044154e-02 -9.999939022621889308e+04
7.138923654568210542e-02 -9.999940826997571276e+04
7.123904881101376929e-02 -9.999942577980147325e+04
7.108886107634543317e-02 -9.999944277149568370e+04
7.093867334167709704e-02 -9.999945926039031474e+04
7.078848560700876091e-02 -9.999947526136366650e+04
7.063829787234042479e-02 -9.999949078885377094e+04
7.048811013767208866e-02 -9.999950585687141574e+04
7.033792240300375254e-02 -9.999952047901280457e+04
7.018773466833541641e-02 -9.999953466847183881e+04
7.003754693366708028e-02 -9.999954843805196288e+04
6.988735919899874416e-02 -9.999956180017777660e+04
6.973717146433042191e-02 -9.999957476690621115e+04
6.958698372966208578e-02 -9.999958734993745747e+04
6.943679599499374966e-02 -9.999959956062544370e+04
6.928660826032541353e-02 -9.999961140998813789e+04
6.913642052565707741e-02 -9.999962290871748701e+04
6.898623279098874128e-02 -9.999963406718906481e+04
6.883604505632040516e-02 -9.999964489547138510e+04
6.868585732165206903e-02 -9.999965540333505487e+04
6.853566958698373290e-02 -9.999966560026154912e+04
6.838548185231539678e-02 -9.999967549545178190e+04
6.823529411764706065e-02 -9.999968509783440095e+04
6.808510638297872453e-02 -9.999969441607383487e+04
6.793491864831038840e-02 -9.999970345857816574e+04
6.778473091364205227e-02 -9.999971223350662331e+04
6.763454317897371615e-02 -9.999972074877702107e+04
6.748435544430538002e-02 -9.999972901207287214e+04
6.733416770963704390e-02 -9.999973703085034504e+04
6.718397997496870777e-02 -9.999974481234495761e+04
6.703379224030037165e-02 -9.999975236357809626e+04
6.688360450563203552e-02 -9.999975969136344793e+04
6.673341677096371327e-02 -9.999976680231300998e+04
6.658322903629537715e-02 -9.999977370284314384e+04
6.643304130162704102e-02 -9.999978039918036666e+04
6.628285356695870489e-02 -9.999978689736692468e+04
6.613266583229036877e-02 -9.999979320326627931e+04
6.598247809762203264e-02 -9.999979932256837492e+04
6.583229036295369652e-02 -9.999980526079479023e+04
6.568210262828536039e-02 -9.999981102330372960e+04
6.553191489361702426e-02 -9.999981661529481062e+04
6.538172715894868814e-02 -9.999982204181383713e+04
6.523153942428035201e-02 -9.999982730775726668e+04
6.508135168961201589e-02 -9.999983241787667794e+04
6.493116395494367976e-02 -9.999983737678303441e+04
6.478097622027534364e-02 -9.999984218895087542e+04
6.463078848560700751e-02 -9.999984685872233240e+04
6.448060075093867138e-02 -9.999985139031102881e+04
6.433041301627033526e-02 -9.999985578780592186e+04
6.418022528160199913e-02 -9.999986005517496960e+04
6.403003754693366301e-02 -9.999986419626871066e+04
6.387984981226532688e-02 -9.999986821482375672e+04
6.372966207759700463e-02 -9.999987211446612491e+04
6.357947434292866851e-02 -9.999987589871455566e+04
6.342928660826033238e-02 -9.999987957098365587e+04
6.327909887359199625e-02 -9.999988313458699849e+04
6.312891113892366013e-02 -9.999988659274010570e+04
6.297872340425532400e-02 -9.999988994856333011e+04
6.282853566958698788e-02 -9.999989320508472156e+04
6.267834793491865175e-02 -9.999989636524270463e+04
6.252816020025031563e-02 -9.999989943188875623e+04
6.237797246558197950e-02 -9.999990240778998123e+04
6.222778473091364337e-02 -9.999990529563161545e+04
6.207759699624530725e-02 -9.999990809801938303e+04
6.192740926157697112e-02 -9.999991081748198485e+04
6.177722152690863500e-02 -9.999991345647322305e+04
6.162703379224029887e-02 -9.999991601737432939e+04
6.147684605757196274e-02 -9.999991850249606068e+04
6.132665832290362662e-02 -9.999992091408080887e+04
6.117647058823529049e-02 -9.999992325430456549e+04
6.102628285356695437e-02 -9.999992552527900261e+04
6.087609511889863212e-02 -9.999992772905324819e+04
6.072590738423029599e-02 -9.999992986761582142e+04
6.057571964956195987e-02 -9.999993194289639359e+04
6.042553191489362374e-02 -9.999993395676754881e+04
6.027534418022528762e-02 -9.999993591104644292e+04
6.012515644555695149e-02 -9.999993780749644793e+04
5.997496871088861536e-02 -9.999993964782879630e+04
5.982478097622027924e-02 -9.999994143370403617e+04
5.967459324155194311e-02 -9.999994316673361755e+04
5.952440550688360699e-02 -9.999994484848128923e+04
5.937421777221527086e-02 -9.999994648046453949e+04
5.922403003754693473e-02 -9.999994806415592029e+04
5.907384230287859861e-02 -9.999994960098444426e+04
5.892365456821026248e-02 -9.999995109233682160e+04
5.877346683354192636e-02 -9.999995253955874068e+04
5.862327909887359023e-02 -9.999995394395606127e+04
5.847309136420525411e-02 -9.999995530679599324e+04
5.832290362953691798e-02 -9.999995662930826074e+04
5.817271589486858185e-02 -9.999995791268619359e+04
5.802252816020024573e-02 -9.999995915808780410e+04
5.787234042553192348e-02 -9.999996036663687846e+04
5.772215269086358735e-02 -9.999996153942387900e+04
5.757196495619525123e-02 -9.999996267750705010e+04
5.742177722152691510e-02 -9.999996378191332042e+04
5.727158948685857898e-02 -9.999996485363921965e+04
5.712140175219024285e-02 -9.999996589365176624e+04
5.697121401752190673e-02 -9.999996690288941318e+04
5.682102628285357060e-02 -9.999996788226280478e+04
5.667083854818523447e-02 -9.999996883265564975e+04
5.652065081351689835e-02 -9.999996975492550700e+04
5.637046307884856222e-02 -9.999997064990457147e+04
5.622027534418022610e-02 -9.999997151840040169e+04
5.607008760951188997e-02 -9.999997236119666195e+04
5.591989987484355384e-02 -9.999997317905380623e+04
5.576971214017521772e-02 -9.999997397270982037e+04
5.561952440550688159e-02 -9.999997474288084777e+04
5.546933667083854547e-02 -9.999997549026180059e+04
5.531914893617020934e-02 -9.999997621552708733e+04
5.516896120150187321e-02 -9.999997691933112219e+04
5.501877346683353709e-02 -9.999997760230896529e+04
5.486858573216521484e-02 -9.999997826507686113e+04
5.471839799749687872e-02 -9.999997890823286434e+04
5.456821026282854259e-02 -9.999997953235730529e+04
5.441802252816020646e-02 -9.999998013801332854e+04
5.426783479349187034e-02 -9.999998072574744583e+04
5.411764705882353421e-02 -9.999998129608998715e+04
5.396745932415519809e-02 -9.999998184955558099e+04
5.381727158948686196e-02 -9.999998238664361998e+04
5.366708385481852583e-02 -9.999998290783874108e+04
5.351689612015018971e-02 -9.999998341361121857e+04
5.336670838548185358e-02 -9.999998390441744414e+04
5.321652065081351746e-02 -9.999998438070027623e+04
5.306633291614518133e-02 -9.999998484288944746e+04
5.291614518147684521e-02 -9.999998529140204482e+04
5.276595744680850908e-02 -9.999998572664274252e+04
5.261576971214017295e-02 -9.999998614900426765e+04
5.246558197747183683e-02 -9.999998655886773486e+04
5.231539424280350070e-02 -9.999998695660298108e+04
5.216520650813516458e-02 -9.999998734256887110e+04
5.201501877346684233e-02 -9.999998771711369045e+04
5.186483103879850620e-02 -9.999998808057539281e+04
5.171464330413017008e-02 -9.999998843328193470e+04
5.156445556946183395e-02 -9.999998877555156650e+04
5.141426783479349782e-02 -9.999998910769312351e+04
5.126408010012516170e-02 -9.999998943000631698e+04
5.111389236545682557e-02 -9.999998974278198148e+04
5.096370463078848945e-02 -9.999999004630232230e+04
5.081351689612015332e-02 -9.999999034084122104e+04
5.066332916145181720e-02 -9.999999062666445388e+04
5.051314142678348107e-02 -9.999999090402992442e+04
5.036295369211514494e-02 -9.999999117318788194e+04
5.021276595744680882e-02 -9.999999143438122701e+04
5.006257822277847269e-02 -9.999999168784562789e+04
4.991239048811013657e-02 -9.999999193380978249e+04
4.976220275344180044e-02 -9.999999217249563662e+04
4.961201501877346431e-02 -9.999999240411855862e+04
4.946182728410512819e-02 -9.999999262888754311e+04
4.931163954943679206e-02 -9.999999284700541466e+04
4.916145181476845594e-02 -9.999999305866898794e+04
4.901126408010013369e-02 -9.999999326406924229e+04
4.886107634543179756e-02 -9.999999346339151089e+04
4.871088861076346144e-02 -9.999999365681565541e+04
4.856070087609512531e-02 -9.999999384451621154e+04
4.841051314142678919e-02 -9.999999402666253445e+04
4.826032540675845306e-02 -9.999999420341898804e+04
4.811013767209011693e-02 -9.999999437494506128e+04
4.795994993742178081e-02 -9.999999454139551381e+04
4.780976220275344468e-02 -9.999999470292055048e+04
4.765957446808510856e-02 -9.999999485966590873e+04
4.750938673341677243e-02 -9.999999501177303318e+04
4.735919899874843630e-02 -9.999999515937917749e+04
4.720901126408010018e-02 -9.999999530261752079e+04
4.705882352941176405e-02 -9.999999544161731319e+04
4.690863579474342793e-02 -9.999999557650396309e+04
4.675844806007509180e-02 -9.999999570739921182e+04
4.660826032540675568e-02 -9.999999583442114817e+04
4.645807259073841955e-02 -9.999999595768438303e+04
4.630788485607008342e-02 -9.999999607730015123e+04
4.615769712140174730e-02 -9.999999619337638433e+04
4.600750938673342505e-02 -9.999999630601781246e+04
4.585732165206508892e-02 -9.999999641532608075e+04
4.570713391739675280e-02 -9.999999652139982209e+04
4.555694618272841667e-02 -9.999999662433474441e+04
4.540675844806008055e-02 -9.999999672422373260e+04
4.525657071339174442e-02 -9.999999682115690666e+04
4.510638297872340829e-02 -9.999999691522173816e+04
4.495619524405507217e-02 -9.999999700650312298e+04
4.480600750938673604e-02 -9.999999709508339583e+04
4.465581977471839992e-02 -9.999999718104249041e+04
4.450563204005006379e-02 -9.999999726445799752e+04
4.435544430538172767e-02 -9.999999734540515055e+04
4.420525657071339154e-02 -9.999999742395701469e+04
4.405506883604505541e-02 -9.999999750018445775e+04
4.390488110137671929e-02 -9.999999757415625209e+04
4.375469336670838316e-02 -9.999999764593916188e+04
4.360450563204004704e-02 -9.999999771559794317e+04
4.345431789737171091e-02 -9.999999778319546022e+04
4.330413016270337478e-02 -9.999999784879271465e+04
4.315394242803505254e-02 -9.999999791244887456e+04
4.300375469336671641e-02 -9.999999797422140546e+04
4.285356695869838028e-02 -9.999999803416601208e+04
4.270337922403004416e-02 -9.999999809233682754e+04
4.255319148936170803e-02 -9.999999814878629695e+04
4.240300375469337191e-02 -9.999999820356538112e+04
4.225281602002503578e-02 -9.999999825672349834e+04
4.210262828535669966e-02 -9.999999830830862629e+04
4.195244055068836353e-02 -9.999999835836730199e+04
4.180225281602002740e-02 -9.999999840694469458e+04
4.165206508135169128e-02 -9.999999845408464898e+04
4.150187734668335515e-02 -9.999999849982967135e+04
4.135168961201501903e-02 -9.999999854422107455e+04
4.120150187734668290e-02 -9.999999858729889093e+04
4.105131414267834677e-02 -9.999999862910198863e+04
4.090112640801001065e-02 -9.999999866966810077e+04
4.075093867334167452e-02 -9.999999870903381088e+04
4.060075093867333840e-02 -9.999999874723466928e+04
4.045056320400500227e-02 -9.999999878430513490e+04
4.030037546933666615e-02 -9.999999882027863350e+04
4.015018773466834390e-02 -9.999999885518765950e+04
3.999999999999999389e-02 -9.999999888906368869e+04
---------------
