field_vs_length
---------------
1.600000000000000033e-01 2.000000000000000000e+06
1.598498122653316811e-01 2.000000000000000000e+06
1.596996245306633311e-01 2.000000000000000000e+06
1.595494367959950088e-01 2.000000000000000000e+06
1.593992490613266588e-01 2.000000000000000000e+06
1.592490613266583366e-01 2.000000000000000000e+06
1.590988735919899866e-01 2.000000000000000000e+06
1.589486858573216643e-01 2.000000000000000000e+06
1.587984981226533143e-01 2.000000000000000000e+06
1.586483103879849921e-01 2.000000000000000000e+06
1.584981226533166421e-01 2.000000000000000000e+06
1.583479349186483198e-01 2.000000000000000000e+06
1.581977471839799698e-01 2.000000000000000000e+06
1.580475594493116476e-01 2.000000000000000000e+06
1.578973717146432976e-01 2.000000000000000000e+06
1.577471839799749753e-01 2.000000000000000000e+06
1.575969962453066253e-01 2.000000000000000000e+06
1.574468085106383031e-01 2.000000000000000000e+06
1.572966207759699531e-01 2.000000000000000000e+06
1.571464330413016308e-01 2.000000000000000000e+06
1.569962453066333086e-01 2.000000000000000000e+06
1.568460575719649586e-01 2.000000000000000000e+06
1.566958698372966363e-01 2.000000000000000000e+06
1.565456821026282863e-01 2.000000000000000000e+06
1.563954943679599641e-01 2.000000000000000000e+06
1.562453066332916141e-01 2.000000000000000000e+06
1.560951188986232918e-01 2.000000000000000000e+06
1.559449311639549418e-01 2.000000000000000000e+06
1.557947434292866196e-01 2.000000000000000000e+06
1.556445556946182696e-01 2.000000000000000000e+06
1.554943679599499473e-01 2.000000000000000000e+06
1.553441802252815973e-01 2.000000000000000000e+06
1.551939924906132751e-01 2.000000000000000000e+06
1.550438047559449251e-01 2.000000000000000000e+06
1.548936170212766028e-01 2.000000000000000000e+06
1.547434292866082528e-01 2.000000000000000000e+06
1.545932415519399306e-01 2.000000000000000000e+06
1.544430538172715806e-01 2.000000000000000000e+06
1.542928660826032583e-01 2.000000000000000000e+06
1.541426783479349361e-01 2.000000000000000000e+06
1.539924906132665861e-01 2.000000000000000000e+06
1.538423028785982638e-01 2.000000000000000000e+06
1.536921151439299138e-01 2.000000000000000000e+06
1.535419274092615916e-01 2.000000000000000000e+06
1.533917396745932415e-01 2.000000000000000000e+06
1.532415519399249193e-01 2.000000000000000000e+06
1.530913642052565693e-01 2.000000000000000000e+06
1.529411764705882470e-01 2.000000000000000000e+06
1.527909887359198970e-01 2.000000000000000000e+06
1.526408010012515748e-01 2.000000000000000000e+06
1.524906132665832248e-01 2.000000000000000000e+06
1.523404255319149025e-01 2.000000000000000000e+06
1.521902377972465525e-01 2.000000000000000000e+06
1.520400500625782303e-01 2.000000000000000000e+06
1.518898623279098803e-01 2.000000000000000000e+06
1.517396745932415580e-01 2.000000000000000000e+06
1.515894868585732080e-01 2.000000000000000000e+06
1.514392991239048858e-01 2.000000000000000000e+06
1.512891113892365635e-01 2.000000000000000000e+06
1.511389236545682135e-01 2.000000000000000000e+06
1.509887359198998635e-01 2.000000000000000000e+06
1.508385481852315413e-01 2.000000000000000000e+06
1.506883604505632190e-01 2.000000000000000000e+06
1.505381727158948690e-01 2.000000000000000000e+06
1.503879849812265468e-01 2.000000000000000000e+06
1.502377972465581968e-01 2.000000000000000000e+06
1.500876095118898745e-01 2.000000000000000000e+06
1.499374217772215245e-01 2.000000000000000000e+06
1.497872340425532023e-01 2.000000000000000000e+06
1.496370463078848523e-01 2.000000000000000000e+06
1.494868585732165300e-01 2.000000000000000000e+06
1.493366708385481800e-01 2.000000000000000000e+06
1.491864831038798578e-01 2.000000000000000000e+06
1.490362953692115078e-01 2.000000000000000000e+06
1.488861076345431855e-01 2.000000000000000000e+06
1.487359198998748355e-01 2.000000000000000000e+06
1.485857321652065133e-01 2.000000000000000000e+06
1.484355444305381633e-01 2.000000000000000000e+06
1.482853566958698410e-01 2.000000000000000000e+06
1.481351689612014910e-01 2.000000000000000000e+06
1.479849812265331688e-01 2.000000000000000000e+06
1.478347934918648465e-01 2.000000000000000000e+06
1.476846057571964965e-01 2.000000000000000000e+06
1.475344180225281743e-01 2.000000000000000000e+06
1.473842302878598243e-01 2.000000000000000000e+06
1.472340425531915020e-01 2.000000000000000000e+06
1.470838548185231520e-01 2.000000000000000000e+06
1.469336670838548298e-01 2.000000000000000000e+06
1.467834793491864798e-01 1.993402644936617231e+06
1.466332916145181575e-01 1.934416060587451095e+06
1.464831038798498075e-01 1.877174942535332870e+06
1.463329161451814853e-01 1.821627640856337501e+06
1.461827284105131353e-01 1.767724033994432772e+06
1.460325406758448130e-01 1.715415483535689069e+06
1.458823529411764630e-01 1.664654790320766158e+06
1.457321652065081408e-01 1.615396151856072014e+06
1.455819774718397908e-01 1.567595120985158253e+06
1.454317897371714685e-01 1.521208565783074358e+06
1.452816020025031185e-01 1.476194630637478549e+06
1.451314142678347963e-01 1.432512698481392581e+06
1.449812265331664740e-01 1.390123354143530596e+06
1.448310387984981240e-01 1.348988348783115624e+06
1.446808510638298018e-01 1.309070565377110383e+06
1.445306633291614518e-01 1.270333985228707083e+06
1.443804755944931295e-01 1.232743655466860160e+06
1.442302878598247795e-01 1.196265657507542986e+06
1.440801001251564573e-01 1.160867076448260108e+06
1.439299123904881073e-01 1.126515971368201077e+06
1.437797246558197850e-01 1.093181346507248236e+06
1.436295369211514350e-01 1.060833123297814745e+06
1.434793491864831128e-01 1.029442113224290079e+06
1.433291614518147628e-01 9.989799914855996612e+05
1.431789737171464405e-01 9.694192714371079346e+05
1.430287859824780905e-01 9.407332797888172790e+05
1.428785982478097683e-01 9.128961325374675216e+05
1.427284105131414182e-01 8.858827116108282935e+05
1.425782227784730960e-01 8.596686422031093389e+05
1.424280350438047460e-01 8.342302707810332067e+05
1.422778473091364237e-01 8.095446437407330377e+05
1.421276595744681015e-01 7.855894866962080123e+05
1.419774718397997515e-01 7.623431843806527322e+05
1.418272841051314292e-01 7.397847611425265204e+05
1.416770963704630792e-01 7.178938620187579654e+05
1.415269086357947570e-01 6.966507343680144986e+05
1.413767209011264070e-01 6.760362100474580657e+05
1.412265331664580847e-01 6.560316881169060944e+05
1.410763454317897347e-01 6.366191180547934491e+05
1.409261576971214125e-01 6.177809834707867121e+05
1.407759699624530625e-01 5.995002863003617385e+05
1.406257822277847402e-01 5.817605314670727821e+05
1.404755944931163902e-01 5.645457119986811886e+05
1.403254067584480680e-01 5.478402945837121224e+05
1.401752190237797180e-01 5.316292055554031394e+05
1.400250312891113957e-01 5.158978172904040548e+05
1.398748435544430457e-01 5.006319350099485018e+05
1.397246558197747235e-01 4.858177839715919108e+05
1.395744680851063735e-01 4.714419970399578451e+05
1.394242803504380512e-01 4.574916026252756128e+05
1.392740926157697290e-01 4.439540129788300837e+05
1.391239048811013790e-01 4.308170128347577411e+05
1.389737171464330290e-01 4.180687483879423235e+05
1.388235294117647067e-01 4.056977165980656864e+05
1.386733416770963845e-01 3.936927548101591528e+05
1.385231539424280345e-01 3.820430306822957355e+05
1.383729662077597122e-01 3.707380324113272363e+05
1.382227784730913622e-01 3.597675592478535837e+05
1.380725907384230400e-01 3.491217122918606619e+05
1.379224030037546900e-01 3.387908855607243604e+05
1.377722152690863677e-01 3.287657573215211160e+05
1.376220275344180177e-01 3.190372816798226559e+05
1.374718397997496955e-01 3.095966804173847777e+05
1.373216520650813455e-01 3.004354350713688182e+05
1.371714643304130232e-01 2.915452792479429627e+05
1.370212765957446732e-01 2.829181911633344134e+05
1.368710888610763510e-01 2.745463864055955200e+05
1.367209011264080010e-01 2.664223109105581534e+05
1.365707133917396787e-01 2.585386341456340451e+05
1.364205256570713565e-01 2.508882424953136651e+05
1.362703379224030065e-01 2.434642328423945874e+05
1.361201501877346565e-01 2.362599063391459640e+05
1.359699624530663342e-01 2.292687623627902649e+05
1.358197747183980120e-01 2.224844926498485729e+05
1.356695869837296620e-01 2.159009756040542270e+05
1.355193992490613397e-01 2.095122707727025263e+05
1.353692115143929897e-01 2.033126134864484775e+05
1.352190237797246675e-01 1.972964096577188175e+05
1.350688360450563175e-01 1.914582307330426411e+05
1.349186483103879952e-01 1.857928087947489403e+05
1.347684605757196452e-01 1.802950318076072144e+05
1.346182728410513230e-01 1.749599390061259619e+05
1.344680851063829730e-01 1.697827164183442947e+05
1.343178973717146507e-01 1.647586925220784033e+05
1.341677096370463007e-01 1.598833340297047107e+05
1.340175219023779785e-01 1.551522417976740398e+05
1.338673341677096285e-01 1.505611468570672150e+05
1.337171464330413062e-01 1.461059065616106673e+05
1.335669586983729840e-01 1.417825008496743685e+05
1.334167709637046340e-01 1.375870286168826860e+05
1.332665832290362840e-01 1.335157041960610950e+05
1.331163954943679617e-01 1.295648539413451508e+05
1.329662077596996395e-01 1.257309129133691604e+05
1.328160200250312895e-01 1.220104216625421250e+05
1.326658322903629672e-01 1.184000231075107586e+05
1.325156445556946172e-01 1.148964595059903513e+05
1.323654568210262950e-01 1.114965695152323315e+05
1.322152690863579449e-01 1.081972853394746780e+05
1.320650813516896227e-01 1.049956299618023186e+05
1.319148936170212727e-01 1.018887144579189335e+05
1.317647058823529505e-01 9.887373538940702565e+04
1.316145181476846004e-01 9.594797227412338543e+04
1.314643304130162782e-01 9.310878513144813769e+04
1.313141426783479282e-01 9.035361210017171106e+04
1.311639549436796059e-01 8.767996712687122636e+04
1.310137672090112559e-01 8.508543772268969042e+04
1.308635794743429337e-01 8.256768278649378044e+04
1.307133917396746114e-01 8.012443049244685972e+04
1.305632040050062614e-01 7.775347624009012361e+04
1.304130162703379114e-01 7.545268066508338961e+04
1.302628285356695892e-01 7.321996770880898111e+04
1.301126408010012669e-01 7.105332274509858689e+04
1.299624530663329169e-01 6.895079076239147980e+04
1.298122653316645947e-01 6.691047459968423937e+04
1.296620775969962447e-01 6.493053323468093731e+04
1.295118898623279224e-01 6.300918012259776151e+04
1.293617021276595724e-01 6.114468158412430785e+04
1.292115143929912502e-01 5.933535524108665413e+04
1.290613266583229002e-01 5.757956849840006180e+04
1.289111389236545779e-01 5.587573707094277779e+04
1.287609511889862279e-01 5.422232355402041867e+04
1.286107634543179057e-01 5.261783603613179002e+04
1.284605757196495557e-01 5.106082675278423267e+04
1.283103879849812334e-01 4.954989078014382540e+04
1.281602002503128834e-01 4.808366476734163007e+04
1.280100125156445612e-01 4.666082570629181282e+04
1.278598247809762389e-01 4.528008973791276367e+04
1.277096370463078889e-01 4.394021099367234274e+04
1.275594493116395389e-01 4.263998047141335701e+04
1.274092615769712167e-01 4.137822494444414042e+04
1.272590738423028944e-01 4.015380590291033877e+04
1.271088861076345444e-01 3.896561852649227512e+04
1.269586983729661944e-01 3.781259068750120787e+04
1.268085106382978722e-01 3.669368198347483121e+04
1.266583229036295499e-01 3.560788279839927418e+04
1.265081351689611999e-01 3.455421339171009458e+04
1.263579474342928777e-01 3.353172301425100159e+04
1.262077596996245277e-01 3.253948905039176680e+04
1.260575719649562054e-01 3.157661618553172229e+04
1.259073842302878554e-01 3.064223559823781034e+04
1.257571964956195332e-01 2.973550417628770447e+04
1.256070087609511832e-01 2.885560375591109187e+04
1.254568210262828609e-01 2.800174038354244112e+04
1.253066332916145109e-01 2.717314359941918156e+04
1.251564455569461887e-01 2.636906574237890163e+04
1.250062578222778664e-01 2.558878127522801151e+04
1.248560700876095164e-01 2.483158613007378517e+04
1.247058823529411803e-01 2.409679707302818133e+04
1.245556946182728442e-01 2.338375108771089072e+04
1.244055068836045080e-01 2.269180477699503535e+04
1.242553191489361719e-01 2.202033378245564745e+04
1.241051314142678358e-01 2.136873222099744453e+04
1.239549436795994997e-01 2.073641213815302035e+04
1.238047559449311635e-01 2.012280297755860738e+04
1.236545682102628274e-01 1.952735106612849631e+04
1.235043804755945052e-01 1.894951911446346276e+04
1.233541927409261552e-01 1.838878573204288114e+04
1.232040050062578329e-01 1.784464495676244042e+04
1.230538172715894829e-01 1.731660579839337879e+04
1.229036295369211607e-01 1.680419179555118171e+04
1.227534418022528107e-01 1.630694058577397300e+04
1.226032540675844884e-01 1.582440348832260133e+04
1.224530663329161384e-01 1.535614509932620422e+04
1.223028785982478162e-01 1.490174289890761065e+04
1.221526908635794800e-01 1.446078686993439442e+04
1.220025031289111439e-01 1.403287912805125779e+04
1.218523153942428078e-01 1.361763356266034316e+04
1.217021276595744717e-01 1.321467548852502841e+04
1.215519399249061355e-01 1.282364130768319228e+04
1.214017521902377994e-01 1.244417818136474489e+04
1.212515644555694633e-01 1.207594371161743220e+04
1.211013767209011271e-01 1.171860563235359223e+04
1.209511889862327910e-01 1.137184150953915741e+04
1.208010012515644549e-01 1.103533845025426854e+04
1.206508135168961326e-01 1.070879282036311452e+04
1.205006257822277826e-01 1.039190997053817955e+04
1.203504380475594604e-01 1.008440397039158961e+04
1.202002503128911104e-01 9.785997350473873666e+03
1.200500625782227881e-01 9.496420851907123506e+03
1.198998748435544381e-01 9.215413183426771866e+03
1.197496871088861159e-01 8.942720785612729742e+03
1.195994993742177659e-01 8.678097602097106574e+03
1.194493116395494436e-01 8.421304857542141690e+03
1.192991239048811075e-01 8.172110842187948947e+03
1.191489361702127714e-01 7.930290702775632781e+03
1.189987484355444353e-01 7.695626239657315637e+03
1.188485607008760991e-01 7.467905709909729921e+03
1.186983729662077630e-01 7.246923636273922057e+03
1.185481852315394269e-01 7.032480621748559315e+03
1.183979974968710908e-01 6.824383169669659765e+03
1.182478097622027546e-01 6.622443509114254084e+03
1.180976220275344185e-01 6.426479425470541173e+03
1.179474342928660824e-01 6.236314096021631485e+03
1.177972465581977601e-01 6.051775930394511306e+03
1.176470588235294101e-01 5.872698415730222223e+03
1.174968710888610879e-01 5.698919966435698370e+03
1.173466833541927379e-01 5.530283778381480261e+03
1.171964956195244156e-01 5.366637687413893218e+03
1.170463078848560656e-01 5.207834032053984629e+03
1.168961201501877434e-01 5.053729520259289529e+03
1.167459324155193934e-01 4.904185100128290287e+03
1.165957446808510711e-01 4.759065834430797622e+03
1.164455569461827211e-01 4.618240778851113646e+03
1.162953692115143989e-01 4.481582863834096315e+03
1.161451814768460628e-01 4.348968779927464311e+03
1.159949937421777266e-01 4.220278866517001006e+03
1.158448060075093905e-01 4.095397003854114701e+03
1.156946182728410544e-01 3.974210508278432826e+03
1.155444305381727182e-01 3.856610030540852222e+03
1.153942428035043821e-01 3.742489457135286557e+03
1.152440550688360460e-01 3.631745814550125033e+03
1.150938673341677099e-01 3.524279176352954437e+03
1.149436795994993737e-01 3.419992573024721878e+03
1.147934918648310376e-01 3.318791904462019829e+03
1.146433041301627154e-01 3.220585855068469300e+03
1.144931163954943654e-01 3.125285811358650790e+03
1.143429286608260431e-01 3.032805782000195450e+03
1.141927409261576931e-01 2.943062320221914888e+03
1.140425531914893709e-01 2.855974448517929886e+03
1.138923654568210209e-01 2.771463585579891969e+03
1.137421777221526986e-01 2.689453475391315806e+03
1.135919899874843486e-01 2.609870118420113613e+03
1.134418022528160264e-01 2.532641704847174424e+03
1.132916145181476902e-01 2.457698549770784211e+03
1.131414267834793541e-01 2.384973030328379991e+03
1.129912390488110180e-01 2.314399524678985472e+03
1.128410513141426819e-01 2.245914352791153306e+03
1.126908635794743457e-01 2.179455718983064799e+03
1.125406758448060096e-01 2.114963656162933603e+03
1.123904881101376735e-01 2.052379971719371042e+03
1.122403003754693374e-01 1.991648195012907763e+03
1.120901126408010012e-01 1.932713526421289998e+03
1.119399249061326651e-01 1.875522787892572524e+03
1.117897371714643429e-01 1.820024374961387366e+03
1.116395494367959929e-01 1.766168210185099269e+03
1.114893617021276706e-01 1.713905697957815619e+03
1.113391739674593206e-01 1.663189680661510693e+03
1.111889862327909984e-01 1.613974396114658475e+03
1.110387984981226484e-01 1.566215436280009044e+03
1.108886107634543261e-01 1.519869707194235389e+03
1.107384230287859761e-01 1.474895390083300754e+03
1.105882352941176539e-01 1.431251903628454784e+03
1.104380475594493177e-01 1.388899867348820180e+03
1.102878598247809816e-01 1.347801066067495640e+03
1.101376720901126455e-01 1.307918415429187462e+03
1.099874843554443093e-01 1.269215928438158699e+03
1.098372966207759732e-01 1.231658682986373151e+03
1.096871088861076371e-01 1.195212790342507105e+03
1.095369211514393010e-01 1.159845364573398456e+03
1.093867334167709648e-01 1.125524492870345284e+03
1.092365456821026287e-01 1.092219206753470417e+03
1.090863579474342926e-01 1.059899454128184061e+03
1.089361702127659703e-01 1.028536072168512192e+03
1.087859824780976203e-01 9.981007610028356112e+02
1.086357947434292981e-01 9.685660581782926783e+02
1.084856070087609481e-01 9.399053138808003496e+02
1.083354192740926258e-01 9.120926668883397497e+02
1.081852315394242758e-01 8.851030212358057270e+02
1.080350438047559536e-01 8.589120235703601338e+02
1.078848560700876036e-01 8.334960411768698805e+02
1.077346683354192813e-01 8.088321406535819733e+02
1.075844806007509313e-01 7.848980672188112067e+02
1.074342928660826091e-01 7.616722246299608514e+02
1.072841051314142730e-01 7.391336556967480647e+02
1.071339173967459368e-01 7.172620233710827051e+02
1.069837296620776007e-01 6.960375923964878666e+02
1.068335419274092646e-01 6.754412115005492296e+02
1.066833541927409285e-01 6.554542961142966533e+02
1.065331664580725923e-01 6.360588116029387038e+02
1.063829787234042562e-01 6.172372569928105577e+02
1.062327909887359201e-01 5.989726491798661527e+02
1.060826032540675840e-01 5.812485076054397268e+02
1.059324155193992478e-01 5.640488393854827791e+02
1.057822277847309256e-01 5.473581248798241177e+02
1.056320400500625756e-01 5.311613036884631356e+02
1.054818523153942533e-01 5.154437610622317152e+02
1.053316645807259033e-01 5.001913147155908064e+02
1.051814768460575811e-01 4.853902020296342812e+02
1.050312891113892311e-01 4.710270676337776194e+02
1.048811013767209088e-01 4.570889513549146841e+02
1.047309136420525588e-01 4.435632765231614485e+02
1.045807259073842366e-01 4.304378386236561482e+02
1.044305381727159004e-01 4.177007942841507884e+02
1.042803504380475643e-01 4.053406505884758531e+02
1.041301627033792282e-01 3.933462547062309795e+02
1.039799749687108921e-01 3.817067838293400541e+02
1.038297872340425559e-01 3.704117354063884022e+02
1.036795994993742198e-01 3.594509176659443597e+02
1.035294117647058837e-01 3.488144404202937494e+02
1.033792240300375476e-01 3.384927061413104070e+02
1.032290362953692114e-01 3.284764013003898526e+02
1.030788485607008753e-01 3.187564879646515124e+02
1.029286608260325531e-01 3.093241956418086147e+02
1.027784730913642031e-01 3.001710133663610236e+02
1.026282853566958808e-01 2.912886820199651652e+02
1.024780976220275308e-01 2.826691868790449575e+02
1.023279098873592086e-01 2.743047503829346851e+02
1.021777221526908586e-01 2.661878251160100035e+02
1.020275344180225363e-01 2.583110869974923389e+02
1.018773466833541863e-01 2.506674286727656806e+02
1.017271589486858641e-01 2.432499531002551691e+02
1.015769712140175279e-01 2.360519673280762163e+02
1.014267834793491918e-01 2.290669764548316323e+02
1.012765957446808557e-01 2.222886777691231259e+02
1.011264080100125196e-01 2.157109550624746817e+02
1.009762202753441834e-01 2.093278731105407360e+02
1.008260325406758473e-01 2.031336723176252974e+02
1.006758448060075112e-01 1.971227635196688652e+02
1.005256570713391751e-01 1.912897229410236264e+02
1.003754693366708389e-01 1.856292873004619821e+02
1.002252816020025028e-01 1.801363490619994820e+02
1.000750938673341806e-01 1.748059518262548409e+02
9.992490613266583055e-02 1.696332858581790219e+02
9.977471839799750830e-02 1.646136837471275385e+02
9.962453066332915830e-02 1.597426161953508483e+02
9.947434292866083605e-02 1.550156879311097384e+02
9.932415519399248605e-02 1.504286337427257934e+02
9.917396745932416380e-02 1.459773146299844768e+02
9.902377972465581379e-02 1.416577140694264472e+02
9.887359198998749155e-02 1.374659343901473392e+02
9.872340425531914154e-02 1.333981932568455875e+02
9.857321652065081929e-02 1.294508202569362822e+02
9.842302878598248317e-02 1.256202535886568086e+02
9.827284105131414704e-02 1.219030368471756702e+02
9.812265331664581092e-02 1.182958159058019021e+02
9.797246558197747479e-02 1.147953358894813078e+02
9.782227784730913867e-02 1.113984382378526448e+02
9.767209011264080254e-02 1.081020578552071640e+02
9.752190237797246641e-02 1.049032203447867744e+02
9.737171464330413029e-02 1.017990393249188514e+02
9.722152690863579416e-02 9.878671382457092420e+01
9.707133917396745804e-02 9.586352575597321390e+01
9.692115143929912191e-02 9.302683746202687587e+01
9.677096370463078578e-02 9.027408933628916543e+01
9.662077596996244966e-02 8.760279751338268284e+01
9.647058823529411353e-02 8.501055162775014651e+01
9.632040050062579128e-02 8.249501263872747359e+01
9.617021276595745516e-02 8.005391071997566144e+01
9.602002503128911903e-02 7.768504321136715873e+01
9.586983729662078291e-02 7.538627263147685653e+01
9.571964956195244678e-02 7.315552474888468737e+01
9.556946182728411066e-02 7.099078671055190171e+01
9.541927409261577453e-02 6.889010522557829574e+01
9.526908635794743840e-02 6.685158480270577286e+01
9.511889862327910228e-02 6.487338603997386599e+01
9.496871088861076615e-02 6.295372396498714096e+01
9.481852315394243003e-02 6.109086642429554814e+01
9.466833541927409390e-02 5.928313252043336234e+01
9.451814768460575777e-02 5.752889109520918964e+01
9.436795994993742165e-02 5.582655925787506845e+01
9.421777221526908552e-02 5.417460095685003552e+01
9.406758448060074940e-02 5.257152559370615563e+01
9.391739674593241327e-02 5.101588667816934475e+01
9.376720901126407715e-02 4.950628052291868642e+01
9.361702127659574102e-02 4.804134497700865580e+01
9.346683354192740489e-02 4.661975819677051902e+01
9.331664580725908265e-02 4.524023745308316080e+01
9.316645807259074652e-02 4.390153797393827517e+01
9.301627033792241039e-02 4.260245182125581209e+01
9.286608260325407427e-02 4.134180680093397342e+01
9.271589486858573814e-02 4.011846540515297477e+01
9.256570713391740202e-02 3.893132378597681509e+01
9.241551939924906589e-02 3.777931075932644234e+01
9.226533166458072976e-02 3.666138683842726920e+01
9.211514392991239364e-02 3.557654329585680841e+01
9.196495619524405751e-02 3.452380125334813954e+01
9.181476846057572139e-02 3.350221079852602202e+01
9.166458072590738526e-02 3.251085012778019490e+01
9.151439299123904914e-02 3.154882471450181924e+01
9.136420525657071301e-02 3.061526650193194854e+01
9.121401752190237688e-02 2.970933311989523773e+01
9.106382978723404076e-02 2.883020712471028091e+01
9.091364205256570463e-02 2.797709526159259141e+01
9.076345431789736851e-02 2.714922774888287549e+01
9.061326658322903238e-02 2.634585758345647477e+01
9.046307884856071013e-02 2.556625986668563044e+01
9.031289111389237401e-02 2.480973115034750975e+01
9.016270337922403788e-02 2.407558880188750550e+01
9.001251564455570175e-02 2.336317038846481609e+01
8.986232790988736563e-02 2.267183307922442026e+01
8.971214017521902950e-02 2.200095306525695804e+01
8.956195244055069338e-02 2.134992499672188515e+01
8.941176470588235725e-02 2.071816143662708853e+01
8.926157697121402113e-02 2.010509233077161895e+01
8.911138923654568500e-02 1.951016449337298297e+01
8.896120150187734887e-02 1.893284110791564245e+01
8.881101376720901275e-02 1.837260124276939877e+01
8.866082603254067662e-02 1.782893938114151311e+01
8.851063829787234050e-02 1.730136496493753384e+01
8.836045056320400437e-02 1.678940195212011233e+01
8.821026282853566824e-02 1.629258838716557634e+01
8.806007509386733212e-02 1.581047598423135803e+01
8.790988735919899599e-02 1.534262972265786829e+01
8.775969962453065987e-02 1.488862745443955404e+01
8.760951188986232374e-02 1.444805952331166488e+01
8.745932415519400149e-02 1.402052839510819915e+01
8.730913642052566537e-02 1.360564829905805873e+01
8.715894868585732924e-02 1.320304487969567475e+01
8.700876095118899312e-02 1.281235485907179950e+01
8.685857321652065699e-02 1.243322570895965917e+01
8.670838548185232086e-02 1.206531533276114310e+01
8.655819774718398474e-02 1.170829175682530554e+01
8.640801001251564861e-02 1.136183283090140428e+01
8.625782227784731249e-02 1.102562593745543928e+01
8.610763454317897636e-02 1.069936770958861771e+01
8.595744680851064023e-02 1.038276375730258039e+01
8.580725907384230411e-02 1.007552840186484922e+01
8.565707133917396798e-02 9.777384418034676727e+00
8.550688360450563186e-02 9.488062783916458187e+00
8.535669586983729573e-02 9.207302438215474893e+00
8.520650813516895961e-02 8.934850044676403868e+00
8.505632040050062348e-02 8.670459763492543104e+00
8.490613266583228735e-02 8.413893029479028840e+00
8.475594493116395123e-02 8.164918336810242039e+00
8.460575719649561510e-02 7.923311030127043075e+00
8.445556946182729285e-02 7.688853101825213976e+00
8.430538172715895673e-02 7.461332995342363716e+00
8.415519399249062060e-02 7.240545414265906921e+00
8.400500625782228448e-02 7.026291137089426542e+00
8.385481852315394835e-02 6.818376837450834671e+00
8.370463078848561223e-02 6.616614909689636725e+00
8.355444305381727610e-02 6.420823299566243314e+00
8.340425531914893997e-02 6.230825339990451184e+00
8.325406758448060385e-02 6.046449591610741692e+00
8.310387984981226772e-02 5.867529688120868059e+00
8.295369211514393160e-02 5.693904186143772250e+00
8.280350438047559547e-02 5.525416419557755532e+00
8.265331664580725934e-02 5.361914358133097025e+00
8.250312891113892322e-02 5.203250470351865609e+00
8.235294117647058709e-02 5.049281590286995858e+00
8.220275344180225097e-02 4.899868788420448595e+00
8.205256570713391484e-02 4.754877246284117120e+00
8.190237797246557871e-02 4.614176134810074714e+00
8.175219023779724259e-02 4.477638496280690106e+00
8.160200250312892034e-02 4.345141129771822541e+00
8.145181476846058422e-02 4.216564479985919434e+00
8.130162703379224809e-02 4.091792529374654208e+00
8.115143929912391196e-02 3.970712693453741338e+00
8.100125156445557584e-02 3.853215719215418833e+00
8.085106382978723971e-02 3.739195586547112260e+00
8.070087609511890359e-02 3.628549412567087629e+00
8.055068836045056746e-02 3.521177358791014900e+00
8.040050062578223133e-02 3.416982541045451516e+00
8.025031289111389521e-02 3.315870942047136172e+00
8.010012515644555908e-02 3.217751326569137316e+00
7.994993742177722296e-02 3.122535159117250991e+00
7.979974968710888683e-02 3.030136524042520207e+00
7.964956195244055071e-02 2.940472048017601203e+00
7.949937421777221458e-02 2.853460824807216856e+00
7.934918648310387845e-02 2.769024342264629901e+00
7.919899874843554233e-02 2.687086411488443627e+00
7.904881101376720620e-02 2.607573098075640416e+00
7.889862327909887008e-02 2.530412655408950329e+00
7.874843554443053395e-02 2.455535459918312124e+00
7.859824780976221170e-02 2.382873948257965502e+00
7.844806007509387558e-02 2.312362556342549169e+00
7.829787234042553945e-02 2.243937660187218519e+00
7.814768460575720332e-02 2.177537518498278146e+00
7.799749687108886720e-02 2.113102216962666091e+00
7.784730913642053107e-02 2.050573614185961180e+00
7.769712140175219495e-02 1.989895289230089181e+00
7.754693366708385882e-02 1.931012490703498674e+00
7.739674593241552270e-02 1.873872087357740579e+00
7.724655819774718657e-02 1.818422520146000920e+00
7.709637046307885044e-02 1.764613755700206177e+00
7.694618272841051432e-02 1.712397241184838048e+00
7.679599499374217819e-02 1.661725860486615858e+00
7.664580725907384207e-02 1.612553891700598374e+00
7.649561952440550594e-02 1.564836965874308428e+00
7.634543178973716981e-02 1.518532026972626570e+00
7.619524405506883369e-02 1.473597293027404609e+00
7.604505632040049756e-02 1.429992218436650919e+00
7.589486858573216144e-02 1.387677457379361101e+00
7.574468085106382531e-02 1.346614828312896472e+00
7.559449311639550306e-02 1.306767279520948621e+00
7.544430538172716694e-02 1.268098855680944048e+00
7.529411764705883081e-02 1.230574665420786307e+00
7.514392991239049469e-02 1.194160849835576022e+00
7.499374217772215856e-02 1.158824551935993430e+00
7.484355444305382243e-02 1.124533887000694898e+00
7.469336670838548631e-02 1.091257913806042312e+00
7.454317897371715018e-02 1.058966606707139491e+00
7.439299123904881406e-02 1.027630828545036623e+00
7.424280350438047793e-02 9.972223043556344146e-01
7.409261576971214180e-02 9.677135958565465934e-01
7.394242803504380568e-02 9.390780766889471609e-01
7.379224030037546955e-02 9.112899083920057430e-01
7.364205256570713343e-02 8.843240170882863405e-01
7.349186483103879730e-02 8.581560708590242337e-01
7.334167709637046118e-02 8.327624577889031210e-01
7.319148936170212505e-02 8.081202646605075701e-01
7.304130162703378892e-02 7.842072562792103962e-01
7.289111389236545280e-02 7.610018554098786359e-01
7.274092615769713055e-02 7.384831233072480794e-01
7.259073842302879442e-02 7.166307408224315001e-01
7.244055068836045830e-02 6.954249900685134378e-01
7.229036295369212217e-02 6.748467366286533542e-01
7.214017521902378605e-02 6.548774122906831918e-01
7.198998748435544992e-02 6.354989982926043668e-01
7.183979974968711379e-02 6.166940090638525218e-01
7.168961201501877767e-02 5.984454764476905275e-01
7.153942428035044154e-02 5.807369343904574821e-01
7.138923654568210542e-02 5.635524040838935100e-01
7.123904881101376929e-02 5.468763795471016653e-01
7.108886107634543317e-02 5.306938136351613267e-01
7.093867334167709704e-02 5.149901044617617440e-01
7.078848560700876091e-02 4.997510822235894379e-01
7.063829787234042479e-02 4.849629964146106031e-01
7.048811013767208866e-02 4.706125034186783851e-01
7.033792240300375254e-02 4.566866544693006236e-01
7.018773466833541641e-02 4.431728839656755015e-01
7.003754693366708028e-02 4.300589981344790647e-01
6.988735919899874416e-02 4.173331640271488729e-01
6.973717146433042191e-02 4.049838988427573727e-01
6.958698372966208578e-02 3.930000595668227681e-01
6.943679599499374966e-02 3.813708329167286304e-01
6.928660826032541353e-02 3.700857255846520810e-01
6.913642052565707741e-02 3.591345547692270657e-01
6.898623279098874128e-02 3.485074389873734635e-01
6.883604505632040516e-02 3.381947891580185384e-01
6.868585732165206903e-02 3.281872999496596166e-01
6.853566958698373290e-02 3.184759413839535203e-01
6.838548185231539678e-02 3.090519506877730804e-01
6.823529411764706065e-02 2.999068243863585170e-01
6.808510638297872453e-02 2.910323106304491536e-01
6.793491864831038840e-02 2.824204017504536313e-01
6.778473091364205227e-02 2.740633270309567049e-01
6.763454317897371615e-02 2.659535456990280156e-01
6.748435544430538002e-02 2.580837401200177794e-01
6.733416770963704390e-02 2.504468091946946973e-01
6.718397997496870777e-02 2.430358619517644370e-01
6.703379224030037165e-02 2.358442113299978049e-01
6.688360450563203552e-02 2.288653681443441334e-01
6.673341677096371327e-02 2.220930352306003386e-01
6.658322903629537715e-02 2.155211017633362203e-01
6.643304130162704102e-02 2.091436377419658155e-01
6.628285356695870489e-02 2.029548886399749896e-01
6.613266583229036877e-02 1.969492702124850114e-01
6.598247809762203264e-02 1.911213634574678855e-01
6.583229036295369652e-02 1.854659097260569212e-01
6.568210262828536039e-02 1.799778059775548611e-01
6.553191489361702426e-02 1.746521001748467528e-01
6.538172715894868814e-02 1.694839868160671337e-01
6.523153942428035201e-02 1.644688025984920032e-01
6.508135168961201589e-02 1.596020222107341902e-01
6.493116395494367976e-02 1.548792542494575875e-01
6.478097622027534364e-02 1.502962372569157379e-01
6.463078848560700751e-02 1.458488358757467074e-01
6.448060075093867138e-02 1.415330371175456126e-01
6.433041301627033526e-02 1.373449467418588754e-01
6.418022528160199913e-02 1.332807857423244646e-01
6.403003754693366301e-02 1.293368869367906293e-01
6.387984981226532688e-02 1.255096916583385291e-01
6.372966207759700463e-02 1.217957465442159604e-01
6.357947434292866851e-02 1.181917004197917814e-01
6.342928660826033238e-02 1.146943012747209667e-01
6.327909887359199625e-02 1.113003933285794805e-01
6.312891113892366013e-02 1.080069141833362445e-01
6.297872340425532400e-02 1.048108920600833160e-01
6.282853566958698788e-02 1.017094431175338404e-01
6.267834793491865175e-02 9.869976884986988996e-02
6.252816020025031563e-02 9.577915356158676896e-02
6.237797246558197950e-02 9.294496191706240473e-02
6.222778473091364337e-02 9.019463656263557172e-02
6.207759699624530725e-02 8.752569581904889873e-02
6.192740926157697112e-02 8.493573144217619886e-02
6.177722152690863500e-02 8.242240645000875610e-02
6.162703379224029887e-02 7.998345301394607643e-02
6.147684605757196274e-02 7.761667041248367094e-02
6.132665832290362662e-02 7.531992304545444272e-02
6.117647058823529049e-02 7.309113850702791959e-02
6.102628285356695437e-02 7.092830571573383036e-02
6.087609511889863212e-02 6.882947309981869710e-02
6.072590738423029599e-02 6.679274683629951581e-02
6.057571964956195987e-02 6.481628914212551884e-02
6.042553191489362374e-02 6.289831661590596090e-02
6.027534418022528762e-02 6.103709862870749375e-02
6.012515644555695149e-02 5.923095576247035254e-02
5.997496871088861536e-02 5.747825829463103914e-02
5.982478097622027924e-02 5.577742472758862730e-02
5.967459324155194311e-02 5.412692036168431642e-02
5.952440550688360699e-02 5.252525591040789477e-02
5.937421777221527086e-02 5.097098615658239573e-02
5.922403003754693473e-02 4.946270864831162767e-02
5.907384230287859861e-02 4.799906243351765439e-02
5.892365456821026248e-02 4.657872683192329499e-02
5.877346683354192636e-02 4.520042024337389552e-02
5.862327909887359023e-02 4.386289899142017945e-02
5.847309136420525411e-02 4.256495620112225875e-02
5.832290362953691798e-02 4.130542071005952748e-02
5.817271589486858185e-02 4.008315601156484803e-02
5.802252816020024573e-02 3.889705922923010484e-02
5.787234042553192348e-02 3.774606012175570069e-02
5.772215269086358735e-02 3.662912011724829553e-02
5.757196495619525123e-02 3.554523137609499894e-02
5.742177722152691510e-02 3.449341588156742272e-02
5.727158948685857898e-02 3.347272455733493746e-02
5.712140175219024285e-02 3.248223641109272697e-02
5.697121401752190673e-02 3.152105770352982284e-02
5.682102628285357060e-02 3.058832114188887383e-02
5.667083854818523447e-02 2.968318509738807412e-02
5.652065081351689835e-02 2.880483284580138276e-02
5.637046307884856222e-02 2.795247183051012552e-02
5.622027534418022610e-02 2.712533294736158354e-02
5.607008760951188997e-02 2.632266985068971304e-02
5.591989987484355384e-02 2.554375827987041825e-02
5.576971214017521772e-02 2.478789540580557740e-02
5.561952440550688159e-02 2.405439919674467325e-02
5.546933667083854547e-02 2.334260780287282858e-02
5.531914893617020934e-02 2.265187895910859839e-02
5.516896120150187321e-02 2.198158940557436158e-02
5.501877346683353709e-02 2.133113432521509950e-02
5.486858573216521484e-02 2.069992679805860575e-02
5.471839799749687872e-02 2.008739727162465322e-02
5.456821026282854259e-02 1.949299304700522623e-02
5.441802252816020646e-02 1.891617778015202561e-02
5.426783479349187034e-02 1.835643099792167929e-02
5.411764705882353421e-02 1.781324762844092163e-02
5.396745932415519809e-02 1.728613754536937469e-02
5.381727158948686196e-02 1.677462512564766028e-02
5.366708385481852583e-02 1.627824882033217582e-02
5.351689612015018971e-02 1.579656073812952394e-02
5.336670838548185358e-02 1.532912624125395799e-02
5.321652065081351746e-02 1.487552355324434430e-02
5.306633291614518133e-02 1.443534337838592828e-02
5.291614518147684521e-02 1.400818853239369291e-02
5.276595744680850908e-02 1.359367358402443528e-02
5.261576971214017295e-02 1.319142450729334642e-02
5.246558197747183683e-02 1.280107834398230143e-02
5.231539424280350070e-02 1.242228287613457265e-02
5.216520650813516458e-02 1.205469630824096416e-02
5.201501877346684233e-02 1.169798695882994996e-02
5.186483103879850620e-02 1.135183296118418526e-02
5.171464330413017008e-02 1.101592197291322885e-02
5.156445556946183395e-02 1.068995089412010102e-02
5.141426783479349782e-02 1.037362559390736343e-02
5.126408010012516170e-02 1.006666064497647485e-02
5.111389236545682557e-02 9.768779066080368612e-03
5.096370463078848945e-02 9.479712072097312009e-03
5.081351689612015332e-02 9.199198831499931853e-03
5.066332916145181720e-02 8.926986231001320105e-03
5.051314142678348107e-02 8.662828647165297935e-03
5.036295369211514494e-02 8.406487724774938664e-03
5.021276595744680882e-02 8.157732161759509437e-03
5.006257822277847269e-02 7.916337500485334452e-03
4.991239048811013657e-02 7.682085925222835801e-03
4.976220275344180044e-02 7.454766065606542591e-03
4.961201501877346431e-02 7.234172805911047617e-03
4.946182728410512819e-02 7.020107099970402872e-03
4.931163954943679206e-02 6.812375791574482031e-03
4.916145181476845594e-02 6.610791440179838302e-03
4.901126408010013369e-02 6.415172151777970636e-03
4.886107634543179756e-02 6.225341414768340020e-03
4.871088861076346144e-02 6.041127940688066807e-03
4.856070087609512531e-02 5.862365509654560332e-03
4.841051314142678919e-02 5.688892820381637704e-03
4.826032540675845306e-02 5.520553344633892696e-03
4.811013767209011693e-02 5.357195185987693488e-03
4.795994993742178081e-02 5.198670942771767625e-03
4.780976220275344468e-02 5.044837575063386599e-03
4.765957446808510856e-02 4.895556275620356959e-03
4.750938673341677243e-02 4.750692344632071948e-03
4.735919899874843630e-02 4.610115068176977651e-03
4.720901126408010018e-02 4.473697600276496482e-03
4.705882352941176405e-02 4.341316848439084192e-03
4.690863579474342793e-02 4.212853362591224317e-03
4.675844806007509180e-02 4.088191227294895279e-03
4.660826032540675568e-02 3.967217957154575529e-03
4.645807259073841955e-02 3.849824395319161041e-03
4.630788485607008342e-02 3.735904614987382594e-03
4.615769712140174730e-02 3.625355823827634827e-03
4.600750938673342505e-02 3.518078271226254567e-03
4.585732165206508892e-02 3.413975158280263111e-03
4.570713391739675280e-02 3.312952550453707005e-03
4.555694618272841667e-02 3.214919292818327855e-03
4.540675844806008055e-02 3.119786927802521270e-03
4.525657071339174442e-02 3.027469615374094210e-03
4.510638297872340829e-02 2.937884055584955457e-03
4.495619524405507217e-02 2.850949413407665497e-03
4.480600750938673604e-02 2.766587245796254917e-03
4.465581977471839992e-02 2.684721430905318961e-03
4.450563204005006379e-02 2.605278099403589027e-03
4.435544430538172767e-02 2.528185567820042355e-03
4.420525657071339154e-02 2.453374273862268286e-03
4.405506883604505541e-02 2.380776713648913648e-03
4.390488110137671929e-02 2.310327380799431091e-03
4.375469336670838316e-02 2.241962707326220286e-03
4.360450563204004704e-02 2.175621006275861753e-03
4.345431789737171091e-02 2.111242416067566838e-03
4.330413016270337478e-02 2.048768846478787962e-03
4.315394242803505254e-02 1.988143926229118952e-03
4.300375469336671641e-02 1.929312952115245453e-03
4.285356695869838028e-02 1.872222839651037059e-03
4.270337922403004416e-02 1.816822075168245164e-03
4.255319148936170803e-02 1.763060669334575066e-03
4.240300375469337191e-02 1.710890112047236357e-03
4.225281602002503578e-02 1.660263328661165921e-03
4.210262828535669966e-02 1.611134637512564183e-03
4.195244055068836353e-02 1.563459708699309857e-03
4.180225281602002740e-02 1.517195524081131619e-03
4.165206508135169128e-02 1.472300338463359941e-03
4.150187734668335515e-02 1.428733641929336899e-03
4.135168961201501903e-02 1.386456123287420090e-03
4.120150187734668290e-02 1.345429634599622183e-03
4.105131414267834677e-02 1.305617156759903254e-03
4.090112640801001065e-02 1.266982766090985835e-03
4.075093867334167452e-02 1.229491601929647926e-03
4.060075093867333840e-02 1.193109835171167823e-03
4.045056320400500227e-02 1.157804637744593804e-03
4.030037546933666615e-02 1.123544152991225349e-03
4.015018773466834390e-02 1.090297466919668131e-03
3.999999999999999389e-02 1.058034580311433253e-03
---------------
