field_vs_length
---------------
1.600000000000000033e-01 2.000000000000000000e+06
1.598498122653316811e-01 2.000000000000000000e+06
1.596996245306633311e-01 2.000000000000000000e+06
1.595494367959950088e-01 2.000000000000000000e+06
1.593992490613266588e-01 2.000000000000000000e+06
1.592490613266583366e-01 2.000000000000000000e+06
1.590988735919899866e-01 2.000000000000000000e+06
1.589486858573216643e-01 2.000000000000000000e+06
1.587984981226533143e-01 2.000000000000000000e+06
1.586483103879849921e-01 2.000000000000000000e+06
1.584981226533166421e-01 2.000000000000000000e+06
1.583479349186483198e-01 2.000000000000000000e+06
1.581977471839799698e-01 2.000000000000000000e+06
1.580475594493116476e-01 2.000000000000000000e+06
1.578973717146432976e-01 2.000000000000000000e+06
1.577471839799749753e-01 2.000000000000000000e+06
1.575969962453066253e-01 2.000000000000000000e+06
1.574468085106383031e-01 2.000000000000000000e+06
1.572966207759699531e-01 2.000000000000000000e+06
1.571464330413016308e-01 2.000000000000000000e+06
1.569962453066333086e-01 2.000000000000000000e+06
1.568460575719649586e-01 2.000000000000000000e+06
1.566958698372966363e-01 2.000000000000000000e+06
1.565456821026282863e-01 2.000000000000000000e+06
1.563954943679599641e-01 2.000000000000000000e+06
1.562453066332916141e-01 2.000000000000000000e+06
1.560951188986232918e-01 2.000000000000000000e+06
1.559449311639549418e-01 2.000000000000000000e+06
1.557947434292866196e-01 2.000000000000000000e+06
1.556445556946182696e-01 2.000000000000000000e+06
1.554943679599499473e-01 2.000000000000000000e+06
1.553441802252815973e-01 2.000000000000000000e+06
1.551939924906132751e-01 2.000000000000000000e+06
1.550438047559449251e-01 2.000000000000000000e+06
1.548936170212766028e-01 2.000000000000000000e+06
1.547434292866082528e-01 2.000000000000000000e+06
1.545932415519399306e-01 2.000000000000000000e+06
1.544430538172715806e-01 2.000000000000000000e+06
1.542928660826032583e-01 2.000000000000000000e+06
1.541426783479349361e-01 2.000000000000000000e+06
1.539924906132665861e-01 2.000000000000000000e+06
1.538423028785982638e-01 2.000000000000000000e+06
1.536921151439299138e-01 2.000000000000000000e+06
1.535419274092615916e-01 2.000000000000000000e+06
1.533917396745932415e-01 2.000000000000000000e+06
1.532415519399249193e-01 2.000000000000000000e+06
1.530913642052565693e-01 2.000000000000000000e+06
1.529411764705882470e-01 2.000000000000000000e+06
1.527909887359198970e-01 2.000000000000000000e+06
1.526408010012515748e-01 2.000000000000000000e+06
1.524906132665832248e-01 2.000000000000000000e+06
1.523404255319149025e-01 2.000000000000000000e+06
1.521902377972465525e-01 2.000000000000000000e+06
1.520400500625782303e-01 2.000000000000000000e+06
1.518898623279098803e-01 2.000000000000000000e+06
1.517396745932415580e-01 2.000000000000000000e+06
1.515894868585732080e-01 2.000000000000000000e+06
1.514392991239048858e-01 2.000000000000000000e+06
1.512891113892365635e-01 2.000000000000000000e+06
1.511389236545682135e-01 2.000000000000000000e+06
1.509887359198998635e-01 2.000000000000000000e+06
1.508385481852315413e-01 2.000000000000000000e+06
1.506883604505632190e-01 2.000000000000000000e+06
1.505381727158948690e-01 2.000000000000000000e+06
1.503879849812265468e-01 2.000000000000000000e+06
1.502377972465581968e-01 2.000000000000000000e+06
1.500876095118898745e-01 2.000000000000000000e+06
1.499374217772215245e-01 2.000000000000000000e+06
1.497872340425532023e-01 2.000000000000000000e+06
1.496370463078848523e-01 2.000000000000000000e+06
1.494868585732165300e-01 2.000000000000000000e+06
1.493366708385481800e-01 2.000000000000000000e+06
1.491864831038798578e-01 2.000000000000000000e+06
1.490362953692115078e-01 2.000000000000000000e+06
1.488861076345431855e-01 2.000000000000000000e+06
1.487359198998748355e-01 2.000000000000000000e+06
1.485857321652065133e-01 2.000000000000000000e+06
1.484355444305381633e-01 2.000000000000000000e+06
1.482853566958698410e-01 2.000000000000000000e+06
1.481351689612014910e-01 2.000000000000000000e+06
1.479849812265331688e-01 2.000000000000000000e+06
1.478347934918648465e-01 2.000000000000000000e+06
1.476846057571964965e-01 2.000000000000000000e+06
1.475344180225281743e-01 2.000000000000000000e+06
1.473842302878598243e-01 2.000000000000000000e+06
1.472340425531915020e-01 2.000000000000000000e+06
1.470838548185231520e-01 2.000000000000000000e+06
1.469336670838548298e-01 2.000000000000000000e+06
1.467834793491864798e-01 1.991423438417602330e+06
1.466332916145181575e-01 1.914740878763686400e+06
1.464831038798498075e-01 1.840327425295932684e+06
1.463329161451814853e-01 1.768115933113238774e+06
1.461827284105131353e-01 1.698041244192762300e+06
1.460325406758448130e-01 1.630040128596395720e+06
1.458823529411764630e-01 1.564051227416995913e+06
1.457321652065081408e-01 1.500014997412893455e+06
1.455819774718397908e-01 1.437873657280705636e+06
1.454317897371714685e-01 1.377571135517996503e+06
1.452816020025031185e-01 1.319053019828722114e+06
1.451314142678347963e-01 1.262266508025810355e+06
1.449812265331664740e-01 1.207160360386589542e+06
1.448310387984981240e-01 1.153684853418050334e+06
1.446808510638298018e-01 1.101791734990243567e+06
1.445306633291614518e-01 1.051434180797319161e+06
1.443804755944931295e-01 1.002566752106918022e+06
1.442302878598247795e-01 9.551453547598058358e+05
1.440801001251564573e-01 9.091271993827379774e+05
1.439299123904881073e-01 8.644707627786614466e+05
1.437797246558197850e-01 8.211357504594225902e+05
1.436295369211514350e-01 7.790830602871591691e+05
1.434793491864831128e-01 7.382747471915772185e+05
1.433291614518147628e-01 6.986739889312796295e+05
1.431789737171464405e-01 6.602450528682402801e+05
1.430287859824780905e-01 6.229532637254623696e+05
1.428785982478097683e-01 5.867649722987078130e+05
1.427284105131414182e-01 5.516475250940767583e+05
1.425782227784730960e-01 5.175692348640421405e+05
1.424280350438047460e-01 4.844993520153430291e+05
1.422778473091364237e-01 4.524080368629531004e+05
1.421276595744681015e-01 4.212663327050703811e+05
1.419774718397997515e-01 3.910461396948485635e+05
1.418272841051314292e-01 3.617201894852844998e+05
1.416770963704630792e-01 3.332620206243853318e+05
1.415269086357947570e-01 3.056459546784188133e+05
1.413767209011264070e-01 2.788470730616954388e+05
1.412265331664580847e-01 2.528411945519779110e+05
1.410763454317897347e-01 2.276048534712314140e+05
1.409261576971214125e-01 2.031152785120226908e+05
1.407759699624530625e-01 1.793503721904703416e+05
1.406257822277847402e-01 1.562886909071945120e+05
1.404755944931163902e-01 1.339094255982855102e+05
1.403254067584480680e-01 1.121923829588256776e+05
1.401752190237797180e-01 9.111796722202410456e+04
1.400250312891113957e-01 7.066716247752530035e+04
1.398748435544430457e-01 5.082151551293302327e+04
1.397246558197747235e-01 3.156311916306952480e+04
1.395744680851063735e-01 1.287459615194518119e+04
1.394242803504380512e-01 -5.260916587141691707e+03
1.392740926157697290e-01 -2.285978312752093188e+04
1.391239048811013790e-01 -3.993788331481488422e+04
1.389737171464330290e-01 -5.651062709567497950e+04
1.388235294117647067e-01 -7.259296842251461931e+04
1.386733416770963845e-01 -8.819941874679311877e+04
1.385231539424280345e-01 -1.033440601130155846e+05
1.383729662077597122e-01 -1.180405578652746044e+05
1.382227784730913622e-01 -1.323021729777903529e+05
1.380725907384230400e-01 -1.461417740205810987e+05
1.379224030037546900e-01 -1.595718487710583722e+05
1.377722152690863677e-01 -1.726045154820225434e+05
1.376220275344180177e-01 -1.852515338162305416e+05
1.374718397997496955e-01 -1.975243154573998181e+05
1.373216520650813455e-01 -2.094339344072205131e+05
1.371714643304130232e-01 -2.209911369776740903e+05
1.370212765957446732e-01 -2.322063514876653207e+05
1.368710888610763510e-01 -2.430896976727258298e+05
1.367209011264080010e-01 -2.536509958162744297e+05
1.365707133917396787e-01 -2.638997756106757442e+05
1.364205256570713565e-01 -2.738452847560922382e+05
1.362703379224030065e-01 -2.834964973048870452e+05
1.361201501877346565e-01 -2.928621217591102468e+05
1.359699624530663342e-01 -3.019506089283726760e+05
1.358197747183980120e-01 -3.107701595551968785e+05
1.356695869837296620e-01 -3.193287317147295107e+05
1.355193992490613397e-01 -3.276340479954867042e+05
1.353692115143929897e-01 -3.356936024676170200e+05
1.352190237797246675e-01 -3.435146674449655111e+05
1.350688360450563175e-01 -3.511043000470445841e+05
1.349186483103879952e-01 -3.584693485668263747e+05
1.347684605757196452e-01 -3.656164586501106387e+05
1.346182728410513230e-01 -3.725520792920362437e+05
1.344680851063829730e-01 -3.792824686561523704e+05
1.343178973717146507e-01 -3.858136997212980641e+05
1.341677096370463007e-01 -3.921516657613838906e+05
1.340175219023779785e-01 -3.983020856630237540e+05
1.338673341677096285e-01 -4.042705090858126059e+05
1.337171464330413062e-01 -4.100623214699061355e+05
1.335669586983729840e-01 -4.156827488954233122e+05
1.334167709637046340e-01 -4.211368627980524907e+05
1.332665832290362840e-01 -4.264295845451205969e+05
1.331163954943679617e-01 -4.315656898762512719e+05
1.329662077596996395e-01 -4.365498132126200944e+05
1.328160200250312895e-01 -4.413864518386952113e+05
1.326658322903629672e-01 -4.460799699602359906e+05
1.325156445556946172e-01 -4.506346026422125287e+05
1.323654568210262950e-01 -4.550544596301979618e+05
1.322152690863579449e-01 -4.593435290586829651e+05
1.320650813516896227e-01 -4.635056810496569960e+05
1.319148936170212727e-01 -4.675446712047053734e+05
1.317647058823529505e-01 -4.714641439937708783e+05
1.316145181476846004e-01 -4.752676360436396208e+05
1.314643304130162782e-01 -4.789585793291174341e+05
1.313141426783479282e-01 -4.825403042697767960e+05
1.311639549436796059e-01 -4.860160427350674290e+05
1.310137672090112559e-01 -4.893889309605034068e+05
1.308635794743429337e-01 -4.926620123775581014e+05
1.307133917396746114e-01 -4.958382403598190867e+05
1.305632040050062614e-01 -4.989204808878828771e+05
1.304130162703379114e-01 -5.019115151353916153e+05
1.302628285356695892e-01 -5.048140419785483391e+05
1.301126408010012669e-01 -5.076306804313718458e+05
1.299624530663329169e-01 -5.103639720088910544e+05
1.298122653316645947e-01 -5.130163830204104888e+05
1.296620775969962447e-01 -5.155903067949147662e+05
1.295118898623279224e-01 -5.180880658406228758e+05
1.293617021276595724e-01 -5.205119139406384202e+05
1.292115143929912502e-01 -5.228640381865873351e+05
1.290613266583229002e-01 -5.251465609520799480e+05
1.289111389236545779e-01 -5.273615418077743379e+05
1.287609511889862279e-01 -5.295109793797734892e+05
1.286107634543179057e-01 -5.315968131530287210e+05
1.284605757196495557e-01 -5.336209252213805448e+05
1.283103879849812334e-01 -5.355851419858130394e+05
1.281602002503128834e-01 -5.374912358024559217e+05
1.280100125156445612e-01 -5.393409265818205895e+05
1.278598247809762389e-01 -5.411358833407134516e+05
1.277096370463078889e-01 -5.428777257082259748e+05
1.275594493116395389e-01 -5.445680253871626919e+05
1.274092615769712167e-01 -5.462083075722226640e+05
1.272590738423028944e-01 -5.478000523262165952e+05
1.271088861076345444e-01 -5.493446959155600052e+05
1.269586983729661944e-01 -5.508436321062484058e+05
1.268085106382978722e-01 -5.522982134214827092e+05
1.266583229036295499e-01 -5.537097523620809661e+05
1.265081351689611999e-01 -5.550795225907769054e+05
1.263579474342928777e-01 -5.564087600814737380e+05
1.262077596996245277e-01 -5.576986642344907159e+05
1.260575719649562054e-01 -5.589503989588087425e+05
1.259073842302878554e-01 -5.601650937222908251e+05
1.257571964956195332e-01 -5.613438445708260406e+05
1.256070087609511832e-01 -5.624877151173155289e+05
1.254568210262828609e-01 -5.635977375013948185e+05
1.253066332916145109e-01 -5.646749133207551204e+05
1.251564455569461887e-01 -5.657202145349073689e+05
1.250062578222778664e-01 -5.667345843422035687e+05
1.248560700876095164e-01 -5.677189380309040425e+05
1.247058823529411803e-01 -5.686741638050633483e+05
1.245556946182728442e-01 -5.696011235859758453e+05
1.244055068836045080e-01 -5.705006537899064133e+05
1.242553191489361719e-01 -5.713735660828076070e+05
1.241051314142678358e-01 -5.722206481127033476e+05
1.239549436795994997e-01 -5.730426642204010859e+05
1.238047559449311635e-01 -5.738403561291737715e+05
1.236545682102628274e-01 -5.746144436140329344e+05
1.235043804755945052e-01 -5.753656251511975424e+05
1.233541927409261552e-01 -5.760945785483442014e+05
1.232040050062578329e-01 -5.768019615562087856e+05
1.230538172715894829e-01 -5.774884124620886287e+05
1.229036295369211607e-01 -5.781545506657834630e+05
1.227534418022528107e-01 -5.788009772384938551e+05
1.226032540675844884e-01 -5.794282754651806317e+05
1.224530663329161384e-01 -5.800370113708759891e+05
1.223028785982478162e-01 -5.806277342314200941e+05
1.221526908635794800e-01 -5.812009770690852311e+05
1.220025031289111439e-01 -5.817572571335333632e+05
1.218523153942428078e-01 -5.822970763685415732e+05
1.217021276595744717e-01 -5.828209218649175018e+05
1.215519399249061355e-01 -5.833292663000118919e+05
1.214017521902377994e-01 -5.838225683642257936e+05
1.212515644555694633e-01 -5.843012731748973019e+05
1.211013767209011271e-01 -5.847658126779403538e+05
1.209511889862327910e-01 -5.852166060375991510e+05
1.208010012515644549e-01 -5.856540600146694342e+05
1.206508135168961326e-01 -5.860785693335279357e+05
1.205006257822277826e-01 -5.864905170383004006e+05
1.203504380475594604e-01 -5.868902748384908773e+05
1.202002503128911104e-01 -5.872782034443839220e+05
1.200500625782227881e-01 -5.876546528925207676e+05
1.198998748435544381e-01 -5.880199628615451511e+05
1.197496871088861159e-01 -5.883744629787034355e+05
1.195994993742177659e-01 -5.887184731172737665e+05
1.194493116395494436e-01 -5.890523036851951620e+05
1.192991239048811075e-01 -5.893762559051556746e+05
1.191489361702127714e-01 -5.896906220863916678e+05
1.189987484355444353e-01 -5.899956858884454705e+05
1.188485607008760991e-01 -5.902917225771173835e+05
1.186983729662077630e-01 -5.905789992728439393e+05
1.185481852315394269e-01 -5.908577751917268615e+05
1.183979974968710908e-01 -5.911283018794294912e+05
1.182478097622027546e-01 -5.913908234381515067e+05
1.180976220275344185e-01 -5.916455767468883423e+05
1.179474342928660824e-01 -5.918927916751719313e+05
1.177972465581977601e-01 -5.921326912904871861e+05
1.176470588235294101e-01 -5.923654920595507137e+05
1.174968710888610879e-01 -5.925914040436336072e+05
1.173466833541927379e-01 -5.928106310881040990e+05
1.171964956195244156e-01 -5.930233710063619073e+05
1.170463078848560656e-01 -5.932298157583298162e+05
1.168961201501877434e-01 -5.934301516236629104e+05
1.167459324155193934e-01 -5.936245593698332086e+05
1.165957446808510711e-01 -5.938132144152399851e+05
1.164455569461827211e-01 -5.939962869874935132e+05
1.162953692115143989e-01 -5.941739422770156525e+05
1.161451814768460628e-01 -5.943463405860943021e+05
1.159949937421777266e-01 -5.945136374735279242e+05
1.158448060075093905e-01 -5.946759838949895930e+05
1.156946182728410544e-01 -5.948335263392380439e+05
1.155444305381727182e-01 -5.949864069602969103e+05
1.153942428035043821e-01 -5.951347637057241518e+05
1.152440550688360460e-01 -5.952787304410848301e+05
1.150938673341677099e-01 -5.954184370707412018e+05
1.149436795994993737e-01 -5.955540096550678136e+05
1.147934918648310376e-01 -5.956855705241994001e+05
1.146433041301627154e-01 -5.958132383884110022e+05
1.144931163954943654e-01 -5.959371284452338004e+05
1.143429286608260431e-01 -5.960573524833997944e+05
1.141927409261576931e-01 -5.961740189837114885e+05
1.140425531914893709e-01 -5.962872332169266883e+05
1.138923654568210209e-01 -5.963970973387461854e+05
1.137421777221526986e-01 -5.965037104819912929e+05
1.135919899874843486e-01 -5.966071688460538862e+05
1.134418022528160264e-01 -5.967075657836986938e+05
1.132916145181476902e-01 -5.968049918852979317e+05
1.131414267834793541e-01 -5.968995350605731364e+05
1.129912390488110180e-01 -5.969912806179173058e+05
1.128410513141426819e-01 -5.970803113413715037e+05
1.126908635794743457e-01 -5.971667075653220527e+05
1.125406758448060096e-01 -5.972505472469881643e+05
1.123904881101376735e-01 -5.973319060367648490e+05
1.122403003754693374e-01 -5.974108573464832734e+05
1.120901126408010012e-01 -5.974874724156523589e+05
1.119399249061326651e-01 -5.975618203757397132e+05
1.117897371714643429e-01 -5.976339683125502197e+05
1.116395494367959929e-01 -5.977039813267593272e+05
1.114893617021276706e-01 -5.977719225926548243e+05
1.113391739674593206e-01 -5.978378534151400672e+05
1.111889862327909984e-01 -5.979018332850509323e+05
1.110387984981226484e-01 -5.979639199328359682e+05
1.108886107634543261e-01 -5.980241693806474796e+05
1.107384230287859761e-01 -5.980826359928917373e+05
1.105882352941176539e-01 -5.981393725252830191e+05
1.104380475594493177e-01 -5.981944301724465331e+05
1.102878598247809816e-01 -5.982478586141122505e+05
1.101376720901126455e-01 -5.982997060599420220e+05
1.099874843554443093e-01 -5.983500192930303747e+05
1.098372966207759732e-01 -5.983988437121177558e+05
1.096871088861076371e-01 -5.984462233725547558e+05
1.095369211514393010e-01 -5.984922010260545649e+05
1.093867334167709648e-01 -5.985368181592685869e+05
1.092365456821026287e-01 -5.985801150312204845e+05
1.090863579474342926e-01 -5.986221307096333476e+05
1.089361702127659703e-01 -5.986629031061809510e+05
1.087859824780976203e-01 -5.987024690106962807e+05
1.086357947434292981e-01 -5.987408641243681777e+05
1.084856070087609481e-01 -5.987781230919549707e+05
1.083354192740926258e-01 -5.988142795330451336e+05
1.081852315394242758e-01 -5.988493660723934881e+05
1.080350438047559536e-01 -5.988834143693585647e+05
1.078848560700876036e-01 -5.989164551464701071e+05
1.077346683354192813e-01 -5.989485182171503548e+05
1.075844806007509313e-01 -5.989796325126155280e+05
1.074342928660826091e-01 -5.990098261079810327e+05
1.072841051314142730e-01 -5.990391262475942494e+05
1.071339173967459368e-01 -5.990675593696176074e+05
1.069837296620776007e-01 -5.990951511298845289e+05
1.068335419274092646e-01 -5.991219264250493143e+05
1.066833541927409285e-01 -5.991479094150514575e+05
1.065331664580725923e-01 -5.991731235449161613e+05
1.063829787234042562e-01 -5.991975915659093298e+05
1.062327909887359201e-01 -5.992213355560661294e+05
1.060826032540675840e-01 -5.992443769401129102e+05
1.059324155193992478e-01 -5.992667365087989019e+05
1.057822277847309256e-01 -5.992884344376561930e+05
1.056320400500625756e-01 -5.993094903052049922e+05
1.054818523153942533e-01 -5.993299231106190709e+05
1.053316645807259033e-01 -5.993497512908697827e+05
1.051814768460575811e-01 -5.993689927373614628e+05
1.050312891113892311e-01 -5.993876648120761383e+05
1.048811013767209088e-01 -5.994057843632386066e+05
1.047309136420525588e-01 -5.994233677405199269e+05
1.045807259073842366e-01 -5.994404308097892208e+05
1.044305381727159004e-01 -5.994569889674306614e+05
1.042803504380475643e-01 -5.994730571542349644e+05
1.041301627033792282e-01 -5.994886498688819120e+05
1.039799749687108921e-01 -5.995037811810218263e+05
1.038297872340425559e-01 -5.995184647439717082e+05
1.036795994993742198e-01 -5.995327138070343062e+05
1.035294117647058837e-01 -5.995465412274536211e+05
1.033792240300375476e-01 -5.995599594820162747e+05
1.032290362953692114e-01 -5.995729806783094537e+05
1.030788485607008753e-01 -5.995856165656459052e+05
1.029286608260325531e-01 -5.995978785456656478e+05
1.027784730913642031e-01 -5.996097776826237096e+05
1.026282853566958808e-01 -5.996213247133740224e+05
1.024780976220275308e-01 -5.996325300570572726e+05
1.023279098873592086e-01 -5.996434038245021366e+05
1.021777221526908586e-01 -5.996539558273492148e+05
1.020275344180225363e-01 -5.996641955869032536e+05
1.018773466833541863e-01 -5.996741323427254101e+05
1.017271589486858641e-01 -5.996837750609696377e+05
1.015769712140175279e-01 -5.996931324424735503e+05
1.014267834793491918e-01 -5.997022129306087736e+05
1.012765957446808557e-01 -5.997110247189000947e+05
1.011264080100125196e-01 -5.997195757584187668e+05
1.009762202753441834e-01 -5.997278737649562536e+05
1.008260325406758473e-01 -5.997359262259870302e+05
1.006758448060075112e-01 -5.997437404074243968e+05
1.005256570713391751e-01 -5.997513233601766406e+05
1.003754693366708389e-01 -5.997586819265093654e+05
1.002252816020025028e-01 -5.997658227462193463e+05
1.000750938673341806e-01 -5.997727522626258433e+05
9.992490613266583055e-02 -5.997794767283843830e+05
9.977471839799750830e-02 -5.997860022111287108e+05
9.962453066332915830e-02 -5.997923345989460358e+05
9.947434292866083605e-02 -5.997984796056895284e+05
9.932415519399248605e-02 -5.998044427761344705e+05
9.917396745932416380e-02 -5.998102294909809716e+05
9.902377972465581379e-02 -5.998158449717097683e+05
9.887359198998749155e-02 -5.998212942852928536e+05
9.872340425531914154e-02 -5.998265823487661546e+05
9.857321652065081929e-02 -5.998317139336660039e+05
9.842302878598248317e-02 -5.998366936703347601e+05
9.827284105131414704e-02 -5.998415260520987213e+05
9.812265331664581092e-02 -5.998462154393224046e+05
9.797246558197747479e-02 -5.998507660633436171e+05
9.782227784730913867e-02 -5.998551820302908309e+05
9.767209011264080254e-02 -5.998594673247882165e+05
9.752190237797246641e-02 -5.998636258135518292e+05
9.737171464330413029e-02 -5.998676612488776445e+05
9.722152690863579416e-02 -5.998715772720280802e+05
9.707133917396745804e-02 -5.998753774165172363e+05
9.692115143929912191e-02 -5.998790651112993946e+05
9.677096370463078578e-02 -5.998826436838628724e+05
9.662077596996244966e-02 -5.998861163632326061e+05
9.647058823529411353e-02 -5.998894862828839105e+05
9.632040050062579128e-02 -5.998927564835696248e+05
9.617021276595745516e-02 -5.998959299160640221e+05
9.602002503128911903e-02 -5.998990094438252272e+05
9.586983729662078291e-02 -5.999019978455790551e+05
9.571964956195244678e-02 -5.999048978178264806e+05
9.556946182728411066e-02 -5.999077119772762526e+05
9.541927409261577453e-02 -5.999104428632067284e+05
9.526908635794743840e-02 -5.999130929397564614e+05
9.511889862327910228e-02 -5.999156645981480833e+05
9.496871088861076615e-02 -5.999181601588454796e+05
9.481852315394243003e-02 -5.999205818736484507e+05
9.466833541927409390e-02 -5.999229319277234608e+05
9.451814768460575777e-02 -5.999252124415761791e+05
9.436795994993742165e-02 -5.999274254729647655e+05
9.421777221526908552e-02 -5.999295730187561130e+05
9.406758448060074940e-02 -5.999316570167281898e+05
9.391739674593241327e-02 -5.999336793473183643e+05
9.376720901126407715e-02 -5.999356418353201589e+05
9.361702127659574102e-02 -5.999375462515299441e+05
9.346683354192740489e-02 -5.999393943143441575e+05
9.331664580725908265e-02 -5.999411876913110027e+05
9.316645807259074652e-02 -5.999429280006338377e+05
9.301627033792241039e-02 -5.999446168126324192e+05
9.286608260325407427e-02 -5.999462556511587463e+05
9.271589486858573814e-02 -5.999478459949733224e+05
9.256570713391740202e-02 -5.999493892790782265e+05
9.241551939924906589e-02 -5.999508868960129330e+05
9.226533166458072976e-02 -5.999523401971100830e+05
9.211514392991239364e-02 -5.999537504937154008e+05
9.196495619524405751e-02 -5.999551190583705902e+05
9.181476846057572139e-02 -5.999564471259618877e+05
9.166458072590738526e-02 -5.999577358948339242e+05
9.151439299123904914e-02 -5.999589865278711077e+05
9.136420525657071301e-02 -5.999602001535474556e+05
9.121401752190237688e-02 -5.999613778669441817e+05
9.106382978723404076e-02 -5.999625207307378296e+05
9.091364205256570463e-02 -5.999636297761598835e+05
9.076345431789736851e-02 -5.999647060039264616e+05
9.061326658322903238e-02 -5.999657503851414658e+05
9.046307884856071013e-02 -5.999667638621733058e+05
9.031289111389237401e-02 -5.999677473495044978e+05
9.016270337922403788e-02 -5.999687017345575150e+05
9.001251564455570175e-02 -5.999696278784950264e+05
8.986232790988736563e-02 -5.999705266169969691e+05
8.971214017521902950e-02 -5.999713987610151526e+05
8.956195244055069338e-02 -5.999722450975042302e+05
8.941176470588235725e-02 -5.999730663901324151e+05
8.926157697121402113e-02 -5.999738633799699601e+05
8.911138923654568500e-02 -5.999746367861586623e+05
8.896120150187734887e-02 -5.999753873065597145e+05
8.881101376720901275e-02 -5.999761156183844432e+05
8.866082603254067662e-02 -5.999768223788045580e+05
8.851063829787234050e-02 -5.999775082255456364e+05
8.836045056320400437e-02 -5.999781737774622161e+05
8.821026282853566824e-02 -5.999788196350967046e+05
8.806007509386733212e-02 -5.999794463812204776e+05
8.790988735919899599e-02 -5.999800545813605422e+05
8.775969962453065987e-02 -5.999806447843092028e+05
8.760951188986232374e-02 -5.999812175226196414e+05
8.745932415519400149e-02 -5.999817733130863635e+05
8.730913642052566537e-02 -5.999823126572112087e+05
8.715894868585732924e-02 -5.999828360416564392e+05
8.700876095118899312e-02 -5.999833439386831596e+05
8.685857321652065699e-02 -5.999838368065783288e+05
8.670838548185232086e-02 -5.999843150900674518e+05
8.655819774718398474e-02 -5.999847792207160965e+05
8.640801001251564861e-02 -5.999852296173198847e+05
8.625782227784731249e-02 -5.999856666862813290e+05
8.610763454317897636e-02 -5.999860908219775883e+05
8.595744680851064023e-02 -5.999865024071155349e+05
8.580725907384230411e-02 -5.999869018130776240e+05
8.565707133917396798e-02 -5.999872894002565881e+05
8.550688360450563186e-02 -5.999876655183809344e+05
8.535669586983729573e-02 -5.999880305068303132e+05
8.520650813516895961e-02 -5.999883846949419240e+05
8.505632040050062348e-02 -5.999887284023074899e+05
8.490613266583228735e-02 -5.999890619390616193e+05
8.475594493116395123e-02 -5.999893856061621336e+05
8.460575719649561510e-02 -5.999896996956608491e+05
8.445556946182729285e-02 -5.999900044909676071e+05
8.430538172715895673e-02 -5.999903002671060385e+05
8.415519399249062060e-02 -5.999905872909614118e+05
8.400500625782228448e-02 -5.999908658215217292e+05
8.385481852315394835e-02 -5.999911361101112561e+05
8.370463078848561223e-02 -5.999913984006174142e+05
8.355444305381727610e-02 -5.999916529297105735e+05
8.340425531914893997e-02 -5.999918999270580243e+05
8.325406758448060385e-02 -5.999921396155309631e+05
8.310387984981226772e-02 -5.999923722114054253e+05
8.295369211514393160e-02 -5.999925979245579801e+05
8.280350438047559547e-02 -5.999928169586545555e+05
8.265331664580725934e-02 -5.999930295113343745e+05
8.250312891113892322e-02 -5.999932357743885368e+05
8.235294117647058709e-02 -5.999934359339326620e+05
8.220275344180225097e-02 -5.999936301705751102e+05
8.205256570713391484e-02 -5.999938186595798470e+05
8.190237797246557871e-02 -5.999940015710247681e+05
8.175219023779724259e-02 -5.999941790699547855e+05
8.160200250312892034e-02 -5.999943513165313052e+05
8.145181476846058422e-02 -5.999945184661759995e+05
8.130162703379224809e-02 -5.999946806697117863e+05
8.115143929912391196e-02 -5.999948380734984530e+05
8.100125156445557584e-02 -5.999949908195650205e+05
8.085106382978723971e-02 -5.999951390457374509e+05
8.070087609511890359e-02 -5.999952828857636778e+05
8.055068836045056746e-02 -5.999954224694336299e+05
8.040050062578223133e-02 -5.999955579226966947e+05
8.025031289111389521e-02 -5.999956893677753396e+05
8.010012515644555908e-02 -5.999958169232754735e+05
7.994993742177722296e-02 -5.999959407042931998e+05
7.979974968710888683e-02 -5.999960608225187752e+05
7.964956195244055071e-02 -5.999961773863375420e+05
7.949937421777221458e-02 -5.999962905009277165e+05
7.934918648310387845e-02 -5.999964002683550352e+05
7.919899874843554233e-02 -5.999965067876650719e+05
7.904881101376720620e-02 -5.999966101549725281e+05
7.889862327909887008e-02 -5.999967104635479627e+05
7.874843554443053395e-02 -5.999968078039020766e+05
7.859824780976221170e-02 -5.999969022638673196e+05
7.844806007509387558e-02 -5.999969939286767039e+05
7.829787234042553945e-02 -5.999970828810418025e+05
7.814768460575720332e-02 -5.999971692012259737e+05
7.799749687108886720e-02 -5.999972529671179364e+05
7.784730913642053107e-02 -5.999973342543015024e+05
7.769712140175219495e-02 -5.999974131361240288e+05
7.754693366708385882e-02 -5.999974896837620763e+05
7.739674593241552270e-02 -5.999975639662864851e+05
7.724655819774718657e-02 -5.999976360507238423e+05
7.709637046307885044e-02 -5.999977060021176003e+05
7.694618272841051432e-02 -5.999977738835865166e+05
7.679599499374217819e-02 -5.999978397563813487e+05
7.664580725907384207e-02 -5.999979036799407331e+05
7.649561952440550594e-02 -5.999979657119443873e+05
7.634543178973716981e-02 -5.999980259083649144e+05
7.619524405506883369e-02 -5.999980843235190259e+05
7.604505632040049756e-02 -5.999981410101160873e+05
7.589486858573216144e-02 -5.999981960193053819e+05
7.574468085106382531e-02 -5.999982494007231435e+05
7.559449311639550306e-02 -5.999983012025366770e+05
7.544430538172716694e-02 -5.999983514714876655e+05
7.529411764705883081e-02 -5.999984002529350109e+05
7.514392991239049469e-02 -5.999984475908952300e+05
7.499374217772215856e-02 -5.999984935280825011e+05
7.484355444305382243e-02 -5.999985381059468491e+05
7.469336670838548631e-02 -5.999985813647120958e+05
7.454317897371715018e-02 -5.999986233434112510e+05
7.439299123904881406e-02 -5.999986640799228335e+05
7.424280350438047793e-02 -5.999987036110042827e+05
7.409261576971214180e-02 -5.999987419723253697e+05
7.394242803504380568e-02 -5.999987791985003278e+05
7.379224030037546955e-02 -5.999988153231190518e+05
7.364205256570713343e-02 -5.999988503787778318e+05
7.349186483103879730e-02 -5.999988843971078750e+05
7.334167709637046118e-02 -5.999989174088048749e+05
7.319148936170212505e-02 -5.999989494436559035e+05
7.304130162703378892e-02 -5.999989805305668851e+05
7.289111389236545280e-02 -5.999990106975879753e+05
7.274092615769713055e-02 -5.999990399719397537e+05
7.259073842302879442e-02 -5.999990683800369734e+05
7.244055068836045830e-02 -5.999990959475128911e+05
7.229036295369212217e-02 -5.999991226992424345e+05
7.214017521902378605e-02 -5.999991486593639711e+05
7.198998748435544992e-02 -5.999991738513022428e+05
7.183979974968711379e-02 -5.999991982977882726e+05
7.168961201501877767e-02 -5.999992220208806684e+05
7.153942428035044154e-02 -5.999992450419852976e+05
7.138923654568210542e-02 -5.999992673818747280e+05
7.123904881101376929e-02 -5.999992890607066220e+05
7.108886107634543317e-02 -5.999993100980422460e+05
7.093867334167709704e-02 -5.999993305128641659e+05
7.078848560700876091e-02 -5.999993503235931275e+05
7.063829787234042479e-02 -5.999993695481047034e+05
7.048811013767208866e-02 -5.999993882037455915e+05
7.033792240300375254e-02 -5.999994063073492143e+05
7.018773466833541641e-02 -5.999994238752508536e+05
7.003754693366708028e-02 -5.999994409233024344e+05
6.988735919899874416e-02 -5.999994574668867281e+05
6.973717146433042191e-02 -5.999994735209315550e+05
6.958698372966208578e-02 -5.999994890999225900e+05
6.943679599499374966e-02 -5.999995042179172160e+05
6.928660826032541353e-02 -5.999995188885567477e+05
6.913642052565707741e-02 -5.999995331250787713e+05
6.898623279098874128e-02 -5.999995469403293682e+05
6.883604505632040516e-02 -5.999995603467740584e+05
6.868585732165206903e-02 -5.999995733565100236e+05
6.853566958698373290e-02 -5.999995859812762355e+05
6.838548185231539678e-02 -5.999995982324640499e+05
6.823529411764706065e-02 -5.999996101211282657e+05
6.808510638297872453e-02 -5.999996216579962056e+05
6.793491864831038840e-02 -5.999996328534777276e+05
6.778473091364205227e-02 -5.999996437176748877e+05
6.763454317897371615e-02 -5.999996542603905546e+05
6.748435544430538002e-02 -5.999996644911378389e+05
6.733416770963704390e-02 -5.999996744191480102e+05
6.718397997496870777e-02 -5.999996840533794602e+05
6.703379224030037165e-02 -5.999996934025252704e+05
6.688360450563203552e-02 -5.999997024750213604e+05
6.673341677096371327e-02 -5.999997112790541723e+05
6.658322903629537715e-02 -5.999997198225676548e+05
6.643304130162704102e-02 -5.999997281132709468e+05
6.628285356695870489e-02 -5.999997361586447805e+05
6.613266583229036877e-02 -5.999997439659486990e+05
6.598247809762203264e-02 -5.999997515422274591e+05
6.583229036295369652e-02 -5.999997588943173178e+05
6.568210262828536039e-02 -5.999997660288522020e+05
6.553191489361702426e-02 -5.999997729522697628e+05
6.538172715894868814e-02 -5.999997796708171954e+05
6.523153942428035201e-02 -5.999997861905565951e+05
6.508135168961201589e-02 -5.999997925173711265e+05
6.493116395494367976e-02 -5.999997986569694476e+05
6.478097622027534364e-02 -5.999998046148915309e+05
6.463078848560700751e-02 -5.999998103965133196e+05
6.448060075093867138e-02 -5.999998160070517333e+05
6.433041301627033526e-02 -5.999998214515692089e+05
6.418022528160199913e-02 -5.999998267349785892e+05
6.403003754693366301e-02 -5.999998318620469654e+05
6.387984981226532688e-02 -5.999998368374007987e+05
6.372966207759700463e-02 -5.999998416655295296e+05
6.357947434292866851e-02 -5.999998463507894194e+05
6.342928660826033238e-02 -5.999998508974083234e+05
6.327909887359199625e-02 -5.999998553094887175e+05
6.312891113892366013e-02 -5.999998595910115400e+05
6.297872340425532400e-02 -5.999998637458402663e+05
6.282853566958698788e-02 -5.999998677777239354e+05
6.267834793491865175e-02 -5.999998716903005261e+05
6.252816020025031563e-02 -5.999998754871003330e+05
6.237797246558197950e-02 -5.999998791715494590e+05
6.222778473091364337e-02 -5.999998827469724929e+05
6.207759699624530725e-02 -5.999998862165954197e+05
6.192740926157697112e-02 -5.999998895835491130e+05
6.177722152690863500e-02 -5.999998928508716635e+05
6.162703379224029887e-02 -5.999998960215110565e+05
6.147684605757196274e-02 -5.999998990983284311e+05
6.132665832290362662e-02 -5.999999020841000602e+05
6.117647058823529049e-02 -5.999999049815199105e+05
6.102628285356695437e-02 -5.999999077932025539e+05
6.087609511889863212e-02 -5.999999105216849130e+05
6.072590738423029599e-02 -5.999999131694290554e+05
6.057571964956195987e-02 -5.999999157388241729e+05
6.042553191489362374e-02 -5.999999182321884437e+05
6.027534418022528762e-02 -5.999999206517718267e+05
6.012515644555695149e-02 -5.999999229997574585e+05
5.997496871088861536e-02 -5.999999252782642143e+05
5.982478097622027924e-02 -5.999999274893478723e+05
5.967459324155194311e-02 -5.999999296350035584e+05
5.952440550688360699e-02 -5.999999317171672592e+05
5.937421777221527086e-02 -5.999999337377180345e+05
5.922403003754693473e-02 -5.999999356984787155e+05
5.907384230287859861e-02 -5.999999376012188150e+05
5.892365456821026248e-02 -5.999999394476551097e+05
5.877346683354192636e-02 -5.999999412394537358e+05
5.862327909887359023e-02 -5.999999429782313528e+05
5.847309136420525411e-02 -5.999999446655568900e+05
5.832290362953691798e-02 -5.999999463029530598e+05
5.817271589486858185e-02 -5.999999478918971727e+05
5.802252816020024573e-02 -5.999999494338229997e+05
5.787234042553192348e-02 -5.999999509301218204e+05
5.772215269086358735e-02 -5.999999523821438197e+05
5.757196495619525123e-02 -5.999999537911992520e+05
5.742177722152691510e-02 -5.999999551585593726e+05
5.727158948685857898e-02 -5.999999564854580676e+05
5.712140175219024285e-02 -5.999999577730926685e+05
5.697121401752190673e-02 -5.999999590226250002e+05
5.682102628285357060e-02 -5.999999602351825451e+05
5.667083854818523447e-02 -5.999999614118593745e+05
5.652065081351689835e-02 -5.999999625537173124e+05
5.637046307884856222e-02 -5.999999636617866345e+05
5.622027534418022610e-02 -5.999999647370671155e+05
5.607008760951188997e-02 -5.999999657805291936e+05
5.591989987484355384e-02 -5.999999667931142030e+05
5.576971214017521772e-02 -5.999999677757360041e+05
5.561952440550688159e-02 -5.999999687292810995e+05
5.546933667083854547e-02 -5.999999696546097985e+05
5.531914893617020934e-02 -5.999999705525573809e+05
5.516896120150187321e-02 -5.999999714239337482e+05
5.501877346683353709e-02 -5.999999722695254022e+05
5.486858573216521484e-02 -5.999999730900952127e+05
5.471839799749687872e-02 -5.999999738863835810e+05
5.456821026282854259e-02 -5.999999746591090225e+05
5.441802252816020646e-02 -5.999999754089688649e+05
5.426783479349187034e-02 -5.999999761366397142e+05
5.411764705882353421e-02 -5.999999768427780364e+05
5.396745932415519809e-02 -5.999999775280212052e+05
5.381727158948686196e-02 -5.999999781929873861e+05
5.366708385481852583e-02 -5.999999788382765837e+05
5.351689612015018971e-02 -5.999999794644709909e+05
5.336670838548185358e-02 -5.999999800721359206e+05
5.321652065081351746e-02 -5.999999806618193397e+05
5.306633291614518133e-02 -5.999999812340536155e+05
5.291614518147684521e-02 -5.999999817893549334e+05
5.276595744680850908e-02 -5.999999823282243451e+05
5.261576971214017295e-02 -5.999999828511481173e+05
5.246558197747183683e-02 -5.999999833585981978e+05
5.231539424280350070e-02 -5.999999838510322152e+05
5.216520650813516458e-02 -5.999999843288947595e+05
5.201501877346684233e-02 -5.999999847926169168e+05
5.186483103879850620e-02 -5.999999852426172001e+05
5.171464330413017008e-02 -5.999999856793014333e+05
5.156445556946183395e-02 -5.999999861030637985e+05
5.141426783479349782e-02 -5.999999865142867202e+05
5.126408010012516170e-02 -5.999999869133412139e+05
5.111389236545682557e-02 -5.999999873005872359e+05
5.096370463078848945e-02 -5.999999876763742650e+05
5.081351689612015332e-02 -5.999999880410415353e+05
5.066332916145181720e-02 -5.999999883949179202e+05
5.051314142678348107e-02 -5.999999887383227469e+05
5.036295369211514494e-02 -5.999999890715659130e+05
5.021276595744680882e-02 -5.999999893949482357e+05
5.006257822277847269e-02 -5.999999897087612189e+05
4.991239048811013657e-02 -5.999999900132883340e+05
4.976220275344180044e-02 -5.999999903088040883e+05
4.961201501877346431e-02 -5.999999905955753056e+05
4.946182728410512819e-02 -5.999999908738607774e+05
4.931163954943679206e-02 -5.999999911439114949e+05
4.916145181476845594e-02 -5.999999914059711155e+05
4.901126408010013369e-02 -5.999999916602761950e+05
4.886107634543179756e-02 -5.999999919070561882e+05
4.871088861076346144e-02 -5.999999921465336811e+05
4.856070087609512531e-02 -5.999999923789248569e+05
4.841051314142678919e-02 -5.999999926044393796e+05
4.826032540675845306e-02 -5.999999928232806269e+05
4.811013767209011693e-02 -5.999999930356462719e+05
4.795994993742178081e-02 -5.999999932417278178e+05
4.780976220275344468e-02 -5.999999934417111799e+05
4.765957446808510856e-02 -5.999999936357768020e+05
4.750938673341677243e-02 -5.999999938241000054e+05
4.735919899874843630e-02 -5.999999940068504075e+05
4.720901126408010018e-02 -5.999999941841930849e+05
4.705882352941176405e-02 -5.999999943562881090e+05
4.690863579474342793e-02 -5.999999945232906612e+05
4.675844806007509180e-02 -5.999999946853513829e+05
4.660826032540675568e-02 -5.999999948426166084e+05
4.645807259073841955e-02 -5.999999949952282477e+05
4.630788485607008342e-02 -5.999999951433240203e+05
4.615769712140174730e-02 -5.999999952870374545e+05
4.600750938673342505e-02 -5.999999954264982371e+05
4.585732165206508892e-02 -5.999999955618323293e+05
4.570713391739675280e-02 -5.999999956931617344e+05
4.555694618272841667e-02 -5.999999958206049632e+05
4.540675844806008055e-02 -5.999999959442770341e+05
4.525657071339174442e-02 -5.999999960642894730e+05
4.510638297872340829e-02 -5.999999961807507789e+05
4.495619524405507217e-02 -5.999999962937657256e+05
4.480600750938673604e-02 -5.999999964034365257e+05
4.465581977471839992e-02 -5.999999965098621324e+05
4.450563204005006379e-02 -5.999999966131384717e+05
4.435544430538172767e-02 -5.999999967133587925e+05
4.420525657071339154e-02 -5.999999968106134329e+05
4.405506883604505541e-02 -5.999999969049902866e+05
4.390488110137671929e-02 -5.999999969965744531e+05
4.375469336670838316e-02 -5.999999970854484709e+05
4.360450563204004704e-02 -5.999999971716926666e+05
4.345431789737171091e-02 -5.999999972553848056e+05
4.330413016270337478e-02 -5.999999973366004415e+05
4.315394242803505254e-02 -5.999999974154129159e+05
4.300375469336671641e-02 -5.999999974918931257e+05
4.285356695869838028e-02 -5.999999975661103381e+05
4.270337922403004416e-02 -5.999999976381312590e+05
4.255319148936170803e-02 -5.999999977080210811e+05
4.240300375469337191e-02 -5.999999977758429013e+05
4.225281602002503578e-02 -5.999999978416577214e+05
4.210262828535669966e-02 -5.999999979055249132e+05
4.195244055068836353e-02 -5.999999979675023351e+05
4.180225281602002740e-02 -5.999999980276458664e+05
4.165206508135169128e-02 -5.999999980860095238e+05
4.150187734668335515e-02 -5.999999981426462764e+05
4.135168961201501903e-02 -5.999999981976069976e+05
4.120150187734668290e-02 -5.999999982509415131e+05
4.105131414267834677e-02 -5.999999983026976697e+05
4.090112640801001065e-02 -5.999999983529223828e+05
4.075093867334167452e-02 -5.999999984016609378e+05
4.060075093867333840e-02 -5.999999984489572234e+05
4.045056320400500227e-02 -5.999999984948539641e+05
4.030037546933666615e-02 -5.999999985393926036e+05
4.015018773466834390e-02 -5.999999985826133052e+05
3.999999999999999389e-02 -5.999999986245550681e+05
---------------
