field_vs_length
---------------
1.600000000000000033e-01 2.100000000000000000e+06
1.597997496871088885e-01 2.100000000000000000e+06
1.595994993742177737e-01 2.100000000000000000e+06
1.593992490613266588e-01 2.100000000000000000e+06
1.591989987484355440e-01 2.100000000000000000e+06
1.589987484355444292e-01 2.100000000000000000e+06
1.587984981226533143e-01 2.100000000000000000e+06
1.585982478097621995e-01 2.100000000000000000e+06
1.583979974968710847e-01 2.100000000000000000e+06
1.581977471839799698e-01 2.100000000000000000e+06
1.579974968710888550e-01 2.100000000000000000e+06
1.577972465581977402e-01 2.100000000000000000e+06
1.575969962453066253e-01 2.100000000000000000e+06
1.573967459324155105e-01 2.100000000000000000e+06
1.571964956195244234e-01 2.100000000000000000e+06
1.569962453066333086e-01 2.100000000000000000e+06
1.567959949937421937e-01 2.100000000000000000e+06
1.565957446808510789e-01 2.100000000000000000e+06
1.563954943679599641e-01 2.100000000000000000e+06
1.561952440550688492e-01 2.100000000000000000e+06
1.559949937421777344e-01 2.100000000000000000e+06
1.557947434292866196e-01 2.100000000000000000e+06
1.555944931163955047e-01 2.100000000000000000e+06
1.553942428035043899e-01 2.100000000000000000e+06
1.551939924906132751e-01 2.100000000000000000e+06
1.549937421777221602e-01 2.100000000000000000e+06
1.547934918648310454e-01 2.100000000000000000e+06
1.545932415519399306e-01 2.100000000000000000e+06
1.543929912390488157e-01 2.100000000000000000e+06
1.541927409261577009e-01 2.100000000000000000e+06
1.539924906132665861e-01 2.100000000000000000e+06
1.537922403003754712e-01 2.100000000000000000e+06
1.535919899874843564e-01 2.100000000000000000e+06
1.533917396745932415e-01 2.100000000000000000e+06
1.531914893617021267e-01 2.100000000000000000e+06
1.529912390488110119e-01 2.100000000000000000e+06
1.527909887359198970e-01 2.100000000000000000e+06
1.525907384230287822e-01 2.100000000000000000e+06
1.523904881101376674e-01 2.100000000000000000e+06
1.521902377972465525e-01 2.100000000000000000e+06
1.519899874843554377e-01 2.100000000000000000e+06
1.517897371714643229e-01 2.100000000000000000e+06
1.515894868585732080e-01 2.100000000000000000e+06
1.513892365456820932e-01 2.100000000000000000e+06
1.511889862327910061e-01 2.100000000000000000e+06
1.509887359198998913e-01 2.100000000000000000e+06
1.507884856070087765e-01 2.100000000000000000e+06
1.505882352941176616e-01 2.100000000000000000e+06
1.503879849812265468e-01 2.100000000000000000e+06
1.501877346683354320e-01 2.100000000000000000e+06
1.499874843554443171e-01 2.100000000000000000e+06
1.497872340425532023e-01 2.100000000000000000e+06
1.495869837296620875e-01 2.100000000000000000e+06
1.493867334167709726e-01 2.100000000000000000e+06
1.491864831038798578e-01 2.100000000000000000e+06
1.489862327909887429e-01 2.100000000000000000e+06
1.487859824780976281e-01 2.100000000000000000e+06
1.485857321652065133e-01 2.100000000000000000e+06
1.483854818523153984e-01 2.100000000000000000e+06
1.481852315394242836e-01 2.100000000000000000e+06
1.479849812265331688e-01 2.100000000000000000e+06
1.477847309136420539e-01 2.100000000000000000e+06
1.475844806007509391e-01 2.100000000000000000e+06
1.473842302878598243e-01 2.100000000000000000e+06
1.471839799749687094e-01 2.100000000000000000e+06
1.469837296620775946e-01 2.100000000000000000e+06
1.467834793491864798e-01 2.100000000000000000e+06
1.465832290362953649e-01 2.100000000000000000e+06
1.463829787234042501e-01 2.100000000000000000e+06
1.461827284105131353e-01 2.100000000000000000e+06
1.459824780976220204e-01 2.100000000000000000e+06
1.457822277847309334e-01 2.100000000000000000e+06
1.455819774718398185e-01 2.100000000000000000e+06
1.453817271589487037e-01 2.100000000000000000e+06
1.451814768460575888e-01 2.100000000000000000e+06
1.449812265331664740e-01 2.097561738758591004e+06
1.447809762202753592e-01 2.071836458760228008e+06
1.445807259073842443e-01 2.046621204613603884e+06
1.443804755944931295e-01 2.021905864616554463e+06
1.441802252816020147e-01 1.997680527540126583e+06
1.439799749687108998e-01 1.973935478654025821e+06
1.437797246558197850e-01 1.950661195830859710e+06
1.435794743429286702e-01 1.927848345727619017e+06
1.433792240300375553e-01 1.905487780042866478e+06
1.431789737171464405e-01 1.883570531848125858e+06
1.429787234042553257e-01 1.862087811992008006e+06
1.427784730913642108e-01 1.841031005575626623e+06
1.425782227784730960e-01 1.820391668497891631e+06
1.423779724655819812e-01 1.800161524069297127e+06
1.421777221526908663e-01 1.780332459692839533e+06
1.419774718397997515e-01 1.760896523610746022e+06
1.417772215269086367e-01 1.741845921715695411e+06
1.415769712140175218e-01 1.723173014425262343e+06
1.413767209011264070e-01 1.704870313618328888e+06
1.411764705882352922e-01 1.686930479632233735e+06
1.409762202753441773e-01 1.669346318319454789e+06
1.407759699624530625e-01 1.652110778162644710e+06
1.405757196495619477e-01 1.635216947446867824e+06
1.403754693366708328e-01 1.618658051487894263e+06
1.401752190237797180e-01 1.602427449915448669e+06
1.399749687108886032e-01 1.586518634010321461e+06
1.397747183979974883e-01 1.570925224094271194e+06
1.395744680851064012e-01 1.555640966971677961e+06
1.393742177722152864e-01 1.540659733421914279e+06
1.391739674593241716e-01 1.525975515741435345e+06
1.389737171464330567e-01 1.511582425334599102e+06
1.387734668335419419e-01 1.497474690352246631e+06
1.385732165206508271e-01 1.483646653377104783e+06
1.383729662077597122e-01 1.470092769155074842e+06
1.381727158948685974e-01 1.456807602371500805e+06
1.379724655819774826e-01 1.443785825471524149e+06
1.377722152690863677e-01 1.431022216523654759e+06
1.375719649561952529e-01 1.418511657125695609e+06
1.373717146433041381e-01 1.406249130352185108e+06
1.371714643304130232e-01 1.394229718742534053e+06
1.369712140175219084e-01 1.382448602329048095e+06
1.367709637046307936e-01 1.370901056704047835e+06
1.365707133917396787e-01 1.359582451125307474e+06
1.363704630788485639e-01 1.348488246659059078e+06
1.361702127659574491e-01 1.337613994359808043e+06
1.359699624530663342e-01 1.326955333486240823e+06
1.357697121401752194e-01 1.316507989752497757e+06
1.355694618272841045e-01 1.306267773614122067e+06
1.353692115143929897e-01 1.296230578587986995e+06
1.351689612015018749e-01 1.286392379605533322e+06
1.349687108886107600e-01 1.276749231398656033e+06
1.347684605757196452e-01 1.267297266917591449e+06
1.345682102628285581e-01 1.258032695780170616e+06
1.343679599499374433e-01 1.248951802751817973e+06
1.341677096370463285e-01 1.240050946255686926e+06
1.339674593241552136e-01 1.231326556912331143e+06
1.337672090112640988e-01 1.222775136108327191e+06
1.335669586983729840e-01 1.214393254593280377e+06
1.333667083854818691e-01 1.206177551104640123e+06
1.331664580725907543e-01 1.198124731019783998e+06
1.329662077596996395e-01 1.190231565034822561e+06
1.327659574468085246e-01 1.182494887869599741e+06
1.325657071339174098e-01 1.174911596998367924e+06
1.323654568210262950e-01 1.167478651405625977e+06
1.321652065081351801e-01 1.160193070366626605e+06
1.319649561952440653e-01 1.153051932252060622e+06
1.317647058823529505e-01 1.146052373356438009e+06
1.315644555694618356e-01 1.139191586749698501e+06
1.313642052565707208e-01 1.132466821151590440e+06
1.311639549436796059e-01 1.125875379828364588e+06
1.309637046307884911e-01 1.119414619511342607e+06
1.307634543178973763e-01 1.113081949336926686e+06
1.305632040050062614e-01 1.106874829807623057e+06
1.303629536921151466e-01 1.100790771773664979e+06
1.301627033792240318e-01 1.094827335434825160e+06
1.299624530663329169e-01 1.088982129362019245e+06
1.297622027534418021e-01 1.083252809538306203e+06
1.295619524405506873e-01 1.077637078418901190e+06
1.293617021276595724e-01 1.072132684009825345e+06
1.291614518147684576e-01 1.066737418964821380e+06
1.289612015018773428e-01 1.061449119700174779e+06
1.287609511889862279e-01 1.056265665527082980e+06
1.285607008760951131e-01 1.051184977801227011e+06
1.283604505632039983e-01 1.046205019089203677e+06
1.281602002503128834e-01 1.041323792351482785e+06
1.279599499374217686e-01 1.036539340141564608e+06
1.277596996245306815e-01 1.031849743821014068e+06
1.275594493116395667e-01 1.027253122790055932e+06
1.273591989987484518e-01 1.022747633733427501e+06
1.271589486858573370e-01 1.018331469881179975e+06
1.269586983729662222e-01 1.014002860284135910e+06
1.267584480600751073e-01 1.009760069103712449e+06
1.265581977471839925e-01 1.005601394915822544e+06
1.263579474342928777e-01 1.001525170028578490e+06
1.261576971214017628e-01 9.975297598135217559e+05
1.259574468085106480e-01 9.936135620501121739e+05
1.257571964956195332e-01 9.897750062832129188e+05
1.255569461827284183e-01 9.860125531933142338e+05
1.253566958698373035e-01 9.823246939792420017e+05
1.251564455569461887e-01 9.787099497531065717e+05
1.249561952440550738e-01 9.751668709472455084e+05
1.247559449311639590e-01 9.716940367329241708e+05
1.245556946182728442e-01 9.682900544505632715e+05
1.243554443053817293e-01 9.649535590512596536e+05
1.241551939924906145e-01 9.616832125493814237e+05
1.239549436795994997e-01 9.584777034860153217e+05
1.237546933667083848e-01 9.553357464030516567e+05
1.235544430538172839e-01 9.522560813276956324e+05
1.233541927409261690e-01 9.492374732671991223e+05
1.231539424280350542e-01 9.462787117136102170e+05
1.229536921151439394e-01 9.433786101583403070e+05
1.227534418022528245e-01 9.405360056163567351e+05
1.225531914893617097e-01 9.377497581598069519e+05
1.223529411764705949e-01 9.350187504608916352e+05
1.221526908635794939e-01 9.323418873437974835e+05
1.219524405506883791e-01 9.297180953455159906e+05
1.217521902377972642e-01 9.271463222853683401e+05
1.215519399249061494e-01 9.246255368430643575e+05
1.213516896120150346e-01 9.221547281451281160e+05
1.211514392991239197e-01 9.197329053595210426e+05
1.209511889862328049e-01 9.173590972983046668e+05
1.207509386733416901e-01 9.150323520281779347e+05
1.205506883604505752e-01 9.127517364887383301e+05
1.203504380475594604e-01 9.105163361183101078e+05
1.201501877346683456e-01 9.083252544871912105e+05
1.199499374217772307e-01 9.061776129381709034e+05
1.197496871088861159e-01 9.040725502341754036e+05
1.195494367959950011e-01 9.020092222128981957e+05
1.193491864831038862e-01 8.999868014482780127e+05
1.191489361702127714e-01 8.980044769186887424e+05
1.189486858573216566e-01 8.960614536817070330e+05
1.187484355444305417e-01 8.941569525553282583e+05
1.185481852315394269e-01 8.922902098055029055e+05
1.183479349186483121e-01 8.904604768398671877e+05
1.181476846057571972e-01 8.886670199075462297e+05
1.179474342928660963e-01 8.869091198049089871e+05
1.177471839799749814e-01 8.851860715871558059e+05
1.175469336670838666e-01 8.834971842856261646e+05
1.173466833541927518e-01 8.818417806307082064e+05
1.171464330413016369e-01 8.802191967802443542e+05
1.169461827284105221e-01 8.786287820533197373e+05
1.167459324155194073e-01 8.770698986693297047e+05
1.165456821026283063e-01 8.755419214922200190e+05
1.163454317897371915e-01 8.740442377797972877e+05
1.161451814768460766e-01 8.725762469380104449e+05
1.159449311639549618e-01 8.711373602801031666e+05
1.157446808510638470e-01 8.697270007905417588e+05
1.155444305381727321e-01 8.683446028936224757e+05
1.153441802252816173e-01 8.669896122266678140e+05
1.151439299123905025e-01 8.656614854177180678e+05
1.149436795994993876e-01 8.643596898676309502e+05
1.147434292866082728e-01 8.630837035365013871e+05
1.145431789737171580e-01 8.618330147343155695e+05
1.143429286608260431e-01 8.606071219157549785e+05
1.141426783479349283e-01 8.594055334790695924e+05
1.139424280350438135e-01 8.582277675689377356e+05
1.137421777221526986e-01 8.570733518832351547e+05
1.135419274092615838e-01 8.559418234836339252e+05
1.133416770963704689e-01 8.548327286099577323e+05
1.131414267834793541e-01 8.537456224982170388e+05
1.129411764705882393e-01 8.526800692022514995e+05
1.127409261576971244e-01 8.516356414189094212e+05
1.125406758448060096e-01 8.506119203166924417e+05
1.123404255319148948e-01 8.496084953677976737e+05
1.121401752190237938e-01 8.486249641834896756e+05
1.119399249061326790e-01 8.476609323527364759e+05
1.117396745932415641e-01 8.467160132840452716e+05
1.115394242803504493e-01 8.457898280504322611e+05
1.113391739674593345e-01 8.448820052374682855e+05
1.111389236545682196e-01 8.439921807943350868e+05
1.109386733416771048e-01 8.431199978878357215e+05
1.107384230287860039e-01 8.422651067592990585e+05
1.105381727158948890e-01 8.414271645843209699e+05
1.103379224030037742e-01 8.406058353352869162e+05
1.101376720901126594e-01 8.398007896466192324e+05
1.099374217772215445e-01 8.390117046826970764e+05
1.097371714643304297e-01 8.382382640083935112e+05
1.095369211514393148e-01 8.374801574621814070e+05
1.093366708385482000e-01 8.367370810317529831e+05
1.091364205256570852e-01 8.360087367321063066e+05
1.089361702127659703e-01 8.352948324860493885e+05
1.087359198998748555e-01 8.345950820070720511e+05
1.085356695869837407e-01 8.339092046845412115e+05
1.083354192740926258e-01 8.332369254711712711e+05
1.081351689612015110e-01 8.325779747727261856e+05
1.079349186483103962e-01 8.319320883399080485e+05
1.077346683354192813e-01 8.312990071623893455e+05
1.075344180225281665e-01 8.306784773649451090e+05
1.073341677096370517e-01 8.300702501056458568e+05
1.071339173967459368e-01 8.294740814760678913e+05
1.069336670838548220e-01 8.288897324034820776e+05
1.067334167709637072e-01 8.283169685549823334e+05
1.065331664580726062e-01 8.277555602435145993e+05
1.063329161451814914e-01 8.272052823357681045e+05
1.061326658322903765e-01 8.266659141618948197e+05
1.059324155193992617e-01 8.261372394270160003e+05
1.057321652065081469e-01 8.256190461244857870e+05
1.055319148936170320e-01 8.251111264508723980e+05
1.053316645807259172e-01 8.246132767226267606e+05
1.051314142678348162e-01 8.241252972944012145e+05
1.049311639549437014e-01 8.236469924789895304e+05
1.047309136420525866e-01 8.231781704688528553e+05
1.045306633291614717e-01 8.227186432592023630e+05
1.043304130162703569e-01 8.222682265726058977e+05
1.041301627033792421e-01 8.218267397850906709e+05
1.039299123904881272e-01 8.213940058537094155e+05
1.037296620775970124e-01 8.209698512455442687e+05
1.035294117647058976e-01 8.205541058681168361e+05
1.033291614518147827e-01 8.201466030011787079e+05
1.031289111389236679e-01 8.197471792298542568e+05
1.029286608260325531e-01 8.193556743791087065e+05
1.027284105131414382e-01 8.189719314495151630e+05
1.025281602002503234e-01 8.185957965542959282e+05
1.023279098873592086e-01 8.182271188576110872e+05
1.021276595744680937e-01 8.178657505140715512e+05
1.019274092615769789e-01 8.175115466094503645e+05
1.017271589486858641e-01 8.171643651025699219e+05
1.015269086357947492e-01 8.168240667683418142e+05
1.013266583229036344e-01 8.164905151419346221e+05
1.011264080100125196e-01 8.161635764640498674e+05
1.009261576971214047e-01 8.158431196272827219e+05
1.007259073842303038e-01 8.155290161235455889e+05
1.005256570713391889e-01 8.152211399925342994e+05
1.003254067584480741e-01 8.149193677712164354e+05
1.001251564455569593e-01 8.146235784443205921e+05
9.992490613266584443e-02 8.143336533958076034e+05
9.972465581977472959e-02 8.140494763613033574e+05
9.952440550688361476e-02 8.137709333814751590e+05
9.932415519399251380e-02 8.134979127563323127e+05
9.912390488110139897e-02 8.132303050004329998e+05
9.892365456821028413e-02 8.129680027989781229e+05
9.872340425531916930e-02 8.127109009647775674e+05
9.852315394242805446e-02 8.124588963960676920e+05
9.832290362953693963e-02 8.122118880351660773e+05
9.812265331664582479e-02 8.119697768279460724e+05
9.792240300375470996e-02 8.117324656841146061e+05
9.772215269086359513e-02 8.114998594382770825e+05
9.752190237797248029e-02 8.112718648117750417e+05
9.732165206508136546e-02 8.110483903752800543e+05
9.712140175219025062e-02 8.108293465121284826e+05
9.692115143929913579e-02 8.106146453823846532e+05
9.672090112640802095e-02 8.104042008876153268e+05
9.652065081351690612e-02 8.101979286363625433e+05
9.632040050062579128e-02 8.099957459103022702e+05
9.612015018773467645e-02 8.097975716310722055e+05
9.591989987484356162e-02 8.096033263277584920e+05
9.571964956195246066e-02 8.094129321050269064e+05
9.551939924906134582e-02 8.092263126118850196e+05
9.531914893617023099e-02 8.090433930110649671e+05
9.511889862327911616e-02 8.088640999490119284e+05
9.491864831038800132e-02 8.086883615264687687e+05
9.471839799749688649e-02 8.085161072696429910e+05
9.451814768460577165e-02 8.083472681019458687e+05
9.431789737171465682e-02 8.081817763162914198e+05
9.411764705882354198e-02 8.080195655479453271e+05
9.391739674593242715e-02 8.078605707479109988e+05
9.371714643304131231e-02 8.077047281568445032e+05
9.351689612015019748e-02 8.075519752794856904e+05
9.331664580725908265e-02 8.074022508595968829e+05
9.311639549436796781e-02 8.072554948553981958e+05
9.291614518147686685e-02 8.071116484154898208e+05
9.271589486858575202e-02 8.069706538552514976e+05
9.251564455569463719e-02 8.068324546337103238e+05
9.231539424280352235e-02 8.066969953308671247e+05
9.211514392991240752e-02 8.065642216254717205e+05
9.191489361702129268e-02 8.064340802732396405e+05
9.171464330413017785e-02 8.063065190855003893e+05
9.151439299123906301e-02 8.061814869082687655e+05
9.131414267834794818e-02 8.060589336017312016e+05
9.111389236545683334e-02 8.059388100201395573e+05
9.091364205256571851e-02 8.058210679921021219e+05
9.071339173967460368e-02 8.057056603012668202e+05
9.051314142678348884e-02 8.055925406673863763e+05
9.031289111389237401e-02 8.054816637277593836e+05
9.011264080100127305e-02 8.053729850190387806e+05
8.991239048811015822e-02 8.052664609594021458e+05
8.971214017521904338e-02 8.051620488310739165e+05
8.951188986232792855e-02 8.050597067631953396e+05
8.931163954943681371e-02 8.049593937150336569e+05
8.911138923654569888e-02 8.048610694595240057e+05
8.891113892365458404e-02 8.047646945671373978e+05
8.871088861076346921e-02 8.046702303900697734e+05
8.851063829787235437e-02 8.045776390467428137e+05
8.831038798498123954e-02 8.044868834066130221e+05
8.811013767209012471e-02 8.043979270752822049e+05
8.790988735919900987e-02 8.043107343799024820e+05
8.770963704630789504e-02 8.042252703548707068e+05
8.750938673341678020e-02 8.041415007278070552e+05
8.730913642052567925e-02 8.040593919058112660e+05
8.710888610763456441e-02 8.039789109619912924e+05
8.690863579474344958e-02 8.039000256222587777e+05
8.670838548185233474e-02 8.038227042523875134e+05
8.650813516896121991e-02 8.037469158453267301e+05
8.630788485607010507e-02 8.036726300087671261e+05
8.610763454317899024e-02 8.035998169529534644e+05
8.590738423028787540e-02 8.035284474787377985e+05
8.570713391739676057e-02 8.034584929658705369e+05
8.550688360450564574e-02 8.033899253615232883e+05
8.530663329161453090e-02 8.033227171690389514e+05
8.510638297872341607e-02 8.032568414369056700e+05
8.490613266583230123e-02 8.031922717479482526e+05
8.470588235294118640e-02 8.031289822087349603e+05
8.450563204005008544e-02 8.030669474391936092e+05
8.430538172715897061e-02 8.030061425624337280e+05
8.410513141426785577e-02 8.029465431947708130e+05
8.390488110137674094e-02 8.028881254359477898e+05
8.370463078848562610e-02 8.028308658595508896e+05
8.350438047559451127e-02 8.027747415036150487e+05
8.330413016270339643e-02 8.027197298614161555e+05
8.310387984981228160e-02 8.026658088724451372e+05
8.290362953692116676e-02 8.026129569135615602e+05
8.270337922403005193e-02 8.025611527903224342e+05
8.250312891113893710e-02 8.025103757284828462e+05
8.230287859824782226e-02 8.024606053656651638e+05
8.210262828535670743e-02 8.024118217431935482e+05
8.190237797246559259e-02 8.023640052980900509e+05
8.170212765957447776e-02 8.023171368552295025e+05
8.150187734668337680e-02 8.022711976196503965e+05
8.130162703379226197e-02 8.022261691690173466e+05
8.110137672090114713e-02 8.021820334462334868e+05
8.090112640801003230e-02 8.021387727521999041e+05
8.070087609511891746e-02 8.020963697387172142e+05
8.050062578222780263e-02 8.020548074015291641e+05
8.030037546933668779e-02 8.020140690735034877e+05
8.010012515644557296e-02 8.019741384179483866e+05
7.989987484355445813e-02 8.019349994220606750e+05
7.969962453066334329e-02 8.018966363905052422e+05
7.949937421777222846e-02 8.018590339391201269e+05
7.929912390488111362e-02 8.018221769887479022e+05
7.909887359198999879e-02 8.017860507591883652e+05
7.889862327909888395e-02 8.017506407632713672e+05
7.869837296620778300e-02 8.017159328010478057e+05
7.849812265331666816e-02 8.016819129540942376e+05
7.829787234042555333e-02 8.016485675799323944e+05
7.809762202753443849e-02 8.016158833065577783e+05
7.789737171464332366e-02 8.015838470270774560e+05
7.769712140175220882e-02 8.015524458944537910e+05
7.749687108886109399e-02 8.015216673163529485e+05
7.729662077596997916e-02 8.014914989500946831e+05
7.709637046307886432e-02 8.014619286977032898e+05
7.689612015018774949e-02 8.014329447010558797e+05
7.669586983729663465e-02 8.014045353371268138e+05
7.649561952440551982e-02 8.013766892133271322e+05
7.629536921151440498e-02 8.013493951629357180e+05
7.609511889862329015e-02 8.013226422406214988e+05
7.589486858573218919e-02 8.012964197180537740e+05
7.569461827284107436e-02 8.012707170796003193e+05
7.549436795994995952e-02 8.012455240181104746e+05
7.529411764705884469e-02 8.012208304307817016e+05
7.509386733416772985e-02 8.011966264151080977e+05
7.489361702127661502e-02 8.011729022649095859e+05
7.469336670838550019e-02 8.011496484664395684e+05
7.449311639549438535e-02 8.011268556945695309e+05
7.429286608260327052e-02 8.011045148090496659e+05
7.409261576971215568e-02 8.010826168508435367e+05
7.389236545682104085e-02 8.010611530385354999e+05
7.369211514392992601e-02 8.010401147648086771e+05
7.349186483103881118e-02 8.010194935929939384e+05
7.329161451814769634e-02 8.009992812536864076e+05
7.309136420525659539e-02 8.009794696414290229e+05
7.289111389236548055e-02 8.009600508114628028e+05
7.269086357947436572e-02 8.009410169765400933e+05
7.249061326658325088e-02 8.009223605038023088e+05
7.229036295369213605e-02 8.009040739117189078e+05
7.209011264080102122e-02 8.008861498670870205e+05
7.188986232790990638e-02 8.008685811820907984e+05
7.168961201501879155e-02 8.008513608114193194e+05
7.148936170212767671e-02 8.008344818494407227e+05
7.128911138923656188e-02 8.008179375274333870e+05
7.108886107634544704e-02 8.008017212108714739e+05
7.088861076345433221e-02 8.007858263967641396e+05
7.068836045056321737e-02 8.007702467110481812e+05
7.048811013767210254e-02 8.007549759060316719e+05
7.028785982478100158e-02 8.007400078578883549e+05
7.008760951188988675e-02 8.007253365642022109e+05
6.988735919899877191e-02 8.007109561415604549e+05
6.968710888610765708e-02 8.006968608231937978e+05
6.948685857321654225e-02 8.006830449566642055e+05
6.928660826032542741e-02 8.006695030015981756e+05
6.908635794743431258e-02 8.006562295274648350e+05
6.888610763454319774e-02 8.006432192113982746e+05
6.868585732165208291e-02 8.006304668360628420e+05
6.848560700876096807e-02 8.006179672875611577e+05
6.828535669586985324e-02 8.006057155533835758e+05
6.808510638297873840e-02 8.005937067203973420e+05
6.788485607008762357e-02 8.005819359728768468e+05
6.768460575719650874e-02 8.005703985905726440e+05
6.748435544430539390e-02 8.005590899468180723e+05
6.728410513141429294e-02 8.005480055066742934e+05
6.708385481852317811e-02 8.005371408251113025e+05
6.688360450563206328e-02 8.005264915452259593e+05
6.668335419274094844e-02 8.005160533964943606e+05
6.648310387984983361e-02 8.005058221930591390e+05
6.628285356695871877e-02 8.004957938320516841e+05
6.608260325406760394e-02 8.004859642919457983e+05
6.588235294117648910e-02 8.004763296309456928e+05
6.568210262828537427e-02 8.004668859854054172e+05
6.548185231539425943e-02 8.004576295682784403e+05
6.528160200250314460e-02 8.004485566676002927e+05
6.508135168961202977e-02 8.004396636449991493e+05
6.488110137672091493e-02 8.004309469342371449e+05
6.468085106382980010e-02 8.004224030397798633e+05
6.448060075093869914e-02 8.004140285353952786e+05
6.428035043804758430e-02 8.004058200627791230e+05
6.408010012515646947e-02 8.003977743302085437e+05
6.387984981226535464e-02 8.003898881112217205e+05
6.367959949937423980e-02 8.003821582433243748e+05
6.347934918648312497e-02 8.003745816267214250e+05
6.327909887359201013e-02 8.003671552230739035e+05
6.307884856070089530e-02 8.003598760542803211e+05
6.287859824780978046e-02 8.003527412012829445e+05
6.267834793491866563e-02 8.003457478028966580e+05
6.247809762202755079e-02 8.003388930546618067e+05
6.227784730913643596e-02 8.003321742077197414e+05
6.207759699624532113e-02 8.003255885677100159e+05
6.187734668335420629e-02 8.003191334936905187e+05
6.167709637046310533e-02 8.003128063970778603e+05
6.147684605757199050e-02 8.003066047406095313e+05
6.127659574468087567e-02 8.003005260373267811e+05
6.107634543178976083e-02 8.002945678495765897e+05
6.087609511889864600e-02 8.002887277880345937e+05
6.067584480600753116e-02 8.002830035107469885e+05
6.047559449311641633e-02 8.002773927221909398e+05
6.027534418022530149e-02 8.002718931723547867e+05
6.007509386733418666e-02 8.002665026558347745e+05
5.987484355444307182e-02 8.002612190109515795e+05
5.967459324155195699e-02 8.002560401188827818e+05
5.947434292866084216e-02 8.002509639028136153e+05
5.927409261576972732e-02 8.002459883271037834e+05
5.907384230287861249e-02 8.002411113964713877e+05
5.887359198998751153e-02 8.002363311551929219e+05
5.867334167709639670e-02 8.002316456863183994e+05
5.847309136420528186e-02 8.002270531109033618e+05
5.827284105131416703e-02 8.002225515872548567e+05
5.807259073842305219e-02 8.002181393101930153e+05
5.787234042553193736e-02 8.002138145103274146e+05
5.767209011264082252e-02 8.002095754533472937e+05
5.747183979974970769e-02 8.002054204393258551e+05
5.727158948685859285e-02 8.002013478020392358e+05
5.707133917396747802e-02 8.001973559082974680e+05
5.687108886107636319e-02 8.001934431572902249e+05
5.667083854818524835e-02 8.001896079799445579e+05
5.647058823529413352e-02 8.001858488382957876e+05
5.627033792240301868e-02 8.001821642248707358e+05
5.607008760951190385e-02 8.001785526620829478e+05
5.586983729662080289e-02 8.001750127016407205e+05
5.566958698372968806e-02 8.001715429239658406e+05
5.546933667083857322e-02 8.001681419376243139e+05
5.526908635794745839e-02 8.001648083787687356e+05
5.506883604505634355e-02 8.001615409105911385e+05
5.486858573216522872e-02 8.001583382227867842e+05
5.466833541927411388e-02 8.001551990310288966e+05
5.446808510638299905e-02 8.001521220764536411e+05
5.426783479349188422e-02 8.001491061251553474e+05
5.406758448060076938e-02 8.001461499676912790e+05
5.386733416770965455e-02 8.001432524185972288e+05
5.366708385481853971e-02 8.001404123159117298e+05
5.346683354192742488e-02 8.001376285207101610e+05
5.326658322903631004e-02 8.001348999166482827e+05
5.306633291614520909e-02 8.001322254095139215e+05
5.286608260325409425e-02 8.001296039267890155e+05
5.266583229036297942e-02 8.001270344172188779e+05
5.246558197747186458e-02 8.001245158503910061e+05
5.226533166458074975e-02 8.001220472163215745e+05
5.206508135168963491e-02 8.001196275250505423e+05
5.186483103879852008e-02 8.001172558062447933e+05
5.166458072590740525e-02 8.001149311088088434e+05
5.146433041301629041e-02 8.001126525005034637e+05
5.126408010012517558e-02 8.001104190675719874e+05
5.106382978723406074e-02 8.001082299143737182e+05
5.086357947434294591e-02 8.001060841630245559e+05
5.066332916145183107e-02 8.001039809530456550e+05
5.046307884856071624e-02 8.001019194410176715e+05
5.026282853566961528e-02 8.000998988002425758e+05
5.006257822277850045e-02 8.000979182204128010e+05
4.986232790988738561e-02 8.000959769072853960e+05
4.966207759699627078e-02 8.000940740823642118e+05
4.946182728410515594e-02 8.000922089825873263e+05
4.926157697121404111e-02 8.000903808600213379e+05
4.906132665832292628e-02 8.000885889815610135e+05
4.886107634543181144e-02 8.000868326286359224e+05
4.866082603254069661e-02 8.000851110969214933e+05
4.846057571964958177e-02 8.000834236960574053e+05
4.826032540675846694e-02 8.000817697493699379e+05
4.806007509386735210e-02 8.000801485936013050e+05
4.785982478097623727e-02 8.000785595786432968e+05
4.765957446808512243e-02 8.000770020672765095e+05
4.745932415519402148e-02 8.000754754349152790e+05
4.725907384230290664e-02 8.000739790693565737e+05
4.705882352941179181e-02 8.000725123705349397e+05
4.685857321652067697e-02 8.000710747502817539e+05
4.665832290362956214e-02 8.000696656320893671e+05
4.645807259073844731e-02 8.000682844508799026e+05
4.625782227784733247e-02 8.000669306527784793e+05
4.605757196495621764e-02 8.000656036948913243e+05
4.585732165206510280e-02 8.000643030450883089e+05
4.565707133917398797e-02 8.000630281817887444e+05
4.545682102628287313e-02 8.000617785937529989e+05
4.525657071339175830e-02 8.000605537798773730e+05
4.505632040050064346e-02 8.000593532489925856e+05
4.485607008760952863e-02 8.000581765196674969e+05
4.465581977471841379e-02 8.000570231200156268e+05
4.445556946182731284e-02 8.000558925875060959e+05
4.425531914893619800e-02 8.000547844687780598e+05
4.405506883604508317e-02 8.000536983194591012e+05
4.385481852315396833e-02 8.000526337039866485e+05
4.365456821026285350e-02 8.000515901954337023e+05
4.345431789737173867e-02 8.000505673753373558e+05
4.325406758448062383e-02 8.000495648335310398e+05
4.305381727158950900e-02 8.000485821679802611e+05
4.285356695869839416e-02 8.000476189846211346e+05
4.265331664580727933e-02 8.000466748972024070e+05
4.245306633291616449e-02 8.000457495271305088e+05
4.225281602002504966e-02 8.000448425033180974e+05
4.205256570713393482e-02 8.000439534620344639e+05
4.185231539424281999e-02 8.000430820467608282e+05
4.165206508135171903e-02 8.000422279080461012e+05
4.145181476846060420e-02 8.000413907033676514e+05
4.125156445556948936e-02 8.000405700969937025e+05
4.105131414267837453e-02 8.000397657598484075e+05
4.085106382978725970e-02 8.000389773693804163e+05
4.065081351689614486e-02 8.000382046094330726e+05
4.045056320400503003e-02 8.000374471701178700e+05
4.025031289111391519e-02 8.000367047476900043e+05
4.005006257822280036e-02 8.000359770444267197e+05
3.984981226533168552e-02 8.000352637685078662e+05
3.964956195244057069e-02 8.000345646338991355e+05
3.944931163954945585e-02 8.000338793602365768e+05
3.924906132665834102e-02 8.000332076727150707e+05
3.904881101376722619e-02 8.000325493019777350e+05
3.884856070087612523e-02 8.000319039840077749e+05
3.864831038798501039e-02 8.000312714600228937e+05
3.844806007509389556e-02 8.000306514763712185e+05
3.824780976220278073e-02 8.000300437844299013e+05
3.804755944931166589e-02 8.000294481405051192e+05
3.784730913642055106e-02 8.000288643057347508e+05
3.764705882352943622e-02 8.000282920459918678e+05
3.744680851063832139e-02 8.000277311317916028e+05
3.724655819774720655e-02 8.000271813381990651e+05
3.704630788485609172e-02 8.000266424447383033e+05
3.684605757196497688e-02 8.000261142353049945e+05
3.664580725907386205e-02 8.000255964980790159e+05
3.644555694618274722e-02 8.000250890254398109e+05
3.624530663329163238e-02 8.000245916138831526e+05
3.604505632040053142e-02 8.000241040639394196e+05
3.584480600750941659e-02 8.000236261800936190e+05
3.564455569461830176e-02 8.000231577707069227e+05
3.544430538172718692e-02 8.000226986479401821e+05
3.524405506883607209e-02 8.000222486276779091e+05
3.504380475594495725e-02 8.000218075294554001e+05
3.484355444305384242e-02 8.000213751763853943e+05
3.464330413016272758e-02 8.000209513950876426e+05
3.444305381727161275e-02 8.000205360156195238e+05
3.424280350438049791e-02 8.000201288714073598e+05
3.404255319148938308e-02 8.000197297991801752e+05
3.384230287859826825e-02 8.000193386389038060e+05
3.364205256570715341e-02 8.000189552337172208e+05
3.344180225281603858e-02 8.000185794298689580e+05
3.324155193992492374e-02 8.000182110766558908e+05
3.304130162703380891e-02 8.000178500263628084e+05
3.284105131414269407e-02 8.000174961342030438e+05
3.264080100125157924e-02 8.000171492582604988e+05
3.244055068836046440e-02 8.000168092594323680e+05
3.224030037546934957e-02 8.000164760013741907e+05
3.204005006257823474e-02 8.000161493504442042e+05
3.183979974968711990e-02 8.000158291756506078e+05
3.163954943679603282e-02 8.000155153485982446e+05
3.143929912390491799e-02 8.000152077434377279e+05
3.123904881101380315e-02 8.000149062368145678e+05
3.103879849812268832e-02 8.000146107078202767e+05
3.083854818523157348e-02 8.000143210379428929e+05
3.063829787234045865e-02 8.000140371110206470e+05
3.043804755944934382e-02 8.000137588131943485e+05
3.023779724655822898e-02 8.000134860328623326e+05
3.003754693366711415e-02 8.000132186606356408e+05
2.983729662077599931e-02 8.000129565892937826e+05
2.963704630788488448e-02 8.000126997137421276e+05
2.943679599499376964e-02 8.000124479309697635e+05
2.923654568210265481e-02 8.000122011400078190e+05
2.903629536921153997e-02 8.000119592418895336e+05
2.883604505632042514e-02 8.000117221396099776e+05
2.863579474342931031e-02 8.000114897380874027e+05
2.843554443053819547e-02 8.000112619441254064e+05
2.823529411764708064e-02 8.000110386663750978e+05
2.803504380475596580e-02 8.000108198152986588e+05
2.783479349186485097e-02 8.000106053031333722e+05
2.763454317897373613e-02 8.000103950438568136e+05
2.743429286608262130e-02 8.000101889531515772e+05
2.723404255319150646e-02 8.000099869483722141e+05
2.703379224030039163e-02 8.000097889485118212e+05
2.683354192740927679e-02 8.000095948741692118e+05
2.663329161451816196e-02 8.000094046475178329e+05
2.643304130162704713e-02 8.000092181922737509e+05
2.623279098873593229e-02 8.000090354336656164e+05
2.603254067584484521e-02 8.000088562984045129e+05
2.583229036295373038e-02 8.000086807146542706e+05
2.563204005006261554e-02 8.000085086120032938e+05
2.543178973717150071e-02 8.000083399214356905e+05
2.523153942428038587e-02 8.000081745753040304e+05
2.503128911138927104e-02 8.000080125073019881e+05
2.483103879849815621e-02 8.000078536524377996e+05
2.463078848560704137e-02 8.000076979470081860e+05
2.443053817271592654e-02 8.000075453285729745e+05
2.423028785982481170e-02 8.000073957359297201e+05
2.403003754693369687e-02 8.000072491090896074e+05
2.382978723404258203e-02 8.000071053892530035e+05
2.362953692115146720e-02 8.000069645187860588e+05
2.342928660826035236e-02 8.000068264411975397e+05
2.322903629536923753e-02 8.000066911011162447e+05
2.302878598247812270e-02 8.000065584442687687e+05
2.282853566958700786e-02 8.000064284174576169e+05
2.262828535669589303e-02 8.000063009685401339e+05
2.242803504380477819e-02 8.000061760464071995e+05
2.222778473091366336e-02 8.000060536009633215e+05
2.202753441802254852e-02 8.000059335831057979e+05
2.182728410513143369e-02 8.000058159447058570e+05
2.162703379224031885e-02 8.000057006385886343e+05
2.142678347934920402e-02 8.000055876185145462e+05
2.122653316645808919e-02 8.000054768391607795e+05
2.102628285356697435e-02 8.000053682561032474e+05
2.082603254067585952e-02 8.000052618257984286e+05
2.062578222778474468e-02 8.000051575055662543e+05
2.042553191489365760e-02 8.000050552535725292e+05
2.022528160200254277e-02 8.000049550288126338e+05
2.002503128911142793e-02 8.000048567910951097e+05
1.982478097622031310e-02 8.000047605010250118e+05
1.962453066332919827e-02 8.000046661199885421e+05
1.942428035043808343e-02 8.000045736101374496e+05
1.922403003754696860e-02 8.000044829343738966e+05
1.902377972465585376e-02 8.000043940563355573e+05
1.882352941176473893e-02 8.000043069403809495e+05
1.862327909887362409e-02 8.000042215515752323e+05
1.842302878598250926e-02 8.000041378556761192e+05
1.822277847309139442e-02 8.000040558191204909e+05
1.802252816020027959e-02 8.000039754090101924e+05
1.782227784730916476e-02 8.000038965930996928e+05
1.762202753441804992e-02 8.000038193397824652e+05
1.742177722152693509e-02 8.000037436180789955e+05
1.722152690863582025e-02 8.000036693976233946e+05
1.702127659574470542e-02 8.000035966486524558e+05
1.682102628285359058e-02 8.000035253419924993e+05
1.662077596996247575e-02 8.000034554490486626e+05
1.642052565707136091e-02 8.000033869417925598e+05
1.622027534418024608e-02 8.000033197927519213e+05
1.602002503128913125e-02 8.000032539749988355e+05
1.581977471839801641e-02 8.000031894621395040e+05
1.561952440550690158e-02 8.000031262283031829e+05
1.541927409261578674e-02 8.000030642481321702e+05
1.521902377972467191e-02 8.000030034967715619e+05
1.501877346683355707e-02 8.000029439498590073e+05
1.481852315394244224e-02 8.000028855835152790e+05
1.461827284105135516e-02 8.000028283743346110e+05
1.441802252816024033e-02 8.000027722993752686e+05
1.421777221526912549e-02 8.000027173361504683e+05
1.401752190237801066e-02 8.000026634626188315e+05
1.381727158948689582e-02 8.000026106571764685e+05
1.361702127659578099e-02 8.000025588986474322e+05
1.341677096370466615e-02 8.000025081662759185e+05
1.321652065081355132e-02 8.000024584397174185e+05
1.301627033792243648e-02 8.000024096990308026e+05
1.281602002503132165e-02 8.000023619246702874e+05
1.261576971214020682e-02 8.000023150974776363e+05
1.241551939924909198e-02 8.000022691986744758e+05
1.221526908635797715e-02 8.000022242098547285e+05
1.201501877346686231e-02 8.000021801129770465e+05
1.181476846057574748e-02 8.000021368903579423e+05
1.161451814768463264e-02 8.000020945246645715e+05
1.141426783479351781e-02 8.000020529989075148e+05
1.121401752190240297e-02 8.000020122964344919e+05
1.101376720901128814e-02 8.000019724009230267e+05
1.081351689612017331e-02 8.000019332963745110e+05
1.061326658322905847e-02 8.000018949671073351e+05
1.041301627033794364e-02 8.000018573977508349e+05
1.021276595744682880e-02 8.000018205732393544e+05
1.001251564455571397e-02 8.000017844788054936e+05
9.812265331664599133e-03 8.000017490999749862e+05
9.612015018773484298e-03 8.000017144225601805e+05
9.411764705882369464e-03 8.000016804326550337e+05
9.211514392991254629e-03 8.000016471166290576e+05
9.011264080100167551e-03 8.000016144611220807e+05
8.811013767209052716e-03 8.000015824530386599e+05
8.610763454317937882e-03 8.000015510795429582e+05
8.410513141426823047e-03 8.000015203280539718e+05
8.210262828535708213e-03 8.000014901862398256e+05
8.010012515644593378e-03 8.000014606420130003e+05
7.809762202753478544e-03 8.000014316835260252e+05
7.609511889862363709e-03 8.000014032991658896e+05
7.409261576971248875e-03 8.000013754775503185e+05
7.209011264080134040e-03 8.000013482075221837e+05
7.008760951189019206e-03 8.000013214781458955e+05
6.808510638297904372e-03 8.000012952787025133e+05
6.608260325406789537e-03 8.000012695986856706e+05
6.408010012515674703e-03 8.000012444277972681e+05
6.207759699624559868e-03 8.000012197559435153e+05
6.007509386733445034e-03 8.000011955732303904e+05
5.807259073842330199e-03 8.000011718699604971e+05
5.607008760951215365e-03 8.000011486366284080e+05
5.406758448060100530e-03 8.000011258639170555e+05
5.206508135168985696e-03 8.000011035426943563e+05
5.006257822277870861e-03 8.000010816640092526e+05
4.806007509386756027e-03 8.000010602190877544e+05
4.605757196495641193e-03 8.000010391993304947e+05
4.405506883604526358e-03 8.000010185963079566e+05
4.205256570713411524e-03 8.000009984017580282e+05
4.005006257822296689e-03 8.000009786075825104e+05
3.804755944931181855e-03 8.000009592058436247e+05
3.604505632040067020e-03 8.000009401887609856e+05
3.404255319148952186e-03 8.000009215487083420e+05
3.204005006257865107e-03 8.000009032782107824e+05
3.003754693366750272e-03 8.000008853699415922e+05
2.803504380475635438e-03 8.000008678167192265e+05
2.603254067584520604e-03 8.000008506115047494e+05
2.403003754693405769e-03 8.000008337473984575e+05
2.202753441802290935e-03 8.000008172176375519e+05
2.002503128911176100e-03 8.000008010155934608e+05
1.802252816020061266e-03 8.000007851347688120e+05
1.602002503128946431e-03 8.000007695687952219e+05
1.401752190237831597e-03 8.000007543114303844e+05
1.201501877346716762e-03 8.000007393565560924e+05
1.001251564455601928e-03 8.000007246981749777e+05
8.010012515644870934e-04 8.000007103304089978e+05
6.007509386733722589e-04 8.000006962474962929e+05
4.005006257822574245e-04 8.000006824437895557e+05
2.002503128911425900e-04 8.000006689137531212e+05
2.775557561562891351e-17 8.000006556519613368e+05
---------------
