field_vs_length
---------------
1.600000000000000033e-01 2.100000000000000000e+06
1.597997496871088885e-01 2.100000000000000000e+06
1.595994993742177737e-01 2.100000000000000000e+06
1.593992490613266588e-01 2.100000000000000000e+06
1.591989987484355440e-01 2.100000000000000000e+06
1.589987484355444292e-01 2.100000000000000000e+06
1.587984981226533143e-01 2.100000000000000000e+06
1.585982478097621995e-01 2.100000000000000000e+06
1.583979974968710847e-01 2.100000000000000000e+06
1.581977471839799698e-01 2.100000000000000000e+06
1.579974968710888550e-01 2.100000000000000000e+06
1.577972465581977402e-01 2.100000000000000000e+06
1.575969962453066253e-01 2.100000000000000000e+06
1.573967459324155105e-01 2.100000000000000000e+06
1.571964956195244234e-01 2.100000000000000000e+06
1.569962453066333086e-01 2.100000000000000000e+06
1.567959949937421937e-01 2.100000000000000000e+06
1.565957446808510789e-01 2.100000000000000000e+06
1.563954943679599641e-01 2.100000000000000000e+06
1.561952440550688492e-01 2.100000000000000000e+06
1.559949937421777344e-01 2.100000000000000000e+06
1.557947434292866196e-01 2.100000000000000000e+06
1.555944931163955047e-01 2.100000000000000000e+06
1.553942428035043899e-01 2.100000000000000000e+06
1.551939924906132751e-01 2.100000000000000000e+06
1.549937421777221602e-01 2.100000000000000000e+06
1.547934918648310454e-01 2.100000000000000000e+06
1.545932415519399306e-01 2.100000000000000000e+06
1.543929912390488157e-01 2.100000000000000000e+06
1.541927409261577009e-01 2.100000000000000000e+06
1.539924906132665861e-01 2.100000000000000000e+06
1.537922403003754712e-01 2.100000000000000000e+06
1.535919899874843564e-01 2.100000000000000000e+06
1.533917396745932415e-01 2.100000000000000000e+06
1.531914893617021267e-01 2.100000000000000000e+06
1.529912390488110119e-01 2.100000000000000000e+06
1.527909887359198970e-01 2.100000000000000000e+06
1.525907384230287822e-01 2.100000000000000000e+06
1.523904881101376674e-01 2.100000000000000000e+06
1.521902377972465525e-01 2.100000000000000000e+06
1.519899874843554377e-01 2.100000000000000000e+06
1.517897371714643229e-01 2.100000000000000000e+06
1.515894868585732080e-01 2.100000000000000000e+06
1.513892365456820932e-01 2.100000000000000000e+06
1.511889862327910061e-01 2.100000000000000000e+06
1.509887359198998913e-01 2.100000000000000000e+06
1.507884856070087765e-01 2.100000000000000000e+06
1.505882352941176616e-01 2.100000000000000000e+06
1.503879849812265468e-01 2.100000000000000000e+06
1.501877346683354320e-01 2.100000000000000000e+06
1.499874843554443171e-01 2.100000000000000000e+06
1.497872340425532023e-01 2.100000000000000000e+06
1.495869837296620875e-01 2.100000000000000000e+06
1.493867334167709726e-01 2.100000000000000000e+06
1.491864831038798578e-01 2.100000000000000000e+06
1.489862327909887429e-01 2.100000000000000000e+06
1.487859824780976281e-01 2.100000000000000000e+06
1.485857321652065133e-01 2.100000000000000000e+06
1.483854818523153984e-01 2.100000000000000000e+06
1.481852315394242836e-01 2.100000000000000000e+06
1.479849812265331688e-01 2.100000000000000000e+06
1.477847309136420539e-01 2.100000000000000000e+06
1.475844806007509391e-01 2.100000000000000000e+06
1.473842302878598243e-01 2.100000000000000000e+06
1.471839799749687094e-01 2.100000000000000000e+06
1.469837296620775946e-01 2.100000000000000000e+06
1.467834793491864798e-01 2.100000000000000000e+06
1.465832290362953649e-01 2.100000000000000000e+06
1.463829787234042501e-01 2.100000000000000000e+06
1.461827284105131353e-01 2.100000000000000000e+06
1.459824780976220204e-01 2.100000000000000000e+06
1.457822277847309334e-01 2.100000000000000000e+06
1.455819774718398185e-01 2.100000000000000000e+06
1.453817271589487037e-01 2.100000000000000000e+06
1.451814768460575888e-01 2.100000000000000000e+06
1.449812265331664740e-01 2.099511981486055069e+06
1.447809762202753592e-01 2.094317836103340844e+06
1.445807259073842443e-01 2.089144451703704428e+06
1.443804755944931295e-01 2.083991745305560296e+06
1.441802252816020147e-01 2.078859634258999955e+06
1.439799749687108998e-01 2.073748036244467134e+06
1.437797246558197850e-01 2.068656869271435775e+06
1.435794743429286702e-01 2.063586051677095937e+06
1.433792240300375553e-01 2.058535502125043888e+06
1.431789737171464405e-01 2.053505139603977324e+06
1.429787234042553257e-01 2.048494883426395245e+06
1.427784730913642108e-01 2.043504653227304807e+06
1.425782227784730960e-01 2.038534368962932145e+06
1.423779724655819812e-01 2.033583950909437146e+06
1.421777221526908663e-01 2.028653319661636604e+06
1.419774718397997515e-01 2.023742396131728776e+06
1.417772215269086367e-01 2.018851101548026316e+06
1.415769712140175218e-01 2.013979357453691773e+06
1.413767209011264070e-01 2.009127085705479374e+06
1.411764705882352922e-01 2.004294208472481696e+06
1.409762202753441773e-01 1.999480648234881228e+06
1.407759699624530625e-01 1.994686327782706823e+06
1.405757196495619477e-01 1.989911170214595739e+06
1.403754693366708328e-01 1.985155098936559400e+06
1.401752190237797180e-01 1.980418037660754984e+06
1.399749687108886032e-01 1.975699910404262366e+06
1.397747183979974883e-01 1.971000641487864545e+06
1.395744680851064012e-01 1.966320155534834834e+06
1.393742177722152864e-01 1.961658377469726140e+06
1.391739674593241716e-01 1.957015232517168159e+06
1.389737171464330567e-01 1.952390646200667601e+06
1.387734668335419419e-01 1.947784544341413304e+06
1.385732165206508271e-01 1.943196853057086701e+06
1.383729662077597122e-01 1.938627498760676477e+06
1.381727158948685974e-01 1.934076408159298822e+06
1.379724655819774826e-01 1.929543508253020467e+06
1.377722152690863677e-01 1.925028726333689410e+06
1.375719649561952529e-01 1.920531989983767970e+06
1.373717146433041381e-01 1.916053227075170493e+06
1.371714643304130232e-01 1.911592365768107818e+06
1.369712140175219084e-01 1.907149334509933367e+06
1.367709637046307936e-01 1.902724062033997150e+06
1.365707133917396787e-01 1.898316477358500939e+06
1.363704630788485639e-01 1.893926509785360890e+06
1.361702127659574491e-01 1.889554088899073657e+06
1.359699624530663342e-01 1.885199144565585768e+06
1.357697121401752194e-01 1.880861606931169285e+06
1.355694618272841045e-01 1.876541406421302352e+06
1.353692115143929897e-01 1.872238473739550915e+06
1.351689612015018749e-01 1.867952739866459742e+06
1.349687108886107600e-01 1.863684136058443459e+06
1.347684605757196452e-01 1.859432593846684555e+06
1.345682102628285581e-01 1.855198045036035823e+06
1.343679599499374433e-01 1.850980421703925123e+06
1.341677096370463285e-01 1.846779656199267134e+06
1.339674593241552136e-01 1.842595681141377427e+06
1.337672090112640988e-01 1.838428429418892134e+06
1.335669586983729840e-01 1.834277834188690875e+06
1.333667083854818691e-01 1.830143828874825966e+06
1.331664580725907543e-01 1.826026347167452332e+06
1.329662077596996395e-01 1.821925323021766031e+06
1.327659574468085246e-01 1.817840690656943712e+06
1.325657071339174098e-01 1.813772384555088356e+06
1.323654568210262950e-01 1.809720339460176416e+06
1.321652065081351801e-01 1.805684490377013572e+06
1.319649561952440653e-01 1.801664772570190718e+06
1.317647058823529505e-01 1.797661121563046239e+06
1.315644555694618356e-01 1.793673473136631306e+06
1.313642052565707208e-01 1.789701763328680303e+06
1.311639549436796059e-01 1.785745928432584275e+06
1.309637046307884911e-01 1.781805904996369034e+06
1.307634543178973763e-01 1.777881629821678856e+06
1.305632040050062614e-01 1.773973039962760638e+06
1.303629536921151466e-01 1.770080072725455509e+06
1.301627033792240318e-01 1.766202665666193236e+06
1.299624530663329169e-01 1.762340756590989884e+06
1.297622027534418021e-01 1.758494283554451540e+06
1.295619524405506873e-01 1.754663184858778957e+06
1.293617021276595724e-01 1.750847399052779190e+06
1.291614518147684576e-01 1.747046864930878859e+06
1.289612015018773428e-01 1.743261521532144397e+06
1.287609511889862279e-01 1.739491308139301836e+06
1.285607008760951131e-01 1.735736164277764503e+06
1.283604505632039983e-01 1.731996029714661650e+06
1.281602002503128834e-01 1.728270844457874540e+06
1.279599499374217686e-01 1.724560548755071126e+06
1.277596996245306815e-01 1.720865083092750749e+06
1.275594493116395667e-01 1.717184388195286971e+06
1.273591989987484518e-01 1.713518405023978092e+06
1.271589486858573370e-01 1.709867074776100460e+06
1.269586983729662222e-01 1.706230338883963879e+06
1.267584480600751073e-01 1.702608139013973530e+06
1.265581977471839925e-01 1.699000417065693764e+06
1.263579474342928777e-01 1.695407115170916542e+06
1.261576971214017628e-01 1.691828175692731980e+06
1.259574468085106480e-01 1.688263541224605171e+06
1.257571964956195332e-01 1.684713154589455342e+06
1.255569461827284183e-01 1.681176958838738035e+06
1.253566958698373035e-01 1.677654897251531715e+06
1.251564455569461887e-01 1.674146913333628792e+06
1.249561952440550738e-01 1.670652950816628058e+06
1.247559449311639590e-01 1.667172953657033388e+06
1.245556946182728442e-01 1.663706866035354324e+06
1.243554443053817293e-01 1.660254632355211070e+06
1.241551939924906145e-01 1.656816197242441587e+06
1.239549436795994997e-01 1.653391505544214975e+06
1.237546933667083848e-01 1.649980502328145318e+06
1.235544430538172839e-01 1.646583132881411817e+06
1.233541927409261690e-01 1.643199342709880555e+06
1.231539424280350542e-01 1.639829077537230216e+06
1.229536921151439394e-01 1.636472283304082230e+06
1.227534418022528245e-01 1.633128906167132780e+06
1.225531914893617097e-01 1.629798892498289933e+06
1.223529411764705949e-01 1.626482188883812632e+06
1.221526908635794939e-01 1.623178742123455042e+06
1.219524405506883791e-01 1.619888499229611596e+06
1.217521902377972642e-01 1.616611407426468562e+06
1.215519399249061494e-01 1.613347414149157470e+06
1.213516896120150346e-01 1.610096467042910401e+06
1.211514392991239197e-01 1.606858513962222263e+06
1.209511889862328049e-01 1.603633502970012836e+06
1.207509386733416901e-01 1.600421382336794399e+06
1.205506883604505752e-01 1.597222100539841689e+06
1.203504380475594604e-01 1.594035606262365822e+06
1.201501877346683456e-01 1.590861848392690532e+06
1.199499374217772307e-01 1.587700776023434009e+06
1.197496871088861159e-01 1.584552338450689334e+06
1.195494367959950011e-01 1.581416485173214227e+06
1.193491864831038862e-01 1.578293165891619399e+06
1.191489361702127714e-01 1.575182330507561564e+06
1.189486858573216566e-01 1.572083929122941103e+06
1.187484355444305417e-01 1.568997912039100192e+06
1.185481852315394269e-01 1.565924229756027460e+06
1.183479349186483121e-01 1.562862832971561467e+06
1.181476846057571972e-01 1.559813672580602812e+06
1.179474342928660963e-01 1.556776699674324133e+06
1.177471839799749814e-01 1.553751865539386868e+06
1.175469336670838666e-01 1.550739121657159179e+06
1.173466833541927518e-01 1.547738419702938758e+06
1.171464330413016369e-01 1.544749711545175873e+06
1.169461827284105221e-01 1.541772949244703166e+06
1.167459324155194073e-01 1.538808085053966381e+06
1.165456821026283063e-01 1.535855071416256949e+06
1.163454317897371915e-01 1.532913860964951571e+06
1.161451814768460766e-01 1.529984406522750389e+06
1.159449311639549618e-01 1.527066661100920755e+06
1.157446808510638470e-01 1.524160577898544958e+06
1.155444305381727321e-01 1.521266110301767476e+06
1.153441802252816173e-01 1.518383211883048993e+06
1.151439299123905025e-01 1.515511836400419939e+06
1.149436795994993876e-01 1.512651937796740793e+06
1.147434292866082728e-01 1.509803470198960975e+06
1.145431789737171580e-01 1.506966387917386368e+06
1.143429286608260431e-01 1.504140645444942173e+06
1.141426783479349283e-01 1.501326197456446709e+06
1.139424280350438135e-01 1.498522998807882424e+06
1.137421777221526986e-01 1.495731004535672255e+06
1.135419274092615838e-01 1.492950169855958316e+06
1.133416770963704689e-01 1.490180450163884088e+06
1.131414267834793541e-01 1.487421801032877993e+06
1.129411764705882393e-01 1.484674178213942097e+06
1.127409261576971244e-01 1.481937537634940352e+06
1.125406758448060096e-01 1.479211835399894044e+06
1.123404255319148948e-01 1.476497027788276086e+06
1.121401752190237938e-01 1.473793071254310198e+06
1.119399249061326790e-01 1.471099922426272184e+06
1.117396745932415641e-01 1.468417538105795160e+06
1.115394242803504493e-01 1.465745875267175492e+06
1.113391739674593345e-01 1.463084891056683380e+06
1.111389236545682196e-01 1.460434542791874614e+06
1.109386733416771048e-01 1.457794787960907444e+06
1.107384230287860039e-01 1.455165584221859928e+06
1.105381727158948890e-01 1.452546889402049594e+06
1.103379224030037742e-01 1.449938661497358698e+06
1.101376720901126594e-01 1.447340858671559487e+06
1.099374217772215445e-01 1.444753439255644800e+06
1.097371714643304297e-01 1.442176361747156363e+06
1.095369211514393148e-01 1.439609584809522610e+06
1.093366708385482000e-01 1.437053067271393724e+06
1.091364205256570852e-01 1.434506768125980860e+06
1.089361702127659703e-01 1.431970646530400496e+06
1.087359198998748555e-01 1.429444661805016687e+06
1.085356695869837407e-01 1.426928773432791233e+06
1.083354192740926258e-01 1.424422941058631055e+06
1.081351689612015110e-01 1.421927124488743488e+06
1.079349186483103962e-01 1.419441283689989243e+06
1.077346683354192813e-01 1.416965378789242357e+06
1.075344180225281665e-01 1.414499370072748512e+06
1.073341677096370517e-01 1.412043217985490337e+06
1.071339173967459368e-01 1.409596883130550850e+06
1.069336670838548220e-01 1.407160326268482720e+06
1.067334167709637072e-01 1.404733508316678926e+06
1.065331664580726062e-01 1.402316390348744811e+06
1.063329161451814914e-01 1.399908933593874797e+06
1.061326658322903765e-01 1.397511099436230259e+06
1.059324155193992617e-01 1.395122849414319731e+06
1.057321652065081469e-01 1.392744145220382139e+06
1.055319148936170320e-01 1.390374948699772358e+06
1.053316645807259172e-01 1.388015221850349801e+06
1.051314142678348162e-01 1.385664926821867935e+06
1.049311639549437014e-01 1.383324025915367063e+06
1.047309136420525866e-01 1.380992481582570821e+06
1.045306633291614717e-01 1.378670256425283151e+06
1.043304130162703569e-01 1.376357313194788061e+06
1.041301627033792421e-01 1.374053614791252883e+06
1.039299123904881272e-01 1.371759124263132922e+06
1.037296620775970124e-01 1.369473804806578206e+06
1.035294117647058976e-01 1.367197619764843956e+06
1.033291614518147827e-01 1.364930532627702691e+06
1.031289111389236679e-01 1.362672507030857727e+06
1.029286608260325531e-01 1.360423506755360169e+06
1.027284105131414382e-01 1.358183495727028698e+06
1.025281602002503234e-01 1.355952438015869819e+06
1.023279098873592086e-01 1.353730297835502308e+06
1.021276595744680937e-01 1.351517039542583749e+06
1.019274092615769789e-01 1.349312627636237070e+06
1.017271589486858641e-01 1.347117026757481974e+06
1.015269086357947492e-01 1.344930201688668923e+06
1.013266583229036344e-01 1.342752117352912435e+06
1.011264080100125196e-01 1.340582738813529257e+06
1.009261576971214047e-01 1.338422031273478642e+06
1.007259073842303038e-01 1.336269960074802395e+06
1.005256570713391889e-01 1.334126490698071197e+06
1.003254067584480741e-01 1.331991588761828840e+06
1.001251564455569593e-01 1.329865220022042282e+06
9.992490613266584443e-02 1.327747350371551700e+06
9.972465581977472959e-02 1.325637945839523338e+06
9.952440550688361476e-02 1.323536972590904450e+06
9.932415519399251380e-02 1.321444396925881971e+06
9.912390488110139897e-02 1.319360185279339319e+06
9.892365456821028413e-02 1.317284304220321123e+06
9.872340425531916930e-02 1.315216720451494213e+06
9.852315394242805446e-02 1.313157400808615610e+06
9.832290362953693963e-02 1.311106312259999570e+06
9.812265331664582479e-02 1.309063421905987198e+06
9.792240300375470996e-02 1.307028696978420252e+06
9.772215269086359513e-02 1.305002104840114247e+06
9.752190237797248029e-02 1.302983612984335748e+06
9.732165206508136546e-02 1.300973189034280367e+06
9.712140175219025062e-02 1.298970800742553780e+06
9.692115143929913579e-02 1.296976415990654612e+06
9.672090112640802095e-02 1.294990002788458718e+06
9.652065081351690612e-02 1.293011529273706488e+06
9.632040050062579128e-02 1.291040963711491786e+06
9.612015018773467645e-02 1.289078274493752513e+06
9.591989987484356162e-02 1.287123430138764437e+06
9.571964956195246066e-02 1.285176399290635018e+06
9.551939924906134582e-02 1.283237150718801655e+06
9.531914893617023099e-02 1.281305653317529708e+06
9.511889862327911616e-02 1.279381876105414703e+06
9.491864831038800132e-02 1.277465788224884076e+06
9.471839799749688649e-02 1.275557358941703103e+06
9.451814768460577165e-02 1.273656557644482469e+06
9.431789737171465682e-02 1.271763353844184894e+06
9.411764705882354198e-02 1.269877717173639452e+06
9.391739674593242715e-02 1.267999617387051228e+06
9.371714643304131231e-02 1.266129024359518662e+06
9.351689612015019748e-02 1.264265908086548559e+06
9.331664580725908265e-02 1.262410238683576463e+06
9.311639549436796781e-02 1.260561986385485856e+06
9.291614518147686685e-02 1.258721121546131093e+06
9.271589486858575202e-02 1.256887614637862891e+06
9.251564455569463719e-02 1.255061436251052655e+06
9.231539424280352235e-02 1.253242557093623560e+06
9.211514392991240752e-02 1.251430947990577435e+06
9.191489361702129268e-02 1.249626579883530037e+06
9.171464330413017785e-02 1.247829423830242362e+06
9.151439299123906301e-02 1.246039451004157774e+06
9.131414267834794818e-02 1.244256632693939377e+06
9.111389236545683334e-02 1.242480940303009003e+06
9.091364205256571851e-02 1.240712345349089708e+06
9.071339173967460368e-02 1.238950819463747554e+06
9.051314142678348884e-02 1.237196334391937125e+06
9.031289111389237401e-02 1.235448861991548212e+06
9.011264080100127305e-02 1.233708374232955277e+06
8.991239048811015822e-02 1.231974843198565999e+06
8.971214017521904338e-02 1.230248241082375869e+06
8.951188986232792855e-02 1.228528540189519525e+06
8.931163954943681371e-02 1.226815712935829069e+06
8.911138923654569888e-02 1.225109731847389834e+06
8.891113892365458404e-02 1.223410569560100324e+06
8.871088861076346921e-02 1.221718198819233337e+06
8.851063829787235437e-02 1.220032592478998937e+06
8.831038798498123954e-02 1.218353723502108827e+06
8.811013767209012471e-02 1.216681564959341893e+06
8.790988735919900987e-02 1.215016090029114159e+06
8.770963704630789504e-02 1.213357271997046657e+06
8.750938673341678020e-02 1.211705084255537950e+06
8.730913642052567925e-02 1.210059500303337583e+06
8.710888610763456441e-02 1.208420493745119544e+06
8.690863579474344958e-02 1.206788038291060366e+06
8.670838548185233474e-02 1.205162107756417245e+06
8.650813516896121991e-02 1.203542676061107079e+06
8.630788485607010507e-02 1.201929717229289468e+06
8.610763454317899024e-02 1.200323205388948554e+06
8.590738423028787540e-02 1.198723114771479741e+06
8.570713391739676057e-02 1.197129419711274561e+06
8.550688360450564574e-02 1.195542094645310659e+06
8.530663329161453090e-02 1.193961114112740615e+06
8.510638297872341607e-02 1.192386452754484024e+06
8.490613266583230123e-02 1.190818085312820505e+06
8.470588235294118640e-02 1.189255986630985048e+06
8.450563204005008544e-02 1.187700131652763812e+06
8.430538172715897061e-02 1.186150495422092732e+06
8.410513141426785577e-02 1.184607053082657047e+06
8.390488110137674094e-02 1.183069779877492925e+06
8.370463078848562610e-02 1.181538651148589095e+06
8.350438047559451127e-02 1.180013642336493125e+06
8.330413016270339643e-02 1.178494728979916545e+06
8.310387984981228160e-02 1.176981886715342291e+06
8.290362953692116676e-02 1.175475091276634485e+06
8.270337922403005193e-02 1.173974318494648673e+06
8.250312891113893710e-02 1.172479544296844630e+06
8.230287859824782226e-02 1.170990744706899859e+06
8.210262828535670743e-02 1.169507895844324958e+06
8.190237797246559259e-02 1.168030973924081074e+06
8.170212765957447776e-02 1.166559955256198067e+06
8.150187734668337680e-02 1.165094816245394526e+06
8.130162703379226197e-02 1.163635533390699187e+06
8.110137672090114713e-02 1.162182083285073983e+06
8.090112640801003230e-02 1.160734442615038948e+06
8.070087609511891746e-02 1.159292588160298066e+06
8.050062578222780263e-02 1.157856496793366503e+06
8.030037546933668779e-02 1.156426145479200175e+06
8.010012515644557296e-02 1.155001511274825782e+06
7.989987484355445813e-02 1.153582571328973165e+06
7.969962453066334329e-02 1.152169302881708369e+06
7.949937421777222846e-02 1.150761683264069492e+06
7.929912390488111362e-02 1.149359689897701610e+06
7.909887359198999879e-02 1.147963300294495653e+06
7.889862327909888395e-02 1.146572492056227755e+06
7.869837296620778300e-02 1.145187242874199525e+06
7.849812265331666816e-02 1.143807530528880190e+06
7.829787234042555333e-02 1.142433332889550366e+06
7.809762202753443849e-02 1.141064627913947217e+06
7.789737171464332366e-02 1.139701393647911027e+06
7.769712140175220882e-02 1.138343608225032454e+06
7.749687108886109399e-02 1.136991249866302125e+06
7.729662077596997916e-02 1.135644296879761387e+06
7.709637046307886432e-02 1.134302727660154225e+06
7.689612015018774949e-02 1.132966520688581048e+06
7.669586983729663465e-02 1.131635654532152694e+06
7.649561952440551982e-02 1.130310107843647478e+06
7.629536921151440498e-02 1.128989859361168696e+06
7.609511889862329015e-02 1.127674887907803291e+06
7.589486858573218919e-02 1.126365172391281929e+06
7.569461827284107436e-02 1.125060691803641617e+06
7.549436795994995952e-02 1.123761425220887177e+06
7.529411764705884469e-02 1.122467351802657358e+06
7.509386733416772985e-02 1.121178450791890034e+06
7.489361702127661502e-02 1.119894701514488086e+06
7.469336670838550019e-02 1.118616083378989017e+06
7.449311639549438535e-02 1.117342575876235031e+06
7.429286608260327052e-02 1.116074158579042181e+06
7.409261576971215568e-02 1.114810811141874874e+06
7.389236545682104085e-02 1.113552513300518040e+06
7.369211514392992601e-02 1.112299244871753268e+06
7.349186483103881118e-02 1.111050985753033310e+06
7.329161451814769634e-02 1.109807715922161704e+06
7.309136420525659539e-02 1.108569415436970303e+06
7.289111389236548055e-02 1.107336064434999600e+06
7.269086357947436572e-02 1.106107643133180449e+06
7.249061326658325088e-02 1.104884131827516714e+06
7.229036295369213605e-02 1.103665510892768856e+06
7.209011264080102122e-02 1.102451760782139143e+06
7.188986232790990638e-02 1.101242862026958959e+06
7.168961201501879155e-02 1.100038795236375183e+06
7.148936170212767671e-02 1.098839541097040521e+06
7.128911138923656188e-02 1.097645080372802680e+06
7.108886107634544704e-02 1.096455393904396333e+06
7.088861076345433221e-02 1.095270462609135546e+06
7.068836045056321737e-02 1.094090267480607843e+06
7.048811013767210254e-02 1.092914789588369662e+06
7.028785982478100158e-02 1.091744010077641811e+06
7.008760951188988675e-02 1.090577910169008188e+06
6.988735919899877191e-02 1.089416471158113331e+06
6.968710888610765708e-02 1.088259674415363697e+06
6.948685857321654225e-02 1.087107501385627547e+06
6.928660826032542741e-02 1.085959933587938314e+06
6.908635794743431258e-02 1.084816952615197748e+06
6.888610763454319774e-02 1.083678540133880451e+06
6.868585732165208291e-02 1.082544677883740515e+06
6.848560700876096807e-02 1.081415347677518148e+06
6.828535669586985324e-02 1.080290531400647480e+06
6.808510638297873840e-02 1.079170211010966683e+06
6.788485607008762357e-02 1.078054368538428796e+06
6.768460575719650874e-02 1.076942986084812786e+06
6.748435544430539390e-02 1.075836045823436696e+06
6.728410513141429294e-02 1.074733529998871963e+06
6.708385481852317811e-02 1.073635420926658204e+06
6.688360450563206328e-02 1.072541700993019855e+06
6.668335419274094844e-02 1.071452352654583519e+06
6.648310387984983361e-02 1.070367358438096708e+06
6.628285356695871877e-02 1.069286700940147275e+06
6.608260325406760394e-02 1.068210362826884957e+06
6.588235294117648910e-02 1.067138326833742205e+06
6.568210262828537427e-02 1.066070575765158050e+06
6.548185231539425943e-02 1.065007092494302662e+06
6.528160200250314460e-02 1.063947859962801449e+06
6.508135168961202977e-02 1.062892861180461943e+06
6.488110137672091493e-02 1.061842079225002555e+06
6.468085106382980010e-02 1.060795497241778765e+06
6.448060075093869914e-02 1.059753098443514667e+06
6.428035043804758430e-02 1.058714866110032657e+06
6.408010012515646947e-02 1.057680783587985905e+06
6.387984981226535464e-02 1.056650834290591069e+06
6.367959949937423980e-02 1.055625001697361935e+06
6.347934918648312497e-02 1.054603269353844691e+06
6.327909887359201013e-02 1.053585620871353662e+06
6.307884856070089530e-02 1.052572039926708909e+06
6.287859824780978046e-02 1.051562510261974530e+06
6.267834793491866563e-02 1.050557015684196958e+06
6.247809762202755079e-02 1.049555540065146051e+06
6.227784730913643596e-02 1.048558067341056420e+06
6.207759699624532113e-02 1.047564581512368983e+06
6.187734668335420629e-02 1.046575066643475206e+06
6.167709637046310533e-02 1.045589506862461101e+06
6.147684605757199050e-02 1.044607886360852513e+06
6.127659574468087567e-02 1.043630189393361914e+06
6.107634543178976083e-02 1.042656400277635432e+06
6.087609511889864600e-02 1.041686503394001629e+06
6.067584480600753116e-02 1.040720483185220859e+06
6.047559449311641633e-02 1.039758324156235671e+06
6.027534418022530149e-02 1.038800010873922380e+06
6.007509386733418666e-02 1.037845527966843336e+06
5.987484355444307182e-02 1.036894860125000472e+06
5.967459324155195699e-02 1.035947992099590017e+06
5.947434292866084216e-02 1.035004908702757210e+06
5.927409261576972732e-02 1.034065594807353453e+06
5.907384230287861249e-02 1.033130035346693010e+06
5.887359198998751153e-02 1.032198215314311907e+06
5.867334167709639670e-02 1.031270119763726718e+06
5.847309136420528186e-02 1.030345733808195335e+06
5.827284105131416703e-02 1.029425042620477732e+06
5.807259073842305219e-02 1.028508031432598131e+06
5.787234042553193736e-02 1.027594685535608907e+06
5.767209011264082252e-02 1.026684990279353340e+06
5.747183979974970769e-02 1.025778931072231964e+06
5.727158948685859285e-02 1.024876493380967295e+06
5.707133917396747802e-02 1.023977662730371812e+06
5.687108886107636319e-02 1.023082424703115132e+06
5.667083854818524835e-02 1.022190764939492685e+06
5.647058823529413352e-02 1.021302669137195917e+06
5.627033792240301868e-02 1.020418123051082250e+06
5.607008760951190385e-02 1.019537112492947141e+06
5.586983729662080289e-02 1.018659623331296141e+06
5.566958698372968806e-02 1.017785641491118353e+06
5.546933667083857322e-02 1.016915152953660698e+06
5.526908635794745839e-02 1.016048143756202888e+06
5.506883604505634355e-02 1.015184599991833791e+06
5.486858573216522872e-02 1.014324507809228031e+06
5.466833541927411388e-02 1.013467853412423749e+06
5.446808510638299905e-02 1.012614623060601880e+06
5.426783479349188422e-02 1.011764803067865199e+06
5.406758448060076938e-02 1.010918379803018877e+06
5.386733416770965455e-02 1.010075339689352084e+06
5.366708385481853971e-02 1.009235669204419944e+06
5.346683354192742488e-02 1.008399354879826773e+06
5.326658322903631004e-02 1.007566383301010123e+06
5.306633291614520909e-02 1.006736741107025300e+06
5.286608260325409425e-02 1.005910414990331512e+06
5.266583229036297942e-02 1.005087391696578125e+06
5.246558197747186458e-02 1.004267658024391741e+06
5.226533166458074975e-02 1.003451200825165375e+06
5.206508135168963491e-02 1.002638007002846571e+06
5.186483103879852008e-02 1.001828063513728091e+06
5.166458072590740525e-02 1.001021357366237789e+06
5.146433041301629041e-02 1.000217875620731502e+06
5.126408010012517558e-02 9.994176053892843192e+05
5.106382978723406074e-02 9.986205338354844134e+05
5.086357947434294591e-02 9.978266481742272153e+05
5.066332916145183107e-02 9.970359356715098256e+05
5.046307884856071624e-02 9.962483836442276370e+05
5.026282853566961528e-02 9.954639794599697925e+05
5.006257822277850045e-02 9.946827105368176708e+05
4.986232790988738561e-02 9.939045643431422068e+05
4.966207759699627078e-02 9.931295283974031918e+05
4.946182728410515594e-02 9.923575902679495048e+05
4.926157697121404111e-02 9.915887375728186453e+05
4.906132665832292628e-02 9.908229579795394093e+05
4.886107634543181144e-02 9.900602392049331684e+05
4.866082603254069661e-02 9.893005690149168950e+05
4.846057571964958177e-02 9.885439352243075846e+05
4.826032540675846694e-02 9.877903256966262124e+05
4.806007509386735210e-02 9.870397283439029707e+05
4.785982478097623727e-02 9.862921311264840188e+05
4.765957446808512243e-02 9.855475220528376522e+05
4.745932415519402148e-02 9.848058891793626826e+05
4.725907384230290664e-02 9.840672206101958873e+05
4.705882352941179181e-02 9.833315044970222516e+05
4.685857321652067697e-02 9.825987290388842812e+05
4.665832290362956214e-02 9.818688824819928268e+05
4.645807259073844731e-02 9.811419531195387244e+05
4.625782227784733247e-02 9.804179292915045517e+05
4.605757196495621764e-02 9.796967993844784796e+05
4.585732165206510280e-02 9.789785518314670771e+05
4.565707133917398797e-02 9.782631751117102103e+05
4.545682102628287313e-02 9.775506577504961751e+05
4.525657071339175830e-02 9.768409883189776447e+05
4.505632040050064346e-02 9.761341554339886643e+05
4.485607008760952863e-02 9.754301477578612976e+05
4.465581977471841379e-02 9.747289539982444840e+05
4.445556946182731284e-02 9.740305629079225473e+05
4.425531914893619800e-02 9.733349632846349850e+05
4.405506883604508317e-02 9.726421439708967227e+05
4.385481852315396833e-02 9.719520938538190676e+05
4.365456821026285350e-02 9.712648018649314763e+05
4.345431789737173867e-02 9.705802569800040219e+05
4.325406758448062383e-02 9.698984482188707916e+05
4.305381727158950900e-02 9.692193646452531684e+05
4.285356695869839416e-02 9.685429953665854409e+05
4.265331664580727933e-02 9.678693295338386670e+05
4.245306633291616449e-02 9.671983563413480297e+05
4.225281602002504966e-02 9.665300650266386801e+05
4.205256570713393482e-02 9.658644448702535592e+05
4.185231539424281999e-02 9.652014851955807535e+05
4.165206508135171903e-02 9.645411753686834127e+05
4.145181476846060420e-02 9.638835047981279204e+05
4.125156445556948936e-02 9.632284629348148592e+05
4.105131414267837453e-02 9.625760392718096264e+05
4.085106382978725970e-02 9.619262233441735152e+05
4.065081351689614486e-02 9.612790047287963098e+05
4.045056320400503003e-02 9.606343730442289962e+05
4.025031289111391519e-02 9.599923179505170556e+05
4.005006257822280036e-02 9.593528291490346892e+05
3.984981226533168552e-02 9.587158963823199738e+05
3.964956195244057069e-02 9.580815094339096686e+05
3.944931163954945585e-02 9.574496581281758845e+05
3.924906132665834102e-02 9.568203323301626369e+05
3.904881101376722619e-02 9.561935219454235630e+05
3.884856070087612523e-02 9.555692169198594056e+05
3.864831038798501039e-02 9.549474072395572439e+05
3.844806007509389556e-02 9.543280829306296073e+05
3.824780976220278073e-02 9.537112340590551030e+05
3.804755944931166589e-02 9.530968507305181120e+05
3.784730913642055106e-02 9.524849230902506970e+05
3.764705882352943622e-02 9.518754413228743942e+05
3.744680851063832139e-02 9.512683956522429362e+05
3.724655819774720655e-02 9.506637763412849745e+05
3.704630788485609172e-02 9.500615736918485491e+05
3.684605757196497688e-02 9.494617780445448589e+05
3.664580725907386205e-02 9.488643797785937786e+05
3.644555694618274722e-02 9.482693693116696086e+05
3.624530663329163238e-02 9.476767370997469407e+05
3.604505632040053142e-02 9.470864736369478051e+05
3.584480600750941659e-02 9.464985694553892827e+05
3.564455569461830176e-02 9.459130151250315830e+05
3.544430538172718692e-02 9.453298012535265880e+05
3.524405506883607209e-02 9.447489184860675596e+05
3.504380475594495725e-02 9.441703575052388478e+05
3.484355444305384242e-02 9.435941090308662970e+05
3.464330413016272758e-02 9.430201638198689325e+05
3.444305381727161275e-02 9.424485126661100658e+05
3.424280350438049791e-02 9.418791464002500288e+05
3.404255319148938308e-02 9.413120558895987924e+05
3.384230287859826825e-02 9.407472320379698649e+05
3.364205256570715341e-02 9.401846657855343074e+05
3.344180225281603858e-02 9.396243481086748652e+05
3.324155193992492374e-02 9.390662700198420789e+05
3.304130162703380891e-02 9.385104225674092304e+05
3.284105131414269407e-02 9.379567968355298508e+05
3.264080100125157924e-02 9.374053839439935982e+05
3.244055068836046440e-02 9.368561750480843475e+05
3.224030037546934957e-02 9.363091613384385128e+05
3.204005006257823474e-02 9.357643340409032535e+05
3.183979974968711990e-02 9.352216844163961941e+05
3.163954943679603282e-02 9.346812037607650273e+05
3.143929912390491799e-02 9.341428834046475822e+05
3.123904881101380315e-02 9.336067147133336402e+05
3.103879849812268832e-02 9.330726890866254689e+05
3.083854818523157348e-02 9.325407979587005684e+05
3.063829787234045865e-02 9.320110327979736030e+05
3.043804755944934382e-02 9.314833851069605444e+05
3.023779724655822898e-02 9.309578464221414179e+05
3.003754693366711415e-02 9.304344083138249116e+05
2.983729662077599931e-02 9.299130623860131018e+05
2.963704630788488448e-02 9.293938002762672259e+05
2.943679599499376964e-02 9.288766136555726407e+05
2.923654568210265481e-02 9.283614942282062257e+05
2.903629536921153997e-02 9.278484337316025048e+05
2.883604505632042514e-02 9.273374239362216322e+05
2.863579474342931031e-02 9.268284566454170272e+05
2.843554443053819547e-02 9.263215236953042913e+05
2.823529411764708064e-02 9.258166169546300080e+05
2.803504380475596580e-02 9.253137283246411243e+05
2.783479349186485097e-02 9.248128497389556142e+05
2.763454317897373613e-02 9.243139731634325581e+05
2.743429286608262130e-02 9.238170905960433884e+05
2.723404255319150646e-02 9.233221940667439485e+05
2.703379224030039163e-02 9.228292756373459706e+05
2.683354192740927679e-02 9.223383274013902992e+05
2.663329161451816196e-02 9.218493414840197656e+05
2.643304130162704713e-02 9.213623100418531103e+05
2.623279098873593229e-02 9.208772252628590213e+05
2.603254067584484521e-02 9.203940793662307551e+05
2.583229036295373038e-02 9.199128646022613393e+05
2.563204005006261554e-02 9.194335732522195904e+05
2.543178973717150071e-02 9.189561976282260148e+05
2.523153942428038587e-02 9.184807300731294090e+05
2.503128911138927104e-02 9.180071629603843903e+05
2.483103879849815621e-02 9.175354886939285789e+05
2.463078848560704137e-02 9.170656997080614092e+05
2.443053817271592654e-02 9.165977884673220105e+05
2.423028785982481170e-02 9.161317474663690664e+05
2.403003754693369687e-02 9.156675692298596259e+05
2.382978723404258203e-02 9.152052463123302441e+05
2.362953692115146720e-02 9.147447712980764918e+05
2.342928660826035236e-02 9.142861368010349106e+05
2.322903629536923753e-02 9.138293354646635707e+05
2.302878598247812270e-02 9.133743599618251901e+05
2.282853566958700786e-02 9.129212029946685070e+05
2.262828535669589303e-02 9.124698572945123306e+05
2.242803504380477819e-02 9.120203156217277283e+05
2.222778473091366336e-02 9.115725707656230079e+05
2.202753441802254852e-02 9.111266155443275347e+05
2.182728410513143369e-02 9.106824428046763642e+05
2.162703379224031885e-02 9.102400454220958054e+05
2.142678347934920402e-02 9.097994163004893344e+05
2.122653316645808919e-02 9.093605483721230412e+05
2.102628285356697435e-02 9.089234345975131728e+05
2.082603254067585952e-02 9.084880679653123952e+05
2.062578222778474468e-02 9.080544414921981515e+05
2.042553191489365760e-02 9.076225482227597386e+05
2.022528160200254277e-02 9.071923812293873634e+05
2.002503128911142793e-02 9.067639336121610831e+05
1.982478097622031310e-02 9.063371984987395117e+05
1.962453066332919827e-02 9.059121690442505060e+05
1.942428035043808343e-02 9.054888384311804548e+05
1.922403003754696860e-02 9.050671998692653142e+05
1.902377972465585376e-02 9.046472465953819919e+05
1.882352941176473893e-02 9.042289718734394992e+05
1.862327909887362409e-02 9.038123689942705678e+05
1.842302878598250926e-02 9.033974312755251303e+05
1.822277847309139442e-02 9.029841520615620539e+05
1.802252816020027959e-02 9.025725247233426198e+05
1.782227784730916476e-02 9.021625426583248191e+05
1.762202753441804992e-02 9.017541992903565988e+05
1.742177722152693509e-02 9.013474880695708562e+05
1.722152690863582025e-02 9.009424024722805480e+05
1.702127659574470542e-02 9.005389360008734511e+05
1.682102628285359058e-02 9.001370821837083204e+05
1.662077596996247575e-02 8.997368345750112785e+05
1.642052565707136091e-02 8.993381867547719739e+05
1.622027534418024608e-02 8.989411323286407860e+05
1.602002503128913125e-02 8.985456649278264958e+05
1.581977471839801641e-02 8.981517782089938410e+05
1.561952440550690158e-02 8.977594658541616518e+05
1.541927409261578674e-02 8.973687215706019197e+05
1.521902377972467191e-02 8.969795390907387482e+05
1.501877346683355707e-02 8.965919121720473049e+05
1.481852315394244224e-02 8.962058345969547518e+05
1.461827284105135516e-02 8.958213001727393130e+05
1.441802252816024033e-02 8.954383027314315550e+05
1.421777221526912549e-02 8.950568361297156662e+05
1.401752190237801066e-02 8.946768942488305038e+05
1.381727158948689582e-02 8.942984709944716888e+05
1.361702127659578099e-02 8.939215602966935840e+05
1.341677096370466615e-02 8.935461561098122038e+05
1.321652065081355132e-02 8.931722524123081239e+05
1.301627033792243648e-02 8.927998432067300892e+05
1.281602002503132165e-02 8.924289225195982726e+05
1.261576971214020682e-02 8.920594844013090478e+05
1.241551939924909198e-02 8.916915229260395281e+05
1.221526908635797715e-02 8.913250321916518733e+05
1.201501877346686231e-02 8.909600063195994589e+05
1.181476846057574748e-02 8.905964394548321143e+05
1.161451814768463264e-02 8.902343257657019421e+05
1.141426783479351781e-02 8.898736594438706525e+05
1.121401752190240297e-02 8.895144347042156151e+05
1.101376720901128814e-02 8.891566457847371930e+05
1.081351689612017331e-02 8.888002869464665418e+05
1.061326658322905847e-02 8.884453524733737577e+05
1.041301627033794364e-02 8.880918366722752107e+05
1.021276595744682880e-02 8.877397338727436727e+05
1.001251564455571397e-02 8.873890384270159993e+05
9.812265331664599133e-03 8.870397447099034907e+05
9.612015018773484298e-03 8.866918471187010873e+05
9.411764705882369464e-03 8.863453400730979629e+05
9.211514392991254629e-03 8.860002180150876520e+05
9.011264080100167551e-03 8.856564754088789923e+05
8.811013767209052716e-03 8.853141067408071831e+05
8.610763454317937882e-03 8.849731065192461247e+05
8.410513141426823047e-03 8.846334692745188950e+05
8.210262828535708213e-03 8.842951895588117186e+05
8.010012515644593378e-03 8.839582619460849091e+05
7.809762202753478544e-03 8.836226810319873039e+05
7.609511889862363709e-03 8.832884414337683702e+05
7.409261576971248875e-03 8.829555377901929896e+05
7.209011264080134040e-03 8.826239647614542628e+05
7.008760951189019206e-03 8.822937170290889917e+05
6.808510638297904372e-03 8.819647892958916491e+05
6.608260325406789537e-03 8.816371762858296279e+05
6.408010012515674703e-03 8.813108727439584909e+05
6.207759699624559868e-03 8.809858734363380354e+05
6.007509386733445034e-03 8.806621731499478919e+05
5.807259073842330199e-03 8.803397666926042875e+05
5.607008760951215365e-03 8.800186488928764593e+05
5.406758448060100530e-03 8.796988146000038832e+05
5.206508135168985696e-03 8.793802586838137358e+05
5.006257822277870861e-03 8.790629760346382391e+05
4.806007509386756027e-03 8.787469615632330533e+05
4.605757196495641193e-03 8.784322102006956702e+05
4.405506883604526358e-03 8.781187168983838055e+05
4.205256570713411524e-03 8.778064766278343741e+05
4.005006257822296689e-03 8.774954843806836288e+05
3.804755944931181855e-03 8.771857351685857866e+05
3.604505632040067020e-03 8.768772240231333999e+05
3.404255319148952186e-03 8.765699459957780782e+05
3.204005006257865107e-03 8.762638961577506270e+05
3.003754693366750272e-03 8.759590695999818854e+05
2.803504380475635438e-03 8.756554614330246113e+05
2.603254067584520604e-03 8.753530667869744357e+05
2.403003754693405769e-03 8.750518808113920968e+05
2.202753441802290935e-03 8.747518986752252094e+05
2.002503128911176100e-03 8.744531155667316634e+05
1.802252816020061266e-03 8.741555266934013925e+05
1.602002503128946431e-03 8.738591272818802390e+05
1.401752190237831597e-03 8.735639125778927701e+05
1.201501877346716762e-03 8.732698778461668408e+05
1.001251564455601928e-03 8.729770183703569928e+05
8.010012515644870934e-04 8.726853294529687846e+05
6.007509386733722589e-04 8.723948064152839361e+05
4.005006257822574245e-04 8.721054445972848916e+05
2.002503128911425900e-04 8.718172393575799651e+05
2.775557561562891351e-17 8.715301860733294161e+05
---------------
