field_vs_length
---------------
1.600000000000000033e-01 2.100000000000000000e+06
1.597997496871088885e-01 2.100000000000000000e+06
1.595994993742177737e-01 2.100000000000000000e+06
1.593992490613266588e-01 2.100000000000000000e+06
1.591989987484355440e-01 2.100000000000000000e+06
1.589987484355444292e-01 2.100000000000000000e+06
1.587984981226533143e-01 2.100000000000000000e+06
1.585982478097621995e-01 2.100000000000000000e+06
1.583979974968710847e-01 2.100000000000000000e+06
1.581977471839799698e-01 2.100000000000000000e+06
1.579974968710888550e-01 2.100000000000000000e+06
1.577972465581977402e-01 2.100000000000000000e+06
1.575969962453066253e-01 2.100000000000000000e+06
1.573967459324155105e-01 2.100000000000000000e+06
1.571964956195244234e-01 2.100000000000000000e+06
1.569962453066333086e-01 2.100000000000000000e+06
1.567959949937421937e-01 2.100000000000000000e+06
1.565957446808510789e-01 2.100000000000000000e+06
1.563954943679599641e-01 2.100000000000000000e+06
1.561952440550688492e-01 2.100000000000000000e+06
1.559949937421777344e-01 2.100000000000000000e+06
1.557947434292866196e-01 2.100000000000000000e+06
1.555944931163955047e-01 2.100000000000000000e+06
1.553942428035043899e-01 2.100000000000000000e+06
1.551939924906132751e-01 2.100000000000000000e+06
1.549937421777221602e-01 2.100000000000000000e+06
1.547934918648310454e-01 2.100000000000000000e+06
1.545932415519399306e-01 2.100000000000000000e+06
1.543929912390488157e-01 2.100000000000000000e+06
1.541927409261577009e-01 2.100000000000000000e+06
1.539924906132665861e-01 2.100000000000000000e+06
1.537922403003754712e-01 2.100000000000000000e+06
1.535919899874843564e-01 2.100000000000000000e+06
1.533917396745932415e-01 2.100000000000000000e+06
1.531914893617021267e-01 2.100000000000000000e+06
1.529912390488110119e-01 2.100000000000000000e+06
1.527909887359198970e-01 2.100000000000000000e+06
1.525907384230287822e-01 2.100000000000000000e+06
1.523904881101376674e-01 2.100000000000000000e+06
1.521902377972465525e-01 2.100000000000000000e+06
1.519899874843554377e-01 2.100000000000000000e+06
1.517897371714643229e-01 2.100000000000000000e+06
1.515894868585732080e-01 2.100000000000000000e+06
1.513892365456820932e-01 2.100000000000000000e+06
1.511889862327910061e-01 2.100000000000000000e+06
1.509887359198998913e-01 2.100000000000000000e+06
1.507884856070087765e-01 2.100000000000000000e+06
1.505882352941176616e-01 2.100000000000000000e+06
1.503879849812265468e-01 2.100000000000000000e+06
1.501877346683354320e-01 2.100000000000000000e+06
1.499874843554443171e-01 2.100000000000000000e+06
1.497872340425532023e-01 2.100000000000000000e+06
1.495869837296620875e-01 2.100000000000000000e+06
1.493867334167709726e-01 2.100000000000000000e+06
1.491864831038798578e-01 2.100000000000000000e+06
1.489862327909887429e-01 2.100000000000000000e+06
1.487859824780976281e-01 2.100000000000000000e+06
1.485857321652065133e-01 2.100000000000000000e+06
1.483854818523153984e-01 2.100000000000000000e+06
1.481852315394242836e-01 2.100000000000000000e+06
1.479849812265331688e-01 2.100000000000000000e+06
1.477847309136420539e-01 2.100000000000000000e+06
1.475844806007509391e-01 2.100000000000000000e+06
1.473842302878598243e-01 2.100000000000000000e+06
1.471839799749687094e-01 2.100000000000000000e+06
1.469837296620775946e-01 2.100000000000000000e+06
1.467834793491864798e-01 2.100000000000000000e+06
1.465832290362953649e-01 2.100000000000000000e+06
1.463829787234042501e-01 2.100000000000000000e+06
1.461827284105131353e-01 2.100000000000000000e+06
1.459824780976220204e-01 2.100000000000000000e+06
1.457822277847309334e-01 2.100000000000000000e+06
1.455819774718398185e-01 2.100000000000000000e+06
1.453817271589487037e-01 2.100000000000000000e+06
1.451814768460575888e-01 2.100000000000000000e+06
1.449812265331664740e-01 2.075822154214694863e+06
1.447809762202753592e-01 1.844293400294934865e+06
1.445807259073842443e-01 1.654781132540231571e+06
1.443804755944931295e-01 1.499660444411894307e+06
1.441802252816020147e-01 1.372690152881455142e+06
1.439799749687108998e-01 1.268761688368799863e+06
1.437797246558197850e-01 1.183693554667865159e+06
1.435794743429286702e-01 1.114063089084692998e+06
1.433792240300375553e-01 1.057068753763146466e+06
1.431789737171464405e-01 1.010417417576621287e+06
1.429787234042553257e-01 9.722320934437946416e+05
1.427784730913642108e-01 9.409764189375159331e+05
1.425782227784730960e-01 9.153928417117666686e+05
1.423779724655819812e-01 8.944520226763500832e+05
1.421777221526908663e-01 8.773114211879577488e+05
1.419774718397997515e-01 8.632813959589072037e+05
1.417772215269086367e-01 8.517974577749939635e+05
1.415769712140175218e-01 8.423975576280666282e+05
1.413767209011264070e-01 8.347034964656707598e+05
1.411764705882352922e-01 8.284057085907601286e+05
1.409762202753441773e-01 8.232508064811674412e+05
1.407759699624530625e-01 8.190313859024993144e+05
1.405757196495619477e-01 8.155776811296079541e+05
1.403754693366708328e-01 8.127507345297368011e+05
1.401752190237797180e-01 8.104368056898282375e+05
1.399749687108886032e-01 8.085427951427579392e+05
1.397747183979974883e-01 8.069924985690070316e+05
1.395744680851064012e-01 8.057235407639401965e+05
1.393742177722152864e-01 8.046848660107966280e+05
1.391739674593241716e-01 8.038346838861348806e+05
1.389737171464330567e-01 8.031387878485092660e+05
1.387734668335419419e-01 8.025691789598541800e+05
1.385732165206508271e-01 8.021029393658740446e+05
1.383729662077597122e-01 8.017213102106339065e+05
1.381727158948685974e-01 8.014089368858245434e+05
1.379724655819774826e-01 8.011532512477841228e+05
1.377722152690863677e-01 8.009439659461659612e+05
1.375719649561952529e-01 8.007726605188880349e+05
1.373717146433041381e-01 8.006324426001521060e+05
1.371714643304130232e-01 8.005176706104548648e+05
1.369712140175219084e-01 8.004237267711951863e+05
1.367709637046307936e-01 8.003468313112651231e+05
1.365707133917396787e-01 8.002838903903441969e+05
1.363704630788485639e-01 8.002323716201856732e+05
1.361702127659574491e-01 8.001902021755728638e+05
1.359699624530663342e-01 8.001556853955046972e+05
1.357697121401752194e-01 8.001274325191099197e+05
1.355694618272841045e-01 8.001043068097303621e+05
1.353692115143929897e-01 8.000853778190379962e+05
1.351689612015018749e-01 8.000698839510338148e+05
1.349687108886107600e-01 8.000572018197128782e+05
1.347684605757196452e-01 8.000468211675222265e+05
1.345682102628285581e-01 8.000383243354695151e+05
1.343679599499374433e-01 8.000313694588773651e+05
1.341677096370463285e-01 8.000256767126736231e+05
1.339674593241552136e-01 8.000210170528060989e+05
1.337672090112640988e-01 8.000172030007996364e+05
1.335669586983729840e-01 8.000140811006777221e+05
1.333667083854818691e-01 8.000115257447584299e+05
1.331664580725907543e-01 8.000094341199083719e+05
1.329662077596996395e-01 8.000077220709214453e+05
1.327659574468085246e-01 8.000063207145864144e+05
1.325657071339174098e-01 8.000051736682154005e+05
1.323654568210262950e-01 8.000042347811211366e+05
1.321652065081351801e-01 8.000034662777738413e+05
1.319649561952440653e-01 8.000028372379260836e+05
1.317647058823529505e-01 8.000023223525562789e+05
1.315644555694618356e-01 8.000019009055766510e+05
1.313642052565707208e-01 8.000015559403336374e+05
1.311639549436796059e-01 8.000012735773683526e+05
1.309637046307884911e-01 8.000010424559850944e+05
1.307634543178973763e-01 8.000008532771606697e+05
1.305632040050062614e-01 8.000006984294045251e+05
1.303629536921151466e-01 8.000005716825149721e+05
1.301627033792240318e-01 8.000004679369106889e+05
1.299624530663329169e-01 8.000003830184527906e+05
1.297622027534418021e-01 8.000003135105008259e+05
1.295619524405506873e-01 8.000002566164459568e+05
1.293617021276595724e-01 8.000002100471919402e+05
1.291614518147684576e-01 8.000001719290541951e+05
1.289612015018773428e-01 8.000001407283735462e+05
1.287609511889862279e-01 8.000001151898100507e+05
1.285607008760951131e-01 8.000000942858360941e+05
1.283604505632039983e-01 8.000000771753931185e+05
1.281602002503128834e-01 8.000000631700535305e+05
1.279599499374217686e-01 8.000000517063210718e+05
1.277596996245306815e-01 8.000000423229598673e+05
1.275594493116395667e-01 8.000000346424363088e+05
1.273591989987484518e-01 8.000000283557293005e+05
1.271589486858573370e-01 8.000000232098971028e+05
1.269586983729662222e-01 8.000000189979005372e+05
1.267584480600751073e-01 8.000000155502725393e+05
1.265581977471839925e-01 8.000000127282998292e+05
1.263579474342928777e-01 8.000000104184423108e+05
1.261576971214017628e-01 8.000000085277642356e+05
1.259574468085106480e-01 8.000000069801954087e+05
1.257571964956195332e-01 8.000000057134702802e+05
1.255569461827284183e-01 8.000000046766230371e+05
1.253566958698373035e-01 8.000000038279368309e+05
1.251564455569461887e-01 8.000000031332651852e+05
1.249561952440550738e-01 8.000000025646585273e+05
1.247559449311639590e-01 8.000000020992392674e+05
1.245556946182728442e-01 8.000000017182816518e+05
1.243554443053817293e-01 8.000000014064578572e+05
1.241551939924906145e-01 8.000000011512221536e+05
1.239549436795994997e-01 8.000000009423050797e+05
1.237546933667083848e-01 8.000000007713009836e+05
1.235544430538172839e-01 8.000000006313298363e+05
1.233541927409261690e-01 8.000000005167598138e+05
1.231539424280350542e-01 8.000000004229812184e+05
1.229536921151439394e-01 8.000000003462210298e+05
1.227534418022528245e-01 8.000000002833908657e+05
1.225531914893617097e-01 8.000000002319627674e+05
1.223529411764705949e-01 8.000000001898675691e+05
1.221526908635794939e-01 8.000000001554114278e+05
1.219524405506883791e-01 8.000000001272083027e+05
1.217521902377972642e-01 8.000000001041232608e+05
1.215519399249061494e-01 8.000000000852275407e+05
1.213516896120150346e-01 8.000000000697609503e+05
1.211514392991239197e-01 8.000000000571011333e+05
1.209511889862328049e-01 8.000000000467387727e+05
1.207509386733416901e-01 8.000000000382568687e+05
1.205506883604505752e-01 8.000000000313142082e+05
1.203504380475594604e-01 8.000000000256315107e+05
1.201501877346683456e-01 8.000000000209800201e+05
1.199499374217772307e-01 8.000000000171727734e+05
1.197496871088861159e-01 8.000000000140563352e+05
1.195494367959950011e-01 8.000000000115054427e+05
1.193491864831038862e-01 8.000000000094175339e+05
1.191489361702127714e-01 8.000000000077084405e+05
1.189486858573216566e-01 8.000000000063095940e+05
1.187484355444305417e-01 8.000000000051645329e+05
1.185481852315394269e-01 8.000000000042272732e+05
1.183479349186483121e-01 8.000000000034602126e+05
1.181476846057571972e-01 8.000000000028322684e+05
1.179474342928660963e-01 8.000000000023182947e+05
1.177471839799749814e-01 8.000000000018975697e+05
1.175469336670838666e-01 8.000000000015532132e+05
1.173466833541927518e-01 8.000000000012713717e+05
1.171464330413016369e-01 8.000000000010406366e+05
1.169461827284105221e-01 8.000000000008518109e+05
1.167459324155194073e-01 8.000000000006972114e+05
1.165456821026283063e-01 8.000000000005706679e+05
1.163454317897371915e-01 8.000000000004670583e+05
1.161451814768460766e-01 8.000000000003823079e+05
1.159449311639549618e-01 8.000000000003129244e+05
1.157446808510638470e-01 8.000000000002561137e+05
1.155444305381727321e-01 8.000000000002096640e+05
1.153441802252816173e-01 8.000000000001715962e+05
1.151439299123905025e-01 8.000000000001405133e+05
1.149436795994993876e-01 8.000000000001150183e+05
1.147434292866082728e-01 8.000000000000940636e+05
1.145431789737171580e-01 8.000000000000770669e+05
1.143429286608260431e-01 8.000000000000630971e+05
1.141426783479349283e-01 8.000000000000515720e+05
1.139424280350438135e-01 8.000000000000422588e+05
1.137421777221526986e-01 8.000000000000345754e+05
1.135419274092615838e-01 8.000000000000282889e+05
1.133416770963704689e-01 8.000000000000231666e+05
1.131414267834793541e-01 8.000000000000189757e+05
1.129411764705882393e-01 8.000000000000154832e+05
1.127409261576971244e-01 8.000000000000126893e+05
1.125406758448060096e-01 8.000000000000103610e+05
1.123404255319148948e-01 8.000000000000084983e+05
1.121401752190237938e-01 8.000000000000069849e+05
1.119399249061326790e-01 8.000000000000057044e+05
1.117396745932415641e-01 8.000000000000046566e+05
1.115394242803504493e-01 8.000000000000038417e+05
1.113391739674593345e-01 8.000000000000031432e+05
1.111389236545682196e-01 8.000000000000025611e+05
1.109386733416771048e-01 8.000000000000020955e+05
1.107384230287860039e-01 8.000000000000017462e+05
1.105381727158948890e-01 8.000000000000013970e+05
1.103379224030037742e-01 8.000000000000011642e+05
1.101376720901126594e-01 8.000000000000009313e+05
1.099374217772215445e-01 8.000000000000008149e+05
1.097371714643304297e-01 8.000000000000005821e+05
1.095369211514393148e-01 8.000000000000004657e+05
1.093366708385482000e-01 8.000000000000004657e+05
1.091364205256570852e-01 8.000000000000003492e+05
1.089361702127659703e-01 8.000000000000002328e+05
1.087359198998748555e-01 8.000000000000002328e+05
1.085356695869837407e-01 8.000000000000002328e+05
1.083354192740926258e-01 8.000000000000001164e+05
1.081351689612015110e-01 8.000000000000001164e+05
1.079349186483103962e-01 8.000000000000001164e+05
1.077346683354192813e-01 8.000000000000001164e+05
1.075344180225281665e-01 8.000000000000001164e+05
1.073341677096370517e-01 8.000000000000000000e+05
1.071339173967459368e-01 8.000000000000000000e+05
1.069336670838548220e-01 8.000000000000000000e+05
1.067334167709637072e-01 8.000000000000000000e+05
1.065331664580726062e-01 8.000000000000000000e+05
1.063329161451814914e-01 8.000000000000000000e+05
1.061326658322903765e-01 8.000000000000000000e+05
1.059324155193992617e-01 8.000000000000000000e+05
1.057321652065081469e-01 8.000000000000000000e+05
1.055319148936170320e-01 8.000000000000000000e+05
1.053316645807259172e-01 8.000000000000000000e+05
1.051314142678348162e-01 8.000000000000000000e+05
1.049311639549437014e-01 8.000000000000000000e+05
1.047309136420525866e-01 8.000000000000000000e+05
1.045306633291614717e-01 8.000000000000000000e+05
1.043304130162703569e-01 8.000000000000000000e+05
1.041301627033792421e-01 8.000000000000000000e+05
1.039299123904881272e-01 8.000000000000000000e+05
1.037296620775970124e-01 8.000000000000000000e+05
1.035294117647058976e-01 8.000000000000000000e+05
1.033291614518147827e-01 8.000000000000000000e+05
1.031289111389236679e-01 8.000000000000000000e+05
1.029286608260325531e-01 8.000000000000000000e+05
1.027284105131414382e-01 8.000000000000000000e+05
1.025281602002503234e-01 8.000000000000000000e+05
1.023279098873592086e-01 8.000000000000000000e+05
1.021276595744680937e-01 8.000000000000000000e+05
1.019274092615769789e-01 8.000000000000000000e+05
1.017271589486858641e-01 8.000000000000000000e+05
1.015269086357947492e-01 8.000000000000000000e+05
1.013266583229036344e-01 8.000000000000000000e+05
1.011264080100125196e-01 8.000000000000000000e+05
1.009261576971214047e-01 8.000000000000000000e+05
1.007259073842303038e-01 8.000000000000000000e+05
1.005256570713391889e-01 8.000000000000000000e+05
1.003254067584480741e-01 8.000000000000000000e+05
1.001251564455569593e-01 8.000000000000000000e+05
9.992490613266584443e-02 8.000000000000000000e+05
9.972465581977472959e-02 8.000000000000000000e+05
9.952440550688361476e-02 8.000000000000000000e+05
9.932415519399251380e-02 8.000000000000000000e+05
9.912390488110139897e-02 8.000000000000000000e+05
9.892365456821028413e-02 8.000000000000000000e+05
9.872340425531916930e-02 8.000000000000000000e+05
9.852315394242805446e-02 8.000000000000000000e+05
9.832290362953693963e-02 8.000000000000000000e+05
9.812265331664582479e-02 8.000000000000000000e+05
9.792240300375470996e-02 8.000000000000000000e+05
9.772215269086359513e-02 8.000000000000000000e+05
9.752190237797248029e-02 8.000000000000000000e+05
9.732165206508136546e-02 8.000000000000000000e+05
9.712140175219025062e-02 8.000000000000000000e+05
9.692115143929913579e-02 8.000000000000000000e+05
9.672090112640802095e-02 8.000000000000000000e+05
9.652065081351690612e-02 8.000000000000000000e+05
9.632040050062579128e-02 8.000000000000000000e+05
9.612015018773467645e-02 8.000000000000000000e+05
9.591989987484356162e-02 8.000000000000000000e+05
9.571964956195246066e-02 8.000000000000000000e+05
9.551939924906134582e-02 8.000000000000000000e+05
9.531914893617023099e-02 8.000000000000000000e+05
9.511889862327911616e-02 8.000000000000000000e+05
9.491864831038800132e-02 8.000000000000000000e+05
9.471839799749688649e-02 8.000000000000000000e+05
9.451814768460577165e-02 8.000000000000000000e+05
9.431789737171465682e-02 8.000000000000000000e+05
9.411764705882354198e-02 8.000000000000000000e+05
9.391739674593242715e-02 8.000000000000000000e+05
9.371714643304131231e-02 8.000000000000000000e+05
9.351689612015019748e-02 8.000000000000000000e+05
9.331664580725908265e-02 8.000000000000000000e+05
9.311639549436796781e-02 8.000000000000000000e+05
9.291614518147686685e-02 8.000000000000000000e+05
9.271589486858575202e-02 8.000000000000000000e+05
9.251564455569463719e-02 8.000000000000000000e+05
9.231539424280352235e-02 8.000000000000000000e+05
9.211514392991240752e-02 8.000000000000000000e+05
9.191489361702129268e-02 8.000000000000000000e+05
9.171464330413017785e-02 8.000000000000000000e+05
9.151439299123906301e-02 8.000000000000000000e+05
9.131414267834794818e-02 8.000000000000000000e+05
9.111389236545683334e-02 8.000000000000000000e+05
9.091364205256571851e-02 8.000000000000000000e+05
9.071339173967460368e-02 8.000000000000000000e+05
9.051314142678348884e-02 8.000000000000000000e+05
9.031289111389237401e-02 8.000000000000000000e+05
9.011264080100127305e-02 8.000000000000000000e+05
8.991239048811015822e-02 8.000000000000000000e+05
8.971214017521904338e-02 8.000000000000000000e+05
8.951188986232792855e-02 8.000000000000000000e+05
8.931163954943681371e-02 8.000000000000000000e+05
8.911138923654569888e-02 8.000000000000000000e+05
8.891113892365458404e-02 8.000000000000000000e+05
8.871088861076346921e-02 8.000000000000000000e+05
8.851063829787235437e-02 8.000000000000000000e+05
8.831038798498123954e-02 8.000000000000000000e+05
8.811013767209012471e-02 8.000000000000000000e+05
8.790988735919900987e-02 8.000000000000000000e+05
8.770963704630789504e-02 8.000000000000000000e+05
8.750938673341678020e-02 8.000000000000000000e+05
8.730913642052567925e-02 8.000000000000000000e+05
8.710888610763456441e-02 8.000000000000000000e+05
8.690863579474344958e-02 8.000000000000000000e+05
8.670838548185233474e-02 8.000000000000000000e+05
8.650813516896121991e-02 8.000000000000000000e+05
8.630788485607010507e-02 8.000000000000000000e+05
8.610763454317899024e-02 8.000000000000000000e+05
8.590738423028787540e-02 8.000000000000000000e+05
8.570713391739676057e-02 8.000000000000000000e+05
8.550688360450564574e-02 8.000000000000000000e+05
8.530663329161453090e-02 8.000000000000000000e+05
8.510638297872341607e-02 8.000000000000000000e+05
8.490613266583230123e-02 8.000000000000000000e+05
8.470588235294118640e-02 8.000000000000000000e+05
8.450563204005008544e-02 8.000000000000000000e+05
8.430538172715897061e-02 8.000000000000000000e+05
8.410513141426785577e-02 8.000000000000000000e+05
8.390488110137674094e-02 8.000000000000000000e+05
8.370463078848562610e-02 8.000000000000000000e+05
8.350438047559451127e-02 8.000000000000000000e+05
8.330413016270339643e-02 8.000000000000000000e+05
8.310387984981228160e-02 8.000000000000000000e+05
8.290362953692116676e-02 8.000000000000000000e+05
8.270337922403005193e-02 8.000000000000000000e+05
8.250312891113893710e-02 8.000000000000000000e+05
8.230287859824782226e-02 8.000000000000000000e+05
8.210262828535670743e-02 8.000000000000000000e+05
8.190237797246559259e-02 8.000000000000000000e+05
8.170212765957447776e-02 8.000000000000000000e+05
8.150187734668337680e-02 8.000000000000000000e+05
8.130162703379226197e-02 8.000000000000000000e+05
8.110137672090114713e-02 8.000000000000000000e+05
8.090112640801003230e-02 8.000000000000000000e+05
8.070087609511891746e-02 8.000000000000000000e+05
8.050062578222780263e-02 8.000000000000000000e+05
8.030037546933668779e-02 8.000000000000000000e+05
8.010012515644557296e-02 8.000000000000000000e+05
7.989987484355445813e-02 8.000000000000000000e+05
7.969962453066334329e-02 8.000000000000000000e+05
7.949937421777222846e-02 8.000000000000000000e+05
7.929912390488111362e-02 8.000000000000000000e+05
7.909887359198999879e-02 8.000000000000000000e+05
7.889862327909888395e-02 8.000000000000000000e+05
7.869837296620778300e-02 8.000000000000000000e+05
7.849812265331666816e-02 8.000000000000000000e+05
7.829787234042555333e-02 8.000000000000000000e+05
7.809762202753443849e-02 8.000000000000000000e+05
7.789737171464332366e-02 8.000000000000000000e+05
7.769712140175220882e-02 8.000000000000000000e+05
7.749687108886109399e-02 8.000000000000000000e+05
7.729662077596997916e-02 8.000000000000000000e+05
7.709637046307886432e-02 8.000000000000000000e+05
7.689612015018774949e-02 8.000000000000000000e+05
7.669586983729663465e-02 8.000000000000000000e+05
7.649561952440551982e-02 8.000000000000000000e+05
7.629536921151440498e-02 8.000000000000000000e+05
7.609511889862329015e-02 8.000000000000000000e+05
7.589486858573218919e-02 8.000000000000000000e+05
7.569461827284107436e-02 8.000000000000000000e+05
7.549436795994995952e-02 8.000000000000000000e+05
7.529411764705884469e-02 8.000000000000000000e+05
7.509386733416772985e-02 8.000000000000000000e+05
7.489361702127661502e-02 8.000000000000000000e+05
7.469336670838550019e-02 8.000000000000000000e+05
7.449311639549438535e-02 8.000000000000000000e+05
7.429286608260327052e-02 8.000000000000000000e+05
7.409261576971215568e-02 8.000000000000000000e+05
7.389236545682104085e-02 8.000000000000000000e+05
7.369211514392992601e-02 8.000000000000000000e+05
7.349186483103881118e-02 8.000000000000000000e+05
7.329161451814769634e-02 8.000000000000000000e+05
7.309136420525659539e-02 8.000000000000000000e+05
7.289111389236548055e-02 8.000000000000000000e+05
7.269086357947436572e-02 8.000000000000000000e+05
7.249061326658325088e-02 8.000000000000000000e+05
7.229036295369213605e-02 8.000000000000000000e+05
7.209011264080102122e-02 8.000000000000000000e+05
7.188986232790990638e-02 8.000000000000000000e+05
7.168961201501879155e-02 8.000000000000000000e+05
7.148936170212767671e-02 8.000000000000000000e+05
7.128911138923656188e-02 8.000000000000000000e+05
7.108886107634544704e-02 8.000000000000000000e+05
7.088861076345433221e-02 8.000000000000000000e+05
7.068836045056321737e-02 8.000000000000000000e+05
7.048811013767210254e-02 8.000000000000000000e+05
7.028785982478100158e-02 8.000000000000000000e+05
7.008760951188988675e-02 8.000000000000000000e+05
6.988735919899877191e-02 8.000000000000000000e+05
6.968710888610765708e-02 8.000000000000000000e+05
6.948685857321654225e-02 8.000000000000000000e+05
6.928660826032542741e-02 8.000000000000000000e+05
6.908635794743431258e-02 8.000000000000000000e+05
6.888610763454319774e-02 8.000000000000000000e+05
6.868585732165208291e-02 8.000000000000000000e+05
6.848560700876096807e-02 8.000000000000000000e+05
6.828535669586985324e-02 8.000000000000000000e+05
6.808510638297873840e-02 8.000000000000000000e+05
6.788485607008762357e-02 8.000000000000000000e+05
6.768460575719650874e-02 8.000000000000000000e+05
6.748435544430539390e-02 8.000000000000000000e+05
6.728410513141429294e-02 8.000000000000000000e+05
6.708385481852317811e-02 8.000000000000000000e+05
6.688360450563206328e-02 8.000000000000000000e+05
6.668335419274094844e-02 8.000000000000000000e+05
6.648310387984983361e-02 8.000000000000000000e+05
6.628285356695871877e-02 8.000000000000000000e+05
6.608260325406760394e-02 8.000000000000000000e+05
6.588235294117648910e-02 8.000000000000000000e+05
6.568210262828537427e-02 8.000000000000000000e+05
6.548185231539425943e-02 8.000000000000000000e+05
6.528160200250314460e-02 8.000000000000000000e+05
6.508135168961202977e-02 8.000000000000000000e+05
6.488110137672091493e-02 8.000000000000000000e+05
6.468085106382980010e-02 8.000000000000000000e+05
6.448060075093869914e-02 8.000000000000000000e+05
6.428035043804758430e-02 8.000000000000000000e+05
6.408010012515646947e-02 8.000000000000000000e+05
6.387984981226535464e-02 8.000000000000000000e+05
6.367959949937423980e-02 8.000000000000000000e+05
6.347934918648312497e-02 8.000000000000000000e+05
6.327909887359201013e-02 8.000000000000000000e+05
6.307884856070089530e-02 8.000000000000000000e+05
6.287859824780978046e-02 8.000000000000000000e+05
6.267834793491866563e-02 8.000000000000000000e+05
6.247809762202755079e-02 8.000000000000000000e+05
6.227784730913643596e-02 8.000000000000000000e+05
6.207759699624532113e-02 8.000000000000000000e+05
6.187734668335420629e-02 8.000000000000000000e+05
6.167709637046310533e-02 8.000000000000000000e+05
6.147684605757199050e-02 8.000000000000000000e+05
6.127659574468087567e-02 8.000000000000000000e+05
6.107634543178976083e-02 8.000000000000000000e+05
6.087609511889864600e-02 8.000000000000000000e+05
6.067584480600753116e-02 8.000000000000000000e+05
6.047559449311641633e-02 8.000000000000000000e+05
6.027534418022530149e-02 8.000000000000000000e+05
6.007509386733418666e-02 8.000000000000000000e+05
5.987484355444307182e-02 8.000000000000000000e+05
5.967459324155195699e-02 8.000000000000000000e+05
5.947434292866084216e-02 8.000000000000000000e+05
5.927409261576972732e-02 8.000000000000000000e+05
5.907384230287861249e-02 8.000000000000000000e+05
5.887359198998751153e-02 8.000000000000000000e+05
5.867334167709639670e-02 8.000000000000000000e+05
5.847309136420528186e-02 8.000000000000000000e+05
5.827284105131416703e-02 8.000000000000000000e+05
5.807259073842305219e-02 8.000000000000000000e+05
5.787234042553193736e-02 8.000000000000000000e+05
5.767209011264082252e-02 8.000000000000000000e+05
5.747183979974970769e-02 8.000000000000000000e+05
5.727158948685859285e-02 8.000000000000000000e+05
5.707133917396747802e-02 8.000000000000000000e+05
5.687108886107636319e-02 8.000000000000000000e+05
5.667083854818524835e-02 8.000000000000000000e+05
5.647058823529413352e-02 8.000000000000000000e+05
5.627033792240301868e-02 8.000000000000000000e+05
5.607008760951190385e-02 8.000000000000000000e+05
5.586983729662080289e-02 8.000000000000000000e+05
5.566958698372968806e-02 8.000000000000000000e+05
5.546933667083857322e-02 8.000000000000000000e+05
5.526908635794745839e-02 8.000000000000000000e+05
5.506883604505634355e-02 8.000000000000000000e+05
5.486858573216522872e-02 8.000000000000000000e+05
5.466833541927411388e-02 8.000000000000000000e+05
5.446808510638299905e-02 8.000000000000000000e+05
5.426783479349188422e-02 8.000000000000000000e+05
5.406758448060076938e-02 8.000000000000000000e+05
5.386733416770965455e-02 8.000000000000000000e+05
5.366708385481853971e-02 8.000000000000000000e+05
5.346683354192742488e-02 8.000000000000000000e+05
5.326658322903631004e-02 8.000000000000000000e+05
5.306633291614520909e-02 8.000000000000000000e+05
5.286608260325409425e-02 8.000000000000000000e+05
5.266583229036297942e-02 8.000000000000000000e+05
5.246558197747186458e-02 8.000000000000000000e+05
5.226533166458074975e-02 8.000000000000000000e+05
5.206508135168963491e-02 8.000000000000000000e+05
5.186483103879852008e-02 8.000000000000000000e+05
5.166458072590740525e-02 8.000000000000000000e+05
5.146433041301629041e-02 8.000000000000000000e+05
5.126408010012517558e-02 8.000000000000000000e+05
5.106382978723406074e-02 8.000000000000000000e+05
5.086357947434294591e-02 8.000000000000000000e+05
5.066332916145183107e-02 8.000000000000000000e+05
5.046307884856071624e-02 8.000000000000000000e+05
5.026282853566961528e-02 8.000000000000000000e+05
5.006257822277850045e-02 8.000000000000000000e+05
4.986232790988738561e-02 8.000000000000000000e+05
4.966207759699627078e-02 8.000000000000000000e+05
4.946182728410515594e-02 8.000000000000000000e+05
4.926157697121404111e-02 8.000000000000000000e+05
4.906132665832292628e-02 8.000000000000000000e+05
4.886107634543181144e-02 8.000000000000000000e+05
4.866082603254069661e-02 8.000000000000000000e+05
4.846057571964958177e-02 8.000000000000000000e+05
4.826032540675846694e-02 8.000000000000000000e+05
4.806007509386735210e-02 8.000000000000000000e+05
4.785982478097623727e-02 8.000000000000000000e+05
4.765957446808512243e-02 8.000000000000000000e+05
4.745932415519402148e-02 8.000000000000000000e+05
4.725907384230290664e-02 8.000000000000000000e+05
4.705882352941179181e-02 8.000000000000000000e+05
4.685857321652067697e-02 8.000000000000000000e+05
4.665832290362956214e-02 8.000000000000000000e+05
4.645807259073844731e-02 8.000000000000000000e+05
4.625782227784733247e-02 8.000000000000000000e+05
4.605757196495621764e-02 8.000000000000000000e+05
4.585732165206510280e-02 8.000000000000000000e+05
4.565707133917398797e-02 8.000000000000000000e+05
4.545682102628287313e-02 8.000000000000000000e+05
4.525657071339175830e-02 8.000000000000000000e+05
4.505632040050064346e-02 8.000000000000000000e+05
4.485607008760952863e-02 8.000000000000000000e+05
4.465581977471841379e-02 8.000000000000000000e+05
4.445556946182731284e-02 8.000000000000000000e+05
4.425531914893619800e-02 8.000000000000000000e+05
4.405506883604508317e-02 8.000000000000000000e+05
4.385481852315396833e-02 8.000000000000000000e+05
4.365456821026285350e-02 8.000000000000000000e+05
4.345431789737173867e-02 8.000000000000000000e+05
4.325406758448062383e-02 8.000000000000000000e+05
4.305381727158950900e-02 8.000000000000000000e+05
4.285356695869839416e-02 8.000000000000000000e+05
4.265331664580727933e-02 8.000000000000000000e+05
4.245306633291616449e-02 8.000000000000000000e+05
4.225281602002504966e-02 8.000000000000000000e+05
4.205256570713393482e-02 8.000000000000000000e+05
4.185231539424281999e-02 8.000000000000000000e+05
4.165206508135171903e-02 8.000000000000000000e+05
4.145181476846060420e-02 8.000000000000000000e+05
4.125156445556948936e-02 8.000000000000000000e+05
4.105131414267837453e-02 8.000000000000000000e+05
4.085106382978725970e-02 8.000000000000000000e+05
4.065081351689614486e-02 8.000000000000000000e+05
4.045056320400503003e-02 8.000000000000000000e+05
4.025031289111391519e-02 8.000000000000000000e+05
4.005006257822280036e-02 8.000000000000000000e+05
3.984981226533168552e-02 8.000000000000000000e+05
3.964956195244057069e-02 8.000000000000000000e+05
3.944931163954945585e-02 8.000000000000000000e+05
3.924906132665834102e-02 8.000000000000000000e+05
3.904881101376722619e-02 8.000000000000000000e+05
3.884856070087612523e-02 8.000000000000000000e+05
3.864831038798501039e-02 8.000000000000000000e+05
3.844806007509389556e-02 8.000000000000000000e+05
3.824780976220278073e-02 8.000000000000000000e+05
3.804755944931166589e-02 8.000000000000000000e+05
3.784730913642055106e-02 8.000000000000000000e+05
3.764705882352943622e-02 8.000000000000000000e+05
3.744680851063832139e-02 8.000000000000000000e+05
3.724655819774720655e-02 8.000000000000000000e+05
3.704630788485609172e-02 8.000000000000000000e+05
3.684605757196497688e-02 8.000000000000000000e+05
3.664580725907386205e-02 8.000000000000000000e+05
3.644555694618274722e-02 8.000000000000000000e+05
3.624530663329163238e-02 8.000000000000000000e+05
3.604505632040053142e-02 8.000000000000000000e+05
3.584480600750941659e-02 8.000000000000000000e+05
3.564455569461830176e-02 8.000000000000000000e+05
3.544430538172718692e-02 8.000000000000000000e+05
3.524405506883607209e-02 8.000000000000000000e+05
3.504380475594495725e-02 8.000000000000000000e+05
3.484355444305384242e-02 8.000000000000000000e+05
3.464330413016272758e-02 8.000000000000000000e+05
3.444305381727161275e-02 8.000000000000000000e+05
3.424280350438049791e-02 8.000000000000000000e+05
3.404255319148938308e-02 8.000000000000000000e+05
3.384230287859826825e-02 8.000000000000000000e+05
3.364205256570715341e-02 8.000000000000000000e+05
3.344180225281603858e-02 8.000000000000000000e+05
3.324155193992492374e-02 8.000000000000000000e+05
3.304130162703380891e-02 8.000000000000000000e+05
3.284105131414269407e-02 8.000000000000000000e+05
3.264080100125157924e-02 8.000000000000000000e+05
3.244055068836046440e-02 8.000000000000000000e+05
3.224030037546934957e-02 8.000000000000000000e+05
3.204005006257823474e-02 8.000000000000000000e+05
3.183979974968711990e-02 8.000000000000000000e+05
3.163954943679603282e-02 8.000000000000000000e+05
3.143929912390491799e-02 8.000000000000000000e+05
3.123904881101380315e-02 8.000000000000000000e+05
3.103879849812268832e-02 8.000000000000000000e+05
3.083854818523157348e-02 8.000000000000000000e+05
3.063829787234045865e-02 8.000000000000000000e+05
3.043804755944934382e-02 8.000000000000000000e+05
3.023779724655822898e-02 8.000000000000000000e+05
3.003754693366711415e-02 8.000000000000000000e+05
2.983729662077599931e-02 8.000000000000000000e+05
2.963704630788488448e-02 8.000000000000000000e+05
2.943679599499376964e-02 8.000000000000000000e+05
2.923654568210265481e-02 8.000000000000000000e+05
2.903629536921153997e-02 8.000000000000000000e+05
2.883604505632042514e-02 8.000000000000000000e+05
2.863579474342931031e-02 8.000000000000000000e+05
2.843554443053819547e-02 8.000000000000000000e+05
2.823529411764708064e-02 8.000000000000000000e+05
2.803504380475596580e-02 8.000000000000000000e+05
2.783479349186485097e-02 8.000000000000000000e+05
2.763454317897373613e-02 8.000000000000000000e+05
2.743429286608262130e-02 8.000000000000000000e+05
2.723404255319150646e-02 8.000000000000000000e+05
2.703379224030039163e-02 8.000000000000000000e+05
2.683354192740927679e-02 8.000000000000000000e+05
2.663329161451816196e-02 8.000000000000000000e+05
2.643304130162704713e-02 8.000000000000000000e+05
2.623279098873593229e-02 8.000000000000000000e+05
2.603254067584484521e-02 8.000000000000000000e+05
2.583229036295373038e-02 8.000000000000000000e+05
2.563204005006261554e-02 8.000000000000000000e+05
2.543178973717150071e-02 8.000000000000000000e+05
2.523153942428038587e-02 8.000000000000000000e+05
2.503128911138927104e-02 8.000000000000000000e+05
2.483103879849815621e-02 8.000000000000000000e+05
2.463078848560704137e-02 8.000000000000000000e+05
2.443053817271592654e-02 8.000000000000000000e+05
2.423028785982481170e-02 8.000000000000000000e+05
2.403003754693369687e-02 8.000000000000000000e+05
2.382978723404258203e-02 8.000000000000000000e+05
2.362953692115146720e-02 8.000000000000000000e+05
2.342928660826035236e-02 8.000000000000000000e+05
2.322903629536923753e-02 8.000000000000000000e+05
2.302878598247812270e-02 8.000000000000000000e+05
2.282853566958700786e-02 8.000000000000000000e+05
2.262828535669589303e-02 8.000000000000000000e+05
2.242803504380477819e-02 8.000000000000000000e+05
2.222778473091366336e-02 8.000000000000000000e+05
2.202753441802254852e-02 8.000000000000000000e+05
2.182728410513143369e-02 8.000000000000000000e+05
2.162703379224031885e-02 8.000000000000000000e+05
2.142678347934920402e-02 8.000000000000000000e+05
2.122653316645808919e-02 8.000000000000000000e+05
2.102628285356697435e-02 8.000000000000000000e+05
2.082603254067585952e-02 8.000000000000000000e+05
2.062578222778474468e-02 8.000000000000000000e+05
2.042553191489365760e-02 8.000000000000000000e+05
2.022528160200254277e-02 8.000000000000000000e+05
2.002503128911142793e-02 8.000000000000000000e+05
1.982478097622031310e-02 8.000000000000000000e+05
1.962453066332919827e-02 8.000000000000000000e+05
1.942428035043808343e-02 8.000000000000000000e+05
1.922403003754696860e-02 8.000000000000000000e+05
1.902377972465585376e-02 8.000000000000000000e+05
1.882352941176473893e-02 8.000000000000000000e+05
1.862327909887362409e-02 8.000000000000000000e+05
1.842302878598250926e-02 8.000000000000000000e+05
1.822277847309139442e-02 8.000000000000000000e+05
1.802252816020027959e-02 8.000000000000000000e+05
1.782227784730916476e-02 8.000000000000000000e+05
1.762202753441804992e-02 8.000000000000000000e+05
1.742177722152693509e-02 8.000000000000000000e+05
1.722152690863582025e-02 8.000000000000000000e+05
1.702127659574470542e-02 8.000000000000000000e+05
1.682102628285359058e-02 8.000000000000000000e+05
1.662077596996247575e-02 8.000000000000000000e+05
1.642052565707136091e-02 8.000000000000000000e+05
1.622027534418024608e-02 8.000000000000000000e+05
1.602002503128913125e-02 8.000000000000000000e+05
1.581977471839801641e-02 8.000000000000000000e+05
1.561952440550690158e-02 8.000000000000000000e+05
1.541927409261578674e-02 8.000000000000000000e+05
1.521902377972467191e-02 8.000000000000000000e+05
1.501877346683355707e-02 8.000000000000000000e+05
1.481852315394244224e-02 8.000000000000000000e+05
1.461827284105135516e-02 8.000000000000000000e+05
1.441802252816024033e-02 8.000000000000000000e+05
1.421777221526912549e-02 8.000000000000000000e+05
1.401752190237801066e-02 8.000000000000000000e+05
1.381727158948689582e-02 8.000000000000000000e+05
1.361702127659578099e-02 8.000000000000000000e+05
1.341677096370466615e-02 8.000000000000000000e+05
1.321652065081355132e-02 8.000000000000000000e+05
1.301627033792243648e-02 8.000000000000000000e+05
1.281602002503132165e-02 8.000000000000000000e+05
1.261576971214020682e-02 8.000000000000000000e+05
1.241551939924909198e-02 8.000000000000000000e+05
1.221526908635797715e-02 8.000000000000000000e+05
1.201501877346686231e-02 8.000000000000000000e+05
1.181476846057574748e-02 8.000000000000000000e+05
1.161451814768463264e-02 8.000000000000000000e+05
1.141426783479351781e-02 8.000000000000000000e+05
1.121401752190240297e-02 8.000000000000000000e+05
1.101376720901128814e-02 8.000000000000000000e+05
1.081351689612017331e-02 8.000000000000000000e+05
1.061326658322905847e-02 8.000000000000000000e+05
1.041301627033794364e-02 8.000000000000000000e+05
1.021276595744682880e-02 8.000000000000000000e+05
1.001251564455571397e-02 8.000000000000000000e+05
9.812265331664599133e-03 8.000000000000000000e+05
9.612015018773484298e-03 8.000000000000000000e+05
9.411764705882369464e-03 8.000000000000000000e+05
9.211514392991254629e-03 8.000000000000000000e+05
9.011264080100167551e-03 8.000000000000000000e+05
8.811013767209052716e-03 8.000000000000000000e+05
8.610763454317937882e-03 8.000000000000000000e+05
8.410513141426823047e-03 8.000000000000000000e+05
8.210262828535708213e-03 8.000000000000000000e+05
8.010012515644593378e-03 8.000000000000000000e+05
7.809762202753478544e-03 8.000000000000000000e+05
7.609511889862363709e-03 8.000000000000000000e+05
7.409261576971248875e-03 8.000000000000000000e+05
7.209011264080134040e-03 8.000000000000000000e+05
7.008760951189019206e-03 8.000000000000000000e+05
6.808510638297904372e-03 8.000000000000000000e+05
6.608260325406789537e-03 8.000000000000000000e+05
6.408010012515674703e-03 8.000000000000000000e+05
6.207759699624559868e-03 8.000000000000000000e+05
6.007509386733445034e-03 8.000000000000000000e+05
5.807259073842330199e-03 8.000000000000000000e+05
5.607008760951215365e-03 8.000000000000000000e+05
5.406758448060100530e-03 8.000000000000000000e+05
5.206508135168985696e-03 8.000000000000000000e+05
5.006257822277870861e-03 8.000000000000000000e+05
4.806007509386756027e-03 8.000000000000000000e+05
4.605757196495641193e-03 8.000000000000000000e+05
4.405506883604526358e-03 8.000000000000000000e+05
4.205256570713411524e-03 8.000000000000000000e+05
4.005006257822296689e-03 8.000000000000000000e+05
3.804755944931181855e-03 8.000000000000000000e+05
3.604505632040067020e-03 8.000000000000000000e+05
3.404255319148952186e-03 8.000000000000000000e+05
3.204005006257865107e-03 8.000000000000000000e+05
3.003754693366750272e-03 8.000000000000000000e+05
2.803504380475635438e-03 8.000000000000000000e+05
2.603254067584520604e-03 8.000000000000000000e+05
2.403003754693405769e-03 8.000000000000000000e+05
2.202753441802290935e-03 8.000000000000000000e+05
2.002503128911176100e-03 8.000000000000000000e+05
1.802252816020061266e-03 8.000000000000000000e+05
1.602002503128946431e-03 8.000000000000000000e+05
1.401752190237831597e-03 8.000000000000000000e+05
1.201501877346716762e-03 8.000000000000000000e+05
1.001251564455601928e-03 8.000000000000000000e+05
8.010012515644870934e-04 8.000000000000000000e+05
6.007509386733722589e-04 8.000000000000000000e+05
4.005006257822574245e-04 8.000000000000000000e+05
2.002503128911425900e-04 8.000000000000000000e+05
2.775557561562891351e-17 8.000000000000000000e+05
---------------
