field_vs_length
---------------
1.600000000000000033e-01 2.100000000000000000e+06
1.597997496871088885e-01 2.100000000000000000e+06
1.595994993742177737e-01 2.100000000000000000e+06
1.593992490613266588e-01 2.100000000000000000e+06
1.591989987484355440e-01 2.100000000000000000e+06
1.589987484355444292e-01 2.100000000000000000e+06
1.587984981226533143e-01 2.100000000000000000e+06
1.585982478097621995e-01 2.100000000000000000e+06
1.583979974968710847e-01 2.100000000000000000e+06
1.581977471839799698e-01 2.100000000000000000e+06
1.579974968710888550e-01 2.100000000000000000e+06
1.577972465581977402e-01 2.100000000000000000e+06
1.575969962453066253e-01 2.100000000000000000e+06
1.573967459324155105e-01 2.100000000000000000e+06
1.571964956195244234e-01 2.100000000000000000e+06
1.569962453066333086e-01 2.100000000000000000e+06
1.567959949937421937e-01 2.100000000000000000e+06
1.565957446808510789e-01 2.100000000000000000e+06
1.563954943679599641e-01 2.100000000000000000e+06
1.561952440550688492e-01 2.100000000000000000e+06
1.559949937421777344e-01 2.100000000000000000e+06
1.557947434292866196e-01 2.100000000000000000e+06
1.555944931163955047e-01 2.100000000000000000e+06
1.553942428035043899e-01 2.100000000000000000e+06
1.551939924906132751e-01 2.100000000000000000e+06
1.549937421777221602e-01 2.100000000000000000e+06
1.547934918648310454e-01 2.100000000000000000e+06
1.545932415519399306e-01 2.100000000000000000e+06
1.543929912390488157e-01 2.100000000000000000e+06
1.541927409261577009e-01 2.100000000000000000e+06
1.539924906132665861e-01 2.100000000000000000e+06
1.537922403003754712e-01 2.100000000000000000e+06
1.535919899874843564e-01 2.100000000000000000e+06
1.533917396745932415e-01 2.100000000000000000e+06
1.531914893617021267e-01 2.100000000000000000e+06
1.529912390488110119e-01 2.100000000000000000e+06
1.527909887359198970e-01 2.100000000000000000e+06
1.525907384230287822e-01 2.100000000000000000e+06
1.523904881101376674e-01 2.100000000000000000e+06
1.521902377972465525e-01 2.100000000000000000e+06
1.519899874843554377e-01 2.100000000000000000e+06
1.517897371714643229e-01 2.100000000000000000e+06
1.515894868585732080e-01 2.100000000000000000e+06
1.513892365456820932e-01 2.100000000000000000e+06
1.511889862327910061e-01 2.100000000000000000e+06
1.509887359198998913e-01 2.100000000000000000e+06
1.507884856070087765e-01 2.100000000000000000e+06
1.505882352941176616e-01 2.100000000000000000e+06
1.503879849812265468e-01 2.100000000000000000e+06
1.501877346683354320e-01 2.100000000000000000e+06
1.499874843554443171e-01 2.100000000000000000e+06
1.497872340425532023e-01 2.100000000000000000e+06
1.495869837296620875e-01 2.100000000000000000e+06
1.493867334167709726e-01 2.100000000000000000e+06
1.491864831038798578e-01 2.100000000000000000e+06
1.489862327909887429e-01 2.100000000000000000e+06
1.487859824780976281e-01 2.100000000000000000e+06
1.485857321652065133e-01 2.100000000000000000e+06
1.483854818523153984e-01 2.100000000000000000e+06
1.481852315394242836e-01 2.100000000000000000e+06
1.479849812265331688e-01 2.100000000000000000e+06
1.477847309136420539e-01 2.100000000000000000e+06
1.475844806007509391e-01 2.100000000000000000e+06
1.473842302878598243e-01 2.100000000000000000e+06
1.471839799749687094e-01 2.100000000000000000e+06
1.469837296620775946e-01 2.100000000000000000e+06
1.467834793491864798e-01 2.100000000000000000e+06
1.465832290362953649e-01 2.100000000000000000e+06
1.463829787234042501e-01 2.100000000000000000e+06
1.461827284105131353e-01 2.100000000000000000e+06
1.459824780976220204e-01 2.100000000000000000e+06
1.457822277847309334e-01 2.100000000000000000e+06
1.455819774718398185e-01 2.100000000000000000e+06
1.453817271589487037e-01 2.100000000000000000e+06
1.451814768460575888e-01 2.100000000000000000e+06
1.449812265331664740e-01 2.095128050684782211e+06
1.447809762202753592e-01 2.044283059870582307e+06
1.445807259073842443e-01 1.995434175224825274e+06
1.443804755944931295e-01 1.948503032295637997e+06
1.441802252816020147e-01 1.903414343114458490e+06
1.439799749687108998e-01 1.860095775417428231e+06
1.437797246558197850e-01 1.818477836608387763e+06
1.435794743429286702e-01 1.778493762277328409e+06
1.433792240300375553e-01 1.740079409095465206e+06
1.431789737171464405e-01 1.703173151915100403e+06
1.429787234042553257e-01 1.667715784909208305e+06
1.427784730913642108e-01 1.633650426592153963e+06
1.425782227784730960e-01 1.600922428569162264e+06
1.423779724655819812e-01 1.569479287868168438e+06
1.421777221526908663e-01 1.539270562713394640e+06
1.419774718397997515e-01 1.510247791605551727e+06
1.417772215269086367e-01 1.482364415578837041e+06
1.415769712140175218e-01 1.455575703510019463e+06
1.413767209011264070e-01 1.429838680359794758e+06
1.411764705882352922e-01 1.405112058231280418e+06
1.409762202753441773e-01 1.381356170135069871e+06
1.407759699624530625e-01 1.358532906354575418e+06
1.405757196495619477e-01 1.336605653309587389e+06
1.403754693366708328e-01 1.315539234819965903e+06
1.401752190237797180e-01 1.295299855675238417e+06
1.399749687108886032e-01 1.275855047419585986e+06
1.397747183979974883e-01 1.257173616265232675e+06
1.395744680851064012e-01 1.239225593050686643e+06
1.393742177722152864e-01 1.221982185163554503e+06
1.391739674593241716e-01 1.205415730350802420e+06
1.389737171464330567e-01 1.189499652342361864e+06
1.387734668335419419e-01 1.174208418216893915e+06
1.385732165206508271e-01 1.159517497441319516e+06
1.383729662077597122e-01 1.145403322518397355e+06
1.381727158948685974e-01 1.131843251179230399e+06
1.379724655819774826e-01 1.118815530060039600e+06
1.377722152690863677e-01 1.106299259804943111e+06
1.375719649561952529e-01 1.094274361538749188e+06
1.373717146433041381e-01 1.082721544655985199e+06
1.371714643304130232e-01 1.071622275874485495e+06
1.369712140175219084e-01 1.060958749503893545e+06
1.367709637046307936e-01 1.050713858881383203e+06
1.365707133917396787e-01 1.040871168928774772e+06
1.363704630788485639e-01 1.031414889787022024e+06
1.361702127659574491e-01 1.022329851485775318e+06
1.359699624530663342e-01 1.013601479607380927e+06
1.357697121401752194e-01 1.005215771906281821e+06
1.355694618272841045e-01 9.971592758463076316e+05
1.353692115143929897e-01 9.894190670198218431e+05
1.351689612015018749e-01 9.819827284141024575e+05
1.349687108886107600e-01 9.748383304916995112e+05
1.347684605757196452e-01 9.679744120528082130e+05
1.345682102628285581e-01 9.613799618489616551e+05
1.343679599499374433e-01 9.550444009185440373e+05
1.341677096370463285e-01 9.489575656157889171e+05
1.339674593241552136e-01 9.431096913060357329e+05
1.337672090112640988e-01 9.374913967010881752e+05
1.335669586983729840e-01 9.320936688095470890e+05
1.333667083854818691e-01 9.269078484779711580e+05
1.331664580725907543e-01 9.219256164996733423e+05
1.329662077596996395e-01 9.171389802688667551e+05
1.327659574468085246e-01 9.125402609587520128e+05
1.325657071339174098e-01 9.081220812029743101e+05
1.323654568210262950e-01 9.038773532606903464e+05
1.321652065081351801e-01 8.997992676462596282e+05
1.319649561952440653e-01 8.958812822053181008e+05
1.317647058823529505e-01 8.921171116197104566e+05
1.315644555694618356e-01 8.885007173244447913e+05
1.313642052565707208e-01 8.850262978204952087e+05
1.311639549436796059e-01 8.816882793679083697e+05
1.309637046307884911e-01 8.784813070442890748e+05
1.307634543178973763e-01 8.754002361543154111e+05
1.305632040050062614e-01 8.724401239765058272e+05
1.303629536921151466e-01 8.695962218339976389e+05
1.301627033792240318e-01 8.668639674766145181e+05
1.299624530663329169e-01 8.642389777620052919e+05
1.297622027534418021e-01 8.617170416241107741e+05
1.295619524405506873e-01 8.592941133176793810e+05
1.293617021276595724e-01 8.569663059279933805e+05
1.291614518147684576e-01 8.547298851353959180e+05
1.289612015018773428e-01 8.525812632246125722e+05
1.287609511889862279e-01 8.505169933292606147e+05
1.285607008760951131e-01 8.485337639023099327e+05
1.283604505632039983e-01 8.466283934036269784e+05
1.281602002503128834e-01 8.447978251960781636e+05
1.279599499374217686e-01 8.430391226420052117e+05
1.277596996245306815e-01 8.413494643922075629e+05
1.275594493116395667e-01 8.397261398598710075e+05
1.273591989987484518e-01 8.381665448721855646e+05
1.271589486858573370e-01 8.366681774926743237e+05
1.269586983729662222e-01 8.352286340075319167e+05
1.267584480600751073e-01 8.338456050695340382e+05
1.265581977471839925e-01 8.325168719933322864e+05
1.263579474342928777e-01 8.312403031961903907e+05
1.261576971214017628e-01 8.300138507784520043e+05
1.259574468085106480e-01 8.288355472382558510e+05
1.257571964956195332e-01 8.277035023152257781e+05
1.255569461827284183e-01 8.266158999580735108e+05
1.253566958698373035e-01 8.255709954112494597e+05
1.251564455569461887e-01 8.245671124159676256e+05
1.249561952440550738e-01 8.236026405211145757e+05
1.247559449311639590e-01 8.226760324997282587e+05
1.245556946182728442e-01 8.217858018669027369e+05
1.243554443053817293e-01 8.209305204951365013e+05
1.241551939924906145e-01 8.201088163232988445e+05
1.239549436795994997e-01 8.193193711555395275e+05
1.237546933667083848e-01 8.185609185466101626e+05
1.235544430538172839e-01 8.178322417702045059e+05
1.233541927409261690e-01 8.171321718670600094e+05
1.231539424280350542e-01 8.164595857696873136e+05
1.229536921151439394e-01 8.158134045007210225e+05
1.227534418022528245e-01 8.151925914420004701e+05
1.225531914893617097e-01 8.145961506716040894e+05
1.223529411764705949e-01 8.140231253661696101e+05
1.221526908635794939e-01 8.134725962659372017e+05
1.219524405506883791e-01 8.129436802000525640e+05
1.217521902377972642e-01 8.124355286697652191e+05
1.215519399249061494e-01 8.119473264872477157e+05
1.213516896120150346e-01 8.114782904678540071e+05
1.211514392991239197e-01 8.110276681737169856e+05
1.209511889862328049e-01 8.105947367066715378e+05
1.207509386733416901e-01 8.101788015485651558e+05
1.205506883604505752e-01 8.097791954470968340e+05
1.203504380475594604e-01 8.093952773453963455e+05
1.201501877346683456e-01 8.090264313536267728e+05
1.199499374217772307e-01 8.086720657609599875e+05
1.197496871088861159e-01 8.083316120863422984e+05
1.195494367959950011e-01 8.080045241665233625e+05
1.193491864831038862e-01 8.076902772798902588e+05
1.191489361702127714e-01 8.073883673046968179e+05
1.189486858573216566e-01 8.070983099103405839e+05
1.187484355444305417e-01 8.068196397803894943e+05
1.185481852315394269e-01 8.065519098661105381e+05
1.183479349186483121e-01 8.062946906693046913e+05
1.181476846057571972e-01 8.060475695532963146e+05
1.179474342928660963e-01 8.058101500809723511e+05
1.177471839799749814e-01 8.055820513788092649e+05
1.175469336670838666e-01 8.053629075258675730e+05
1.173466833541927518e-01 8.051523669667730574e+05
1.171464330413016369e-01 8.049500919477442512e+05
1.169461827284105221e-01 8.047557579747603741e+05
1.167459324155194073e-01 8.045690532930005575e+05
1.165456821026283063e-01 8.043896783867205959e+05
1.163454317897371915e-01 8.042173454987624427e+05
1.161451814768460766e-01 8.040517781689284602e+05
1.159449311639549618e-01 8.038927107904778095e+05
1.157446808510638470e-01 8.037398881840340327e+05
1.155444305381727321e-01 8.035930651882207021e+05
1.153441802252816173e-01 8.034520062663686695e+05
1.151439299123905025e-01 8.033164851286624325e+05
1.149436795994993876e-01 8.031862843691213056e+05
1.147434292866082728e-01 8.030611951168316882e+05
1.145431789737171580e-01 8.029410167008723365e+05
1.143429286608260431e-01 8.028255563283931697e+05
1.141426783479349283e-01 8.027146287753329379e+05
1.139424280350438135e-01 8.026080560892786598e+05
1.137421777221526986e-01 8.025056673039904563e+05
1.135419274092615838e-01 8.024072981651339214e+05
1.133416770963704689e-01 8.023127908667793963e+05
1.131414267834793541e-01 8.022219937982468400e+05
1.129411764705882393e-01 8.021347613008876797e+05
1.127409261576971244e-01 8.020509534344170243e+05
1.125406758448060096e-01 8.019704357524178922e+05
1.123404255319148948e-01 8.018930790866591269e+05
1.121401752190237938e-01 8.018187593398812460e+05
1.119399249061326790e-01 8.017473572867170442e+05
1.117396745932415641e-01 8.016787583824270405e+05
1.115394242803504493e-01 8.016128525791447610e+05
1.113391739674593345e-01 8.015495341493354645e+05
1.111389236545682196e-01 8.014887015161857707e+05
1.109386733416771048e-01 8.014302570906515466e+05
1.107384230287860039e-01 8.013741071149037452e+05
1.105381727158948890e-01 8.013201615119202761e+05
1.103379224030037742e-01 8.012683337409818778e+05
1.101376720901126594e-01 8.012185406588418409e+05
1.099374217772215445e-01 8.011707023863461800e+05
1.097371714643304297e-01 8.011247421802888857e+05
1.095369211514393148e-01 8.010805863102999283e+05
1.093366708385482000e-01 8.010381639405642636e+05
1.091364205256570852e-01 8.009974070161862765e+05
1.089361702127659703e-01 8.009582501540140947e+05
1.087359198998748555e-01 8.009206305377507815e+05
1.085356695869837407e-01 8.008844878171831369e+05
1.083354192740926258e-01 8.008497640113662928e+05
1.081351689612015110e-01 8.008164034156095004e+05
1.079349186483103962e-01 8.007843525121136336e+05
1.077346683354192813e-01 8.007535598841164028e+05
1.075344180225281665e-01 8.007239761334088398e+05
1.073341677096370517e-01 8.006955538010892924e+05
1.071339173967459368e-01 8.006682472914292011e+05
1.069336670838548220e-01 8.006420127987267915e+05
1.067334167709637072e-01 8.006168082370337797e+05
1.065331664580726062e-01 8.005925931726394920e+05
1.063329161451814914e-01 8.005693287592068082e+05
1.061326658322903765e-01 8.005469776754535269e+05
1.059324155193992617e-01 8.005255040652808966e+05
1.057321652065081469e-01 8.005048734802526888e+05
1.055319148936170320e-01 8.004850528243320296e+05
1.053316645807259172e-01 8.004660103007880971e+05
1.051314142678348162e-01 8.004477153611871181e+05
1.049311639549437014e-01 8.004301386563857086e+05
1.047309136420525866e-01 8.004132519894486759e+05
1.045306633291614717e-01 8.003970282704145648e+05
1.043304130162703569e-01 8.003814414728375850e+05
1.041301627033792421e-01 8.003664665920353727e+05
1.039299123904881272e-01 8.003520796049757628e+05
1.037296620775970124e-01 8.003382574317386607e+05
1.035294117647058976e-01 8.003249778984906152e+05
1.033291614518147827e-01 8.003122197019131854e+05
1.031289111389236679e-01 8.002999623750277096e+05
1.029286608260325531e-01 8.002881862543616444e+05
1.027284105131414382e-01 8.002768724484039703e+05
1.025281602002503234e-01 8.002660028072990244e+05
1.023279098873592086e-01 8.002555598937303293e+05
1.021276595744680937e-01 8.002455269549469231e+05
1.019274092615769789e-01 8.002358878958884161e+05
1.017271589486858641e-01 8.002266272533648880e+05
1.015269086357947492e-01 8.002177301712505287e+05
1.013266583229036344e-01 8.002091823766510934e+05
1.011264080100125196e-01 8.002009701570071047e+05
1.009261576971214047e-01 8.001930803380956640e+05
1.007259073842303038e-01 8.001855002628964139e+05
1.005256570713391889e-01 8.001782177712863777e+05
1.003254067584480741e-01 8.001712211805329425e+05
1.001251564455569593e-01 8.001644992665516911e+05
9.992490613266584443e-02 8.001580412459009094e+05
9.972465581977472959e-02 8.001518367584821535e+05
9.952440550688361476e-02 8.001458758509207983e+05
9.932415519399251380e-02 8.001401489605981624e+05
9.912390488110139897e-02 8.001346469003111124e+05
9.892365456821028413e-02 8.001293608435341157e+05
9.872340425531916930e-02 8.001242823102587136e+05
9.852315394242805446e-02 8.001194031533907400e+05
9.832290362953693963e-02 8.001147155456795590e+05
9.812265331664582479e-02 8.001102119671622058e+05
9.792240300375470996e-02 8.001058851930991514e+05
9.772215269086359513e-02 8.001017282823846908e+05
9.752190237797248029e-02 8.000977345664114691e+05
9.732165206508136546e-02 8.000938976383727277e+05
9.712140175219025062e-02 8.000902113429844612e+05
9.692115143929913579e-02 8.000866697666106047e+05
9.672090112640802095e-02 8.000832672277768143e+05
9.652065081351690612e-02 8.000799982680556132e+05
9.632040050062579128e-02 8.000768576433102135e+05
9.612015018773467645e-02 8.000738403152815299e+05
9.591989987484356162e-02 8.000709414435056970e+05
9.571964956195246066e-02 8.000681563775491668e+05
9.551939924906134582e-02 8.000654806495478842e+05
9.531914893617023099e-02 8.000629099670404103e+05
9.511889862327911616e-02 8.000604402060816064e+05
9.491864831038800132e-02 8.000580674046266358e+05
9.471839799749688649e-02 8.000557877561753849e+05
9.451814768460577165e-02 8.000535976036660140e+05
9.431789737171465682e-02 8.000514934336075094e+05
9.411764705882354198e-02 8.000494718704444822e+05
9.391739674593242715e-02 8.000475296711407136e+05
9.371714643304131231e-02 8.000456637199776014e+05
9.351689612015019748e-02 8.000438710235554026e+05
9.331664580725908265e-02 8.000421487059911015e+05
9.311639549436796781e-02 8.000404940043052193e+05
9.291614518147686685e-02 8.000389042639888357e+05
9.271589486858575202e-02 8.000373769347459311e+05
9.251564455569463719e-02 8.000359095664012711e+05
9.231539424280352235e-02 8.000344998049704591e+05
9.211514392991240752e-02 8.000331453888833057e+05
9.191489361702129268e-02 8.000318441453557462e+05
9.171464330413017785e-02 8.000305939869044814e+05
9.151439299123906301e-02 8.000293929079977097e+05
9.131414267834794818e-02 8.000282389818385709e+05
9.111389236545683334e-02 8.000271303572732722e+05
9.091364205256571851e-02 8.000260652558220318e+05
9.071339173967460368e-02 8.000250419688257389e+05
9.051314142678348884e-02 8.000240588547049556e+05
9.031289111389237401e-02 8.000231143363263691e+05
9.011264080100127305e-02 8.000222068984729704e+05
8.991239048811015822e-02 8.000213350854129530e+05
8.971214017521904338e-02 8.000204974985648878e+05
8.951188986232792855e-02 8.000196927942534676e+05
8.931163954943681371e-02 8.000189196815544274e+05
8.911138923654569888e-02 8.000181769202232827e+05
8.891113892365458404e-02 8.000174633187062573e+05
8.871088861076346921e-02 8.000167777322279289e+05
8.851063829787235437e-02 8.000161190609555924e+05
8.831038798498123954e-02 8.000154862482342869e+05
8.811013767209012471e-02 8.000148782788919052e+05
8.790988735919900987e-02 8.000142941776107764e+05
8.770963704630789504e-02 8.000137330073629273e+05
8.750938673341678020e-02 8.000131938679064624e+05
8.730913642052567925e-02 8.000126758943422465e+05
8.710888610763456441e-02 8.000121782557257684e+05
8.690863579474344958e-02 8.000117001537340693e+05
8.670838548185233474e-02 8.000112408213855233e+05
8.650813516896121991e-02 8.000107995218092110e+05
8.630788485607010507e-02 8.000103755470624892e+05
8.610763454317899024e-02 8.000099682169959415e+05
8.590738423028787540e-02 8.000095768781617517e+05
8.570713391739676057e-02 8.000092009027653839e+05
8.550688360450564574e-02 8.000088396876590559e+05
8.530663329161453090e-02 8.000084926533733960e+05
8.510638297872341607e-02 8.000081592431885656e+05
8.490613266583230123e-02 8.000078389222405385e+05
8.470588235294118640e-02 8.000075311766634695e+05
8.450563204005008544e-02 8.000072355127652409e+05
8.430538172715897061e-02 8.000069514562351396e+05
8.410513141426785577e-02 8.000066785513835493e+05
8.390488110137674094e-02 8.000064163604106288e+05
8.370463078848562610e-02 8.000061644627036294e+05
8.350438047559451127e-02 8.000059224541629665e+05
8.330413016270339643e-02 8.000056899465530878e+05
8.310387984981228160e-02 8.000054665668803500e+05
8.290362953692116676e-02 8.000052519567939453e+05
8.270337922403005193e-02 8.000050457720118575e+05
8.250312891113893710e-02 8.000048476817677729e+05
8.230287859824782226e-02 8.000046573682811577e+05
8.210262828535670743e-02 8.000044745262468932e+05
8.190237797246559259e-02 8.000042988623456331e+05
8.170212765957447776e-02 8.000041300947737182e+05
8.150187734668337680e-02 8.000039679527904373e+05
8.130162703379226197e-02 8.000038121762839146e+05
8.110137672090114713e-02 8.000036625153542263e+05
8.090112640801003230e-02 8.000035187299120007e+05
8.070087609511891746e-02 8.000033805892934324e+05
8.050062578222780263e-02 8.000032478718903149e+05
8.030037546933668779e-02 8.000031203647945076e+05
8.010012515644557296e-02 8.000029978634563740e+05
7.989987484355445813e-02 8.000028801713564899e+05
7.969962453066334329e-02 8.000027670996906236e+05
7.949937421777222846e-02 8.000026584670668235e+05
7.929912390488111362e-02 8.000025540992141468e+05
7.909887359198999879e-02 8.000024538287033793e+05
7.889862327909888395e-02 8.000023574946784647e+05
7.869837296620778300e-02 8.000022649425982963e+05
7.849812265331666816e-02 8.000021760239885189e+05
7.829787234042555333e-02 8.000020905962042743e+05
7.809762202753443849e-02 8.000020085222002817e+05
7.789737171464332366e-02 8.000019296703116270e+05
7.769712140175220882e-02 8.000018539140424691e+05
7.749687108886109399e-02 8.000017811318627791e+05
7.729662077596997916e-02 8.000017112070139265e+05
7.709637046307886432e-02 8.000016440273209009e+05
7.689612015018774949e-02 8.000015794850125676e+05
7.669586983729663465e-02 8.000015174765486736e+05
7.649561952440551982e-02 8.000014579024539562e+05
7.629536921151440498e-02 8.000014006671583047e+05
7.609511889862329015e-02 8.000013456788435578e+05
7.589486858573218919e-02 8.000012928492964711e+05
7.569461827284107436e-02 8.000012420937664574e+05
7.549436795994995952e-02 8.000011933308305452e+05
7.529411764705884469e-02 8.000011464822620619e+05
7.509386733416772985e-02 8.000011014729056042e+05
7.489361702127661502e-02 8.000010582305561984e+05
7.469336670838550019e-02 8.000010166858433513e+05
7.449311639549438535e-02 8.000009767721203389e+05
7.429286608260327052e-02 8.000009384253565222e+05
7.409261576971215568e-02 8.000009015840351349e+05
7.389236545682104085e-02 8.000008661890547955e+05
7.369211514392992601e-02 8.000008321836338146e+05
7.349186483103881118e-02 8.000007995132200886e+05
7.329161451814769634e-02 8.000007681254030904e+05
7.309136420525659539e-02 8.000007379698295845e+05
7.289111389236548055e-02 8.000007089981235331e+05
7.269086357947436572e-02 8.000006811638077488e+05
7.249061326658325088e-02 8.000006544222299708e+05
7.229036295369213605e-02 8.000006287304906873e+05
7.209011264080102122e-02 8.000006040473745670e+05
7.188986232790990638e-02 8.000005803332845680e+05
7.168961201501879155e-02 8.000005575501779094e+05
7.148936170212767671e-02 8.000005356615054188e+05
7.128911138923656188e-02 8.000005146321528591e+05
7.108886107634544704e-02 8.000004944283845834e+05
7.088861076345433221e-02 8.000004750177891692e+05
7.068836045056321737e-02 8.000004563692276133e+05
7.048811013767210254e-02 8.000004384527836228e+05
7.028785982478100158e-02 8.000004212397151859e+05
7.008760951188988675e-02 8.000004047024087049e+05
6.988735919899877191e-02 8.000003888143347576e+05
6.968710888610765708e-02 8.000003735500052571e+05
6.948685857321654225e-02 8.000003588849329390e+05
6.928660826032542741e-02 8.000003447955916636e+05
6.908635794743431258e-02 8.000003312593790470e+05
6.888610763454319774e-02 8.000003182545799064e+05
6.868585732165208291e-02 8.000003057603318011e+05
6.848560700876096807e-02 8.000002937565911561e+05
6.828535669586985324e-02 8.000002822241012473e+05
6.808510638297873840e-02 8.000002711443614680e+05
6.788485607008762357e-02 8.000002604995972943e+05
6.768460575719650874e-02 8.000002502727324609e+05
6.748435544430539390e-02 8.000002404473604402e+05
6.728410513141429294e-02 8.000002310077195289e+05
6.708385481852317811e-02 8.000002219386661891e+05
6.688360450563206328e-02 8.000002132256516488e+05
6.668335419274094844e-02 8.000002048546985025e+05
6.648310387984983361e-02 8.000001968123776605e+05
6.628285356695871877e-02 8.000001890857876278e+05
6.608260325406760394e-02 8.000001816625330830e+05
6.588235294117648910e-02 8.000001745307056699e+05
6.568210262828537427e-02 8.000001676788640907e+05
6.548185231539425943e-02 8.000001610960167600e+05
6.528160200250314460e-02 8.000001547716030618e+05
6.508135168961202977e-02 8.000001486954775173e+05
6.488110137672091493e-02 8.000001428578924388e+05
6.468085106382980010e-02 8.000001372494831448e+05
6.448060075093869914e-02 8.000001318612523610e+05
6.428035043804758430e-02 8.000001266845564824e+05
6.408010012515646947e-02 8.000001217110905563e+05
6.387984981226535464e-02 8.000001169328764081e+05
6.367959949937423980e-02 8.000001123422484379e+05
6.347934918648312497e-02 8.000001079318423290e+05
6.327909887359201013e-02 8.000001036945829401e+05
6.307884856070089530e-02 8.000000996236726642e+05
6.287859824780978046e-02 8.000000957125808345e+05
6.267834793491866563e-02 8.000000919550332474e+05
6.247809762202755079e-02 8.000000883450019173e+05
6.227784730913643596e-02 8.000000848766956478e+05
6.207759699624532113e-02 8.000000815445503686e+05
6.187734668335420629e-02 8.000000783432206372e+05
6.167709637046310533e-02 8.000000752675707918e+05
6.147684605757199050e-02 8.000000723126669182e+05
6.127659574468087567e-02 8.000000694737685844e+05
6.107634543178976083e-02 8.000000667463215068e+05
6.087609511889864600e-02 8.000000641259504482e+05
6.067584480600753116e-02 8.000000616084516514e+05
6.047559449311641633e-02 8.000000591897864360e+05
6.027534418022530149e-02 8.000000568660747958e+05
6.007509386733418666e-02 8.000000546335888794e+05
5.987484355444307182e-02 8.000000524887474021e+05
5.967459324155195699e-02 8.000000504281095928e+05
5.947434292866084216e-02 8.000000484483696055e+05
5.927409261576972732e-02 8.000000465463516302e+05
5.907384230287861249e-02 8.000000447190041887e+05
5.887359198998751153e-02 8.000000429633960593e+05
5.867334167709639670e-02 8.000000412767108064e+05
5.847309136420528186e-02 8.000000396562424721e+05
5.827284105131416703e-02 8.000000380993915023e+05
5.807259073842305219e-02 8.000000366036605556e+05
5.787234042553193736e-02 8.000000351666498464e+05
5.767209011264082252e-02 8.000000337860543514e+05
5.747183979974970769e-02 8.000000324596591527e+05
5.727158948685859285e-02 8.000000311853364110e+05
5.707133917396747802e-02 8.000000299610419897e+05
5.687108886107636319e-02 8.000000287848116131e+05
5.667083854818524835e-02 8.000000276547585381e+05
5.647058823529413352e-02 8.000000265690697124e+05
5.627033792240301868e-02 8.000000255260036793e+05
5.607008760951190385e-02 8.000000245238870848e+05
5.586983729662080289e-02 8.000000235611121170e+05
5.566958698372968806e-02 8.000000226361344103e+05
5.546933667083857322e-02 8.000000217474701349e+05
5.526908635794745839e-02 8.000000208936936688e+05
5.506883604505634355e-02 8.000000200734352693e+05
5.486858573216522872e-02 8.000000192853790941e+05
5.466833541927411388e-02 8.000000185282609891e+05
5.446808510638299905e-02 8.000000178008662770e+05
5.426783479349188422e-02 8.000000171020281268e+05
5.406758448060076938e-02 8.000000164306254592e+05
5.386733416770965455e-02 8.000000157855810830e+05
5.366708385481853971e-02 8.000000151658602990e+05
5.346683354192742488e-02 8.000000145704690367e+05
5.326658322903631004e-02 8.000000139984518755e+05
5.306633291614520909e-02 8.000000134488914628e+05
5.286608260325409425e-02 8.000000129209060688e+05
5.266583229036297942e-02 8.000000124136485392e+05
5.246558197747186458e-02 8.000000119263053639e+05
5.226533166458074975e-02 8.000000114580945810e+05
5.206508135168963491e-02 8.000000110082651954e+05
5.186483103879852008e-02 8.000000105760954320e+05
5.166458072590740525e-02 8.000000101608921541e+05
5.146433041301629041e-02 8.000000097619891167e+05
5.126408010012517558e-02 8.000000093787465012e+05
5.106382978723406074e-02 8.000000090105495183e+05
5.086357947434294591e-02 8.000000086568074767e+05
5.066332916145183107e-02 8.000000083169527352e+05
5.046307884856071624e-02 8.000000079904403538e+05
5.026282853566961528e-02 8.000000076767463470e+05
5.006257822277850045e-02 8.000000073753675679e+05
4.986232790988738561e-02 8.000000070858205436e+05
4.966207759699627078e-02 8.000000068076407770e+05
4.946182728410515594e-02 8.000000065403819317e+05
4.926157697121404111e-02 8.000000062836152501e+05
4.906132665832292628e-02 8.000000060369289713e+05
4.886107634543181144e-02 8.000000057999272831e+05
4.866082603254069661e-02 8.000000055722298566e+05
4.846057571964958177e-02 8.000000053534716135e+05
4.826032540675846694e-02 8.000000051433014451e+05
4.806007509386735210e-02 8.000000049413823290e+05
4.785982478097623727e-02 8.000000047473902814e+05
4.765957446808512243e-02 8.000000045610141242e+05
4.745932415519402148e-02 8.000000043819547864e+05
4.725907384230290664e-02 8.000000042099251878e+05
4.705882352941179181e-02 8.000000040446491912e+05
4.685857321652067697e-02 8.000000038858616026e+05
4.665832290362956214e-02 8.000000037333079381e+05
4.645807259073844731e-02 8.000000035867432598e+05
4.625782227784733247e-02 8.000000034459325252e+05
4.605757196495621764e-02 8.000000033106498886e+05
4.585732165206510280e-02 8.000000031806781190e+05
4.565707133917398797e-02 8.000000030558089493e+05
4.545682102628287313e-02 8.000000029358420288e+05
4.525657071339175830e-02 8.000000028205848066e+05
4.505632040050064346e-02 8.000000027098524151e+05
4.485607008760952863e-02 8.000000026034672046e+05
4.465581977471841379e-02 8.000000025012586266e+05
4.445556946182731284e-02 8.000000024030625354e+05
4.425531914893619800e-02 8.000000023087215377e+05
4.405506883604508317e-02 8.000000022180842934e+05
4.385481852315396833e-02 8.000000021310052834e+05
4.365456821026285350e-02 8.000000020473448094e+05
4.345431789737173867e-02 8.000000019669687608e+05
4.325406758448062383e-02 8.000000018897482660e+05
4.305381727158950900e-02 8.000000018155592261e+05
4.285356695869839416e-02 8.000000017442828976e+05
4.265331664580727933e-02 8.000000016758046113e+05
4.245306633291616449e-02 8.000000016100148205e+05
4.225281602002504966e-02 8.000000015468078200e+05
4.205256570713393482e-02 8.000000014860822121e+05
4.185231539424281999e-02 8.000000014277405571e+05
4.165206508135171903e-02 8.000000013716893736e+05
4.145181476846060420e-02 8.000000013178386725e+05
4.125156445556948936e-02 8.000000012661020737e+05
4.105131414267837453e-02 8.000000012163966894e+05
4.085106382978725970e-02 8.000000011686425423e+05
4.065081351689614486e-02 8.000000011227632640e+05
4.045056320400503003e-02 8.000000010786850471e+05
4.025031289111391519e-02 8.000000010363373440e+05
4.005006257822280036e-02 8.000000009956520516e+05
3.984981226533168552e-02 8.000000009565640939e+05
3.964956195244057069e-02 8.000000009190107230e+05
3.944931163954945585e-02 8.000000008829315193e+05
3.924906132665834102e-02 8.000000008482688572e+05
3.904881101376722619e-02 8.000000008149669738e+05
3.884856070087612523e-02 8.000000007829724345e+05
3.864831038798501039e-02 8.000000007522340165e+05
3.844806007509389556e-02 8.000000007227023598e+05
3.824780976220278073e-02 8.000000006943299668e+05
3.804755944931166589e-02 8.000000006670715520e+05
3.784730913642055106e-02 8.000000006408832269e+05
3.764705882352943622e-02 8.000000006157229654e+05
3.744680851063832139e-02 8.000000005915504880e+05
3.724655819774720655e-02 8.000000005683270283e+05
3.704630788485609172e-02 8.000000005460153334e+05
3.684605757196497688e-02 8.000000005245794309e+05
3.664580725907386205e-02 8.000000005039852113e+05
3.644555694618274722e-02 8.000000004841993796e+05
3.624530663329163238e-02 8.000000004651903873e+05
3.604505632040053142e-02 8.000000004469276173e+05
3.584480600750941659e-02 8.000000004293818492e+05
3.564455569461830176e-02 8.000000004125249106e+05
3.544430538172718692e-02 8.000000003963296767e+05
3.524405506883607209e-02 8.000000003807703033e+05
3.504380475594495725e-02 8.000000003658217611e+05
3.484355444305384242e-02 8.000000003514601849e+05
3.464330413016272758e-02 8.000000003376622917e+05
3.444305381727161275e-02 8.000000003244060790e+05
3.424280350438049791e-02 8.000000003116703592e+05
3.404255319148938308e-02 8.000000002994346432e+05
3.384230287859826825e-02 8.000000002876791405e+05
3.364205256570715341e-02 8.000000002763853408e+05
3.344180225281603858e-02 8.000000002655347344e+05
3.324155193992492374e-02 8.000000002551102079e+05
3.304130162703380891e-02 8.000000002450949978e+05
3.284105131414269407e-02 8.000000002354728058e+05
3.264080100125157924e-02 8.000000002262284979e+05
3.244055068836046440e-02 8.000000002173470566e+05
3.224030037546934957e-02 8.000000002088142792e+05
3.204005006257823474e-02 8.000000002006165450e+05
3.183979974968711990e-02 8.000000001927405829e+05
3.163954943679603282e-02 8.000000001851739362e+05
3.143929912390491799e-02 8.000000001779041486e+05
3.123904881101380315e-02 8.000000001709199278e+05
3.103879849812268832e-02 8.000000001642098650e+05
3.083854818523157348e-02 8.000000001577631338e+05
3.063829787234045865e-02 8.000000001515696058e+05
3.043804755944934382e-02 8.000000001456191530e+05
3.023779724655822898e-02 8.000000001399023458e+05
3.003754693366711415e-02 8.000000001344099874e+05
2.983729662077599931e-02 8.000000001291332301e+05
2.963704630788488448e-02 8.000000001240636921e+05
2.943679599499376964e-02 8.000000001191931078e+05
2.923654568210265481e-02 8.000000001145136775e+05
2.903629536921153997e-02 8.000000001100180671e+05
2.883604505632042514e-02 8.000000001056989422e+05
2.863579474342931031e-02 8.000000001015493181e+05
2.843554443053819547e-02 8.000000000975625589e+05
2.823529411764708064e-02 8.000000000937323784e+05
2.803504380475596580e-02 8.000000000900526065e+05
2.783479349186485097e-02 8.000000000865173060e+05
2.763454317897373613e-02 8.000000000831207726e+05
2.743429286608262130e-02 8.000000000798575347e+05
2.723404255319150646e-02 8.000000000767224701e+05
2.703379224030039163e-02 8.000000000737103401e+05
2.683354192740927679e-02 8.000000000708166044e+05
2.663329161451816196e-02 8.000000000680364901e+05
2.643304130162704713e-02 8.000000000653654570e+05
2.623279098873593229e-02 8.000000000627993140e+05
2.603254067584484521e-02 8.000000000603338704e+05
2.583229036295373038e-02 8.000000000579652842e+05
2.563204005006261554e-02 8.000000000556895975e+05
2.543178973717150071e-02 8.000000000535033178e+05
2.523153942428038587e-02 8.000000000514028361e+05
2.503128911138927104e-02 8.000000000493847765e+05
2.483103879849815621e-02 8.000000000474459957e+05
2.463078848560704137e-02 8.000000000455833506e+05
2.443053817271592654e-02 8.000000000437938143e+05
2.423028785982481170e-02 8.000000000420745928e+05
2.403003754693369687e-02 8.000000000404227758e+05
2.382978723404258203e-02 8.000000000388358021e+05
2.362953692115146720e-02 8.000000000373112271e+05
2.342928660826035236e-02 8.000000000358463731e+05
2.322903629536923753e-02 8.000000000344391447e+05
2.302878598247812270e-02 8.000000000330870971e+05
2.282853566958700786e-02 8.000000000317881349e+05
2.262828535669589303e-02 8.000000000305401627e+05
2.242803504380477819e-02 8.000000000293412013e+05
2.222778473091366336e-02 8.000000000281892717e+05
2.202753441802254852e-02 8.000000000270826276e+05
2.182728410513143369e-02 8.000000000260194065e+05
2.162703379224031885e-02 8.000000000249978621e+05
2.142678347934920402e-02 8.000000000240164809e+05
2.122653316645808919e-02 8.000000000230736332e+05
2.102628285356697435e-02 8.000000000221678056e+05
2.082603254067585952e-02 8.000000000212976011e+05
2.062578222778474468e-02 8.000000000204613898e+05
2.042553191489365760e-02 8.000000000196581241e+05
2.022528160200254277e-02 8.000000000188864069e+05
2.002503128911142793e-02 8.000000000181449577e+05
1.982478097622031310e-02 8.000000000174326124e+05
1.962453066332919827e-02 8.000000000167482067e+05
1.942428035043808343e-02 8.000000000160906930e+05
1.922403003754696860e-02 8.000000000154590234e+05
1.902377972465585376e-02 8.000000000148521503e+05
1.882352941176473893e-02 8.000000000142690260e+05
1.862327909887362409e-02 8.000000000137088355e+05
1.842302878598250926e-02 8.000000000131706474e+05
1.822277847309139442e-02 8.000000000126536470e+05
1.802252816020027959e-02 8.000000000121567864e+05
1.782227784730916476e-02 8.000000000116796000e+05
1.762202753441804992e-02 8.000000000112210400e+05
1.742177722152693509e-02 8.000000000107805245e+05
1.722152690863582025e-02 8.000000000103572384e+05
1.702127659574470542e-02 8.000000000099507160e+05
1.682102628285359058e-02 8.000000000095600262e+05
1.662077596996247575e-02 8.000000000091847032e+05
1.642052565707136091e-02 8.000000000088241650e+05
1.622027534418024608e-02 8.000000000084777130e+05
1.602002503128913125e-02 8.000000000081448816e+05
1.581977471839801641e-02 8.000000000078250887e+05
1.561952440550690158e-02 8.000000000075178687e+05
1.541927409261578674e-02 8.000000000072227558e+05
1.521902377972467191e-02 8.000000000069391681e+05
1.501877346683355707e-02 8.000000000066667562e+05
1.481852315394244224e-02 8.000000000064050546e+05
1.461827284105135516e-02 8.000000000061535975e+05
1.441802252816024033e-02 8.000000000059120357e+05
1.421777221526912549e-02 8.000000000056799036e+05
1.401752190237801066e-02 8.000000000054569682e+05
1.381727158948689582e-02 8.000000000052427640e+05
1.361702127659578099e-02 8.000000000050369417e+05
1.341677096370466615e-02 8.000000000048391521e+05
1.321652065081355132e-02 8.000000000046491623e+05
1.301627033792243648e-02 8.000000000044666231e+05
1.281602002503132165e-02 8.000000000042913016e+05
1.261576971214020682e-02 8.000000000041228486e+05
1.241551939924909198e-02 8.000000000039609149e+05
1.221526908635797715e-02 8.000000000038055005e+05
1.201501877346686231e-02 8.000000000036560232e+05
1.181476846057574748e-02 8.000000000035124831e+05
1.161451814768463264e-02 8.000000000033746473e+05
1.141426783479351781e-02 8.000000000032421667e+05
1.121401752190240297e-02 8.000000000031149248e+05
1.101376720901128814e-02 8.000000000029925723e+05
1.081351689612017331e-02 8.000000000028751092e+05
1.061326658322905847e-02 8.000000000027621863e+05
1.041301627033794364e-02 8.000000000026538037e+05
1.021276595744682880e-02 8.000000000025496120e+05
1.001251564455571397e-02 8.000000000024494948e+05
9.812265331664599133e-03 8.000000000023533357e+05
9.612015018773484298e-03 8.000000000022609020e+05
9.411764705882369464e-03 8.000000000021721935e+05
9.211514392991254629e-03 8.000000000020868611e+05
9.011264080100167551e-03 8.000000000020050211e+05
8.811013767209052716e-03 8.000000000019263243e+05
8.610763454317937882e-03 8.000000000018506544e+05
8.410513141426823047e-03 8.000000000017780112e+05
8.210262828535708213e-03 8.000000000017081620e+05
8.010012515644593378e-03 8.000000000016411068e+05
7.809762202753478544e-03 8.000000000015767291e+05
7.609511889862363709e-03 8.000000000015147962e+05
7.409261576971248875e-03 8.000000000014553079e+05
7.209011264080134040e-03 8.000000000013981480e+05
7.008760951189019206e-03 8.000000000013433164e+05
6.808510638297904372e-03 8.000000000012905803e+05
6.608260325406789537e-03 8.000000000012399396e+05
6.408010012515674703e-03 8.000000000011912780e+05
6.207759699624559868e-03 8.000000000011444790e+05
6.007509386733445034e-03 8.000000000010995427e+05
5.807259073842330199e-03 8.000000000010563526e+05
5.607008760951215365e-03 8.000000000010149088e+05
5.406758448060100530e-03 8.000000000009750947e+05
5.206508135168985696e-03 8.000000000009367941e+05
5.006257822277870861e-03 8.000000000009000069e+05
4.806007509386756027e-03 8.000000000008646166e+05
4.605757196495641193e-03 8.000000000008307397e+05
4.405506883604526358e-03 8.000000000007981434e+05
4.205256570713411524e-03 8.000000000007668277e+05
4.005006257822296689e-03 8.000000000007366762e+05
3.804755944931181855e-03 8.000000000007078052e+05
3.604505632040067020e-03 8.000000000006799819e+05
3.404255319148952186e-03 8.000000000006533228e+05
3.204005006257865107e-03 8.000000000006275950e+05
3.003754693366750272e-03 8.000000000006030314e+05
2.803504380475635438e-03 8.000000000005792826e+05
2.603254067584520604e-03 8.000000000005565817e+05
2.403003754693405769e-03 8.000000000005346956e+05
2.202753441802290935e-03 8.000000000005137408e+05
2.002503128911176100e-03 8.000000000004936010e+05
1.802252816020061266e-03 8.000000000004741596e+05
1.602002503128946431e-03 8.000000000004555332e+05
1.401752190237831597e-03 8.000000000004377216e+05
1.201501877346716762e-03 8.000000000004204921e+05
1.001251564455601928e-03 8.000000000004039612e+05
8.010012515644870934e-04 8.000000000003881287e+05
6.007509386733722589e-04 8.000000000003728783e+05
4.005006257822574245e-04 8.000000000003582099e+05
2.002503128911425900e-04 8.000000000003442401e+05
2.775557561562891351e-17 8.000000000003306195e+05
---------------
