field_vs_length
---------------
1.600000000000000033e-01 2.100000000000000000e+06
1.597997496871088885e-01 2.100000000000000000e+06
1.595994993742177737e-01 2.100000000000000000e+06
1.593992490613266588e-01 2.100000000000000000e+06
1.591989987484355440e-01 2.100000000000000000e+06
1.589987484355444292e-01 2.100000000000000000e+06
1.587984981226533143e-01 2.100000000000000000e+06
1.585982478097621995e-01 2.100000000000000000e+06
1.583979974968710847e-01 2.100000000000000000e+06
1.581977471839799698e-01 2.100000000000000000e+06
1.579974968710888550e-01 2.100000000000000000e+06
1.577972465581977402e-01 2.100000000000000000e+06
1.575969962453066253e-01 2.100000000000000000e+06
1.573967459324155105e-01 2.100000000000000000e+06
1.571964956195244234e-01 2.100000000000000000e+06
1.569962453066333086e-01 2.100000000000000000e+06
1.567959949937421937e-01 2.100000000000000000e+06
1.565957446808510789e-01 2.100000000000000000e+06
1.563954943679599641e-01 2.100000000000000000e+06
1.561952440550688492e-01 2.100000000000000000e+06
1.559949937421777344e-01 2.100000000000000000e+06
1.557947434292866196e-01 2.100000000000000000e+06
1.555944931163955047e-01 2.100000000000000000e+06
1.553942428035043899e-01 2.100000000000000000e+06
1.551939924906132751e-01 2.100000000000000000e+06
1.549937421777221602e-01 2.100000000000000000e+06
1.547934918648310454e-01 2.100000000000000000e+06
1.545932415519399306e-01 2.100000000000000000e+06
1.543929912390488157e-01 2.100000000000000000e+06
1.541927409261577009e-01 2.100000000000000000e+06
1.539924906132665861e-01 2.100000000000000000e+06
1.537922403003754712e-01 2.100000000000000000e+06
1.535919899874843564e-01 2.100000000000000000e+06
1.533917396745932415e-01 2.100000000000000000e+06
1.531914893617021267e-01 2.100000000000000000e+06
1.529912390488110119e-01 2.100000000000000000e+06
1.527909887359198970e-01 2.100000000000000000e+06
1.525907384230287822e-01 2.100000000000000000e+06
1.523904881101376674e-01 2.100000000000000000e+06
1.521902377972465525e-01 2.100000000000000000e+06
1.519899874843554377e-01 2.100000000000000000e+06
1.517897371714643229e-01 2.100000000000000000e+06
1.515894868585732080e-01 2.100000000000000000e+06
1.513892365456820932e-01 2.100000000000000000e+06
1.511889862327910061e-01 2.100000000000000000e+06
1.509887359198998913e-01 2.100000000000000000e+06
1.507884856070087765e-01 2.100000000000000000e+06
1.505882352941176616e-01 2.100000000000000000e+06
1.503879849812265468e-01 2.100000000000000000e+06
1.501877346683354320e-01 2.100000000000000000e+06
1.499874843554443171e-01 2.100000000000000000e+06
1.497872340425532023e-01 2.100000000000000000e+06
1.495869837296620875e-01 2.100000000000000000e+06
1.493867334167709726e-01 2.100000000000000000e+06
1.491864831038798578e-01 2.100000000000000000e+06
1.489862327909887429e-01 2.100000000000000000e+06
1.487859824780976281e-01 2.100000000000000000e+06
1.485857321652065133e-01 2.100000000000000000e+06
1.483854818523153984e-01 2.100000000000000000e+06
1.481852315394242836e-01 2.100000000000000000e+06
1.479849812265331688e-01 2.100000000000000000e+06
1.477847309136420539e-01 2.100000000000000000e+06
1.475844806007509391e-01 2.100000000000000000e+06
1.473842302878598243e-01 2.100000000000000000e+06
1.471839799749687094e-01 2.100000000000000000e+06
1.469837296620775946e-01 2.100000000000000000e+06
1.467834793491864798e-01 2.100000000000000000e+06
1.465832290362953649e-01 2.100000000000000000e+06
1.463829787234042501e-01 2.100000000000000000e+06
1.461827284105131353e-01 2.100000000000000000e+06
1.459824780976220204e-01 2.100000000000000000e+06
1.457822277847309334e-01 2.100000000000000000e+06
1.455819774718398185e-01 2.100000000000000000e+06
1.453817271589487037e-01 2.100000000000000000e+06
1.451814768460575888e-01 2.100000000000000000e+06
1.449812265331664740e-01 2.099390005485504866e+06
1.447809762202753592e-01 2.092901180025202222e+06
1.445807259073842443e-01 2.086444758120165439e+06
1.443804755944931295e-01 2.080020577955224551e+06
1.441802252816020147e-01 2.073628478523273487e+06
1.439799749687108998e-01 2.067268299621235579e+06
1.437797246558197850e-01 2.060939881846047472e+06
1.435794743429286702e-01 2.054643066590664675e+06
1.433792240300375553e-01 2.048377696040085750e+06
1.431789737171464405e-01 2.042143613167398376e+06
1.429787234042553257e-01 2.035940661729842192e+06
1.427784730913642108e-01 2.029768686264893971e+06
1.425782227784730960e-01 2.023627532086370979e+06
1.423779724655819812e-01 2.017517045280554798e+06
1.421777221526908663e-01 2.011437072702332167e+06
1.419774718397997515e-01 2.005387461971358396e+06
1.417772215269086367e-01 1.999368061468238244e+06
1.415769712140175218e-01 1.993378720330724260e+06
1.413767209011264070e-01 1.987419288449938409e+06
1.411764705882352922e-01 1.981489616466607200e+06
1.409762202753441773e-01 1.975589555767320329e+06
1.407759699624530625e-01 1.969718958480804926e+06
1.405757196495619477e-01 1.963877677474220050e+06
1.403754693366708328e-01 1.958065566349469358e+06
1.401752190237797180e-01 1.952282479439531220e+06
1.399749687108886032e-01 1.946528271804807940e+06
1.397747183979974883e-01 1.940802799229494762e+06
1.395744680851064012e-01 1.935105918217963073e+06
1.393742177722152864e-01 1.929437485991165508e+06
1.391739674593241716e-01 1.923797360483057564e+06
1.389737171464330567e-01 1.918185400337036466e+06
1.387734668335419419e-01 1.912601464902398176e+06
1.385732165206508271e-01 1.907045414230813505e+06
1.383729662077597122e-01 1.901517109072819119e+06
1.381727158948685974e-01 1.896016410874329042e+06
1.379724655819774826e-01 1.890543181773160584e+06
1.377722152690863677e-01 1.885097284595581004e+06
1.375719649561952529e-01 1.879678582852867665e+06
1.373717146433041381e-01 1.874286940737888450e+06
1.371714643304130232e-01 1.868922223121697549e+06
1.369712140175219084e-01 1.863584295550149400e+06
1.367709637046307936e-01 1.858273024240528466e+06
1.365707133917396787e-01 1.852988276078195777e+06
1.363704630788485639e-01 1.847729918613253627e+06
1.361702127659574491e-01 1.842497820057225414e+06
1.359699624530663342e-01 1.837291849279753398e+06
1.357697121401752194e-01 1.832111875805310905e+06
1.355694618272841045e-01 1.826957769809933845e+06
1.353692115143929897e-01 1.821829402117965743e+06
1.351689612015018749e-01 1.816726644198821159e+06
1.349687108886107600e-01 1.811649368163763545e+06
1.347684605757196452e-01 1.806597446762700332e+06
1.345682102628285581e-01 1.801570753380994312e+06
1.343679599499374433e-01 1.796569162036288995e+06
1.341677096370463285e-01 1.791592547375352820e+06
1.339674593241552136e-01 1.786640784670935944e+06
1.337672090112640988e-01 1.781713749818644952e+06
1.335669586983729840e-01 1.776811319333833177e+06
1.333667083854818691e-01 1.771933370348504046e+06
1.331664580725907543e-01 1.767079780608233297e+06
1.329662077596996395e-01 1.762250428469104227e+06
1.327659574468085246e-01 1.757445192894659471e+06
1.325657071339174098e-01 1.752663953452866524e+06
1.323654568210262950e-01 1.747906590313100256e+06
1.321652065081351801e-01 1.743172984243140090e+06
1.319649561952440653e-01 1.738463016606179764e+06
1.317647058823529505e-01 1.733776569357856642e+06
1.315644555694618356e-01 1.729113525043290574e+06
1.313642052565707208e-01 1.724473766794142313e+06
1.311639549436796059e-01 1.719857178325683344e+06
1.309637046307884911e-01 1.715263643933881307e+06
1.307634543178973763e-01 1.710693048492501024e+06
1.305632040050062614e-01 1.706145277450218331e+06
1.303629536921151466e-01 1.701620216827749740e+06
1.301627033792240318e-01 1.697117753214995377e+06
1.299624530663329169e-01 1.692637773768196814e+06
1.297622027534418021e-01 1.688180166207108414e+06
1.295619524405506873e-01 1.683744818812184501e+06
1.293617021276595724e-01 1.679331620421778411e+06
1.291614518147684576e-01 1.674940460429355735e+06
1.289612015018773428e-01 1.670571228780724574e+06
1.287609511889862279e-01 1.666223815971274395e+06
1.285607008760951131e-01 1.661898113043234218e+06
1.283604505632039983e-01 1.657594011582940351e+06
1.281602002503128834e-01 1.653311403718119254e+06
1.279599499374217686e-01 1.649050182115184609e+06
1.277596996245306815e-01 1.644810239976546261e+06
1.275594493116395667e-01 1.640591471037935233e+06
1.273591989987484518e-01 1.636393769565738738e+06
1.271589486858573370e-01 1.632217030354351271e+06
1.269586983729662222e-01 1.628061148723537102e+06
1.267584480600751073e-01 1.623926020515807904e+06
1.265581977471839925e-01 1.619811542093811091e+06
1.263579474342928777e-01 1.615717610337732825e+06
1.261576971214017628e-01 1.611644122642713366e+06
1.259574468085106480e-01 1.607590976916276151e+06
1.257571964956195332e-01 1.603558071575768758e+06
1.255569461827284183e-01 1.599545305545815732e+06
1.253566958698373035e-01 1.595552578255788423e+06
1.251564455569461887e-01 1.591579789637280628e+06
1.249561952440550738e-01 1.587626840121604037e+06
1.247559449311639590e-01 1.583693630637290189e+06
1.245556946182728442e-01 1.579780062607608503e+06
1.243554443053817293e-01 1.575886037948096171e+06
1.241551939924906145e-01 1.572011459064099472e+06
1.239549436795994997e-01 1.568156228848326951e+06
1.237546933667083848e-01 1.564320250678417739e+06
1.235544430538172839e-01 1.560503428414517315e+06
1.233541927409261690e-01 1.556705666396869812e+06
1.231539424280350542e-01 1.552926869443420786e+06
1.229536921151439394e-01 1.549166942847429309e+06
1.227534418022528245e-01 1.545425792375097750e+06
1.225531914893617097e-01 1.541703324263206683e+06
1.223529411764705949e-01 1.537999445216767956e+06
1.221526908635794939e-01 1.534314062406683806e+06
1.219524405506883791e-01 1.530647083467422053e+06
1.217521902377972642e-01 1.526998416494700592e+06
1.215519399249061494e-01 1.523367970043184701e+06
1.213516896120150346e-01 1.519755653124193428e+06
1.211514392991239197e-01 1.516161375203421107e+06
1.209511889862328049e-01 1.512585046198667027e+06
1.207509386733416901e-01 1.509026576477579307e+06
1.205506883604505752e-01 1.505485876855405513e+06
1.203504380475594604e-01 1.501962858592761215e+06
1.201501877346683456e-01 1.498457433393402956e+06
1.199499374217772307e-01 1.494969513402016368e+06
1.197496871088861159e-01 1.491499011202015448e+06
1.195494367959950011e-01 1.488045839813349070e+06
1.193491864831038862e-01 1.484609912690323777e+06
1.191489361702127714e-01 1.481191143719432177e+06
1.189486858573216566e-01 1.477789447217197157e+06
1.187484355444305417e-01 1.474404737928022631e+06
1.185481852315394269e-01 1.471036931022057775e+06
1.183479349186483121e-01 1.467685942093070131e+06
1.181476846057571972e-01 1.464351687156331260e+06
1.179474342928660963e-01 1.461034082646510564e+06
1.177471839799749814e-01 1.457733045415581670e+06
1.175469336670838666e-01 1.454448492730739526e+06
1.173466833541927518e-01 1.451180342272324022e+06
1.171464330413016369e-01 1.447928512131760363e+06
1.169461827284105221e-01 1.444692920809503179e+06
1.167459324155194073e-01 1.441473487212996464e+06
1.165456821026283063e-01 1.438270130654638633e+06
1.163454317897371915e-01 1.435082770849762484e+06
1.161451814768460766e-01 1.431911327914622147e+06
1.159449311639549618e-01 1.428755722364390036e+06
1.157446808510638470e-01 1.425615875111167319e+06
1.155444305381727321e-01 1.422491707461998798e+06
1.153441802252816173e-01 1.419383141116902698e+06
1.151439299123905025e-01 1.416290098166907439e+06
1.149436795994993876e-01 1.413212501092099119e+06
1.147434292866082728e-01 1.410150272759678308e+06
1.145431789737171580e-01 1.407103336422028020e+06
1.143429286608260431e-01 1.404071615714788903e+06
1.141426783479349283e-01 1.401055034654946532e+06
1.139424280350438135e-01 1.398053517638925929e+06
1.137421777221526986e-01 1.395066989440697245e+06
1.135419274092615838e-01 1.392095375209891237e+06
1.133416770963704689e-01 1.389138600469920784e+06
1.131414267834793541e-01 1.386196591116118245e+06
1.129411764705882393e-01 1.383269273413874209e+06
1.127409261576971244e-01 1.380356573996792082e+06
1.125406758448060096e-01 1.377458419864848256e+06
1.123404255319148948e-01 1.374574738382563228e+06
1.121401752190237938e-01 1.371705457277180161e+06
1.119399249061326790e-01 1.368850504636854166e+06
1.117396745932415641e-01 1.366009808908850420e+06
1.115394242803504493e-01 1.363183298897749977e+06
1.113391739674593345e-01 1.360370903763666051e+06
1.111389236545682196e-01 1.357572553020467982e+06
1.109386733416771048e-01 1.354788176534015685e+06
1.107384230287860039e-01 1.352017704520401079e+06
1.105381727158948890e-01 1.349261067544198129e+06
1.103379224030037742e-01 1.346518196516725700e+06
1.101376720901126594e-01 1.343789022694312502e+06
1.099374217772215445e-01 1.341073477676576702e+06
1.097371714643304297e-01 1.338371493404710433e+06
1.095369211514393148e-01 1.335683002159774303e+06
1.093366708385482000e-01 1.333007936561000068e+06
1.091364205256570852e-01 1.330346229564101901e+06
1.089361702127659703e-01 1.327697814459596761e+06
1.087359198998748555e-01 1.325062624871131266e+06
1.085356695869837407e-01 1.322440594753819518e+06
1.083354192740926258e-01 1.319831658392586280e+06
1.081351689612015110e-01 1.317235750400521560e+06
1.079349186483103962e-01 1.314652805717240321e+06
1.077346683354192813e-01 1.312082759607253363e+06
1.075344180225281665e-01 1.309525547658343567e+06
1.073341677096370517e-01 1.306981105779952602e+06
1.071339173967459368e-01 1.304449370201574173e+06
1.069336670838548220e-01 1.301930277471155394e+06
1.067334167709637072e-01 1.299423764453507029e+06
1.065331664580726062e-01 1.296929768328721635e+06
1.063329161451814914e-01 1.294448226590597536e+06
1.061326658322903765e-01 1.291979077045073966e+06
1.059324155193992617e-01 1.289522257808671333e+06
1.057321652065081469e-01 1.287077707306940574e+06
1.055319148936170320e-01 1.284645364272919483e+06
1.053316645807259172e-01 1.282225167745598592e+06
1.051314142678348162e-01 1.279817057068391237e+06
1.049311639549437014e-01 1.277420971887615044e+06
1.047309136420525866e-01 1.275036852150978288e+06
1.045306633291614717e-01 1.272664638106075116e+06
1.043304130162703569e-01 1.270304270298889140e+06
1.041301627033792421e-01 1.267955689572301228e+06
1.039299123904881272e-01 1.265618837064608233e+06
1.037296620775970124e-01 1.263293654208047548e+06
1.035294117647058976e-01 1.260980082727329340e+06
1.033291614518147827e-01 1.258678064638175536e+06
1.031289111389236679e-01 1.256387542245866964e+06
1.029286608260325531e-01 1.254108458143797703e+06
1.027284105131414382e-01 1.251840755212035263e+06
1.025281602002503234e-01 1.249584376615890535e+06
1.023279098873592086e-01 1.247339265804491471e+06
1.021276595744680937e-01 1.245105366509367712e+06
1.019274092615769789e-01 1.242882622743038461e+06
1.017271589486858641e-01 1.240670978797611315e+06
1.015269086357947492e-01 1.238470379243384581e+06
1.013266583229036344e-01 1.236280768927457975e+06
1.011264080100125196e-01 1.234102092972351704e+06
1.009261576971214047e-01 1.231934296774629503e+06
1.007259073842303038e-01 1.229777326003531693e+06
1.005256570713391889e-01 1.227631126599611947e+06
1.003254067584480741e-01 1.225495644773383392e+06
1.001251564455569593e-01 1.223370827003970277e+06
9.992490613266584443e-02 1.221256620037766872e+06
9.972465581977472959e-02 1.219152970887102187e+06
9.952440550688361476e-02 1.217059826828911901e+06
9.932415519399251380e-02 1.214977135403418448e+06
9.912390488110139897e-02 1.212904844412814127e+06
9.892365456821028413e-02 1.210842901919953991e+06
9.872340425531916930e-02 1.208791256247055018e+06
9.852315394242805446e-02 1.206749855974398786e+06
9.832290362953693963e-02 1.204718649939044844e+06
9.812265331664582479e-02 1.202697587233546656e+06
9.792240300375470996e-02 1.200686617204677546e+06
9.772215269086359513e-02 1.198685689452159917e+06
9.752190237797248029e-02 1.196694753827402135e+06
9.732165206508136546e-02 1.194713760432242183e+06
9.712140175219025062e-02 1.192742659617696889e+06
9.692115143929913579e-02 1.190781401982717682e+06
9.672090112640802095e-02 1.188829938372951932e+06
9.652065081351690612e-02 1.186888219879512209e+06
9.632040050062579128e-02 1.184956197837748565e+06
9.612015018773467645e-02 1.183033823826031294e+06
9.591989987484356162e-02 1.181121049664534628e+06
9.571964956195246066e-02 1.179217827414032537e+06
9.551939924906134582e-02 1.177324109374693595e+06
9.531914893617023099e-02 1.175439848084887955e+06
9.511889862327911616e-02 1.173564996319997823e+06
9.491864831038800132e-02 1.171699507091232343e+06
9.471839799749688649e-02 1.169843333644450642e+06
9.451814768460577165e-02 1.167996429458991392e+06
9.431789737171465682e-02 1.166158748246504692e+06
9.411764705882354198e-02 1.164330243949793046e+06
9.391739674593242715e-02 1.162510870741657447e+06
9.371714643304131231e-02 1.160700583023747895e+06
9.351689612015019748e-02 1.158899335425421130e+06
9.331664580725908265e-02 1.157107082802603953e+06
9.311639549436796781e-02 1.155323780236660037e+06
9.291614518147686685e-02 1.153549383033267222e+06
9.271589486858575202e-02 1.151783846721293405e+06
9.251564455569463719e-02 1.150027127051685471e+06
9.231539424280352235e-02 1.148279179996358696e+06
9.211514392991240752e-02 1.146539961747093359e+06
9.191489361702129268e-02 1.144809428714436479e+06
9.171464330413017785e-02 1.143087537526610540e+06
9.151439299123906301e-02 1.141374245028425474e+06
9.131414267834794818e-02 1.139669508280196926e+06
9.111389236545683334e-02 1.137973284556671046e+06
9.091364205256571851e-02 1.136285531345952768e+06
9.071339173967460368e-02 1.134606206348441076e+06
9.051314142678348884e-02 1.132935267475767760e+06
9.031289111389237401e-02 1.131272672849743860e+06
9.011264080100127305e-02 1.129618380801309366e+06
8.991239048811015822e-02 1.127972349869489204e+06
8.971214017521904338e-02 1.126334538800353650e+06
8.951188986232792855e-02 1.124704906545984792e+06
8.931163954943681371e-02 1.123083412263447652e+06
8.911138923654569888e-02 1.121470015313766664e+06
8.891113892365458404e-02 1.119864675260906573e+06
8.871088861076346921e-02 1.118267351870760322e+06
8.851063829787235437e-02 1.116678005110139027e+06
8.831038798498123954e-02 1.115096595145770116e+06
8.811013767209012471e-02 1.113523082343297312e+06
8.790988735919900987e-02 1.111957427266289480e+06
8.770963704630789504e-02 1.110399590675250394e+06
8.750938673341678020e-02 1.108849533526635962e+06
8.730913642052567925e-02 1.107307216971875867e+06
8.710888610763456441e-02 1.105772602356399642e+06
8.690863579474344958e-02 1.104245651218668092e+06
8.670838548185233474e-02 1.102726325289209140e+06
8.650813516896121991e-02 1.101214586489658803e+06
8.630788485607010507e-02 1.099710396931806812e+06
8.610763454317899024e-02 1.098213718916647136e+06
8.590738423028787540e-02 1.096724514933432918e+06
8.570713391739676057e-02 1.095242747658736538e+06
8.550688360450564574e-02 1.093768379955514334e+06
8.530663329161453090e-02 1.092301374872175278e+06
8.510638297872341607e-02 1.090841695641655708e+06
8.490613266583230123e-02 1.089389305680497084e+06
8.470588235294118640e-02 1.087944168587929336e+06
8.450563204005008544e-02 1.086506248144959100e+06
8.430538172715897061e-02 1.085075508313460974e+06
8.410513141426785577e-02 1.083651913235275075e+06
8.390488110137674094e-02 1.082235427231308306e+06
8.370463078848562610e-02 1.080826014800639823e+06
8.350438047559451127e-02 1.079423640619630925e+06
8.330413016270339643e-02 1.078028269541041227e+06
8.310387984981228160e-02 1.076639866593145998e+06
8.290362953692116676e-02 1.075258396978860721e+06
8.270337922403005193e-02 1.073883826074868673e+06
8.250312891113893710e-02 1.072516119430753402e+06
8.230287859824782226e-02 1.071155242768134689e+06
8.210262828535670743e-02 1.069801161979810568e+06
8.190237797246559259e-02 1.068453843128901441e+06
8.170212765957447776e-02 1.067113252447999548e+06
8.150187734668337680e-02 1.065779356338323792e+06
8.130162703379226197e-02 1.064452121368876426e+06
8.110137672090114713e-02 1.063131514275605557e+06
8.090112640801003230e-02 1.061817501960571855e+06
8.070087609511891746e-02 1.060510051491118968e+06
8.050062578222780263e-02 1.059209130099047441e+06
8.030037546933668779e-02 1.057914705179793760e+06
8.010012515644557296e-02 1.056626744291614043e+06
7.989987484355445813e-02 1.055345215154769830e+06
7.969962453066334329e-02 1.054070085650719469e+06
7.949937421777222846e-02 1.052801323821313446e+06
7.929912390488111362e-02 1.051538897867993219e+06
7.909887359198999879e-02 1.050282776150993770e+06
7.889862327909888395e-02 1.049032927188551752e+06
7.869837296620778300e-02 1.047789319656115142e+06
7.849812265331666816e-02 1.046551922385559184e+06
7.829787234042555333e-02 1.045320704364404548e+06
7.809762202753443849e-02 1.044095634735040832e+06
7.789737171464332366e-02 1.042876682793952408e+06
7.769712140175220882e-02 1.041663817990949494e+06
7.749687108886109399e-02 1.040457009928402025e+06
7.729662077596997916e-02 1.039256228360478068e+06
7.709637046307886432e-02 1.038061443192385836e+06
7.689612015018774949e-02 1.036872624479619204e+06
7.669586983729663465e-02 1.035689742427207530e+06
7.649561952440551982e-02 1.034512767388968379e+06
7.629536921151440498e-02 1.033341669866765384e+06
7.609511889862329015e-02 1.032176420509767951e+06
7.589486858573218919e-02 1.031016990113716340e+06
7.569461827284107436e-02 1.029863349620189285e+06
7.549436795994995952e-02 1.028715470115876407e+06
7.529411764705884469e-02 1.027573322831852594e+06
7.509386733416772985e-02 1.026436879142857855e+06
7.489361702127661502e-02 1.025306110566579155e+06
7.469336670838550019e-02 1.024180988762937253e+06
7.449311639549438535e-02 1.023061485533375992e+06
7.429286608260327052e-02 1.021947572820155532e+06
7.409261576971215568e-02 1.020839222705649678e+06
7.389236545682104085e-02 1.019736407411645283e+06
7.369211514392992601e-02 1.018639099298647023e+06
7.349186483103881118e-02 1.017547270865184139e+06
7.329161451814769634e-02 1.016460894747121143e+06
7.309136420525659539e-02 1.015379943716972135e+06
7.289111389236548055e-02 1.014304390683218371e+06
7.269086357947436572e-02 1.013234208689629566e+06
7.249061326658325088e-02 1.012169370914587867e+06
7.229036295369213605e-02 1.011109850670415675e+06
7.209011264080102122e-02 1.010055621402707067e+06
7.188986232790990638e-02 1.009006656689662253e+06
7.168961201501879155e-02 1.007962930241424823e+06
7.148936170212767671e-02 1.006924415899423650e+06
7.128911138923656188e-02 1.005891087635716773e+06
7.108886107634544704e-02 1.004862919552339241e+06
7.088861076345433221e-02 1.003839885880653979e+06
7.068836045056321737e-02 1.002821960980705684e+06
7.048811013767210254e-02 1.001809119340579142e+06
7.028785982478100158e-02 1.000801335575758712e+06
7.008760951188988675e-02 9.997985844284925843e+05
6.988735919899877191e-02 9.988008407671600580e+05
6.968710888610765708e-02 9.978080795856412733e+05
6.948685857321654225e-02 9.968202760026906617e+05
6.928660826032542741e-02 9.958374052613131935e+05
6.908635794743431258e-02 9.948594427281442331e+05
6.888610763454319774e-02 9.938863638928316068e+05
6.868585732165208291e-02 9.929181443674218608e+05
6.848560700876096807e-02 9.919547598857489647e+05
6.828535669586985324e-02 9.909961863028258085e+05
6.808510638297873840e-02 9.900423995942390757e+05
6.788485607008762357e-02 9.890933758555477252e+05
6.768460575719650874e-02 9.881490913016831037e+05
6.748435544430539390e-02 9.872095222663534805e+05
6.728410513141429294e-02 9.862746452014502138e+05
6.708385481852317811e-02 9.853444366764582228e+05
6.688360450563206328e-02 9.844188733778685564e+05
6.668335419274094844e-02 9.834979321085939882e+05
6.648310387984983361e-02 9.825815897873875219e+05
6.628285356695871877e-02 9.816698234482642729e+05
6.608260325406760394e-02 9.807626102399255615e+05
6.588235294117648910e-02 9.798599274251863826e+05
6.568210262828537427e-02 9.789617523804055527e+05
6.548185231539425943e-02 9.780680625949186506e+05
6.528160200250314460e-02 9.771788356704735197e+05
6.508135168961202977e-02 9.762940493206694955e+05
6.488110137672091493e-02 9.754136813703986118e+05
6.468085106382980010e-02 9.745377097552896012e+05
6.448060075093869914e-02 9.736661125211553881e+05
6.428035043804758430e-02 9.727988678234419785e+05
6.408010012515646947e-02 9.719359539266822394e+05
6.387984981226535464e-02 9.710773492039501434e+05
6.367959949937423980e-02 9.702230321363189723e+05
6.347934918648312497e-02 9.693729813123221975e+05
6.327909887359201013e-02 9.685271754274170380e+05
6.307884856070089530e-02 9.676855932834496489e+05
6.287859824780978046e-02 9.668482137881248491e+05
6.267834793491866563e-02 9.660150159544768976e+05
6.247809762202755079e-02 9.651859789003436454e+05
6.227784730913643596e-02 9.643610818478432484e+05
6.207759699624532113e-02 9.635403041228532093e+05
6.187734668335420629e-02 9.627236251544925617e+05
6.167709637046310533e-02 9.619110244746062672e+05
6.147684605757199050e-02 9.611024817172514740e+05
6.127659574468087567e-02 9.602979766181883169e+05
6.107634543178976083e-02 9.594974890143711818e+05
6.087609511889864600e-02 9.587009988434435800e+05
6.067584480600753116e-02 9.579084861432354664e+05
6.047559449311641633e-02 9.571199310512627708e+05
6.027534418022530149e-02 9.563353138042297214e+05
6.007509386733418666e-02 9.555546147375332657e+05
5.987484355444307182e-02 9.547778142847705167e+05
5.967459324155195699e-02 9.540048929772484116e+05
5.947434292866084216e-02 9.532358314434955828e+05
5.927409261576972732e-02 9.524706104087765561e+05
5.907384230287861249e-02 9.517092106946094427e+05
5.887359198998751153e-02 9.509516132182846777e+05
5.867334167709639670e-02 9.501977989923866699e+05
5.847309136420528186e-02 9.494477491243188269e+05
5.827284105131416703e-02 9.487014448158286978e+05
5.807259073842305219e-02 9.479588673625381198e+05
5.787234042553193736e-02 9.472199981534734834e+05
5.767209011264082252e-02 9.464848186705999542e+05
5.747183979974970769e-02 9.457533104883568594e+05
5.727158948685859285e-02 9.450254552731963340e+05
5.707133917396747802e-02 9.443012347831232473e+05
5.687108886107636319e-02 9.435806308672389714e+05
5.667083854818524835e-02 9.428636254652853822e+05
5.647058823529413352e-02 9.421502006071929354e+05
5.627033792240301868e-02 9.414403384126300225e+05
5.607008760951190385e-02 9.407340210905550048e+05
5.586983729662080289e-02 9.400312309387698770e+05
5.566958698372968806e-02 9.393319503434775397e+05
5.546933667083857322e-02 9.386361617788390722e+05
5.526908635794745839e-02 9.379438478065355448e+05
5.506883604505634355e-02 9.372549910753305303e+05
5.486858573216522872e-02 9.365695743206355255e+05
5.466833541927411388e-02 9.358875803640764207e+05
5.446808510638299905e-02 9.352089921130640432e+05
5.426783479349188422e-02 9.345337925603652839e+05
5.406758448060076938e-02 9.338619647836766671e+05
5.386733416770965455e-02 9.331934919452005997e+05
5.366708385481853971e-02 9.325283572912228992e+05
5.346683354192742488e-02 9.318665441516935825e+05
5.326658322903631004e-02 9.312080359398085857e+05
5.306633291614520909e-02 9.305528161515939282e+05
5.286608260325409425e-02 9.299008683654924389e+05
5.266583229036297942e-02 9.292521762419522274e+05
5.246558197747186458e-02 9.286067235230166698e+05
5.226533166458074975e-02 9.279644940319176530e+05
5.206508135168963491e-02 9.273254716726692859e+05
5.186483103879852008e-02 9.266896404296654509e+05
5.166458072590740525e-02 9.260569843672775896e+05
5.146433041301629041e-02 9.254274876294558635e+05
5.126408010012517558e-02 9.248011344393312465e+05
5.106382978723406074e-02 9.241779090988208773e+05
5.086357947434294591e-02 9.235577959882336436e+05
5.066332916145183107e-02 9.229407795658796094e+05
5.046307884856071624e-02 9.223268443676799070e+05
5.026282853566961528e-02 9.217159750067794230e+05
5.006257822277850045e-02 9.211081561731611146e+05
4.986232790988738561e-02 9.205033726332623046e+05
4.966207759699627078e-02 9.199016092295928393e+05
4.946182728410515594e-02 9.193028508803553414e+05
4.926157697121404111e-02 9.187070825790669769e+05
4.906132665832292628e-02 9.181142893941837829e+05
4.886107634543181144e-02 9.175244564687256934e+05
4.866082603254069661e-02 9.169375690199050587e+05
4.846057571964958177e-02 9.163536123387553962e+05
4.826032540675846694e-02 9.157725717897636350e+05
4.806007509386735210e-02 9.151944328105020104e+05
4.785982478097623727e-02 9.146191809112643823e+05
4.765957446808512243e-02 9.140468016747024376e+05
4.745932415519402148e-02 9.134772807554644533e+05
4.725907384230290664e-02 9.129106038798354566e+05
4.705882352941179181e-02 9.123467568453804124e+05
4.685857321652067697e-02 9.117857255205871770e+05
4.665832290362956214e-02 9.112274958445129450e+05
4.645807259073844731e-02 9.106720538264315110e+05
4.625782227784733247e-02 9.101193855454833247e+05
4.605757196495621764e-02 9.095694771503257798e+05
4.585732165206510280e-02 9.090223148587861797e+05
4.565707133917398797e-02 9.084778849575169152e+05
4.545682102628287313e-02 9.079361738016511081e+05
4.525657071339175830e-02 9.073971678144608159e+05
4.505632040050064346e-02 9.068608534870173316e+05
4.485607008760952863e-02 9.063272173778514843e+05
4.465581977471841379e-02 9.057962461126178969e+05
4.445556946182731284e-02 9.052679263837591279e+05
4.425531914893619800e-02 9.047422449501722585e+05
4.405506883604508317e-02 9.042191886368769919e+05
4.385481852315396833e-02 9.036987443346859654e+05
4.365456821026285350e-02 9.031808989998751786e+05
4.345431789737173867e-02 9.026656396538583795e+05
4.325406758448062383e-02 9.021529533828606363e+05
4.305381727158950900e-02 9.016428273375951685e+05
4.285356695869839416e-02 9.011352487329414580e+05
4.265331664580727933e-02 9.006302048476245254e+05
4.245306633291616449e-02 9.001276830238964176e+05
4.225281602002504966e-02 8.996276706672185101e+05
4.205256570713393482e-02 8.991301552459462546e+05
4.185231539424281999e-02 8.986351242910149740e+05
4.165206508135171903e-02 8.981425653956274036e+05
4.145181476846060420e-02 8.976524662149425130e+05
4.125156445556948936e-02 8.971648144657665398e+05
4.105131414267837453e-02 8.966795979262447217e+05
4.085106382978725970e-02 8.961968044355550082e+05
4.065081351689614486e-02 8.957164218936037505e+05
4.045056320400503003e-02 8.952384382607219741e+05
4.025031289111391519e-02 8.947628415573637467e+05
4.005006257822280036e-02 8.942896198638058268e+05
3.984981226533168552e-02 8.938187613198494073e+05
3.964956195244057069e-02 8.933502541245220928e+05
3.944931163954945585e-02 8.928840865357830189e+05
3.924906132665834102e-02 8.924202468702276237e+05
3.904881101376722619e-02 8.919587235027957940e+05
3.884856070087612523e-02 8.914995048664797796e+05
3.864831038798501039e-02 8.910425794520343188e+05
3.844806007509389556e-02 8.905879358076888602e+05
3.824780976220278073e-02 8.901355625388600165e+05
3.804755944931166589e-02 8.896854483078656485e+05
3.784730913642055106e-02 8.892375818336416269e+05
3.764705882352943622e-02 8.887919518914583605e+05
3.744680851063832139e-02 8.883485473126398865e+05
3.724655819774720655e-02 8.879073569842836587e+05
3.704630788485609172e-02 8.874683698489821982e+05
3.684605757196497688e-02 8.870315749045457924e+05
3.664580725907386205e-02 8.865969612037271727e+05
3.644555694618274722e-02 8.861645178539465414e+05
3.624530663329163238e-02 8.857342340170191601e+05
3.604505632040053142e-02 8.853060989088834031e+05
3.584480600750941659e-02 8.848801017993303249e+05
3.564455569461830176e-02 8.844562320117349736e+05
3.544430538172718692e-02 8.840344789227891015e+05
3.524405506883607209e-02 8.836148319622342242e+05
3.504380475594495725e-02 8.831972806125971256e+05
3.484355444305384242e-02 8.827818144089262933e+05
3.464330413016272758e-02 8.823684229385292856e+05
3.444305381727161275e-02 8.819570958407125436e+05
3.424280350438049791e-02 8.815478228065207368e+05
3.404255319148938308e-02 8.811405935784787871e+05
3.384230287859826825e-02 8.807353979503354058e+05
3.364205256570715341e-02 8.803322257668060483e+05
3.344180225281603858e-02 8.799310669233195949e+05
3.324155193992492374e-02 8.795319113657644484e+05
3.304130162703380891e-02 8.791347490902366117e+05
3.284105131414269407e-02 8.787395701427892782e+05
3.264080100125157924e-02 8.783463646191828884e+05
3.244055068836046440e-02 8.779551226646373980e+05
3.224030037546934957e-02 8.775658344735847786e+05
3.204005006257823474e-02 8.771784902894237312e+05
3.183979974968711990e-02 8.767930804042748641e+05
3.163954943679603282e-02 8.764095951587376185e+05
3.143929912390491799e-02 8.760280249416478910e+05
3.123904881101380315e-02 8.756483601898372872e+05
3.103879849812268832e-02 8.752705913878935389e+05
3.083854818523157348e-02 8.748947090679219691e+05
3.063829787234045865e-02 8.745207038093081210e+05
3.043804755944934382e-02 8.741485662384816678e+05
3.023779724655822898e-02 8.737782870286817197e+05
3.003754693366711415e-02 8.734098568997225957e+05
2.983729662077599931e-02 8.730432666177616920e+05
2.963704630788488448e-02 8.726785069950679317e+05
2.943679599499376964e-02 8.723155688897912623e+05
2.923654568210265481e-02 8.719544432057337835e+05
2.903629536921153997e-02 8.715951208921219222e+05
2.883604505632042514e-02 8.712375929433790734e+05
2.863579474342931031e-02 8.708818503989003366e+05
2.843554443053819547e-02 8.705278843428278342e+05
2.823529411764708064e-02 8.701756859038271941e+05
2.803504380475596580e-02 8.698252462548653129e+05
2.783479349186485097e-02 8.694765566129889339e+05
2.763454317897373613e-02 8.691296082391047385e+05
2.743429286608262130e-02 8.687843924377603689e+05
2.723404255319150646e-02 8.684409005569260335e+05
2.703379224030039163e-02 8.680991239877782064e+05
2.683354192740927679e-02 8.677590541644836776e+05
2.663329161451816196e-02 8.674206825639846502e+05
2.643304130162704713e-02 8.670840007057855837e+05
2.623279098873593229e-02 8.667490001517402707e+05
2.603254067584484521e-02 8.664156725058404263e+05
2.583229036295373038e-02 8.660840094140053261e+05
2.563204005006261554e-02 8.657540025638723746e+05
2.543178973717150071e-02 8.654256436845889548e+05
2.523153942428038587e-02 8.650989245466049761e+05
2.503128911138927104e-02 8.647738369614665862e+05
2.483103879849815621e-02 8.644503727816108149e+05
2.463078848560704137e-02 8.641285239001620794e+05
2.443053817271592654e-02 8.638082822507278761e+05
2.423028785982481170e-02 8.634896398071976146e+05
2.403003754693369687e-02 8.631725885835409863e+05
2.382978723404258203e-02 8.628571206336078467e+05
2.362953692115146720e-02 8.625432280509292614e+05
2.342928660826035236e-02 8.622309029685189016e+05
2.322903629536923753e-02 8.619201375586766517e+05
2.302878598247812270e-02 8.616109240327914013e+05
2.282853566958700786e-02 8.613032546411468647e+05
2.262828535669589303e-02 8.609971216727267019e+05
2.242803504380477819e-02 8.606925174550211523e+05
2.222778473091366336e-02 8.603894343538357643e+05
2.202753441802254852e-02 8.600878647730984958e+05
2.182728410513143369e-02 8.597878011546706548e+05
2.162703379224031885e-02 8.594892359781570267e+05
2.142678347934920402e-02 8.591921617607169319e+05
2.122653316645808919e-02 8.588965710568776121e+05
2.102628285356697435e-02 8.586024564583468018e+05
2.082603254067585952e-02 8.583098105938273948e+05
2.062578222778474468e-02 8.580186261288328096e+05
2.042553191489365760e-02 8.577288957655029371e+05
2.022528160200254277e-02 8.574406122424213681e+05
2.002503128911142793e-02 8.571537683344333200e+05
1.982478097622031310e-02 8.568683568524648435e+05
1.962453066332919827e-02 8.565843706433420302e+05
1.942428035043808343e-02 8.563018025896125473e+05
1.922403003754696860e-02 8.560206456093663583e+05
1.902377972465585376e-02 8.557408926560590044e+05
1.882352941176473893e-02 8.554625367183345370e+05
1.862327909887362409e-02 8.551855708198501961e+05
1.842302878598250926e-02 8.549099880191010889e+05
1.822277847309139442e-02 8.546357814092463814e+05
1.802252816020027959e-02 8.543629441179364221e+05
1.782227784730916476e-02 8.540914693071404472e+05
1.762202753441804992e-02 8.538213501729746349e+05
1.742177722152693509e-02 8.535525799455326051e+05
1.722152690863582025e-02 8.532851518887148704e+05
1.702127659574470542e-02 8.530190593000602676e+05
1.682102628285359058e-02 8.527542955105782021e+05
1.662077596996247575e-02 8.524908538845811272e+05
1.642052565707136091e-02 8.522287278195187682e+05
1.622027534418024608e-02 8.519679107458121143e+05
1.602002503128913125e-02 8.517083961266888073e+05
1.581977471839801641e-02 8.514501774580198107e+05
1.561952440550690158e-02 8.511932482681558467e+05
1.541927409261578674e-02 8.509376021177655784e+05
1.521902377972467191e-02 8.506832325996739091e+05
1.501877346683355707e-02 8.504301333387015620e+05
1.481852315394244224e-02 8.501782979915054748e+05
1.461827284105135516e-02 8.499277202464195434e+05
1.441802252816024033e-02 8.496783938232961809e+05
1.421777221526912549e-02 8.494303124733499717e+05
1.401752190237801066e-02 8.491834699789998122e+05
1.381727158948689582e-02 8.489378601537137292e+05
1.361702127659578099e-02 8.486934768418538151e+05
1.341677096370466615e-02 8.484503139185219770e+05
1.321652065081355132e-02 8.482083652894060360e+05
1.301627033792243648e-02 8.479676248906274559e+05
1.281602002503132165e-02 8.477280866885891883e+05
1.261576971214020682e-02 8.474897446798243327e+05
1.241551939924909198e-02 8.472525928908458445e+05
1.221526908635797715e-02 8.470166253779967083e+05
1.201501877346686231e-02 8.467818362273011589e+05
1.181476846057574748e-02 8.465482195543161361e+05
1.161451814768463264e-02 8.463157695039843675e+05
1.141426783479351781e-02 8.460844802504867548e+05
1.121401752190240297e-02 8.458543459970973199e+05
1.101376720901128814e-02 8.456253609760371037e+05
1.081351689612017331e-02 8.453975194483302766e+05
1.061326658322905847e-02 8.451708157036599005e+05
1.041301627033794364e-02 8.449452440602247370e+05
1.021276595744682880e-02 8.447207988645973383e+05
1.001251564455571397e-02 8.444974744915817864e+05
9.812265331664599133e-03 8.442752653440732975e+05
9.612015018773484298e-03 8.440541658529171254e+05
9.411764705882369464e-03 8.438341704767697956e+05
9.211514392991254629e-03 8.436152737019599881e+05
9.011264080100167551e-03 8.433974700423500035e+05
8.811013767209052716e-03 8.431807540391987422e+05
8.610763454317937882e-03 8.429651202610245673e+05
8.410513141426823047e-03 8.427505633034693310e+05
8.210262828535708213e-03 8.425370777891628677e+05
8.010012515644593378e-03 8.423246583675880684e+05
7.809762202753478544e-03 8.421132997149474686e+05
7.609511889862363709e-03 8.419029965340285562e+05
7.409261576971248875e-03 8.416937435540725710e+05
7.209011264080134040e-03 8.414855355306408601e+05
7.008760951189019206e-03 8.412783672454847256e+05
6.808510638297904372e-03 8.410722335064137587e+05
6.608260325406789537e-03 8.408671291471660370e+05
6.408010012515674703e-03 8.406630490272790194e+05
6.207759699624559868e-03 8.404599880319597432e+05
6.007509386733445034e-03 8.402579410719578154e+05
5.807259073842330199e-03 8.400569030834367732e+05
5.607008760951215365e-03 8.398568690278481226e+05
5.406758448060100530e-03 8.396578338918042136e+05
5.206508135168985696e-03 8.394597926869533258e+05
5.006257822277870861e-03 8.392627404498540564e+05
4.806007509386756027e-03 8.390666722418513382e+05
4.605757196495641193e-03 8.388715831489523407e+05
4.405506883604526358e-03 8.386774682817035355e+05
4.205256570713411524e-03 8.384843227750682272e+05
4.005006257822296689e-03 8.382921417883043177e+05
3.804755944931181855e-03 8.381009205048432341e+05
3.604505632040067020e-03 8.379106541321690893e+05
3.404255319148952186e-03 8.377213379016985418e+05
3.204005006257865107e-03 8.375329670686617028e+05
3.003754693366750272e-03 8.373455369119822280e+05
2.803504380475635438e-03 8.371590427341603208e+05
2.603254067584520604e-03 8.369734798611537553e+05
2.403003754693405769e-03 8.367888436422615778e+05
2.202753441802290935e-03 8.366051294500073418e+05
2.002503128911176100e-03 8.364223326800229261e+05
1.802252816020061266e-03 8.362404487509330502e+05
1.602002503128946431e-03 8.360594731042410713e+05
1.401752190237831597e-03 8.358794012042140821e+05
1.201501877346716762e-03 8.357002285377695225e+05
1.001251564455601928e-03 8.355219506143619074e+05
8.010012515644870934e-04 8.353445629658707185e+05
6.007509386733722589e-04 8.351680611464877147e+05
4.005006257822574245e-04 8.349924407326063374e+05
2.002503128911425900e-04 8.348176973227099515e+05
2.775557561562891351e-17 8.346438265372621827e+05
---------------
