field_vs_length
---------------
1.600000000000000033e-01 2.100000000000000000e+06
1.597997496871088885e-01 2.100000000000000000e+06
1.595994993742177737e-01 2.100000000000000000e+06
1.593992490613266588e-01 2.100000000000000000e+06
1.591989987484355440e-01 2.100000000000000000e+06
1.589987484355444292e-01 2.100000000000000000e+06
1.587984981226533143e-01 2.100000000000000000e+06
1.585982478097621995e-01 2.100000000000000000e+06
1.583979974968710847e-01 2.100000000000000000e+06
1.581977471839799698e-01 2.100000000000000000e+06
1.579974968710888550e-01 2.100000000000000000e+06
1.577972465581977402e-01 2.100000000000000000e+06
1.575969962453066253e-01 2.100000000000000000e+06
1.573967459324155105e-01 2.100000000000000000e+06
1.571964956195244234e-01 2.100000000000000000e+06
1.569962453066333086e-01 2.100000000000000000e+06
1.567959949937421937e-01 2.100000000000000000e+06
1.565957446808510789e-01 2.100000000000000000e+06
1.563954943679599641e-01 2.100000000000000000e+06
1.561952440550688492e-01 2.100000000000000000e+06
1.559949937421777344e-01 2.100000000000000000e+06
1.557947434292866196e-01 2.100000000000000000e+06
1.555944931163955047e-01 2.100000000000000000e+06
1.553942428035043899e-01 2.100000000000000000e+06
1.551939924906132751e-01 2.100000000000000000e+06
1.549937421777221602e-01 2.100000000000000000e+06
1.547934918648310454e-01 2.100000000000000000e+06
1.545932415519399306e-01 2.100000000000000000e+06
1.543929912390488157e-01 2.100000000000000000e+06
1.541927409261577009e-01 2.100000000000000000e+06
1.539924906132665861e-01 2.100000000000000000e+06
1.537922403003754712e-01 2.100000000000000000e+06
1.535919899874843564e-01 2.100000000000000000e+06
1.533917396745932415e-01 2.100000000000000000e+06
1.531914893617021267e-01 2.100000000000000000e+06
1.529912390488110119e-01 2.100000000000000000e+06
1.527909887359198970e-01 2.100000000000000000e+06
1.525907384230287822e-01 2.100000000000000000e+06
1.523904881101376674e-01 2.100000000000000000e+06
1.521902377972465525e-01 2.100000000000000000e+06
1.519899874843554377e-01 2.100000000000000000e+06
1.517897371714643229e-01 2.100000000000000000e+06
1.515894868585732080e-01 2.100000000000000000e+06
1.513892365456820932e-01 2.100000000000000000e+06
1.511889862327910061e-01 2.100000000000000000e+06
1.509887359198998913e-01 2.100000000000000000e+06
1.507884856070087765e-01 2.100000000000000000e+06
1.505882352941176616e-01 2.100000000000000000e+06
1.503879849812265468e-01 2.100000000000000000e+06
1.501877346683354320e-01 2.100000000000000000e+06
1.499874843554443171e-01 2.100000000000000000e+06
1.497872340425532023e-01 2.100000000000000000e+06
1.495869837296620875e-01 2.100000000000000000e+06
1.493867334167709726e-01 2.100000000000000000e+06
1.491864831038798578e-01 2.100000000000000000e+06
1.489862327909887429e-01 2.100000000000000000e+06
1.487859824780976281e-01 2.100000000000000000e+06
1.485857321652065133e-01 2.100000000000000000e+06
1.483854818523153984e-01 2.100000000000000000e+06
1.481852315394242836e-01 2.100000000000000000e+06
1.479849812265331688e-01 2.100000000000000000e+06
1.477847309136420539e-01 2.100000000000000000e+06
1.475844806007509391e-01 2.100000000000000000e+06
1.473842302878598243e-01 2.100000000000000000e+06
1.471839799749687094e-01 2.100000000000000000e+06
1.469837296620775946e-01 2.100000000000000000e+06
1.467834793491864798e-01 2.100000000000000000e+06
1.465832290362953649e-01 2.100000000000000000e+06
1.463829787234042501e-01 2.100000000000000000e+06
1.461827284105131353e-01 2.100000000000000000e+06
1.459824780976220204e-01 2.100000000000000000e+06
1.457822277847309334e-01 2.100000000000000000e+06
1.455819774718398185e-01 2.100000000000000000e+06
1.453817271589487037e-01 2.100000000000000000e+06
1.451814768460575888e-01 2.100000000000000000e+06
1.449812265331664740e-01 2.098780297196630388e+06
1.447809762202753592e-01 2.085841124085046584e+06
1.445807259073842443e-01 2.073030858226808719e+06
1.443804755944931295e-01 2.060348215376020875e+06
1.441802252816020147e-01 2.047791924081160454e+06
1.439799749687108998e-01 2.035360725557613419e+06
1.437797246558197850e-01 2.023053373561480083e+06
1.435794743429286702e-01 2.010868634264636086e+06
1.433792240300375553e-01 1.998805286131040659e+06
1.431789737171464405e-01 1.986862119794276543e+06
1.429787234042553257e-01 1.975037937936307862e+06
1.427784730913642108e-01 1.963331555167448474e+06
1.425782227784730960e-01 1.951741797907525441e+06
1.423779724655819812e-01 1.940267504268224817e+06
1.421777221526908663e-01 1.928907523936611600e+06
1.419774718397997515e-01 1.917660718059809878e+06
1.417772215269086367e-01 1.906525959130830364e+06
1.415769712140175218e-01 1.895502130875536473e+06
1.413767209011264070e-01 1.884588128140737070e+06
1.411764705882352922e-01 1.873782856783392606e+06
1.409762202753441773e-01 1.863085233560927212e+06
1.407759699624530625e-01 1.852494186022629729e+06
1.405757196495619477e-01 1.842008652402142063e+06
1.403754693366708328e-01 1.831627581511013210e+06
1.401752190237797180e-01 1.821349932633318007e+06
1.399749687108886032e-01 1.811174675421322929e+06
1.397747183979974883e-01 1.801100789792193100e+06
1.395744680851064012e-01 1.791127265825727023e+06
1.393742177722152864e-01 1.781253103663111106e+06
1.391739674593241716e-01 1.771477313406682806e+06
1.389737171464330567e-01 1.761798915020691231e+06
1.387734668335419419e-01 1.752216938233048189e+06
1.385732165206508271e-01 1.742730422438056441e+06
1.383729662077597122e-01 1.733338416600108147e+06
1.381727158948685974e-01 1.724039979158343049e+06
1.379724655819774826e-01 1.714834177932253107e+06
1.377722152690863677e-01 1.705720090028233360e+06
1.375719649561952529e-01 1.696696801747058984e+06
1.373717146433041381e-01 1.687763408492285525e+06
1.371714643304130232e-01 1.678919014679563232e+06
1.369712140175219084e-01 1.670162733646852197e+06
1.367709637046307936e-01 1.661493687565534143e+06
1.365707133917396787e-01 1.652911007352408255e+06
1.363704630788485639e-01 1.644413832582565257e+06
1.361702127659574491e-01 1.636001311403128318e+06
1.359699624530663342e-01 1.627672600447854027e+06
1.357697121401752194e-01 1.619426864752582507e+06
1.355694618272841045e-01 1.611263277671532938e+06
1.353692115143929897e-01 1.603181020794430282e+06
1.351689612015018749e-01 1.595179283864458557e+06
1.349687108886107600e-01 1.587257264697032282e+06
1.347684605757196452e-01 1.579414169099374907e+06
1.345682102628285581e-01 1.571649210790901911e+06
1.343679599499374433e-01 1.563961611324393190e+06
1.341677096370463285e-01 1.556350600007954752e+06
1.339674593241552136e-01 1.548815413827754091e+06
1.337672090112640988e-01 1.541355297371527180e+06
1.335669586983729840e-01 1.533969502752849134e+06
1.333667083854818691e-01 1.526657289536155760e+06
1.331664580725907543e-01 1.519417924662514124e+06
1.329662077596996395e-01 1.512250682376134442e+06
1.327659574468085246e-01 1.505154844151608646e+06
1.325657071339174098e-01 1.498129698621881194e+06
1.323654568210262950e-01 1.491174541506929323e+06
1.321652065081351801e-01 1.484288675543161808e+06
1.319649561952440653e-01 1.477471410413516220e+06
1.317647058823529505e-01 1.470722062678252347e+06
1.315644555694618356e-01 1.464039955706438050e+06
1.313642052565707208e-01 1.457424419608115684e+06
1.311639549436796059e-01 1.450874791167144431e+06
1.309637046307884911e-01 1.444390413774712943e+06
1.307634543178973763e-01 1.437970637363511138e+06
1.305632040050062614e-01 1.431614818342563929e+06
1.303629536921151466e-01 1.425322319532706402e+06
1.301627033792240318e-01 1.419092510102708824e+06
1.299624530663329169e-01 1.412924765506032621e+06
1.297622027534418021e-01 1.406818467418220825e+06
1.295619524405506873e-01 1.400773003674908541e+06
1.293617021276595724e-01 1.394787768210454145e+06
1.291614518147684576e-01 1.388862160997179337e+06
1.289612015018773428e-01 1.382995587985215709e+06
1.287609511889862279e-01 1.377187461042950861e+06
1.285607008760951131e-01 1.371437197898067534e+06
1.283604505632039983e-01 1.365744222079169471e+06
1.281602002503128834e-01 1.360107962857990060e+06
1.279599499374217686e-01 1.354527855192175135e+06
1.277596996245306815e-01 1.349003339668638306e+06
1.275594493116395667e-01 1.343533862447476946e+06
1.273591989987484518e-01 1.338118875206450932e+06
1.271589486858573370e-01 1.332757835086011561e+06
1.269586983729662222e-01 1.327450204634879949e+06
1.267584480600751073e-01 1.322195451756165829e+06
1.265581977471839925e-01 1.316993049654025119e+06
1.263579474342928777e-01 1.311842476780847181e+06
1.261576971214017628e-01 1.306743216784969205e+06
1.259574468085106480e-01 1.301694758458911907e+06
1.257571964956195332e-01 1.296696595688129310e+06
1.255569461827284183e-01 1.291748227400270756e+06
1.253566958698373035e-01 1.286849157514947932e+06
1.251564455569461887e-01 1.281998894894001307e+06
1.249561952440550738e-01 1.277196953292263905e+06
1.247559449311639590e-01 1.272442851308813319e+06
1.245556946182728442e-01 1.267736112338711973e+06
1.243554443053817293e-01 1.263076264525226317e+06
1.241551939924906145e-01 1.258462840712522622e+06
1.239549436795994997e-01 1.253895378398833098e+06
1.237546933667083848e-01 1.249373419690091629e+06
1.235544430538172839e-01 1.244896511254026787e+06
1.233541927409261690e-01 1.240464204274716089e+06
1.231539424280350542e-01 1.236076054407592164e+06
1.229536921151439394e-01 1.231731621734895045e+06
1.227534418022528245e-01 1.227430470721571008e+06
1.225531914893617097e-01 1.223172170171608916e+06
1.223529411764705949e-01 1.218956293184813112e+06
1.221526908635794939e-01 1.214782417114005424e+06
1.219524405506883791e-01 1.210650123522653710e+06
1.217521902377972642e-01 1.206558998142924858e+06
1.215519399249061494e-01 1.202508630834151991e+06
1.213516896120150346e-01 1.198498615541718667e+06
1.211514392991239197e-01 1.194528550256350078e+06
1.209511889862328049e-01 1.190598036973812850e+06
1.207509386733416901e-01 1.186706681655012770e+06
1.205506883604505752e-01 1.182854094186492730e+06
1.203504380475594604e-01 1.179039888341323705e+06
1.201501877346683456e-01 1.175263681740384549e+06
1.199499374217772307e-01 1.171525095814027358e+06
1.197496871088861159e-01 1.167823755764126778e+06
1.195494367959950011e-01 1.164159290526505327e+06
1.193491864831038862e-01 1.160531332733732648e+06
1.191489361702127714e-01 1.156939518678298453e+06
1.189486858573216566e-01 1.153383488276149146e+06
1.187484355444305417e-01 1.149862885030588601e+06
1.185481852315394269e-01 1.146377355996540049e+06
1.183479349186483121e-01 1.142926551745162113e+06
1.181476846057571972e-01 1.139510126328818267e+06
1.179474342928660963e-01 1.136127737246395089e+06
1.177471839799749814e-01 1.132779045408966020e+06
1.175469336670838666e-01 1.129463715105797397e+06
1.173466833541927518e-01 1.126181413970693247e+06
1.171464330413016369e-01 1.122931812948674429e+06
1.169461827284105221e-01 1.119714586262991186e+06
1.167459324155194073e-01 1.116529411382463295e+06
1.165456821026283063e-01 1.113375968989145942e+06
1.163454317897371915e-01 1.110253942946316907e+06
1.161451814768460766e-01 1.107163020266785286e+06
1.159449311639549618e-01 1.104102891081512207e+06
1.157446808510638470e-01 1.101073248608547496e+06
1.155444305381727321e-01 1.098073789122272749e+06
1.153441802252816173e-01 1.095104211922954768e+06
1.151439299123905025e-01 1.092164219306597253e+06
1.149436795994993876e-01 1.089253516535098199e+06
1.147434292866082728e-01 1.086371811806699727e+06
1.145431789737171580e-01 1.083518816226736875e+06
1.143429286608260431e-01 1.080694243778673466e+06
1.141426783479349283e-01 1.077897811295429943e+06
1.139424280350438135e-01 1.075129238430994563e+06
1.137421777221526986e-01 1.072388247632319108e+06
1.135419274092615838e-01 1.069674564111493528e+06
1.133416770963704689e-01 1.066987915818197653e+06
1.131414267834793541e-01 1.064328033412428806e+06
1.129411764705882393e-01 1.061694650237499038e+06
1.127409261576971244e-01 1.059087502293303143e+06
1.125406758448060096e-01 1.056506328209851868e+06
1.123404255319148948e-01 1.053950869221069850e+06
1.121401752190237938e-01 1.051420869138853624e+06
1.119399249061326790e-01 1.048916074327387381e+06
1.117396745932415641e-01 1.046436233677717973e+06
1.115394242803504493e-01 1.043981098582578707e+06
1.113391739674593345e-01 1.041550422911467496e+06
1.111389236545682196e-01 1.039143962985971244e+06
1.109386733416771048e-01 1.036761477555337129e+06
1.107384230287860039e-01 1.034402727772286627e+06
1.105381727158948890e-01 1.032067477169070859e+06
1.103379224030037742e-01 1.029755491633764817e+06
1.101376720901126594e-01 1.027466539386796532e+06
1.099374217772215445e-01 1.025200390957711497e+06
1.097371714643304297e-01 1.022956819162167842e+06
1.095369211514393148e-01 1.020735599079160485e+06
1.093366708385482000e-01 1.018536508028473007e+06
1.091364205256570852e-01 1.016359325548353023e+06
1.089361702127659703e-01 1.014203833373411442e+06
1.087359198998748555e-01 1.012069815412740223e+06
1.085356695869837407e-01 1.009957057728249696e+06
1.083354192740926258e-01 1.007865348513220437e+06
1.081351689612015110e-01 1.005794478071069694e+06
1.079349186483103962e-01 1.003744238794328878e+06
1.077346683354192813e-01 1.001714425143830711e+06
1.075344180225281665e-01 9.997048336281038355e+05
1.073341677096370517e-01 9.977152627829719568e+05
1.071339173967459368e-01 9.957455131513575325e+05
1.069336670838548220e-01 9.937953872632853454e+05
1.067334167709637072e-01 9.918646896160861943e+05
1.065331664580726062e-01 9.899532266547975596e+05
1.063329161451814914e-01 9.880608067527590320e+05
1.061326658322903765e-01 9.861872401924021542e+05
1.059324155193992617e-01 9.843323391462301370e+05
1.057321652065081469e-01 9.824959176579888444e+05
1.055319148936170320e-01 9.806777916240238119e+05
1.053316645807259172e-01 9.788777787748236442e+05
1.051314142678348162e-01 9.770956986567475833e+05
1.049311639549437014e-01 9.753313726139345672e+05
1.047309136420525866e-01 9.735846237703924999e+05
1.045306633291614717e-01 9.718552770122670336e+05
1.043304130162703569e-01 9.701431589702850906e+05
1.041301627033792421e-01 9.684480980023753364e+05
1.039299123904881272e-01 9.667699241764601320e+05
1.037296620775970124e-01 9.651084692534200149e+05
1.035294117647058976e-01 9.634635666702272138e+05
1.033291614518147827e-01 9.618350515232479665e+05
1.031289111389236679e-01 9.602227605517099146e+05
1.029286608260325531e-01 9.586265321213363204e+05
1.027284105131414382e-01 9.570462062081403565e+05
1.025281602002503234e-01 9.554816243823837722e+05
1.023279098873592086e-01 9.539326297926934203e+05
1.021276595744680937e-01 9.523990671503372723e+05
1.019274092615769789e-01 9.508807827136558481e+05
1.017271589486858641e-01 9.493776242726498749e+05
1.015269086357947492e-01 9.478894411337211495e+05
1.013266583229036344e-01 9.464160841045646230e+05
1.011264080100125196e-01 9.449574054792125244e+05
1.009261576971214047e-01 9.435132590232259827e+05
1.007259073842303038e-01 9.420834999590354273e+05
1.005256570713391889e-01 9.406679849514256930e+05
1.003254067584480741e-01 9.392665720931671094e+05
1.001251564455569593e-01 9.378791208907890832e+05
9.992490613266584443e-02 9.365054922504950082e+05
9.972465581977472959e-02 9.351455484642183874e+05
9.952440550688361476e-02 9.337991531958169071e+05
9.932415519399251380e-02 9.324661714674055111e+05
9.912390488110139897e-02 9.311464696458232356e+05
9.892365456821028413e-02 9.298399154292376479e+05
9.872340425531916930e-02 9.285463778338810662e+05
9.852315394242805446e-02 9.272657271809185622e+05
9.832290362953693963e-02 9.259978350834484445e+05
9.812265331664582479e-02 9.247425744336306816e+05
9.792240300375470996e-02 9.234998193899445469e+05
9.772215269086359513e-02 9.222694453645723406e+05
9.752190237797248029e-02 9.210513290109101217e+05
9.732165206508136546e-02 9.198453482112011407e+05
9.712140175219025062e-02 9.186513820642939536e+05
9.692115143929913579e-02 9.174693108735218411e+05
9.672090112640802095e-02 9.162990161347028334e+05
9.652065081351690612e-02 9.151403805242597591e+05
9.632040050062579128e-02 9.139932878874583403e+05
9.612015018773467645e-02 9.128576232267624000e+05
9.591989987484356162e-02 9.117332726903052535e+05
9.571964956195246066e-02 9.106201235604761168e+05
9.551939924906134582e-02 9.095180642426197883e+05
9.531914893617023099e-02 9.084269842538491357e+05
9.511889862327911616e-02 9.073467742119692266e+05
9.491864831038800132e-02 9.062773258245115867e+05
9.471839799749688649e-02 9.052185318778773071e+05
9.451814768460577165e-02 9.041702862265895819e+05
9.431789737171465682e-02 9.031324837826516014e+05
9.411764705882354198e-02 9.021050205050121294e+05
9.391739674593242715e-02 9.010877933891343419e+05
9.371714643304131231e-02 9.000807004566704854e+05
9.351689612015019748e-02 8.990836407452377025e+05
9.331664580725908265e-02 8.980965142982967664e+05
9.311639549436796781e-02 8.971192221551310504e+05
9.291614518147686685e-02 8.961516663409260800e+05
9.271589486858575202e-02 8.951937498569465242e+05
9.251564455569463719e-02 8.942453766708129551e+05
9.231539424280352235e-02 8.933064517068739515e+05
9.211514392991240752e-02 8.923768808366744779e+05
9.191489361702129268e-02 8.914565708695200738e+05
9.171464330413017785e-02 8.905454295431333594e+05
9.151439299123906301e-02 8.896433655144057702e+05
9.131414267834794818e-02 8.887502883502390468e+05
9.111389236545683334e-02 8.878661085184804397e+05
9.091364205256571851e-02 8.869907373789460398e+05
9.071339173967460368e-02 8.861240871745350305e+05
9.051314142678348884e-02 8.852660710224314826e+05
9.031289111389237401e-02 8.844166029053949751e+05
9.011264080100127305e-02 8.835755976631361991e+05
8.991239048811015822e-02 8.827429709837805713e+05
8.971214017521904338e-02 8.819186393954150844e+05
8.951188986232792855e-02 8.811025202577204909e+05
8.931163954943681371e-02 8.802945317536868388e+05
8.911138923654569888e-02 8.794945928814102663e+05
8.891113892365458404e-02 8.787026234459732659e+05
8.871088861076346921e-02 8.779185440514049260e+05
8.851063829787235437e-02 8.771422760927210329e+05
8.831038798498123954e-02 8.763737417480440345e+05
8.811013767209012471e-02 8.756128639708015835e+05
8.790988735919900987e-02 8.748595664820017992e+05
8.770963704630789504e-02 8.741137737625868758e+05
8.750938673341678020e-02 8.733754110458620125e+05
8.730913642052567925e-02 8.726444043099996634e+05
8.710888610763456441e-02 8.719206802706192248e+05
8.690863579474344958e-02 8.712041663734395988e+05
8.670838548185233474e-02 8.704947907870062627e+05
8.650813516896121991e-02 8.697924823954893509e+05
8.630788485607010507e-02 8.690971707915547304e+05
8.610763454317899024e-02 8.684087862693053903e+05
8.590738423028787540e-02 8.677272598172931466e+05
8.570713391739676057e-02 8.670525231116003124e+05
8.550688360450564574e-02 8.663845085089902859e+05
8.530663329161453090e-02 8.657231490401261253e+05
8.510638297872341607e-02 8.650683784028565278e+05
8.490613266583230123e-02 8.644201309555693297e+05
8.470588235294118640e-02 8.637783417106106644e+05
8.450563204005008544e-02 8.631429463277698960e+05
8.430538172715897061e-02 8.625138811078292783e+05
8.410513141426785577e-02 8.618910829861784587e+05
8.390488110137674094e-02 8.612744895264916122e+05
8.370463078848562610e-02 8.606640389144686051e+05
8.350438047559451127e-02 8.600596699516375083e+05
8.330413016270339643e-02 8.594613220492199762e+05
8.310387984981228160e-02 8.588689352220566943e+05
8.290362953692116676e-02 8.582824500825939467e+05
8.270337922403005193e-02 8.577018078349299030e+05
8.250312891113893710e-02 8.571269502689205110e+05
8.230287859824782226e-02 8.565578197543431306e+05
8.210262828535670743e-02 8.559943592351200059e+05
8.190237797246559259e-02 8.554365122235974995e+05
8.170212765957447776e-02 8.548842227948836517e+05
8.150187734668337680e-02 8.543374355812412687e+05
8.130162703379226197e-02 8.537960957665375900e+05
8.110137672090114713e-02 8.532601490807486698e+05
8.090112640801003230e-02 8.527295417945185909e+05
8.070087609511891746e-02 8.522042207137735095e+05
8.050062578222780263e-02 8.516841331743883202e+05
8.030037546933668779e-02 8.511692270369075704e+05
8.010012515644557296e-02 8.506594506813180633e+05
7.989987484355445813e-02 8.501547530018736143e+05
7.969962453066334329e-02 8.496550834019721951e+05
7.949937421777222846e-02 8.491603917890834855e+05
7.929912390488111362e-02 8.486706285697267158e+05
7.909887359198999879e-02 8.481857446444989182e+05
7.889862327909888395e-02 8.477056914031526539e+05
7.869837296620778300e-02 8.472304207197234500e+05
7.849812265331666816e-02 8.467598849477036856e+05
7.829787234042555333e-02 8.462940369152673520e+05
7.809762202753443849e-02 8.458328299205403309e+05
7.789737171464332366e-02 8.453762177269186359e+05
7.769712140175220882e-02 8.449241545584328705e+05
7.749687108886109399e-02 8.444765950951597188e+05
7.729662077596997916e-02 8.440334944686779054e+05
7.709637046307886432e-02 8.435948082575703738e+05
7.689612015018774949e-02 8.431604924829712836e+05
7.669586983729663465e-02 8.427305036041564308e+05
7.649561952440551982e-02 8.423047985141787212e+05
7.629536921151440498e-02 8.418833345355466008e+05
7.609511889862329015e-02 8.414660694159450941e+05
7.589486858573218919e-02 8.410529613240007311e+05
7.569461827284107436e-02 8.406439688450872200e+05
7.549436795994995952e-02 8.402390509771740763e+05
7.529411764705884469e-02 8.398381671267158817e+05
7.509386733416772985e-02 8.394412771045825211e+05
7.489361702127661502e-02 8.390483411220305134e+05
7.469336670838550019e-02 8.386593197867140407e+05
7.449311639549438535e-02 8.382741740987357916e+05
7.429286608260327052e-02 8.378928654467371525e+05
7.409261576971215568e-02 8.375153556040272815e+05
7.389236545682104085e-02 8.371416067247511819e+05
7.369211514392992601e-02 8.367715813400951447e+05
7.349186483103881118e-02 8.364052423545306083e+05
7.329161451814769634e-02 8.360425530420956202e+05
7.309136420525659539e-02 8.356834770427123876e+05
7.289111389236548055e-02 8.353279783585426630e+05
7.269086357947436572e-02 8.349760213503788691e+05
7.249061326658325088e-02 8.346275707340707304e+05
7.229036295369213605e-02 8.342825915769885760e+05
7.209011264080102122e-02 8.339410492945211008e+05
7.188986232790990638e-02 8.336029096466079354e+05
7.168961201501879155e-02 8.332681387343074894e+05
7.148936170212767671e-02 8.329367029963982059e+05
7.128911138923656188e-02 8.326085692060141591e+05
7.108886107634544704e-02 8.322837044673140626e+05
7.088861076345433221e-02 8.319620762121831067e+05
7.068836045056321737e-02 8.316436521969684400e+05
7.048811013767210254e-02 8.313284004992461996e+05
7.028785982478100158e-02 8.310162895146218361e+05
7.008760951188988675e-02 8.307072879535611719e+05
6.988735919899877191e-02 8.304013648382535903e+05
6.968710888610765708e-02 8.300984894995072391e+05
6.948685857321654225e-02 8.297986315736733377e+05
6.928660826032542741e-02 8.295017609996029641e+05
6.908635794743431258e-02 8.292078480156330625e+05
6.888610763454319774e-02 8.289168631566027179e+05
6.868585732165208291e-02 8.286287772508995840e+05
6.848560700876096807e-02 8.283435614175350638e+05
6.828535669586985324e-02 8.280611870632490609e+05
6.808510638297873840e-02 8.277816258796433685e+05
6.788485607008762357e-02 8.275048498403441627e+05
6.768460575719650874e-02 8.272308311981916195e+05
6.748435544430539390e-02 8.269595424824586371e+05
6.728410513141429294e-02 8.266909564960970310e+05
6.708385481852317811e-02 8.264250463130105054e+05
6.688360450563206328e-02 8.261617852753556799e+05
6.668335419274094844e-02 8.259011469908693107e+05
6.648310387984983361e-02 8.256431053302229848e+05
6.628285356695871877e-02 8.253876344244027277e+05
6.608260325406760394e-02 8.251347086621163180e+05
6.588235294117648910e-02 8.248843026872256305e+05
6.568210262828537427e-02 8.246363913962043589e+05
6.548185231539425943e-02 8.243909499356214656e+05
6.528160200250314460e-02 8.241479536996497773e+05
6.508135168961202977e-02 8.239073783275989117e+05
6.488110137672091493e-02 8.236691997014735825e+05
6.468085106382980010e-02 8.234333939435551874e+05
6.448060075093869914e-02 8.231999374140081927e+05
6.428035043804758430e-02 8.229688067085102666e+05
6.408010012515646947e-02 8.227399786559062777e+05
6.387984981226535464e-02 8.225134303158848779e+05
6.367959949937423980e-02 8.222891389766787179e+05
6.347934918648312497e-02 8.220670821527878288e+05
6.327909887359201013e-02 8.218472375827257056e+05
6.307884856070089530e-02 8.216295832267865771e+05
6.287859824780978046e-02 8.214140972648367751e+05
6.267834793491866563e-02 8.212007580941270571e+05
6.247809762202755079e-02 8.209895443271266995e+05
6.227784730913643596e-02 8.207804347893795930e+05
6.207759699624532113e-02 8.205734085173810599e+05
6.187734668335420629e-02 8.203684447564767906e+05
6.167709637046310533e-02 8.201655229587819194e+05
6.147684605757199050e-02 8.199646227811210556e+05
6.127659574468087567e-02 8.197657240829886869e+05
6.107634543178976083e-02 8.195688069245303050e+05
6.087609511889864600e-02 8.193738515645435546e+05
6.067584480600753116e-02 8.191808384584987070e+05
6.047559449311641633e-02 8.189897482565796236e+05
6.027534418022530149e-02 8.188005618017438101e+05
6.007509386733418666e-02 8.186132601278017974e+05
5.987484355444307182e-02 8.184278244575160788e+05
5.967459324155195699e-02 8.182442362007182091e+05
5.947434292866084216e-02 8.180624769524456933e+05
5.927409261576972732e-02 8.178825284910961054e+05
5.907384230287861249e-02 8.177043727766011143e+05
5.887359198998751153e-02 8.175279919486173894e+05
5.867334167709639670e-02 8.173533683247364825e+05
5.847309136420528186e-02 8.171804843987118220e+05
5.827284105131416703e-02 8.170093228387038689e+05
5.807259073842305219e-02 8.168398664855423849e+05
5.787234042553193736e-02 8.166720983510067454e+05
5.767209011264082252e-02 8.165060016161219683e+05
5.747183979974970769e-02 8.163415596294733696e+05
5.727158948685859285e-02 8.161787559055368183e+05
5.707133917396747802e-02 8.160175741230262211e+05
5.687108886107636319e-02 8.158579981232571881e+05
5.667083854818524835e-02 8.157000119085272308e+05
5.647058823529413352e-02 8.155435996405116748e+05
5.627033792240301868e-02 8.153887456386763370e+05
5.607008760951190385e-02 8.152354343787052203e+05
5.586983729662080289e-02 8.150836504909439245e+05
5.566958698372968806e-02 8.149333787588594714e+05
5.546933667083857322e-02 8.147846041175142163e+05
5.526908635794745839e-02 8.146373116520558251e+05
5.506883604505634355e-02 8.144914865962223848e+05
5.486858573216522872e-02 8.143471143308612518e+05
5.466833541927411388e-02 8.142041803824640810e+05
5.446808510638299905e-02 8.140626704217158258e+05
5.426783479349188422e-02 8.139225702620579395e+05
5.406758448060076938e-02 8.137838658582663629e+05
5.386733416770965455e-02 8.136465433050432475e+05
5.366708385481853971e-02 8.135105888356231153e+05
5.346683354192742488e-02 8.133759888203927549e+05
5.326658322903631004e-02 8.132427297655247385e+05
5.306633291614520909e-02 8.131107983116245596e+05
5.286608260325409425e-02 8.129801812323915074e+05
5.266583229036297942e-02 8.128508654332928127e+05
5.246558197747186458e-02 8.127228379502504831e+05
5.226533166458074975e-02 8.125960859483421082e+05
5.206508135168963491e-02 8.124705967205136549e+05
5.186483103879852008e-02 8.123463576863061171e+05
5.166458072590740525e-02 8.122233563905939227e+05
5.146433041301629041e-02 8.121015805023363791e+05
5.126408010012517558e-02 8.119810178133415757e+05
5.106382978723406074e-02 8.118616562370422762e+05
5.086357947434294591e-02 8.117434838072846178e+05
5.066332916145183107e-02 8.116264886771278689e+05
5.046307884856071624e-02 8.115106591176573420e+05
5.026282853566961528e-02 8.113959835168083664e+05
5.006257822277850045e-02 8.112824503782021347e+05
4.986232790988738561e-02 8.111700483199929586e+05
4.966207759699627078e-02 8.110587660737276310e+05
4.946182728410515594e-02 8.109485924832156161e+05
4.926157697121404111e-02 8.108395165034102974e+05
4.906132665832292628e-02 8.107315271993023343e+05
4.886107634543181144e-02 8.106246137448225636e+05
4.866082603254069661e-02 8.105187654217577074e+05
4.846057571964958177e-02 8.104139716186749283e+05
4.826032540675846694e-02 8.103102218298583757e+05
4.806007509386735210e-02 8.102075056542563252e+05
4.785982478097623727e-02 8.101058127944378648e+05
4.765957446808512243e-02 8.100051330555607565e+05
4.745932415519402148e-02 8.099054563443496590e+05
4.725907384230290664e-02 8.098067726680838969e+05
4.705882352941179181e-02 8.097090721335961716e+05
4.685857321652067697e-02 8.096123449462800054e+05
4.665832290362956214e-02 8.095165814091085922e+05
4.645807259073844731e-02 8.094217719216619153e+05
4.625782227784733247e-02 8.093279069791652728e+05
4.605757196495621764e-02 8.092349771715352545e+05
4.585732165206510280e-02 8.091429731824371265e+05
4.565707133917398797e-02 8.090518857883509481e+05
4.545682102628287313e-02 8.089617058576463023e+05
4.525657071339175830e-02 8.088724243496672716e+05
4.505632040050064346e-02 8.087840323138260283e+05
4.485607008760952863e-02 8.086965208887052722e+05
4.465581977471841379e-02 8.086098813011704478e+05
4.445556946182731284e-02 8.085241048654896440e+05
4.425531914893619800e-02 8.084391829824630404e+05
4.405506883604508317e-02 8.083551071385607356e+05
4.385481852315396833e-02 8.082718689050696557e+05
4.365456821026285350e-02 8.081894599372480297e+05
4.345431789737173867e-02 8.081078719734891783e+05
4.325406758448062383e-02 8.080270968344929861e+05
4.305381727158950900e-02 8.079471264224463375e+05
4.285356695869839416e-02 8.078679527202106547e+05
4.265331664580727933e-02 8.077895677905190969e+05
4.245306633291616449e-02 8.077119637751799310e+05
4.225281602002504966e-02 8.076351328942889813e+05
4.205256570713393482e-02 8.075590674454503460e+05
4.185231539424281999e-02 8.074837598030030495e+05
4.165206508135171903e-02 8.074092024172577076e+05
4.145181476846060420e-02 8.073353878137388965e+05
4.125156445556948936e-02 8.072623085924360203e+05
4.105131414267837453e-02 8.071899574270617450e+05
4.085106382978725970e-02 8.071183270643171854e+05
4.065081351689614486e-02 8.070474103231648915e+05
4.045056320400503003e-02 8.069772000941087026e+05
4.025031289111391519e-02 8.069076893384815194e+05
4.005006257822280036e-02 8.068388710877392441e+05
3.984981226533168552e-02 8.067707384427621728e+05
3.964956195244057069e-02 8.067032845731637208e+05
3.944931163954945585e-02 8.066365027166052023e+05
3.924906132665834102e-02 8.065703861781182932e+05
3.904881101376722619e-02 8.065049283294335473e+05
3.884856070087612523e-02 8.064401226083161309e+05
3.864831038798501039e-02 8.063759625179077266e+05
3.844806007509389556e-02 8.063124416260753060e+05
3.824780976220278073e-02 8.062495535647667712e+05
3.804755944931166589e-02 8.061872920293713687e+05
3.784730913642055106e-02 8.061256507780891843e+05
3.764705882352943622e-02 8.060646236313038971e+05
3.744680851063832139e-02 8.060042044709644979e+05
3.724655819774720655e-02 8.059443872399709653e+05
3.704630788485609172e-02 8.058851659415679751e+05
3.684605757196497688e-02 8.058265346387426835e+05
3.664580725907386205e-02 8.057684874536306597e+05
3.644555694618274722e-02 8.057110185669254279e+05
3.624530663329163238e-02 8.056541222172961570e+05
3.604505632040053142e-02 8.055977927008094266e+05
3.584480600750941659e-02 8.055420243703573942e+05
3.564455569461830176e-02 8.054868116350923665e+05
3.544430538172718692e-02 8.054321489598650951e+05
3.524405506883607209e-02 8.053780308646712219e+05
3.504380475594495725e-02 8.053244519241009839e+05
3.484355444305384242e-02 8.052714067667953204e+05
3.464330413016272758e-02 8.052188900749080349e+05
3.444305381727161275e-02 8.051668965835721465e+05
3.424280350438049791e-02 8.051154210803720634e+05
3.404255319148938308e-02 8.050644584048214601e+05
3.384230287859826825e-02 8.050140034478453454e+05
3.364205256570715341e-02 8.049640511512685334e+05
3.344180225281603858e-02 8.049145965073078405e+05
3.324155193992492374e-02 8.048656345580705674e+05
3.304130162703380891e-02 8.048171603950575227e+05
3.284105131414269407e-02 8.047691691586702364e+05
3.264080100125157924e-02 8.047216560377245769e+05
3.244055068836046440e-02 8.046746162689682096e+05
3.224030037546934957e-02 8.046280451366027119e+05
3.204005006257823474e-02 8.045819379718112759e+05
3.183979974968711990e-02 8.045362901522903703e+05
3.163954943679603282e-02 8.044910971017862903e+05
3.143929912390491799e-02 8.044463542896368308e+05
3.123904881101380315e-02 8.044020572303164518e+05
3.103879849812268832e-02 8.043582014829871478e+05
3.083854818523157348e-02 8.043147826510528103e+05
3.063829787234045865e-02 8.042717963817189448e+05
3.043804755944934382e-02 8.042292383655557642e+05
3.023779724655822898e-02 8.041871043360665208e+05
3.003754693366711415e-02 8.041453900692597963e+05
2.983729662077599931e-02 8.041040913832257502e+05
2.963704630788488448e-02 8.040632041377170244e+05
2.943679599499376964e-02 8.040227242337339558e+05
2.923654568210265481e-02 8.039826476131131640e+05
2.903629536921153997e-02 8.039429702581211459e+05
2.883604505632042514e-02 8.039036881910512457e+05
2.863579474342931031e-02 8.038647974738246994e+05
2.843554443053819547e-02 8.038262942075963365e+05
2.823529411764708064e-02 8.037881745323635405e+05
2.803504380475596580e-02 8.037504346265789354e+05
2.783479349186485097e-02 8.037130707067676121e+05
2.763454317897373613e-02 8.036760790271477308e+05
2.743429286608262130e-02 8.036394558792551979e+05
2.723404255319150646e-02 8.036031975915716030e+05
2.703379224030039163e-02 8.035673005291559966e+05
2.683354192740927679e-02 8.035317610932810931e+05
2.663329161451816196e-02 8.034965757210720330e+05
2.643304130162704713e-02 8.034617408851491055e+05
2.623279098873593229e-02 8.034272530932746595e+05
2.603254067584484521e-02 8.033931088880023453e+05
2.583229036295373038e-02 8.033593048463310115e+05
2.563204005006261554e-02 8.033258375793612795e+05
2.543178973717150071e-02 8.032927037319559604e+05
2.523153942428038587e-02 8.032598999824034981e+05
2.503128911138927104e-02 8.032274230420851381e+05
2.483103879849815621e-02 8.031952696551451227e+05
2.463078848560704137e-02 8.031634365981643787e+05
2.443053817271592654e-02 8.031319206798373489e+05
2.423028785982481170e-02 8.031007187406520825e+05
2.403003754693369687e-02 8.030698276525733527e+05
2.382978723404258203e-02 8.030392443187291501e+05
2.362953692115146720e-02 8.030089656731004361e+05
2.342928660826035236e-02 8.029789886802132241e+05
2.322903629536923753e-02 8.029493103348349687e+05
2.302878598247812270e-02 8.029199276616725838e+05
2.282853566958700786e-02 8.028908377150748856e+05
2.262828535669589303e-02 8.028620375787364319e+05
2.242803504380477819e-02 8.028335243654062506e+05
2.222778473091366336e-02 8.028052952165971510e+05
2.202753441802254852e-02 8.027773473023001570e+05
2.182728410513143369e-02 8.027496778207003372e+05
2.162703379224031885e-02 8.027222839978960110e+05
2.142678347934920402e-02 8.026951630876206327e+05
2.122653316645808919e-02 8.026683123709675856e+05
2.102628285356697435e-02 8.026417291561173042e+05
2.082603254067585952e-02 8.026154107780676568e+05
2.062578222778474468e-02 8.025893545983671211e+05
2.042553191489365760e-02 8.025635580048494739e+05
2.022528160200254277e-02 8.025380184113724390e+05
2.002503128911142793e-02 8.025127332575585460e+05
1.982478097622031310e-02 8.024877000085379696e+05
1.962453066332919827e-02 8.024629161546947435e+05
1.942428035043808343e-02 8.024383792114151875e+05
1.922403003754696860e-02 8.024140867188386619e+05
1.902377972465585376e-02 8.023900362416110002e+05
1.882352941176473893e-02 8.023662253686405020e+05
1.862327909887362409e-02 8.023426517128559062e+05
1.842302878598250926e-02 8.023193129109675065e+05
1.822277847309139442e-02 8.022962066232300131e+05
1.802252816020027959e-02 8.022733305332076270e+05
1.782227784730916476e-02 8.022506823475426063e+05
1.762202753441804992e-02 8.022282597957245307e+05
1.742177722152693509e-02 8.022060606298636412e+05
1.722152690863582025e-02 8.021840826244641794e+05
1.702127659574470542e-02 8.021623235762024997e+05
1.682102628285359058e-02 8.021407813037056476e+05
1.662077596996247575e-02 8.021194536473326152e+05
1.642052565707136091e-02 8.020983384689579252e+05
1.622027534418024608e-02 8.020774336517574266e+05
1.602002503128913125e-02 8.020567370999958366e+05
1.581977471839801641e-02 8.020362467388167279e+05
1.561952440550690158e-02 8.020159605140346102e+05
1.541927409261578674e-02 8.019958763919291086e+05
1.521902377972467191e-02 8.019759923590405378e+05
1.501877346683355707e-02 8.019563064219686203e+05
1.481852315394244224e-02 8.019368166071726009e+05
1.461827284105135516e-02 8.019175209607728757e+05
1.441802252816024033e-02 8.018984175483557628e+05
1.421777221526912549e-02 8.018795044547792058e+05
1.401752190237801066e-02 8.018607797839809209e+05
1.381727158948689582e-02 8.018422416587880580e+05
1.361702127659578099e-02 8.018238882207293063e+05
1.341677096370466615e-02 8.018057176298487466e+05
1.321652065081355132e-02 8.017877280645206338e+05
1.301627033792243648e-02 8.017699177212676732e+05
1.281602002503132165e-02 8.017522848145796452e+05
1.261576971214020682e-02 8.017348275767345913e+05
1.241551939924909198e-02 8.017175442576215137e+05
1.221526908635797715e-02 8.017004331245652866e+05
1.201501877346686231e-02 8.016834924621523824e+05
1.181476846057574748e-02 8.016667205720590428e+05
1.161451814768463264e-02 8.016501157728816615e+05
1.141426783479351781e-02 8.016336763999672839e+05
1.121401752190240297e-02 8.016174008052473655e+05
1.101376720901128814e-02 8.016012873570721131e+05
1.081351689612017331e-02 8.015853344400472706e+05
1.061326658322905847e-02 8.015695404548723018e+05
1.041301627033794364e-02 8.015539038181793876e+05
1.021276595744682880e-02 8.015384229623752180e+05
1.001251564455571397e-02 8.015230963354838314e+05
9.812265331664599133e-03 8.015079224009908503e+05
9.612015018773484298e-03 8.014928996376894647e+05
9.411764705882369464e-03 8.014780265395280439e+05
9.211514392991254629e-03 8.014633016154591460e+05
9.011264080100167551e-03 8.014487233892896911e+05
8.811013767209052716e-03 8.014342903995336965e+05
8.610763454317937882e-03 8.014200011992648942e+05
8.410513141426823047e-03 8.014058543559722602e+05
8.210262828535708213e-03 8.013918484514163574e+05
8.010012515644593378e-03 8.013779820814869599e+05
7.809762202753478544e-03 8.013642538560623070e+05
7.609511889862363709e-03 8.013506623988698702e+05
7.409261576971248875e-03 8.013372063473482849e+05
7.209011264080134040e-03 8.013238843525107950e+05
7.008760951189019206e-03 8.013106950788100949e+05
6.808510638297904372e-03 8.012976372040041024e+05
6.608260325406789537e-03 8.012847094190239441e+05
6.408010012515674703e-03 8.012719104278421728e+05
6.207759699624559868e-03 8.012592389473433141e+05
6.007509386733445034e-03 8.012466937071947614e+05
5.807259073842330199e-03 8.012342734497198835e+05
5.607008760951215365e-03 8.012219769297715975e+05
5.406758448060100530e-03 8.012098029146076879e+05
5.206508135168985696e-03 8.011977501837671734e+05
5.006257822277870861e-03 8.011858175289481878e+05
4.806007509386756027e-03 8.011740037538863253e+05
4.605757196495641193e-03 8.011623076742353151e+05
4.405506883604526358e-03 8.011507281174478121e+05
4.205256570713411524e-03 8.011392639226581668e+05
4.005006257822296689e-03 8.011279139405658934e+05
3.804755944931181855e-03 8.011166770333203021e+05
3.604505632040067020e-03 8.011055520744068781e+05
3.404255319148952186e-03 8.010945379485338926e+05
3.204005006257865107e-03 8.010836335515209939e+05
3.003754693366750272e-03 8.010728377901879139e+05
2.803504380475635438e-03 8.010621495822455036e+05
2.603254067584520604e-03 8.010515678561870009e+05
2.403003754693405769e-03 8.010410915511805797e+05
2.202753441802290935e-03 8.010307196169629460e+05
2.002503128911176100e-03 8.010204510137340985e+05
1.802252816020061266e-03 8.010102847120531369e+05
1.602002503128946431e-03 8.010002196927350014e+05
1.401752190237831597e-03 8.009902549467483768e+05
1.201501877346716762e-03 8.009803894751146436e+05
1.001251564455601928e-03 8.009706222888070624e+05
8.010012515644870934e-04 8.009609524086526362e+05
6.007509386733722589e-04 8.009513788652331568e+05
4.005006257822574245e-04 8.009419006987884641e+05
2.002503128911425900e-04 8.009325169591198210e+05
2.775557561562891351e-17 8.009232267054952681e+05
---------------
