field_vs_length
---------------
1.600000000000000033e-01 2.100000000000000000e+06
1.597997496871088885e-01 2.100000000000000000e+06
1.595994993742177737e-01 2.100000000000000000e+06
1.593992490613266588e-01 2.100000000000000000e+06
1.591989987484355440e-01 2.100000000000000000e+06
1.589987484355444292e-01 2.100000000000000000e+06
1.587984981226533143e-01 2.100000000000000000e+06
1.585982478097621995e-01 2.100000000000000000e+06
1.583979974968710847e-01 2.100000000000000000e+06
1.581977471839799698e-01 2.100000000000000000e+06
1.579974968710888550e-01 2.100000000000000000e+06
1.577972465581977402e-01 2.100000000000000000e+06
1.575969962453066253e-01 2.100000000000000000e+06
1.573967459324155105e-01 2.100000000000000000e+06
1.571964956195244234e-01 2.100000000000000000e+06
1.569962453066333086e-01 2.100000000000000000e+06
1.567959949937421937e-01 2.100000000000000000e+06
1.565957446808510789e-01 2.100000000000000000e+06
1.563954943679599641e-01 2.100000000000000000e+06
1.561952440550688492e-01 2.100000000000000000e+06
1.559949937421777344e-01 2.100000000000000000e+06
1.557947434292866196e-01 2.100000000000000000e+06
1.555944931163955047e-01 2.100000000000000000e+06
1.553942428035043899e-01 2.100000000000000000e+06
1.551939924906132751e-01 2.100000000000000000e+06
1.549937421777221602e-01 2.100000000000000000e+06
1.547934918648310454e-01 2.100000000000000000e+06
1.545932415519399306e-01 2.100000000000000000e+06
1.543929912390488157e-01 2.100000000000000000e+06
1.541927409261577009e-01 2.100000000000000000e+06
1.539924906132665861e-01 2.100000000000000000e+06
1.537922403003754712e-01 2.100000000000000000e+06
1.535919899874843564e-01 2.100000000000000000e+06
1.533917396745932415e-01 2.100000000000000000e+06
1.531914893617021267e-01 2.100000000000000000e+06
1.529912390488110119e-01 2.100000000000000000e+06
1.527909887359198970e-01 2.100000000000000000e+06
1.525907384230287822e-01 2.100000000000000000e+06
1.523904881101376674e-01 2.100000000000000000e+06
1.521902377972465525e-01 2.100000000000000000e+06
1.519899874843554377e-01 2.100000000000000000e+06
1.517897371714643229e-01 2.100000000000000000e+06
1.515894868585732080e-01 2.100000000000000000e+06
1.513892365456820932e-01 2.100000000000000000e+06
1.511889862327910061e-01 2.100000000000000000e+06
1.509887359198998913e-01 2.100000000000000000e+06
1.507884856070087765e-01 2.100000000000000000e+06
1.505882352941176616e-01 2.100000000000000000e+06
1.503879849812265468e-01 2.100000000000000000e+06
1.501877346683354320e-01 2.100000000000000000e+06
1.499874843554443171e-01 2.100000000000000000e+06
1.497872340425532023e-01 2.100000000000000000e+06
1.495869837296620875e-01 2.100000000000000000e+06
1.493867334167709726e-01 2.100000000000000000e+06
1.491864831038798578e-01 2.100000000000000000e+06
1.489862327909887429e-01 2.100000000000000000e+06
1.487859824780976281e-01 2.100000000000000000e+06
1.485857321652065133e-01 2.100000000000000000e+06
1.483854818523153984e-01 2.100000000000000000e+06
1.481852315394242836e-01 2.100000000000000000e+06
1.479849812265331688e-01 2.100000000000000000e+06
1.477847309136420539e-01 2.100000000000000000e+06
1.475844806007509391e-01 2.100000000000000000e+06
1.473842302878598243e-01 2.100000000000000000e+06
1.471839799749687094e-01 2.100000000000000000e+06
1.469837296620775946e-01 2.100000000000000000e+06
1.467834793491864798e-01 2.100000000000000000e+06
1.465832290362953649e-01 2.100000000000000000e+06
1.463829787234042501e-01 2.100000000000000000e+06
1.461827284105131353e-01 2.100000000000000000e+06
1.459824780976220204e-01 2.100000000000000000e+06
1.457822277847309334e-01 2.100000000000000000e+06
1.455819774718398185e-01 2.100000000000000000e+06
1.453817271589487037e-01 2.100000000000000000e+06
1.451814768460575888e-01 2.100000000000000000e+06
1.449812265331664740e-01 2.098373983951956034e+06
1.447809762202753592e-01 2.081155851120709907e+06
1.445807259073842443e-01 2.064166053192857420e+06
1.443804755944931295e-01 2.047401562149703503e+06
1.441802252816020147e-01 2.030859390128030907e+06
1.439799749687108998e-01 2.014536588887586957e+06
1.437797246558197850e-01 1.998430249285631115e+06
1.435794743429286702e-01 1.982537500758449314e+06
1.433792240300375553e-01 1.966855510809748899e+06
1.431789737171464405e-01 1.951381484505832428e+06
1.429787234042553257e-01 1.936112663977468852e+06
1.427784730913642108e-01 1.921046327928371727e+06
1.425782227784730960e-01 1.906179791150193661e+06
1.423779724655819812e-01 1.891510404043952469e+06
1.421777221526908663e-01 1.877035552147804527e+06
1.419774718397997515e-01 1.862752655671082437e+06
1.417772215269086367e-01 1.848659169034506893e+06
1.415769712140175218e-01 1.834752580416501733e+06
1.413767209011264070e-01 1.821030411305521382e+06
1.411764705882352922e-01 1.807490216058316641e+06
1.409762202753441773e-01 1.794129581464059185e+06
1.407759699624530625e-01 1.780946126314242370e+06
1.405757196495619477e-01 1.767937500978292897e+06
1.403754693366708328e-01 1.755101386984803481e+06
1.401752190237797180e-01 1.742435496608321555e+06
1.399749687108886032e-01 1.729937572461619042e+06
1.397747183979974883e-01 1.717605387093367521e+06
1.395744680851064012e-01 1.705436742591149174e+06
1.393742177722152864e-01 1.693429470189731102e+06
1.391739674593241716e-01 1.681581429884538287e+06
1.389737171464330567e-01 1.669890510050246958e+06
1.387734668335419419e-01 1.658354627064439934e+06
1.385732165206508271e-01 1.646971724936252460e+06
1.383729662077597122e-01 1.635739774939939380e+06
1.381727158948685974e-01 1.624656775253306841e+06
1.379724655819774826e-01 1.613720750600933796e+06
1.377722152690863677e-01 1.602929751902128570e+06
1.375719649561952529e-01 1.592281855923552066e+06
1.373717146433041381e-01 1.581775164936448447e+06
1.371714643304130232e-01 1.571407806378420442e+06
1.369712140175219084e-01 1.561177932519691531e+06
1.367709637046307936e-01 1.551083720133792376e+06
1.365707133917396787e-01 1.541123370172614697e+06
1.363704630788485639e-01 1.531295107445775066e+06
1.361702127659574491e-01 1.521597180304231588e+06
1.359699624530663342e-01 1.512027860328092473e+06
1.357697121401752194e-01 1.502585442018568981e+06
1.355694618272841045e-01 1.493268242494011065e+06
1.353692115143929897e-01 1.484074601189975161e+06
1.351689612015018749e-01 1.475002879563268041e+06
1.349687108886107600e-01 1.466051460799917579e+06
1.347684605757196452e-01 1.457218749527012696e+06
1.345682102628285581e-01 1.448503171528370120e+06
1.343679599499374433e-01 1.439903173463965766e+06
1.341677096370463285e-01 1.431417222593090963e+06
1.339674593241552136e-01 1.423043806501178071e+06
1.337672090112640988e-01 1.414781432830250124e+06
1.335669586983729840e-01 1.406628629012943478e+06
1.333667083854818691e-01 1.398583942010059021e+06
1.331664580725907543e-01 1.390645938051593024e+06
1.329662077596996395e-01 1.382813202381202020e+06
1.327659574468085246e-01 1.375084339004057460e+06
1.325657071339174098e-01 1.367457970438043820e+06
1.323654568210262950e-01 1.359932737468254752e+06
1.321652065081351801e-01 1.352507298904747237e+06
1.319649561952440653e-01 1.345180331343506463e+06
1.317647058823529505e-01 1.337950528930581408e+06
1.315644555694618356e-01 1.330816603129347321e+06
1.313642052565707208e-01 1.323777282490856946e+06
1.311639549436796059e-01 1.316831312427234370e+06
1.309637046307884911e-01 1.309977454988075420e+06
1.307634543178973763e-01 1.303214488639813848e+06
1.305632040050062614e-01 1.296541208048011409e+06
1.303629536921151466e-01 1.289956423862537136e+06
1.301627033792240318e-01 1.283458962505594594e+06
1.299624530663329169e-01 1.277047665962559404e+06
1.297622027534418021e-01 1.270721391575592803e+06
1.295619524405506873e-01 1.264479011839988409e+06
1.293617021276595724e-01 1.258319414203224005e+06
1.291614518147684576e-01 1.252241500866674818e+06
1.289612015018773428e-01 1.246244188589958474e+06
1.287609511889862279e-01 1.240326408497872064e+06
1.285607008760951131e-01 1.234487105889893835e+06
1.283604505632039983e-01 1.228725240052205510e+06
1.281602002503128834e-01 1.223039784072212642e+06
1.279599499374217686e-01 1.217429724655521102e+06
1.277596996245306815e-01 1.211894061945342459e+06
1.275594493116395667e-01 1.206431809344293084e+06
1.273591989987484518e-01 1.201041993338558357e+06
1.271589486858573370e-01 1.195723653324386803e+06
1.269586983729662222e-01 1.190475841436885763e+06
1.267584480600751073e-01 1.185297622381087160e+06
1.265581977471839925e-01 1.180188073265255429e+06
1.263579474342928777e-01 1.175146283436402213e+06
1.261576971214017628e-01 1.170171354317986174e+06
1.259574468085106480e-01 1.165262399249763694e+06
1.257571964956195332e-01 1.160418543329761829e+06
1.255569461827284183e-01 1.155638923258349532e+06
1.253566958698373035e-01 1.150922687184375478e+06
1.251564455569461887e-01 1.146268994553345488e+06
1.249561952440550738e-01 1.141677015957614407e+06
1.247559449311639590e-01 1.137145932988564717e+06
1.245556946182728442e-01 1.132674938090744661e+06
1.243554443053817293e-01 1.128263234417941421e+06
1.241551939924906145e-01 1.123910035691162338e+06
1.239549436795994997e-01 1.119614566058500204e+06
1.237546933667083848e-01 1.115376059956856072e+06
1.235544430538172839e-01 1.111193761975496542e+06
1.233541927409261690e-01 1.107066926721419673e+06
1.231539424280350542e-01 1.102994818686507409e+06
1.229536921151439394e-01 1.098976712116438663e+06
1.227534418022528245e-01 1.095011890881341882e+06
1.225531914893617097e-01 1.091099648348161019e+06
1.223529411764705949e-01 1.087239287254717201e+06
1.221526908635794939e-01 1.083430119585437234e+06
1.219524405506883791e-01 1.079671466448731720e+06
1.217521902377972642e-01 1.075962657955999486e+06
1.215519399249061494e-01 1.072303033102236222e+06
1.213516896120150346e-01 1.068691939648226369e+06
1.211514392991239197e-01 1.065128734004297294e+06
1.209511889862328049e-01 1.061612781115614809e+06
1.207509386733416901e-01 1.058143454349000473e+06
1.205506883604505752e-01 1.054720135381249012e+06
1.203504380475594604e-01 1.051342214088927722e+06
1.201501877346683456e-01 1.048009088439636398e+06
1.199499374217772307e-01 1.044720164384710253e+06
1.197496871088861159e-01 1.041474855753344251e+06
1.195494367959950011e-01 1.038272584148123162e+06
1.193491864831038862e-01 1.035112778841936262e+06
1.191489361702127714e-01 1.031994876676258165e+06
1.189486858573216566e-01 1.028918321960780886e+06
1.187484355444305417e-01 1.025882566374374554e+06
1.185481852315394269e-01 1.022887068867363036e+06
1.183479349186483121e-01 1.019931295565094333e+06
1.181476846057571972e-01 1.017014719672791311e+06
1.179474342928660963e-01 1.014136821381662274e+06
1.177471839799749814e-01 1.011297087776258588e+06
1.175469336670838666e-01 1.008495012743059429e+06
1.173466833541927518e-01 1.005730096880269586e+06
1.171464330413016369e-01 1.003001847408813192e+06
1.169461827284105221e-01 1.000309778084507794e+06
1.167459324155194073e-01 9.976534091114029288e+05
1.165456821026283063e-01 9.950322670562686399e+05
1.163454317897371915e-01 9.924458847642170731e+05
1.161451814768460766e-01 9.898938012754435185e+05
1.159449311639549618e-01 9.873755617430716520e+05
1.157446808510638470e-01 9.848907173520885408e+05
1.155444305381727321e-01 9.824388252393531147e+05
1.153441802252816173e-01 9.800194484146677423e+05
1.151439299123905025e-01 9.776321556828949833e+05
1.149436795994993876e-01 9.752765215671071783e+05
1.147434292866082728e-01 9.729521262327557197e+05
1.145431789737171580e-01 9.706585554128459189e+05
1.143429286608260431e-01 9.683954003341043135e+05
1.141426783479349283e-01 9.661622576441236306e+05
1.139424280350438135e-01 9.639587293394759763e+05
1.137421777221526986e-01 9.617844226947781863e+05
1.135419274092615838e-01 9.596389501926981611e+05
1.133416770963704689e-01 9.575219294548886828e+05
1.131414267834793541e-01 9.554329831738387002e+05
1.129411764705882393e-01 9.533717390456268331e+05
1.127409261576971244e-01 9.513378297035673168e+05
1.125406758448060096e-01 9.493308926527361618e+05
1.123404255319148948e-01 9.473505702053646091e+05
1.121401752190237938e-01 9.453965094170904486e+05
1.119399249061326790e-01 9.434683620240542805e+05
1.117396745932415641e-01 9.415657843808296602e+05
1.115394242803504493e-01 9.396884373991768807e+05
1.113391739674593345e-01 9.378359864876086358e+05
1.111389236545682196e-01 9.360081014917573193e+05
1.109386733416771048e-01 9.342044566355327843e+05
1.107384230287860039e-01 9.324247304630610161e+05
1.105381727158948890e-01 9.306686057813920779e+05
1.103379224030037742e-01 9.289357696039683651e+05
1.101376720901126594e-01 9.272259130948423408e+05
1.099374217772215445e-01 9.255387315136342077e+05
1.097371714643304297e-01 9.238739241612189217e+05
1.095369211514393148e-01 9.222311943261342822e+05
1.093366708385482000e-01 9.206102492316991556e+05
1.091364205256570852e-01 9.190107999838328687e+05
1.089361702127659703e-01 9.174325615195673890e+05
1.087359198998748555e-01 9.158752525562415831e+05
1.085356695869837407e-01 9.143385955413692864e+05
1.083354192740926258e-01 9.128223166031721048e+05
1.081351689612015110e-01 9.113261455017691478e+05
1.079349186483103962e-01 9.098498155810127500e+05
1.077346683354192813e-01 9.083930637209633132e+05
1.075344180225281665e-01 9.069556302909953520e+05
1.073341677096370517e-01 9.055372591035239166e+05
1.071339173967459368e-01 9.041376973683455726e+05
1.069336670838548220e-01 9.027566956475850893e+05
1.067334167709637072e-01 9.013940078112386400e+05
1.065331664580726062e-01 9.000493909933073446e+05
1.063329161451814914e-01 8.987226055485123070e+05
1.061326658322903765e-01 8.974134150095835794e+05
1.059324155193992617e-01 8.961215860451159533e+05
1.057321652065081469e-01 8.948468884179829620e+05
1.055319148936170320e-01 8.935890949443025747e+05
1.053316645807259172e-01 8.923479814529474825e+05
1.051314142678348162e-01 8.911233267455924070e+05
1.049311639549437014e-01 8.899149125572897028e+05
1.047309136420525866e-01 8.887225235175701091e+05
1.045306633291614717e-01 8.875459471120578237e+05
1.043304130162703569e-01 8.863849736445946619e+05
1.041301627033792421e-01 8.852393961998671293e+05
1.039299123904881272e-01 8.841090106065288419e+05
1.037296620775970124e-01 8.829936154008117737e+05
1.035294117647058976e-01 8.818930117906200467e+05
1.033291614518147827e-01 8.808070036201005569e+05
1.031289111389236679e-01 8.797353973346827552e+05
1.029286608260325531e-01 8.786780019465819933e+05
1.027284105131414382e-01 8.776346290007610805e+05
1.025281602002503234e-01 8.766050925413421355e+05
1.023279098873592086e-01 8.755892090784648899e+05
1.021276595744680937e-01 8.745867975555843441e+05
1.019274092615769789e-01 8.735976793172010221e+05
1.017271589486858641e-01 8.726216780770206824e+05
1.015269086357947492e-01 8.716586198865352198e+05
1.013266583229036344e-01 8.707083331040207995e+05
1.011264080100125196e-01 8.697706483639465878e+05
1.009261576971214047e-01 8.688453985467898892e+05
1.007259073842303038e-01 8.679324187492507044e+05
1.005256570713391889e-01 8.670315462548617506e+05
1.003254067584480741e-01 8.661426205049888231e+05
1.001251564455569593e-01 8.652654830702142790e+05
9.992490613266584443e-02 8.643999776221014326e+05
9.972465581977472959e-02 8.635459499053325271e+05
9.952440550688361476e-02 8.627032477102165576e+05
9.932415519399251380e-02 8.618717208455617074e+05
9.912390488110139897e-02 8.610512211119071580e+05
9.892365456821028413e-02 8.602416022751101991e+05
9.872340425531916930e-02 8.594427200402838644e+05
9.852315394242805446e-02 8.586544320260793902e+05
9.832290362953693963e-02 8.578765977393107023e+05
9.812265331664582479e-02 8.571090785499144113e+05
9.792240300375470996e-02 8.563517376662427559e+05
9.772215269086359513e-02 8.556044401106835576e+05
9.752190237797248029e-02 8.548670526956040412e+05
9.732165206508136546e-02 8.541394439996130532e+05
9.712140175219025062e-02 8.534214843441386474e+05
9.692115143929913579e-02 8.527130457703156862e+05
9.672090112640802095e-02 8.520140020161807770e+05
9.652065081351690612e-02 8.513242284941687249e+05
9.632040050062579128e-02 8.506436022689081728e+05
9.612015018773467645e-02 8.499720020353108412e+05
9.591989987484356162e-02 8.493093080969523871e+05
9.571964956195246066e-02 8.486554023447391810e+05
9.551939924906134582e-02 8.480101682358582038e+05
9.531914893617023099e-02 8.473734907730063424e+05
9.511889862327911616e-02 8.467452564838944236e+05
9.491864831038800132e-02 8.461253534010241274e+05
9.471839799749688649e-02 8.455136710417321883e+05
9.451814768460577165e-02 8.449101003884995589e+05
9.431789737171465682e-02 8.443145338695215760e+05
9.411764705882354198e-02 8.437268653395363363e+05
9.391739674593242715e-02 8.431469900609062752e+05
9.371714643304131231e-02 8.425748046849516686e+05
9.351689612015019748e-02 8.420102072335312841e+05
9.331664580725908265e-02 8.414530970808668062e+05
9.311639549436796781e-02 8.409033749356090557e+05
9.291614518147686685e-02 8.403609428231418133e+05
9.271589486858575202e-02 8.398257040681199869e+05
9.251564455569463719e-02 8.392975632772396784e+05
9.231539424280352235e-02 8.387764263222366571e+05
9.211514392991240752e-02 8.382622003231104463e+05
9.191489361702129268e-02 8.377547936315700645e+05
9.171464330413017785e-02 8.372541158147009555e+05
9.151439299123906301e-02 8.367600776388468221e+05
9.131414267834794818e-02 8.362725910537058953e+05
9.111389236545683334e-02 8.357915691766383825e+05
9.091364205256571851e-02 8.353169262771817157e+05
9.071339173967460368e-02 8.348485777617709246e+05
9.051314142678348884e-02 8.343864401586622698e+05
9.031289111389237401e-02 8.339304311030561803e+05
9.011264080100127305e-02 8.334804693224175135e+05
8.991239048811015822e-02 8.330364746219913941e+05
8.971214017521904338e-02 8.325983678705097409e+05
8.951188986232792855e-02 8.321660709860882489e+05
8.931163954943681371e-02 8.317395069223105675e+05
8.911138923654569888e-02 8.313185996544961818e+05
8.891113892365458404e-02 8.309032741661508335e+05
8.871088861076346921e-02 8.304934564355970360e+05
8.851063829787235437e-02 8.300890734227814246e+05
8.831038798498123954e-02 8.296900530562568456e+05
8.811013767209012471e-02 8.292963242203374393e+05
8.790988735919900987e-02 8.289078167424243875e+05
8.770963704630789504e-02 8.285244613804990659e+05
8.750938673341678020e-02 8.281461898107820889e+05
8.730913642052567925e-02 8.277729346155567328e+05
8.710888610763456441e-02 8.274046292711531278e+05
8.690863579474344958e-02 8.270412081360919401e+05
8.670838548185233474e-02 8.266826064393855631e+05
8.650813516896121991e-02 8.263287602689941414e+05
8.630788485607010507e-02 8.259796065604349133e+05
8.610763454317899024e-02 8.256350830855425447e+05
8.590738423028787540e-02 8.252951284413778922e+05
8.570713391739676057e-02 8.249596820392855443e+05
8.550688360450564574e-02 8.246286840940940892e+05
8.530663329161453090e-02 8.243020756134619005e+05
8.510638297872341607e-02 8.239797983873626217e+05
8.490613266583230123e-02 8.236617949777105823e+05
8.470588235294118640e-02 8.233480087081245147e+05
8.450563204005008544e-02 8.230383836538254982e+05
8.430538172715897061e-02 8.227328646316702943e+05
8.410513141426785577e-02 8.224313971903161146e+05
8.390488110137674094e-02 8.221339276005160064e+05
8.370463078848562610e-02 8.218404028455429943e+05
8.350438047559451127e-02 8.215507706117408816e+05
8.330413016270339643e-02 8.212649792792011285e+05
8.310387984981228160e-02 8.209829779125620844e+05
8.290362953692116676e-02 8.207047162519318517e+05
8.270337922403005193e-02 8.204301447039300110e+05
8.250312891113893710e-02 8.201592143328491366e+05
8.230287859824782226e-02 8.198918768519330770e+05
8.210262828535670743e-02 8.196280846147713019e+05
8.190237797246559259e-02 8.193677906068065204e+05
8.170212765957447776e-02 8.191109484369559214e+05
8.150187734668337680e-02 8.188575123293431243e+05
8.130162703379226197e-02 8.186074371151392115e+05
8.110137672090114713e-02 8.183606782245133072e+05
8.090112640801003230e-02 8.181171916786883958e+05
8.070087609511891746e-02 8.178769340821034275e+05
8.050062578222780263e-02 8.176398626146790339e+05
8.030037546933668779e-02 8.174059350241861539e+05
8.010012515644557296e-02 8.171751096187153598e+05
7.989987484355445813e-02 8.169473452592461836e+05
7.969962453066334329e-02 8.167226013523153961e+05
7.949937421777222846e-02 8.165008378427819116e+05
7.929912390488111362e-02 8.162820152066882001e+05
7.909887359198999879e-02 8.160660944442158798e+05
7.889862327909888395e-02 8.158530370727350237e+05
7.869837296620778300e-02 8.156428051199457841e+05
7.849812265331666816e-02 8.154353611171102384e+05
7.829787234042555333e-02 8.152306680923750391e+05
7.809762202753443849e-02 8.150286895641817246e+05
7.789737171464332366e-02 8.148293895347649232e+05
7.769712140175220882e-02 8.146327324837365886e+05
7.749687108886109399e-02 8.144386833617554512e+05
7.729662077596997916e-02 8.142472075842800550e+05
7.709637046307886432e-02 8.140582710254051490e+05
7.689612015018774949e-02 8.138718400117798010e+05
7.669586983729663465e-02 8.136878813166050240e+05
7.649561952440551982e-02 8.135063621537130093e+05
7.629536921151440498e-02 8.133272501717233099e+05
7.609511889862329015e-02 8.131505134482766734e+05
7.589486858573218919e-02 8.129761204843462911e+05
7.569461827284107436e-02 8.128040401986233192e+05
7.549436795994995952e-02 8.126342419219777221e+05
7.529411764705884469e-02 8.124666953919922234e+05
7.509386733416772985e-02 8.123013707475683186e+05
7.489361702127661502e-02 8.121382385236051632e+05
7.469336670838550019e-02 8.119772696457471466e+05
7.449311639549438535e-02 8.118184354252027115e+05
7.429286608260327052e-02 8.116617075536311604e+05
7.409261576971215568e-02 8.115070580980973318e+05
7.389236545682104085e-02 8.113544594960929826e+05
7.369211514392992601e-02 8.112038845506248763e+05
7.349186483103881118e-02 8.110553064253674820e+05
7.329161451814769634e-02 8.109086986398797017e+05
7.309136420525659539e-02 8.107640350648858584e+05
7.289111389236548055e-02 8.106212899176183855e+05
7.269086357947436572e-02 8.104804377572231460e+05
7.249061326658325088e-02 8.103414534802243579e+05
7.229036295369213605e-02 8.102043123160518007e+05
7.209011264080102122e-02 8.100689898226246005e+05
7.188986232790990638e-02 8.099354618819963653e+05
7.168961201501879155e-02 8.098037046960557345e+05
7.148936170212767671e-02 8.096736947822856018e+05
7.128911138923656188e-02 8.095454089695775183e+05
7.108886107634544704e-02 8.094188243941022083e+05
7.088861076345433221e-02 8.092939184952345677e+05
7.068836045056321737e-02 8.091706690115329111e+05
7.048811013767210254e-02 8.090490539767713053e+05
7.028785982478100158e-02 8.089290517160244053e+05
7.008760951188988675e-02 8.088106408418049105e+05
6.988735919899877191e-02 8.086938002502514282e+05
6.968710888610765708e-02 8.085785091173673281e+05
6.948685857321654225e-02 8.084647468953090720e+05
6.928660826032542741e-02 8.083524933087248355e+05
6.908635794743431258e-02 8.082417283511400456e+05
6.888610763454319774e-02 8.081324322813920444e+05
6.868585732165208291e-02 8.080245856201119022e+05
6.848560700876096807e-02 8.079181691462526796e+05
6.828535669586985324e-02 8.078131638936632080e+05
6.808510638297873840e-02 8.077095511477085529e+05
6.788485607008762357e-02 8.076073124419340165e+05
6.768460575719650874e-02 8.075064295547744259e+05
6.748435544430539390e-02 8.074068845063060289e+05
6.728410513141429294e-02 8.073086595550427446e+05
6.708385481852317811e-02 8.072117371947732754e+05
6.688360450563206328e-02 8.071161001514418749e+05
6.668335419274094844e-02 8.070217313800690463e+05
6.648310387984983361e-02 8.069286140617141500e+05
6.628285356695871877e-02 8.068367316004775930e+05
6.608260325406760394e-02 8.067460676205429481e+05
6.588235294117648910e-02 8.066566059632587712e+05
6.568210262828537427e-02 8.065683306842580205e+05
6.548185231539425943e-02 8.064812260506170569e+05
6.528160200250314460e-02 8.063952765380511992e+05
6.508135168961202977e-02 8.063104668281481136e+05
6.488110137672091493e-02 8.062267818056374090e+05
6.468085106382980010e-02 8.061442065556972520e+05
6.448060075093869914e-02 8.060627263612955576e+05
6.428035043804758430e-02 8.059823267005671514e+05
6.408010012515646947e-02 8.059029932442259742e+05
6.387984981226535464e-02 8.058247118530110456e+05
6.367959949937423980e-02 8.057474685751663055e+05
6.347934918648312497e-02 8.056712496439539827e+05
6.327909887359201013e-02 8.055960414752016077e+05
6.307884856070089530e-02 8.055218306648803409e+05
6.287859824780978046e-02 8.054486039867161307e+05
6.267834793491866563e-02 8.053763483898328850e+05
6.247809762202755079e-02 8.053050509964259109e+05
6.227784730913643596e-02 8.052346990994671360e+05
6.207759699624532113e-02 8.051652801604401320e+05
6.187734668335420629e-02 8.050967818071056390e+05
6.167709637046310533e-02 8.050291918312964262e+05
6.147684605757199050e-02 8.049624981867414899e+05
6.127659574468087567e-02 8.048966889869190054e+05
6.107634543178976083e-02 8.048317525029381504e+05
6.087609511889864600e-02 8.047676771614482859e+05
6.067584480600753116e-02 8.047044515425765421e+05
6.047559449311641633e-02 8.046420643778925296e+05
6.027534418022530149e-02 8.045805045483999420e+05
6.007509386733418666e-02 8.045197610825547017e+05
5.987484355444307182e-02 8.044598231543099973e+05
5.967459324155195699e-02 8.044006800811863504e+05
5.947434292866084216e-02 8.043423213223677594e+05
5.927409261576972732e-02 8.042847364768235711e+05
5.907384230287861249e-02 8.042279152814541012e+05
5.887359198998751153e-02 8.041718476092617493e+05
5.867334167709639670e-02 8.041165234675460961e+05
5.847309136420528186e-02 8.040619329961232143e+05
5.827284105131416703e-02 8.040080664655677974e+05
5.807259073842305219e-02 8.039549142754796194e+05
5.787234042553193736e-02 8.039024669527721126e+05
5.767209011264082252e-02 8.038507151499842294e+05
5.747183979974970769e-02 8.037996496436145389e+05
5.727158948685859285e-02 8.037492613324772101e+05
5.707133917396747802e-02 8.036995412360801129e+05
5.687108886107636319e-02 8.036504804930238752e+05
5.667083854818524835e-02 8.036020703594231745e+05
5.647058823529413352e-02 8.035543022073479369e+05
5.627033792240301868e-02 8.035071675232854905e+05
5.607008760951190385e-02 8.034606579066235572e+05
5.586983729662080289e-02 8.034147650681531522e+05
5.566958698372968806e-02 8.033694808285906911e+05
5.546933667083857322e-02 8.033247971171207028e+05
5.526908635794745839e-02 8.032807059699572856e+05
5.506883604505634355e-02 8.032371995289247716e+05
5.486858573216522872e-02 8.031942700400570175e+05
5.466833541927411388e-02 8.031519098522155546e+05
5.446808510638299905e-02 8.031101114157263655e+05
5.426783479349188422e-02 8.030688672810333082e+05
5.406758448060076938e-02 8.030281700973717961e+05
5.386733416770965455e-02 8.029880126114573795e+05
5.366708385481853971e-02 8.029483876661940012e+05
5.346683354192742488e-02 8.029092881993978517e+05
5.326658322903631004e-02 8.028707072425389197e+05
5.306633291614520909e-02 8.028326379194990732e+05
5.286608260325409425e-02 8.027950734453463228e+05
5.266583229036297942e-02 8.027580071251258487e+05
5.246558197747186458e-02 8.027214323526666267e+05
5.226533166458074975e-02 8.026853426094042370e+05
5.206508135168963491e-02 8.026497314632185735e+05
5.186483103879852008e-02 8.026145925672882004e+05
5.166458072590740525e-02 8.025799196589585626e+05
5.146433041301629041e-02 8.025457065586261451e+05
5.126408010012517558e-02 8.025119471686371835e+05
5.106382978723406074e-02 8.024786354722004617e+05
5.086357947434294591e-02 8.024457655323155923e+05
5.066332916145183107e-02 8.024133314907143358e+05
5.046307884856071624e-02 8.023813275668168208e+05
5.026282853566961528e-02 8.023497480567011517e+05
5.006257822277850045e-02 8.023185873320868704e+05
4.986232790988738561e-02 8.022878398393320385e+05
4.966207759699627078e-02 8.022575000984428916e+05
4.946182728410515594e-02 8.022275627020979300e+05
4.926157697121404111e-02 8.021980223146836506e+05
4.906132665832292628e-02 8.021688736713435501e+05
4.886107634543181144e-02 8.021401115770401666e+05
4.866082603254069661e-02 8.021117309056292288e+05
4.846057571964958177e-02 8.020837265989453299e+05
4.826032540675846694e-02 8.020560936659012223e+05
4.806007509386735210e-02 8.020288271815981716e+05
4.785982478097623727e-02 8.020019222864476033e+05
4.765957446808512243e-02 8.019753741853057873e+05
4.745932415519402148e-02 8.019491781466186512e+05
4.725907384230290664e-02 8.019233295015787007e+05
4.705882352941179181e-02 8.018978236432931153e+05
4.685857321652067697e-02 8.018726560259622056e+05
4.665832290362956214e-02 8.018478221640697448e+05
4.645807259073844731e-02 8.018233176315831952e+05
4.625782227784733247e-02 8.017991380611648783e+05
4.605757196495621764e-02 8.017752791433940874e+05
4.585732165206510280e-02 8.017517366259982809e+05
4.565707133917398797e-02 8.017285063130956842e+05
4.545682102628287313e-02 8.017055840644474374e+05
4.525657071339175830e-02 8.016829657947196392e+05
4.505632040050064346e-02 8.016606474727554014e+05
4.485607008760952863e-02 8.016386251208558679e+05
4.465581977471841379e-02 8.016168948140719440e+05
4.445556946182731284e-02 8.015954526795044076e+05
4.425531914893619800e-02 8.015742948956137989e+05
4.405506883604508317e-02 8.015534176915391581e+05
4.385481852315396833e-02 8.015328173464259598e+05
4.365456821026285350e-02 8.015124901887633605e+05
4.345431789737173867e-02 8.014924325957293622e+05
4.325406758448062383e-02 8.014726409925452899e+05
4.305381727158950900e-02 8.014531118518386502e+05
4.285356695869839416e-02 8.014338416930147214e+05
4.265331664580727933e-02 8.014148270816358272e+05
4.245306633291616449e-02 8.013960646288094576e+05
4.225281602002504966e-02 8.013775509905843064e+05
4.205256570713393482e-02 8.013592828673541080e+05
4.185231539424281999e-02 8.013412570032698568e+05
4.165206508135171903e-02 8.013234701856590109e+05
4.145181476846060420e-02 8.013059192444536602e+05
4.125156445556948936e-02 8.012886010516249808e+05
4.105131414267837453e-02 8.012715125206257217e+05
4.085106382978725970e-02 8.012546506058404921e+05
4.065081351689614486e-02 8.012380123020426836e+05
4.045056320400503003e-02 8.012215946438589599e+05
4.025031289111391519e-02 8.012053947052403819e+05
4.005006257822280036e-02 8.011894095989416819e+05
3.984981226533168552e-02 8.011736364760060096e+05
3.964956195244057069e-02 8.011580725252574775e+05
3.944931163954945585e-02 8.011427149727998767e+05
3.924906132665834102e-02 8.011275610815227265e+05
3.904881101376722619e-02 8.011126081506130286e+05
3.884856070087612523e-02 8.010978535150741227e+05
3.864831038798501039e-02 8.010832945452507120e+05
3.844806007509389556e-02 8.010689286463602912e+05
3.824780976220278073e-02 8.010547532580301631e+05
3.804755944931166589e-02 8.010407658538420219e+05
3.784730913642055106e-02 8.010269639408807270e+05
3.764705882352943622e-02 8.010133450592907611e+05
3.744680851063832139e-02 8.009999067818372278e+05
3.724655819774720655e-02 8.009866467134738341e+05
3.704630788485609172e-02 8.009735624909154139e+05
3.684605757196497688e-02 8.009606517822172027e+05
3.664580725907386205e-02 8.009479122863591183e+05
3.644555694618274722e-02 8.009353417328355135e+05
3.624530663329163238e-02 8.009229378812506329e+05
3.604505632040053142e-02 8.009106985209194245e+05
3.584480600750941659e-02 8.008986214704730082e+05
3.564455569461830176e-02 8.008867045774707804e+05
3.544430538172718692e-02 8.008749457180161262e+05
3.524405506883607209e-02 8.008633427963778377e+05
3.504380475594495725e-02 8.008518937446172349e+05
3.484355444305384242e-02 8.008405965222188970e+05
3.464330413016272758e-02 8.008294491157274460e+05
3.444305381727161275e-02 8.008184495383885223e+05
3.424280350438049791e-02 8.008075958297946490e+05
3.404255319148938308e-02 8.007968860555359861e+05
3.384230287859826825e-02 8.007863183068556245e+05
3.364205256570715341e-02 8.007758907003089553e+05
3.344180225281603858e-02 8.007656013774285093e+05
3.324155193992492374e-02 8.007554485043925233e+05
3.304130162703380891e-02 8.007454302716979291e+05
3.284105131414269407e-02 8.007355448938382324e+05
3.264080100125157924e-02 8.007257906089850003e+05
3.244055068836046440e-02 8.007161656786740059e+05
3.224030037546934957e-02 8.007066683874952141e+05
3.204005006257823474e-02 8.006972970427871915e+05
3.183979974968711990e-02 8.006880499743354740e+05
3.163954943679603282e-02 8.006789255340747768e+05
3.143929912390491799e-02 8.006699220957952784e+05
3.123904881101380315e-02 8.006610380548528628e+05
3.103879849812268832e-02 8.006522718278830871e+05
3.083854818523157348e-02 8.006436218525189906e+05
3.063829787234045865e-02 8.006350865871126298e+05
3.043804755944934382e-02 8.006266645104602212e+05
3.023779724655822898e-02 8.006183541215313599e+05
3.003754693366711415e-02 8.006101539392011473e+05
2.983729662077599931e-02 8.006020625019861618e+05
2.963704630788488448e-02 8.005940783677845029e+05
2.943679599499376964e-02 8.005862001136180479e+05
2.923654568210265481e-02 8.005784263353794813e+05
2.903629536921153997e-02 8.005707556475816527e+05
2.883604505632042514e-02 8.005631866831108928e+05
2.863579474342931031e-02 8.005557180929832393e+05
2.843554443053819547e-02 8.005483485461038072e+05
2.823529411764708064e-02 8.005410767290301155e+05
2.803504380475596580e-02 8.005339013457372785e+05
2.783479349186485097e-02 8.005268211173875025e+05
2.763454317897373613e-02 8.005198347821023781e+05
2.743429286608262130e-02 8.005129410947370343e+05
2.723404255319150646e-02 8.005061388266595313e+05
2.703379224030039163e-02 8.004994267655306030e+05
2.683354192740927679e-02 8.004928037150885211e+05
2.663329161451816196e-02 8.004862684949354734e+05
2.643304130162704713e-02 8.004798199403272010e+05
2.623279098873593229e-02 8.004734569019655464e+05
2.603254067584484521e-02 8.004671782457935624e+05
2.583229036295373038e-02 8.004609828527932987e+05
2.563204005006261554e-02 8.004548696187863825e+05
2.543178973717150071e-02 8.004488374542375095e+05
2.523153942428038587e-02 8.004428852840599138e+05
2.503128911138927104e-02 8.004370120474237483e+05
2.483103879849815621e-02 8.004312166975673754e+05
2.463078848560704137e-02 8.004254982016105205e+05
2.443053817271592654e-02 8.004198555403701030e+05
2.423028785982481170e-02 8.004142877081789775e+05
2.403003754693369687e-02 8.004087937127061887e+05
2.382978723404258203e-02 8.004033725747806020e+05
2.362953692115146720e-02 8.003980233282161644e+05
2.342928660826035236e-02 8.003927450196394930e+05
2.322903629536923753e-02 8.003875367083204910e+05
2.302878598247812270e-02 8.003823974660041276e+05
2.282853566958700786e-02 8.003773263767452445e+05
2.262828535669589303e-02 8.003723225367454579e+05
2.242803504380477819e-02 8.003673850541919237e+05
2.222778473091366336e-02 8.003625130490983138e+05
2.202753441802254852e-02 8.003577056531480048e+05
2.182728410513143369e-02 8.003529620095394785e+05
2.162703379224031885e-02 8.003482812728335848e+05
2.142678347934920402e-02 8.003436626088027842e+05
2.122653316645808919e-02 8.003391051942822523e+05
2.102628285356697435e-02 8.003346082170237787e+05
2.082603254067585952e-02 8.003301708755502477e+05
2.062578222778474468e-02 8.003257923790133791e+05
2.042553191489365760e-02 8.003214719470526325e+05
2.022528160200254277e-02 8.003172088096559746e+05
2.002503128911142793e-02 8.003130022070226260e+05
1.982478097622031310e-02 8.003088513894280186e+05
1.962453066332919827e-02 8.003047556170896860e+05
1.942428035043808343e-02 8.003007141600357136e+05
1.922403003754696860e-02 8.002967262979745865e+05
1.902377972465585376e-02 8.002927913201667834e+05
1.882352941176473893e-02 8.002889085252982331e+05
1.862327909887362409e-02 8.002850772213548189e+05
1.842302878598250926e-02 8.002812967254999094e+05
1.822277847309139442e-02 8.002775663639518898e+05
1.802252816020027959e-02 8.002738854718644870e+05
1.782227784730916476e-02 8.002702533932081424e+05
1.762202753441804992e-02 8.002666694806530140e+05
1.742177722152693509e-02 8.002631330954537261e+05
1.722152690863582025e-02 8.002596436073357472e+05
1.702127659574470542e-02 8.002562003943823511e+05
1.682102628285359058e-02 8.002528028429246042e+05
1.662077596996247575e-02 8.002494503474314697e+05
1.642052565707136091e-02 8.002461423104021233e+05
1.622027534418024608e-02 8.002428781422592001e+05
1.602002503128913125e-02 8.002396572612442542e+05
1.581977471839801641e-02 8.002364790933134500e+05
1.561952440550690158e-02 8.002333430720353499e+05
1.541927409261578674e-02 8.002302486384906806e+05
1.521902377972467191e-02 8.002271952411716338e+05
1.501877346683355707e-02 8.002241823358843103e+05
1.481852315394244224e-02 8.002212093856516294e+05
1.461827284105135516e-02 8.002182758606174029e+05
1.441802252816024033e-02 8.002153812379521551e+05
1.421777221526912549e-02 8.002125250017596409e+05
1.401752190237801066e-02 8.002097066429851111e+05
1.381727158948689582e-02 8.002069256593246246e+05
1.361702127659578099e-02 8.002041815551355248e+05
1.341677096370466615e-02 8.002014738413477316e+05
1.321652065081355132e-02 8.001988020353772445e+05
1.301627033792243648e-02 8.001961656610392965e+05
1.281602002503132165e-02 8.001935642484645359e+05
1.261576971214020682e-02 8.001909973340140423e+05
1.241551939924909198e-02 8.001884644601979526e+05
1.221526908635797715e-02 8.001859651755929226e+05
1.201501877346686231e-02 8.001834990347622661e+05
1.181476846057574748e-02 8.001810655981762102e+05
1.161451814768463264e-02 8.001786644321337808e+05
1.141426783479351781e-02 8.001762951086856192e+05
1.121401752190240297e-02 8.001739572055572644e+05
1.101376720901128814e-02 8.001716503060742980e+05
1.081351689612017331e-02 8.001693739990880713e+05
1.061326658322905847e-02 8.001671278789018979e+05
1.041301627033794364e-02 8.001649115451996913e+05
1.021276595744682880e-02 8.001627246029736707e+05
1.001251564455571397e-02 8.001605666624546284e+05
9.812265331664599133e-03 8.001584373390419642e+05
9.612015018773484298e-03 8.001563362532355823e+05
9.411764705882369464e-03 8.001542630305679049e+05
9.211514392991254629e-03 8.001522173015375156e+05
9.011264080100167551e-03 8.001501987015429186e+05
8.811013767209052716e-03 8.001482068708175793e+05
8.610763454317937882e-03 8.001462414543660125e+05
8.410513141426823047e-03 8.001443021019006846e+05
8.210262828535708213e-03 8.001423884677790338e+05
8.010012515644593378e-03 8.001405002109423513e+05
7.809762202753478544e-03 8.001386369948545471e+05
7.609511889862363709e-03 8.001367984874427784e+05
7.409261576971248875e-03 8.001349843610377284e+05
7.209011264080134040e-03 8.001331942923155148e+05
7.008760951189019206e-03 8.001314279622397153e+05
6.808510638297904372e-03 8.001296850560050225e+05
6.608260325406789537e-03 8.001279652629807824e+05
6.408010012515674703e-03 8.001262682766554644e+05
6.207759699624559868e-03 8.001245937945827609e+05
6.007509386733445034e-03 8.001229415183267556e+05
5.807259073842330199e-03 8.001213111534094205e+05
5.607008760951215365e-03 8.001197024092577631e+05
5.406758448060100530e-03 8.001181149991523707e+05
5.206508135168985696e-03 8.001165486401757225e+05
5.006257822277870861e-03 8.001150030531625962e+05
4.806007509386756027e-03 8.001134779626494274e+05
4.605757196495641193e-03 8.001119730968261138e+05
4.405506883604526358e-03 8.001104881874868879e+05
4.205256570713411524e-03 8.001090229699825868e+05
4.005006257822296689e-03 8.001075771831737366e+05
3.804755944931181855e-03 8.001061505693842191e+05
3.604505632040067020e-03 8.001047428743545897e+05
3.404255319148952186e-03 8.001033538471976062e+05
3.204005006257865107e-03 8.001019832403525943e+05
3.003754693366750272e-03 8.001006308095424902e+05
2.803504380475635438e-03 8.000992963137292536e+05
2.603254067584520604e-03 8.000979795150713762e+05
2.403003754693405769e-03 8.000966801788816229e+05
2.202753441802290935e-03 8.000953980735847726e+05
2.002503128911176100e-03 8.000941329706767574e+05
1.802252816020061266e-03 8.000928846446836833e+05
1.602002503128946431e-03 8.000916528731217841e+05
1.401752190237831597e-03 8.000904374364576070e+05
1.201501877346716762e-03 8.000892381180693628e+05
1.001251564455601928e-03 8.000880547042074613e+05
8.010012515644870934e-04 8.000868869839572581e+05
6.007509386733722589e-04 8.000857347492008703e+05
4.005006257822574245e-04 8.000845977945805062e+05
2.002503128911425900e-04 8.000834759174616775e+05
2.775557561562891351e-17 8.000823689178968780e+05
---------------
