field_vs_length
---------------
1.600000000000000033e-01 2.100000000000000000e+06
1.597997496871088885e-01 2.100000000000000000e+06
1.595994993742177737e-01 2.100000000000000000e+06
1.593992490613266588e-01 2.100000000000000000e+06
1.591989987484355440e-01 2.100000000000000000e+06
1.589987484355444292e-01 2.100000000000000000e+06
1.587984981226533143e-01 2.100000000000000000e+06
1.585982478097621995e-01 2.100000000000000000e+06
1.583979974968710847e-01 2.100000000000000000e+06
1.581977471839799698e-01 2.100000000000000000e+06
1.579974968710888550e-01 2.100000000000000000e+06
1.577972465581977402e-01 2.100000000000000000e+06
1.575969962453066253e-01 2.100000000000000000e+06
1.573967459324155105e-01 2.100000000000000000e+06
1.571964956195244234e-01 2.100000000000000000e+06
1.569962453066333086e-01 2.100000000000000000e+06
1.567959949937421937e-01 2.100000000000000000e+06
1.565957446808510789e-01 2.100000000000000000e+06
1.563954943679599641e-01 2.100000000000000000e+06
1.561952440550688492e-01 2.100000000000000000e+06
1.559949937421777344e-01 2.100000000000000000e+06
1.557947434292866196e-01 2.100000000000000000e+06
1.555944931163955047e-01 2.100000000000000000e+06
1.553942428035043899e-01 2.100000000000000000e+06
1.551939924906132751e-01 2.100000000000000000e+06
1.549937421777221602e-01 2.100000000000000000e+06
1.547934918648310454e-01 2.100000000000000000e+06
1.545932415519399306e-01 2.100000000000000000e+06
1.543929912390488157e-01 2.100000000000000000e+06
1.541927409261577009e-01 2.100000000000000000e+06
1.539924906132665861e-01 2.100000000000000000e+06
1.537922403003754712e-01 2.100000000000000000e+06
1.535919899874843564e-01 2.100000000000000000e+06
1.533917396745932415e-01 2.100000000000000000e+06
1.531914893617021267e-01 2.100000000000000000e+06
1.529912390488110119e-01 2.100000000000000000e+06
1.527909887359198970e-01 2.100000000000000000e+06
1.525907384230287822e-01 2.100000000000000000e+06
1.523904881101376674e-01 2.100000000000000000e+06
1.521902377972465525e-01 2.100000000000000000e+06
1.519899874843554377e-01 2.100000000000000000e+06
1.517897371714643229e-01 2.100000000000000000e+06
1.515894868585732080e-01 2.100000000000000000e+06
1.513892365456820932e-01 2.100000000000000000e+06
1.511889862327910061e-01 2.100000000000000000e+06
1.509887359198998913e-01 2.100000000000000000e+06
1.507884856070087765e-01 2.100000000000000000e+06
1.505882352941176616e-01 2.100000000000000000e+06
1.503879849812265468e-01 2.100000000000000000e+06
1.501877346683354320e-01 2.100000000000000000e+06
1.499874843554443171e-01 2.100000000000000000e+06
1.497872340425532023e-01 2.100000000000000000e+06
1.495869837296620875e-01 2.100000000000000000e+06
1.493867334167709726e-01 2.100000000000000000e+06
1.491864831038798578e-01 2.100000000000000000e+06
1.489862327909887429e-01 2.100000000000000000e+06
1.487859824780976281e-01 2.100000000000000000e+06
1.485857321652065133e-01 2.100000000000000000e+06
1.483854818523153984e-01 2.100000000000000000e+06
1.481852315394242836e-01 2.100000000000000000e+06
1.479849812265331688e-01 2.100000000000000000e+06
1.477847309136420539e-01 2.100000000000000000e+06
1.475844806007509391e-01 2.100000000000000000e+06
1.473842302878598243e-01 2.100000000000000000e+06
1.471839799749687094e-01 2.100000000000000000e+06
1.469837296620775946e-01 2.100000000000000000e+06
1.467834793491864798e-01 2.100000000000000000e+06
1.465832290362953649e-01 2.100000000000000000e+06
1.463829787234042501e-01 2.100000000000000000e+06
1.461827284105131353e-01 2.100000000000000000e+06
1.459824780976220204e-01 2.100000000000000000e+06
1.457822277847309334e-01 2.100000000000000000e+06
1.455819774718398185e-01 2.100000000000000000e+06
1.453817271589487037e-01 2.100000000000000000e+06
1.451814768460575888e-01 2.100000000000000000e+06
1.449812265331664740e-01 2.099651396650134120e+06
1.447809762202753592e-01 2.095938772442782996e+06
1.445807259073842443e-01 2.092236753832087154e+06
1.443804755944931295e-01 2.088545310521772364e+06
1.441802252816020147e-01 2.084864412302109413e+06
1.439799749687108998e-01 2.081194029049668228e+06
1.437797246558197850e-01 2.077534130727069452e+06
1.435794743429286702e-01 2.073884687382739037e+06
1.433792240300375553e-01 2.070245669150664471e+06
1.431789737171464405e-01 2.066617046250149375e+06
1.429787234042553257e-01 2.062998788985568797e+06
1.427784730913642108e-01 2.059390867746128235e+06
1.425782227784730960e-01 2.055793253005619626e+06
1.423779724655819812e-01 2.052205915322181070e+06
1.421777221526908663e-01 2.048628825338054681e+06
1.419774718397997515e-01 2.045061953779347008e+06
1.417772215269086367e-01 2.041505271455788985e+06
1.415769712140175218e-01 2.037958749260497978e+06
1.413767209011264070e-01 2.034422358169738669e+06
1.411764705882352922e-01 2.030896069242685800e+06
1.409762202753441773e-01 2.027379853621187387e+06
1.407759699624530625e-01 2.023873682529528625e+06
1.405757196495619477e-01 2.020377527274195803e+06
1.403754693366708328e-01 2.016891359243643004e+06
1.401752190237797180e-01 2.013415149908055551e+06
1.399749687108886032e-01 2.009948870819119504e+06
1.397747183979974883e-01 2.006492493609786034e+06
1.395744680851064012e-01 2.003045989994040923e+06
1.393742177722152864e-01 1.999609331766672898e+06
1.391739674593241716e-01 1.996182490803041728e+06
1.389737171464330567e-01 1.992765439058850054e+06
1.387734668335419419e-01 1.989358148569911486e+06
1.385732165206508271e-01 1.985960591451924294e+06
1.383729662077597122e-01 1.982572739900240907e+06
1.381727158948685974e-01 1.979194566189641831e+06
1.379724655819774826e-01 1.975826042674107943e+06
1.377722152690863677e-01 1.972467141786595108e+06
1.375719649561952529e-01 1.969117836038807640e+06
1.373717146433041381e-01 1.965778098020973615e+06
1.371714643304130232e-01 1.962447900401621358e+06
1.369712140175219084e-01 1.959127215927354293e+06
1.367709637046307936e-01 1.955816017422629753e+06
1.365707133917396787e-01 1.952514277789534768e+06
1.363704630788485639e-01 1.949221970007565105e+06
1.361702127659574491e-01 1.945939067133404547e+06
1.359699624530663342e-01 1.942665542300703470e+06
1.357697121401752194e-01 1.939401368719860213e+06
1.355694618272841045e-01 1.936146519677800825e+06
1.353692115143929897e-01 1.932900968537759967e+06
1.351689612015018749e-01 1.929664688739065081e+06
1.349687108886107600e-01 1.926437653796916362e+06
1.347684605757196452e-01 1.923219837302172324e+06
1.345682102628285581e-01 1.920011212921131868e+06
1.343679599499374433e-01 1.916811754395320313e+06
1.341677096370463285e-01 1.913621435541272629e+06
1.339674593241552136e-01 1.910440230250321561e+06
1.337672090112640988e-01 1.907268112488381797e+06
1.335669586983729840e-01 1.904105056295738090e+06
1.333667083854818691e-01 1.900951035786832683e+06
1.331664580725907543e-01 1.897806025150053203e+06
1.329662077596996395e-01 1.894669998647521017e+06
1.327659574468085246e-01 1.891542930614881683e+06
1.325657071339174098e-01 1.888424795461094473e+06
1.323654568210262950e-01 1.885315567668222124e+06
1.321652065081351801e-01 1.882215221791223390e+06
1.319649561952440653e-01 1.879123732457743958e+06
1.317647058823529505e-01 1.876041074367908295e+06
1.315644555694618356e-01 1.872967222294114530e+06
1.313642052565707208e-01 1.869902151080825366e+06
1.311639549436796059e-01 1.866845835644364823e+06
1.309637046307884911e-01 1.863798250972710783e+06
1.307634543178973763e-01 1.860759372125291498e+06
1.305632040050062614e-01 1.857729174232781632e+06
1.303629536921151466e-01 1.854707632496898063e+06
1.301627033792240318e-01 1.851694722190196859e+06
1.299624530663329169e-01 1.848690418655871646e+06
1.297622027534418021e-01 1.845694697307551745e+06
1.295619524405506873e-01 1.842707533629099838e+06
1.293617021276595724e-01 1.839728903174412902e+06
1.291614518147684576e-01 1.836758781567221042e+06
1.289612015018773428e-01 1.833797144500888418e+06
1.287609511889862279e-01 1.830843967738213949e+06
1.285607008760951131e-01 1.827899227111234330e+06
1.283604505632039983e-01 1.824962898521024035e+06
1.281602002503128834e-01 1.822034957937499974e+06
1.279599499374217686e-01 1.819115381399223814e+06
1.277596996245306815e-01 1.816204145013206173e+06
1.275594493116395667e-01 1.813301224954711506e+06
1.273591989987484518e-01 1.810406597467062064e+06
1.271589486858573370e-01 1.807520238861445338e+06
1.269586983729662222e-01 1.804642125516717322e+06
1.267584480600751073e-01 1.801772233879212290e+06
1.265581977471839925e-01 1.798910540462548379e+06
1.263579474342928777e-01 1.796057021847435040e+06
1.261576971214017628e-01 1.793211654681482352e+06
1.259574468085106480e-01 1.790374415679010097e+06
1.257571964956195332e-01 1.787545281620855443e+06
1.255569461827284183e-01 1.784724229354185518e+06
1.253566958698373035e-01 1.781911235792305321e+06
1.251564455569461887e-01 1.779106277914470993e+06
1.249561952440550738e-01 1.776309332765699597e+06
1.247559449311639590e-01 1.773520377456582617e+06
1.245556946182728442e-01 1.770739389163098298e+06
1.243554443053817293e-01 1.767966345126423985e+06
1.241551939924906145e-01 1.765201222652751487e+06
1.239549436795994997e-01 1.762443999113099417e+06
1.237546933667083848e-01 1.759694651943129953e+06
1.235544430538172839e-01 1.756953158642962808e+06
1.233541927409261690e-01 1.754219496776991524e+06
1.231539424280350542e-01 1.751493643973700004e+06
1.229536921151439394e-01 1.748775577925479505e+06
1.227534418022528245e-01 1.746065276388444938e+06
1.225531914893617097e-01 1.743362717182255583e+06
1.223529411764705949e-01 1.740667878189930227e+06
1.221526908635794939e-01 1.737980737357667647e+06
1.219524405506883791e-01 1.735301272694667336e+06
1.217521902377972642e-01 1.732629462272947887e+06
1.215519399249061494e-01 1.729965284227167256e+06
1.213516896120150346e-01 1.727308716754445806e+06
1.211514392991239197e-01 1.724659738114186097e+06
1.209511889862328049e-01 1.722018326627895236e+06
1.207509386733416901e-01 1.719384460679008625e+06
1.205506883604505752e-01 1.716758118712711148e+06
1.203504380475594604e-01 1.714139279235763010e+06
1.201501877346683456e-01 1.711527920816321624e+06
1.199499374217772307e-01 1.708924022083767923e+06
1.197496871088861159e-01 1.706327561728530563e+06
1.195494367959950011e-01 1.703738518501911778e+06
1.193491864831038862e-01 1.701156871215913445e+06
1.191489361702127714e-01 1.698582598743064096e+06
1.189486858573216566e-01 1.696015680016245227e+06
1.187484355444305417e-01 1.693456094028519001e+06
1.185481852315394269e-01 1.690903819832957583e+06
1.183479349186483121e-01 1.688358836542470148e+06
1.181476846057571972e-01 1.685821123329632683e+06
1.179474342928660963e-01 1.683290659426517552e+06
1.177471839799749814e-01 1.680767424124523066e+06
1.175469336670838666e-01 1.678251396774205146e+06
1.173466833541927518e-01 1.675742556785106659e+06
1.171464330413016369e-01 1.673240883625590242e+06
1.169461827284105221e-01 1.670746356822669506e+06
1.167459324155194073e-01 1.668258955961842556e+06
1.165456821026283063e-01 1.665778660686923657e+06
1.163454317897371915e-01 1.663305450699876994e+06
1.161451814768460766e-01 1.660839305760651361e+06
1.159449311639549618e-01 1.658380205687013455e+06
1.157446808510638470e-01 1.655928130354383029e+06
1.155444305381727321e-01 1.653483059695668519e+06
1.153441802252816173e-01 1.651044973701103125e+06
1.151439299123905025e-01 1.648613852418079972e+06
1.149436795994993876e-01 1.646189675950989360e+06
1.147434292866082728e-01 1.643772424461056478e+06
1.145431789737171580e-01 1.641362078166177962e+06
1.143429286608260431e-01 1.638958617340761237e+06
1.141426783479349283e-01 1.636562022315561771e+06
1.139424280350438135e-01 1.634172273477523588e+06
1.137421777221526986e-01 1.631789351269617677e+06
1.135419274092615838e-01 1.629413236190682044e+06
1.133416770963704689e-01 1.627043908795262221e+06
1.131414267834793541e-01 1.624681349693452474e+06
1.129411764705882393e-01 1.622325539550737012e+06
1.127409261576971244e-01 1.619976459087831434e+06
1.125406758448060096e-01 1.617634089080524631e+06
1.123404255319148948e-01 1.615298410359523259e+06
1.121401752190237938e-01 1.612969403810292017e+06
1.119399249061326790e-01 1.610647050372900208e+06
1.117396745932415641e-01 1.608331331041863188e+06
1.115394242803504493e-01 1.606022226865988458e+06
1.113391739674593345e-01 1.603719718948219903e+06
1.111389236545682196e-01 1.601423788445484126e+06
1.109386733416771048e-01 1.599134416568533983e+06
1.107384230287860039e-01 1.596851584581797943e+06
1.105381727158948890e-01 1.594575273803222924e+06
1.103379224030037742e-01 1.592305465604125988e+06
1.101376720901126594e-01 1.590042141409038100e+06
1.099374217772215445e-01 1.587785282695553033e+06
1.097371714643304297e-01 1.585534870994177647e+06
1.095369211514393148e-01 1.583290887888178462e+06
1.093366708385482000e-01 1.581053315013431944e+06
1.091364205256570852e-01 1.578822134058273397e+06
1.089361702127659703e-01 1.576597326763349585e+06
1.087359198998748555e-01 1.574378874921465525e+06
1.085356695869837407e-01 1.572166760377438739e+06
1.083354192740926258e-01 1.569960965027948841e+06
1.081351689612015110e-01 1.567761470821389928e+06
1.079349186483103962e-01 1.565568259757723194e+06
1.077346683354192813e-01 1.563381313888329547e+06
1.075344180225281665e-01 1.561200615315861069e+06
1.073341677096370517e-01 1.559026146194098052e+06
1.071339173967459368e-01 1.556857888727799058e+06
1.069336670838548220e-01 1.554695825172557961e+06
1.067334167709637072e-01 1.552539937834657729e+06
1.065331664580726062e-01 1.550390209070926066e+06
1.063329161451814914e-01 1.548246621288589435e+06
1.061326658322903765e-01 1.546109156945131719e+06
1.059324155193992617e-01 1.543977798548148945e+06
1.057321652065081469e-01 1.541852528655206319e+06
1.055319148936170320e-01 1.539733329873695504e+06
1.053316645807259172e-01 1.537620184860692360e+06
1.051314142678348162e-01 1.535513076322816312e+06
1.049311639549437014e-01 1.533411987016085535e+06
1.047309136420525866e-01 1.531316899745779345e+06
1.045306633291614717e-01 1.529227797366295941e+06
1.043304130162703569e-01 1.527144662781011313e+06
1.041301627033792421e-01 1.525067478942140937e+06
1.039299123904881272e-01 1.522996228850599611e+06
1.037296620775970124e-01 1.520930895555861760e+06
1.035294117647058976e-01 1.518871462155823130e+06
1.033291614518147827e-01 1.516817911796663422e+06
1.031289111389236679e-01 1.514770227672706358e+06
1.029286608260325531e-01 1.512728393026283942e+06
1.027284105131414382e-01 1.510692391147598624e+06
1.025281602002503234e-01 1.508662205374586396e+06
1.023279098873592086e-01 1.506637819092780584e+06
1.021276595744680937e-01 1.504619215735176113e+06
1.019274092615769789e-01 1.502606378782093059e+06
1.017271589486858641e-01 1.500599291761043482e+06
1.015269086357947492e-01 1.498597938246593811e+06
1.013266583229036344e-01 1.496602301860233070e+06
1.011264080100125196e-01 1.494612366270236671e+06
1.009261576971214047e-01 1.492628115191534162e+06
1.007259073842303038e-01 1.490649532385575585e+06
1.005256570713391889e-01 1.488676601660198532e+06
1.003254067584480741e-01 1.486709306869495660e+06
1.001251564455569593e-01 1.484747631913681747e+06
9.992490613266584443e-02 1.482791560738964006e+06
9.972465581977472959e-02 1.480841077337408671e+06
9.952440550688361476e-02 1.478896165746810846e+06
9.932415519399251380e-02 1.476956810050563421e+06
9.912390488110139897e-02 1.475022994377527619e+06
9.892365456821028413e-02 1.473094702901902609e+06
9.872340425531916930e-02 1.471171919843096053e+06
9.852315394242805446e-02 1.469254629465594422e+06
9.832290362953693963e-02 1.467342816078835633e+06
9.812265331664582479e-02 1.465436464037078898e+06
9.792240300375470996e-02 1.463535557739277836e+06
9.772215269086359513e-02 1.461640081628952641e+06
9.752190237797248029e-02 1.459750020194062963e+06
9.732165206508136546e-02 1.457865357966879383e+06
9.712140175219025062e-02 1.455986079523859546e+06
9.692115143929913579e-02 1.454112169485519174e+06
9.672090112640802095e-02 1.452243612516308669e+06
9.652065081351690612e-02 1.450380393324485980e+06
9.632040050062579128e-02 1.448522496661990881e+06
9.612015018773467645e-02 1.446669907324323431e+06
9.591989987484356162e-02 1.444822610150414985e+06
9.571964956195246066e-02 1.442980590022508521e+06
9.551939924906134582e-02 1.441143831866031047e+06
9.531914893617023099e-02 1.439312320649473462e+06
9.511889862327911616e-02 1.437486041384265292e+06
9.491864831038800132e-02 1.435664979124653153e+06
9.471839799749688649e-02 1.433849118967578746e+06
9.451814768460577165e-02 1.432038446052554995e+06
9.431789737171465682e-02 1.430232945561546832e+06
9.411764705882354198e-02 1.428432602718848735e+06
9.391739674593242715e-02 1.426637402790963184e+06
9.371714643304131231e-02 1.424847331086481689e+06
9.351689612015019748e-02 1.423062372955963016e+06
9.331664580725908265e-02 1.421282513791814912e+06
9.311639549436796781e-02 1.419507739028172567e+06
9.291614518147686685e-02 1.417738034140781034e+06
9.271589486858575202e-02 1.415973384646875318e+06
9.251564455569463719e-02 1.414213776105063036e+06
9.231539424280352235e-02 1.412459194115204969e+06
9.211514392991240752e-02 1.410709624318298185e+06
9.191489361702129268e-02 1.408965052396357991e+06
9.171464330413017785e-02 1.407225464072300587e+06
9.151439299123906301e-02 1.405490845109826885e+06
9.131414267834794818e-02 1.403761181313305628e+06
9.111389236545683334e-02 1.402036458527656738e+06
9.091364205256571851e-02 1.400316662638237234e+06
9.071339173967460368e-02 1.398601779570722487e+06
9.051314142678348884e-02 1.396891795290994924e+06
9.031289111389237401e-02 1.395186695805026684e+06
9.011264080100127305e-02 1.393486467158764601e+06
8.991239048811015822e-02 1.391791095438018441e+06
8.971214017521904338e-02 1.390100566768345423e+06
8.951188986232792855e-02 1.388414867314936128e+06
8.931163954943681371e-02 1.386733983282502973e+06
8.911138923654569888e-02 1.385057900915166130e+06
8.891113892365458404e-02 1.383386606496341061e+06
8.871088861076346921e-02 1.381720086348626763e+06
8.851063829787235437e-02 1.380058326833692845e+06
8.831038798498123954e-02 1.378401314352169633e+06
8.811013767209012471e-02 1.376749035343535244e+06
8.790988735919900987e-02 1.375101476286005229e+06
8.770963704630789504e-02 1.373458623696421506e+06
8.750938673341678020e-02 1.371820464130143169e+06
8.730913642052567925e-02 1.370186984180935193e+06
8.710888610763456441e-02 1.368558170480859233e+06
8.690863579474344958e-02 1.366934009700164432e+06
8.670838548185233474e-02 1.365314488547177985e+06
8.650813516896121991e-02 1.363699593768196180e+06
8.630788485607010507e-02 1.362089312147377059e+06
8.610763454317899024e-02 1.360483630506630754e+06
8.590738423028787540e-02 1.358882535705512390e+06
8.570713391739676057e-02 1.357286014641114511e+06
8.550688360450564574e-02 1.355694054247959983e+06
8.530663329161453090e-02 1.354106641497895354e+06
8.510638297872341607e-02 1.352523763399982825e+06
8.490613266583230123e-02 1.350945407000395469e+06
8.470588235294118640e-02 1.349371559382310603e+06
8.450563204005008544e-02 1.347802207665804308e+06
8.430538172715897061e-02 1.346237339007745031e+06
8.410513141426785577e-02 1.344676940601690905e+06
8.390488110137674094e-02 1.343120999677781714e+06
8.370463078848562610e-02 1.341569503502636682e+06
8.350438047559451127e-02 1.340022439379250165e+06
8.330413016270339643e-02 1.338479794646885712e+06
8.310387984981228160e-02 1.336941556680975715e+06
8.290362953692116676e-02 1.335407712893014774e+06
8.270337922403005193e-02 1.333878250730459113e+06
8.250312891113893710e-02 1.332353157676622737e+06
8.230287859824782226e-02 1.330832421250574756e+06
8.210262828535670743e-02 1.329316029007038102e+06
8.190237797246559259e-02 1.327803968536287546e+06
8.170212765957447776e-02 1.326296227464047726e+06
8.150187734668337680e-02 1.324792793451391160e+06
8.130162703379226197e-02 1.323293654194638832e+06
8.110137672090114713e-02 1.321798797425259370e+06
8.090112640801003230e-02 1.320308210909766844e+06
8.070087609511891746e-02 1.318821882449622732e+06
8.050062578222780263e-02 1.317339799881135114e+06
8.030037546933668779e-02 1.315861951075358782e+06
8.010012515644557296e-02 1.314388323937997222e+06
7.989987484355445813e-02 1.312918906409302028e+06
7.969962453066334329e-02 1.311453686463975580e+06
7.949937421777222846e-02 1.309992652111071860e+06
7.929912390488111362e-02 1.308535791393898893e+06
7.909887359198999879e-02 1.307083092389920028e+06
7.889862327909888395e-02 1.305634543210657313e+06
7.869837296620778300e-02 1.304190132001593709e+06
7.849812265331666816e-02 1.302749846942075994e+06
7.829787234042555333e-02 1.301313676245218143e+06
7.809762202753443849e-02 1.299881608157805400e+06
7.789737171464332366e-02 1.298453630960197188e+06
7.769712140175220882e-02 1.297029732966231415e+06
7.749687108886109399e-02 1.295609902523129713e+06
7.729662077596997916e-02 1.294194128011400811e+06
7.709637046307886432e-02 1.292782397844746243e+06
7.689612015018774949e-02 1.291374700469965115e+06
7.669586983729663465e-02 1.289971024366860278e+06
7.649561952440551982e-02 1.288571358048143098e+06
7.629536921151440498e-02 1.287175690059340093e+06
7.609511889862329015e-02 1.285784008978698635e+06
7.589486858573218919e-02 1.284396303417094285e+06
7.569461827284107436e-02 1.283012562017936725e+06
7.549436795994995952e-02 1.281632773457077798e+06
7.529411764705884469e-02 1.280256926442717435e+06
7.509386733416772985e-02 1.278885009715312626e+06
7.489361702127661502e-02 1.277517012047484983e+06
7.469336670838550019e-02 1.276152922243927838e+06
7.449311639549438535e-02 1.274792729141315678e+06
7.429286608260327052e-02 1.273436421608212870e+06
7.409261576971215568e-02 1.272083988544981461e+06
7.389236545682104085e-02 1.270735418883692008e+06
7.369211514392992601e-02 1.269390701588031370e+06
7.349186483103881118e-02 1.268049825653213076e+06
7.329161451814769634e-02 1.266712780105887447e+06
7.309136420525659539e-02 1.265379554004051955e+06
7.289111389236548055e-02 1.264050136436960427e+06
7.269086357947436572e-02 1.262724516525035491e+06
7.249061326658325088e-02 1.261402683419778477e+06
7.229036295369213605e-02 1.260084626303680940e+06
7.209011264080102122e-02 1.258770334390135715e+06
7.188986232790990638e-02 1.257459796923349146e+06
7.168961201501879155e-02 1.256153003178253304e+06
7.148936170212767671e-02 1.254849942460417515e+06
7.128911138923656188e-02 1.253550604105960811e+06
7.108886107634544704e-02 1.252254977481465554e+06
7.088861076345433221e-02 1.250963051983889425e+06
7.068836045056321737e-02 1.249674817040479509e+06
7.048811013767210254e-02 1.248390262108684983e+06
7.028785982478100158e-02 1.247109376676071435e+06
7.008760951188988675e-02 1.245832150260234252e+06
6.988735919899877191e-02 1.244558572408713633e+06
6.968710888610765708e-02 1.243288632698908215e+06
6.948685857321654225e-02 1.242022320737990551e+06
6.928660826032542741e-02 1.240759626162821194e+06
6.908635794743431258e-02 1.239500538639864884e+06
6.888610763454319774e-02 1.238245047865104862e+06
6.868585732165208291e-02 1.236993143563959748e+06
6.848560700876096807e-02 1.235744815491198329e+06
6.828535669586985324e-02 1.234500053430856438e+06
6.808510638297873840e-02 1.233258847196153365e+06
6.788485607008762357e-02 1.232021186629408039e+06
6.768460575719650874e-02 1.230787061601956142e+06
6.748435544430539390e-02 1.229556462014067220e+06
6.728410513141429294e-02 1.228329377794862026e+06
6.708385481852317811e-02 1.227105798902230104e+06
6.688360450563206328e-02 1.225885715322747594e+06
6.668335419274094844e-02 1.224669117071595043e+06
6.648310387984983361e-02 1.223455994192476850e+06
6.628285356695871877e-02 1.222246336757537676e+06
6.608260325406760394e-02 1.221040134867283283e+06
6.588235294117648910e-02 1.219837378650498111e+06
6.568210262828537427e-02 1.218638058264165185e+06
6.548185231539425943e-02 1.217442163893385325e+06
6.528160200250314460e-02 1.216249685751297278e+06
6.508135168961202977e-02 1.215060614078996703e+06
6.488110137672091493e-02 1.213874939145457232e+06
6.468085106382980010e-02 1.212692651247450151e+06
6.448060075093869914e-02 1.211513740709465928e+06
6.428035043804758430e-02 1.210338197883633198e+06
6.408010012515646947e-02 1.209166013149642153e+06
6.387984981226535464e-02 1.207997176914663985e+06
6.367959949937423980e-02 1.206831679613273358e+06
6.347934918648312497e-02 1.205669511707369704e+06
6.327909887359201013e-02 1.204510663686099695e+06
6.307884856070089530e-02 1.203355126065778080e+06
6.287859824780978046e-02 1.202202889389812015e+06
6.267834793491866563e-02 1.201053944228621898e+06
6.247809762202755079e-02 1.199908281179565471e+06
6.227784730913643596e-02 1.198765890866859816e+06
6.207759699624532113e-02 1.197626763941505924e+06
6.187734668335420629e-02 1.196490891081210459e+06
6.167709637046310533e-02 1.195358262990311487e+06
6.147684605757199050e-02 1.194228870399700245e+06
6.127659574468087567e-02 1.193102704066747334e+06
6.107634543178976083e-02 1.191979754775225883e+06
6.087609511889864600e-02 1.190860013335235883e+06
6.067584480600753116e-02 1.189743470583130140e+06
6.047559449311641633e-02 1.188630117381438147e+06
6.027534418022530149e-02 1.187519944618792040e+06
6.007509386733418666e-02 1.186412943209851626e+06
5.987484355444307182e-02 1.185309104095230345e+06
5.967459324155195699e-02 1.184208418241420761e+06
5.947434292866084216e-02 1.183110876640720991e+06
5.927409261576972732e-02 1.182016470311160665e+06
5.907384230287861249e-02 1.180925190296427812e+06
5.887359198998751153e-02 1.179837027665795060e+06
5.867334167709639670e-02 1.178751973514047218e+06
5.847309136420528186e-02 1.177670018961407477e+06
5.827284105131416703e-02 1.176591155153465690e+06
5.807259073842305219e-02 1.175515373261105269e+06
5.787234042553193736e-02 1.174442664480431471e+06
5.767209011264082252e-02 1.173373020032698754e+06
5.747183979974970769e-02 1.172306431164239068e+06
5.727158948685859285e-02 1.171242889146390604e+06
5.707133917396747802e-02 1.170182385275426088e+06
5.687108886107636319e-02 1.169124910872481763e+06
5.667083854818524835e-02 1.168070457283485681e+06
5.647058823529413352e-02 1.167019015879087849e+06
5.627033792240301868e-02 1.165970578054588987e+06
5.607008760951190385e-02 1.164925135229870211e+06
5.586983729662080289e-02 1.163882678849322954e+06
5.566958698372968806e-02 1.162843200381778646e+06
5.546933667083857322e-02 1.161806691320439335e+06
5.526908635794745839e-02 1.160773143182808068e+06
5.506883604505634355e-02 1.159742547510618577e+06
5.486858573216522872e-02 1.158714895869767293e+06
5.466833541927411388e-02 1.157690179850243963e+06
5.446808510638299905e-02 1.156668391066061798e+06
5.426783479349188422e-02 1.155649521155190421e+06
5.406758448060076938e-02 1.154633561779486481e+06
5.386733416770965455e-02 1.153620504624625202e+06
5.366708385481853971e-02 1.152610341400033794e+06
5.346683354192742488e-02 1.151603063838821370e+06
5.326658322903631004e-02 1.150598663697713288e+06
5.306633291614520909e-02 1.149597132756982464e+06
5.286608260325409425e-02 1.148598462820383022e+06
5.266583229036297942e-02 1.147602645715082297e+06
5.246558197747186458e-02 1.146609673291594256e+06
5.226533166458074975e-02 1.145619537423713831e+06
5.206508135168963491e-02 1.144632230008448474e+06
5.186483103879852008e-02 1.143647742965953425e+06
5.166458072590740525e-02 1.142666068239464890e+06
5.146433041301629041e-02 1.141687197795234388e+06
5.126408010012517558e-02 1.140711123622463085e+06
5.106382978723406074e-02 1.139737837733235443e+06
5.086357947434294591e-02 1.138767332162455190e+06
5.066332916145183107e-02 1.137799598967778496e+06
5.046307884856071624e-02 1.136834630229550879e+06
5.026282853566961528e-02 1.135872418050740846e+06
5.006257822277850045e-02 1.134912954556875862e+06
4.986232790988738561e-02 1.133956231895977398e+06
4.966207759699627078e-02 1.133002242238498293e+06
4.946182728410515594e-02 1.132050977777256165e+06
4.926157697121404111e-02 1.131102430727371946e+06
4.906132665832292628e-02 1.130156593326204456e+06
4.886107634543181144e-02 1.129213457833288005e+06
4.866082603254069661e-02 1.128273016530267894e+06
4.846057571964958177e-02 1.127335261720838491e+06
4.826032540675846694e-02 1.126400185730679194e+06
4.806007509386735210e-02 1.125467780907392735e+06
4.785982478097623727e-02 1.124538039620441385e+06
4.765957446808512243e-02 1.123610954261085484e+06
4.745932415519402148e-02 1.122686517242319882e+06
4.725907384230290664e-02 1.121764720998813864e+06
4.705882352941179181e-02 1.120845557986847125e+06
4.685857321652067697e-02 1.119929020684249466e+06
4.665832290362956214e-02 1.119015101590338629e+06
4.645807259073844731e-02 1.118103793225859059e+06
4.625782227784733247e-02 1.117195088132920675e+06
4.605757196495621764e-02 1.116288978874937631e+06
4.585732165206510280e-02 1.115385458036568249e+06
4.565707133917398797e-02 1.114484518223653082e+06
4.545682102628287313e-02 1.113586152063155081e+06
4.525657071339175830e-02 1.112690352203099988e+06
4.505632040050064346e-02 1.111797111312514637e+06
4.485607008760952863e-02 1.110906422081368044e+06
4.465581977471841379e-02 1.110018277220511110e+06
4.445556946182731284e-02 1.109132669461617712e+06
4.425531914893619800e-02 1.108249591557123931e+06
4.405506883604508317e-02 1.107369036280169850e+06
4.385481852315396833e-02 1.106490996424539946e+06
4.365456821026285350e-02 1.105615464804604184e+06
4.345431789737173867e-02 1.104742434255259344e+06
4.325406758448062383e-02 1.103871897631869884e+06
4.305381727158950900e-02 1.103003847810210427e+06
4.285356695869839416e-02 1.102138277686406160e+06
4.265331664580727933e-02 1.101275180176876253e+06
4.245306633291616449e-02 1.100414548218274489e+06
4.225281602002504966e-02 1.099556374767431989e+06
4.205256570713393482e-02 1.098700652801299701e+06
4.185231539424281999e-02 1.097847375316891121e+06
4.165206508135171903e-02 1.096996535331224557e+06
4.145181476846060420e-02 1.096148125881265849e+06
4.125156445556948936e-02 1.095302140023871791e+06
4.105131414267837453e-02 1.094458570835733321e+06
4.085106382978725970e-02 1.093617411413318710e+06
4.065081351689614486e-02 1.092778654872816755e+06
4.045056320400503003e-02 1.091942294350081123e+06
4.025031289111391519e-02 1.091108323000573553e+06
4.005006257822280036e-02 1.090276733999308199e+06
3.984981226533168552e-02 1.089447520540795987e+06
3.964956195244057069e-02 1.088620675838988042e+06
3.944931163954945585e-02 1.087796193127220962e+06
3.924906132665834102e-02 1.086974065658161649e+06
3.904881101376722619e-02 1.086154286703750724e+06
3.884856070087612523e-02 1.085336849555149209e+06
3.864831038798501039e-02 1.084521747522682650e+06
3.844806007509389556e-02 1.083708973935785936e+06
3.824780976220278073e-02 1.082898522142950213e+06
3.804755944931166589e-02 1.082090385511666769e+06
3.784730913642055106e-02 1.081284557428373722e+06
3.764705882352943622e-02 1.080481031298401998e+06
3.744680851063832139e-02 1.079679800545920851e+06
3.724655819774720655e-02 1.078880858613884076e+06
3.704630788485609172e-02 1.078084198963976931e+06
3.684605757196497688e-02 1.077289815076561878e+06
3.664580725907386205e-02 1.076497700450625503e+06
3.644555694618274722e-02 1.075707848603725899e+06
3.624530663329163238e-02 1.074920253071938409e+06
3.604505632040053142e-02 1.074134907409804408e+06
3.584480600750941659e-02 1.073351805190276122e+06
3.564455569461830176e-02 1.072570940004666802e+06
3.544430538172718692e-02 1.071792305462596472e+06
3.524405506883607209e-02 1.071015895191940246e+06
3.504380475594495725e-02 1.070241702838775469e+06
3.484355444305384242e-02 1.069469722067330964e+06
3.464330413016272758e-02 1.068699946559933946e+06
3.444305381727161275e-02 1.067932370016959962e+06
3.424280350438049791e-02 1.067166986156778643e+06
3.404255319148938308e-02 1.066403788715705508e+06
3.384230287859826825e-02 1.065642771447947947e+06
3.364205256570715341e-02 1.064883928125555860e+06
3.344180225281603858e-02 1.064127252538369969e+06
3.324155193992492374e-02 1.063372738493971294e+06
3.304130162703380891e-02 1.062620379817629699e+06
3.284105131414269407e-02 1.061870170352254994e+06
3.264080100125157924e-02 1.061122103958344320e+06
3.244055068836046440e-02 1.060376174513934180e+06
3.224030037546934957e-02 1.059632375914548524e+06
3.204005006257823474e-02 1.058890702073150082e+06
3.183979974968711990e-02 1.058151146920089610e+06
3.163954943679603282e-02 1.057413704403056996e+06
3.143929912390491799e-02 1.056678368487030501e+06
3.123904881101380315e-02 1.055945133154229261e+06
3.103879849812268832e-02 1.055213992404062534e+06
3.083854818523157348e-02 1.054484940253081033e+06
3.063829787234045865e-02 1.053757970734927803e+06
3.043804755944934382e-02 1.053033077900290024e+06
3.023779724655822898e-02 1.052310255816849414e+06
3.003754693366711415e-02 1.051589498569234507e+06
2.983729662077599931e-02 1.050870800258971285e+06
2.963704630788488448e-02 1.050154155004436616e+06
2.943679599499376964e-02 1.049439556940807495e+06
2.923654568210265481e-02 1.048727000220015878e+06
2.903629536921153997e-02 1.048016479010698618e+06
2.883604505632042514e-02 1.047307987498151138e+06
2.863579474342931031e-02 1.046601519884279231e+06
2.843554443053819547e-02 1.045897070387551328e+06
2.823529411764708064e-02 1.045194633242951939e+06
2.803504380475596580e-02 1.044494202701934031e+06
2.783479349186485097e-02 1.043795773032372002e+06
2.763454317897373613e-02 1.043099338518514880e+06
2.743429286608262130e-02 1.042404893460939289e+06
2.723404255319150646e-02 1.041712432176503353e+06
2.703379224030039163e-02 1.041021948998299427e+06
2.683354192740927679e-02 1.040333438275608351e+06
2.663329161451816196e-02 1.039646894373852992e+06
2.643304130162704713e-02 1.038962311674552271e+06
2.623279098873593229e-02 1.038279684575274470e+06
2.603254067584484521e-02 1.037599007489592768e+06
2.583229036295373038e-02 1.036920274847037974e+06
2.563204005006261554e-02 1.036243481093054055e+06
2.543178973717150071e-02 1.035568620688952040e+06
2.523153942428038587e-02 1.034895688111865427e+06
2.503128911138927104e-02 1.034224677854703972e+06
2.483103879849815621e-02 1.033555584426109446e+06
2.463078848560704137e-02 1.032888402350410237e+06
2.443053817271592654e-02 1.032223126167576876e+06
2.423028785982481170e-02 1.031559750433177105e+06
2.403003754693369687e-02 1.030898269718331401e+06
2.382978723404258203e-02 1.030238678609668510e+06
2.362953692115146720e-02 1.029580971709281206e+06
2.342928660826035236e-02 1.028925143634682288e+06
2.322903629536923753e-02 1.028271189018759760e+06
2.302878598247812270e-02 1.027619102509734221e+06
2.282853566958700786e-02 1.026968878771113697e+06
2.262828535669589303e-02 1.026320512481651152e+06
2.242803504380477819e-02 1.025673998335299897e+06
2.222778473091366336e-02 1.025029331041170983e+06
2.202753441802254852e-02 1.024386505323489429e+06
2.182728410513143369e-02 1.023745515921551269e+06
2.162703379224031885e-02 1.023106357589680352e+06
2.142678347934920402e-02 1.022469025097185629e+06
2.122653316645808919e-02 1.021833513228317956e+06
2.102628285356697435e-02 1.021199816782227950e+06
2.082603254067585952e-02 1.020567930572922807e+06
2.062578222778474468e-02 1.019937849429224618e+06
2.042553191489365760e-02 1.019309568194727297e+06
2.022528160200254277e-02 1.018683081727754674e+06
2.002503128911142793e-02 1.018058384901318583e+06
1.982478097622031310e-02 1.017435472603076720e+06
1.962453066332919827e-02 1.016814339735290967e+06
1.942428035043808343e-02 1.016194981214785599e+06
1.922403003754696860e-02 1.015577391972905258e+06
1.902377972465585376e-02 1.014961566955474438e+06
1.882352941176473893e-02 1.014347501122754882e+06
1.862327909887362409e-02 1.013735189449405763e+06
1.842302878598250926e-02 1.013124626924440963e+06
1.822277847309139442e-02 1.012515808551189722e+06
1.802252816020027959e-02 1.011908729347254266e+06
1.782227784730916476e-02 1.011303384344470105e+06
1.762202753441804992e-02 1.010699768588864827e+06
1.742177722152693509e-02 1.010097877140617697e+06
1.722152690863582025e-02 1.009497705074019032e+06
1.702127659574470542e-02 1.008899247477430385e+06
1.682102628285359058e-02 1.008302499453243916e+06
1.662077596996247575e-02 1.007707456117842579e+06
1.642052565707136091e-02 1.007114112601559609e+06
1.622027534418024608e-02 1.006522464048639638e+06
1.602002503128913125e-02 1.005932505617197836e+06
1.581977471839801641e-02 1.005344232479181373e+06
1.561952440550690158e-02 1.004757639820329146e+06
1.541927409261578674e-02 1.004172722840132425e+06
1.521902377972467191e-02 1.003589476751796086e+06
1.501877346683355707e-02 1.003007896782199037e+06
1.481852315394244224e-02 1.002427978171854978e+06
1.461827284105135516e-02 1.001849716174874222e+06
1.441802252816024033e-02 1.001273106058923760e+06
1.421777221526912549e-02 1.000698143105189316e+06
1.401752190237801066e-02 1.000124822608336573e+06
1.381727158948689582e-02 9.995531398764727637e+05
1.361702127659578099e-02 9.989830902311080135e+05
1.341677096370466615e-02 9.984146690071169287e+05
1.321652065081355132e-02 9.978478715527011082e+05
1.301627033792243648e-02 9.972826932293501450e+05
1.281602002503132165e-02 9.967191294118044898e+05
1.261576971214020682e-02 9.961571754880171502e+05
1.241551939924909198e-02 9.955968268591159722e+05
1.221526908635797715e-02 9.950380789393661544e+05
1.201501877346686231e-02 9.944809271561327623e+05
1.181476846057574748e-02 9.939253669498427771e+05
1.161451814768463264e-02 9.933713937739487737e+05
1.141426783479351781e-02 9.928190030948907370e+05
1.121401752190240297e-02 9.922681903920593904e+05
1.101376720901128814e-02 9.917189511577592930e+05
1.081351689612017331e-02 9.911712808971718187e+05
1.061326658322905847e-02 9.906251751283183694e+05
1.041301627033794364e-02 9.900806293820235878e+05
1.021276595744682880e-02 9.895376392018790357e+05
1.001251564455571397e-02 9.889962001442064065e+05
9.812265331664599133e-03 9.884563077780217864e+05
9.612015018773484298e-03 9.879179576849982841e+05
9.411764705882369464e-03 9.873811454594311072e+05
9.211514392991254629e-03 9.868458667082006577e+05
9.011264080100167551e-03 9.863121170507369097e+05
8.811013767209052716e-03 9.857798921189834364e+05
8.610763454317937882e-03 9.852491875573619036e+05
8.410513141426823047e-03 9.847199990227362141e+05
8.210262828535708213e-03 9.841923221843768843e+05
8.010012515644593378e-03 9.836661527239257703e+05
7.809762202753478544e-03 9.831414863353607943e+05
7.609511889862363709e-03 9.826183187249604380e+05
7.409261576971248875e-03 9.820966456112689339e+05
7.209011264080134040e-03 9.815764627250608755e+05
7.008760951189019206e-03 9.810577658093065256e+05
6.808510638297904372e-03 9.805405506191370077e+05
6.608260325406789537e-03 9.800248129218092654e+05
6.408010012515674703e-03 9.795105484966719523e+05
6.207759699624559868e-03 9.789977531351300422e+05
6.007509386733445034e-03 9.784864226406114176e+05
5.807259073842330199e-03 9.779765528285318287e+05
5.607008760951215365e-03 9.774681395262607839e+05
5.406758448060100530e-03 9.769611785730875563e+05
5.206508135168985696e-03 9.764556658201868413e+05
5.006257822277870861e-03 9.759515971305852290e+05
4.806007509386756027e-03 9.754489683791270945e+05
4.605757196495641193e-03 9.749477754524408374e+05
4.405506883604526358e-03 9.744480142489048885e+05
4.205256570713411524e-03 9.739496806786151137e+05
4.005006257822296689e-03 9.734527706633502385e+05
3.804755944931181855e-03 9.729572801365392515e+05
3.604505632040067020e-03 9.724632050432276446e+05
3.404255319148952186e-03 9.719705413400444668e+05
3.204005006257865107e-03 9.714792849951693788e+05
3.003754693366750272e-03 9.709894319882991258e+05
2.803504380475635438e-03 9.705009783106150571e+05
2.603254067584520604e-03 9.700139199647505302e+05
2.403003754693405769e-03 9.695282529647574993e+05
2.202753441802290935e-03 9.690439733360747341e+05
2.002503128911176100e-03 9.685610771154942922e+05
1.802252816020061266e-03 9.680795603511303198e+05
1.602002503128946431e-03 9.675994191023855237e+05
1.401752190237831597e-03 9.671206494399197400e+05
1.201501877346716762e-03 9.666432474456171039e+05
1.001251564455601928e-03 9.661672092125549680e+05
8.010012515644870934e-04 9.656925308449706063e+05
6.007509386733722589e-04 9.652192084582308307e+05
4.005006257822574245e-04 9.647472381787985796e+05
2.002503128911425900e-04 9.642766161442027660e+05
2.775557561562891351e-17 9.638073385030054487e+05
---------------
