field_vs_length
---------------
1.600000000000000033e-01 2.100000000000000000e+06
1.597997496871088885e-01 2.100000000000000000e+06
1.595994993742177737e-01 2.100000000000000000e+06
1.593992490613266588e-01 2.100000000000000000e+06
1.591989987484355440e-01 2.100000000000000000e+06
1.589987484355444292e-01 2.100000000000000000e+06
1.587984981226533143e-01 2.100000000000000000e+06
1.585982478097621995e-01 2.100000000000000000e+06
1.583979974968710847e-01 2.100000000000000000e+06
1.581977471839799698e-01 2.100000000000000000e+06
1.579974968710888550e-01 2.100000000000000000e+06
1.577972465581977402e-01 2.100000000000000000e+06
1.575969962453066253e-01 2.100000000000000000e+06
1.573967459324155105e-01 2.100000000000000000e+06
1.571964956195244234e-01 2.100000000000000000e+06
1.569962453066333086e-01 2.100000000000000000e+06
1.567959949937421937e-01 2.100000000000000000e+06
1.565957446808510789e-01 2.100000000000000000e+06
1.563954943679599641e-01 2.100000000000000000e+06
1.561952440550688492e-01 2.100000000000000000e+06
1.559949937421777344e-01 2.100000000000000000e+06
1.557947434292866196e-01 2.100000000000000000e+06
1.555944931163955047e-01 2.100000000000000000e+06
1.553942428035043899e-01 2.100000000000000000e+06
1.551939924906132751e-01 2.100000000000000000e+06
1.549937421777221602e-01 2.100000000000000000e+06
1.547934918648310454e-01 2.100000000000000000e+06
1.545932415519399306e-01 2.100000000000000000e+06
1.543929912390488157e-01 2.100000000000000000e+06
1.541927409261577009e-01 2.100000000000000000e+06
1.539924906132665861e-01 2.100000000000000000e+06
1.537922403003754712e-01 2.100000000000000000e+06
1.535919899874843564e-01 2.100000000000000000e+06
1.533917396745932415e-01 2.100000000000000000e+06
1.531914893617021267e-01 2.100000000000000000e+06
1.529912390488110119e-01 2.100000000000000000e+06
1.527909887359198970e-01 2.100000000000000000e+06
1.525907384230287822e-01 2.100000000000000000e+06
1.523904881101376674e-01 2.100000000000000000e+06
1.521902377972465525e-01 2.100000000000000000e+06
1.519899874843554377e-01 2.100000000000000000e+06
1.517897371714643229e-01 2.100000000000000000e+06
1.515894868585732080e-01 2.100000000000000000e+06
1.513892365456820932e-01 2.100000000000000000e+06
1.511889862327910061e-01 2.100000000000000000e+06
1.509887359198998913e-01 2.100000000000000000e+06
1.507884856070087765e-01 2.100000000000000000e+06
1.505882352941176616e-01 2.100000000000000000e+06
1.503879849812265468e-01 2.100000000000000000e+06
1.501877346683354320e-01 2.100000000000000000e+06
1.499874843554443171e-01 2.100000000000000000e+06
1.497872340425532023e-01 2.100000000000000000e+06
1.495869837296620875e-01 2.100000000000000000e+06
1.493867334167709726e-01 2.100000000000000000e+06
1.491864831038798578e-01 2.100000000000000000e+06
1.489862327909887429e-01 2.100000000000000000e+06
1.487859824780976281e-01 2.100000000000000000e+06
1.485857321652065133e-01 2.100000000000000000e+06
1.483854818523153984e-01 2.100000000000000000e+06
1.481852315394242836e-01 2.100000000000000000e+06
1.479849812265331688e-01 2.100000000000000000e+06
1.477847309136420539e-01 2.100000000000000000e+06
1.475844806007509391e-01 2.100000000000000000e+06
1.473842302878598243e-01 2.100000000000000000e+06
1.471839799749687094e-01 2.100000000000000000e+06
1.469837296620775946e-01 2.100000000000000000e+06
1.467834793491864798e-01 2.100000000000000000e+06
1.465832290362953649e-01 2.100000000000000000e+06
1.463829787234042501e-01 2.100000000000000000e+06
1.461827284105131353e-01 2.100000000000000000e+06
1.459824780976220204e-01 2.100000000000000000e+06
1.457822277847309334e-01 2.100000000000000000e+06
1.455819774718398185e-01 2.100000000000000000e+06
1.453817271589487037e-01 2.100000000000000000e+06
1.451814768460575888e-01 2.100000000000000000e+06
1.449812265331664740e-01 2.099186737592999823e+06
1.447809762202753592e-01 2.090543531407183036e+06
1.445807259073842443e-01 2.081957826588189462e+06
1.443804755944931295e-01 2.073429240591959329e+06
1.441802252816020147e-01 2.064957393419414759e+06
1.439799749687108998e-01 2.056541907599529019e+06
1.437797246558197850e-01 2.048182408172507538e+06
1.435794743429286702e-01 2.039878522673081839e+06
1.433792240300375553e-01 2.031629881113913842e+06
1.431789737171464405e-01 2.023436115969110280e+06
1.429787234042553257e-01 2.015296862157847267e+06
1.427784730913642108e-01 2.007211757028104737e+06
1.425782227784730960e-01 1.999180440340506844e+06
1.423779724655819812e-01 1.991202554252272472e+06
1.421777221526908663e-01 1.983277743301270064e+06
1.419774718397997515e-01 1.975405654390179785e+06
1.417772215269086367e-01 1.967585936770762550e+06
1.415769712140175218e-01 1.959818242028229171e+06
1.413767209011264070e-01 1.952102224065719638e+06
1.411764705882352922e-01 1.944437539088879945e+06
1.409762202753441773e-01 1.936823845590545563e+06
1.407759699624530625e-01 1.929260804335524095e+06
1.405757196495619477e-01 1.921748078345481539e+06
1.403754693366708328e-01 1.914285332883927273e+06
1.401752190237797180e-01 1.906872235441298690e+06
1.399749687108886032e-01 1.899508455720148049e+06
1.397747183979974883e-01 1.892193665620423621e+06
1.395744680851064012e-01 1.884927539224852342e+06
1.393742177722152864e-01 1.877709752784417709e+06
1.391739674593241716e-01 1.870539984703934286e+06
1.389737171464330567e-01 1.863417915527720004e+06
1.387734668335419419e-01 1.856343227925361367e+06
1.385732165206508271e-01 1.849315606677575270e+06
1.383729662077597122e-01 1.842334738662163727e+06
1.381727158948685974e-01 1.835400312840062426e+06
1.379724655819774826e-01 1.828512020241481718e+06
1.377722152690863677e-01 1.821669553952141199e+06
1.375719649561952529e-01 1.814872609099594411e+06
1.373717146433041381e-01 1.808120882839643862e+06
1.371714643304130232e-01 1.801414074342849664e+06
1.369712140175219084e-01 1.794751884781124070e+06
1.367709637046307936e-01 1.788134017314417753e+06
1.365707133917396787e-01 1.781560177077492699e+06
1.363704630788485639e-01 1.775030071166785900e+06
1.361702127659574491e-01 1.768543408627357800e+06
1.359699624530663342e-01 1.762099900439928519e+06
1.357697121401752194e-01 1.755699259507999988e+06
1.355694618272841045e-01 1.749341200645065401e+06
1.353692115143929897e-01 1.743025440561900847e+06
1.351689612015018749e-01 1.736751697853944963e+06
1.349687108886107600e-01 1.730519692988757975e+06
1.347684605757196452e-01 1.724329148293570150e+06
1.345682102628285581e-01 1.718179787942906842e+06
1.343679599499374433e-01 1.712071337946301093e+06
1.341677096370463285e-01 1.706003526136083994e+06
1.339674593241552136e-01 1.699976082155260257e+06
1.337672090112640988e-01 1.693988737445458770e+06
1.335669586983729840e-01 1.688041225234969985e+06
1.333667083854818691e-01 1.682133280526858289e+06
1.331664580725907543e-01 1.676264640087154694e+06
1.329662077596996395e-01 1.670435042433128692e+06
1.327659574468085246e-01 1.664644227821636945e+06
1.325657071339174098e-01 1.658891938237550901e+06
1.323654568210262950e-01 1.653177917382260319e+06
1.321652065081351801e-01 1.647501910662254319e+06
1.319649561952440653e-01 1.641863665177776013e+06
1.317647058823529505e-01 1.636262929711556528e+06
1.315644555694618356e-01 1.630699454717620043e+06
1.313642052565707208e-01 1.625172992310166359e+06
1.311639549436796059e-01 1.619683296252524946e+06
1.309637046307884911e-01 1.614230121946184430e+06
1.307634543178973763e-01 1.608813226419893559e+06
1.305632040050062614e-01 1.603432368318836670e+06
1.303629536921151466e-01 1.598087307893878315e+06
1.301627033792240318e-01 1.592777806990882382e+06
1.299624530663329169e-01 1.587503629040100146e+06
1.297622027534418021e-01 1.582264539045629092e+06
1.295619524405506873e-01 1.577060303574944381e+06
1.293617021276595724e-01 1.571890690748496447e+06
1.291614518147684576e-01 1.566755470229379833e+06
1.289612015018773428e-01 1.561654413213070016e+06
1.287609511889862279e-01 1.556587292417229153e+06
1.285607008760951131e-01 1.551553882071579807e+06
1.283604505632039983e-01 1.546553957907844335e+06
1.281602002503128834e-01 1.541587297149753431e+06
1.279599499374217686e-01 1.536653678503119620e+06
1.277596996245306815e-01 1.531752882145977579e+06
1.275594493116395667e-01 1.526884689718789421e+06
1.273591989987484518e-01 1.522048884314715862e+06
1.271589486858573370e-01 1.517245250469950959e+06
1.269586983729662222e-01 1.512473574154123664e+06
1.267584480600751073e-01 1.507733642760758754e+06
1.265581977471839925e-01 1.503025245097807143e+06
1.263579474342928777e-01 1.498348171378233703e+06
1.261576971214017628e-01 1.493702213210670277e+06
1.259574468085106480e-01 1.489087163590131560e+06
1.257571964956195332e-01 1.484502816888791509e+06
1.255569461827284183e-01 1.479948968846820528e+06
1.253566958698373035e-01 1.475425416563285980e+06
1.251564455569461887e-01 1.470931958487109980e+06
1.249561952440550738e-01 1.466468394408090971e+06
1.247559449311639590e-01 1.462034525447981432e+06
1.245556946182728442e-01 1.457630154051627964e+06
1.243554443053817293e-01 1.453255083978168201e+06
1.241551939924906145e-01 1.448909120292288018e+06
1.239549436795994997e-01 1.444592069355534855e+06
1.237546933667083848e-01 1.440303738817690406e+06
1.235544430538172839e-01 1.436043937608201522e+06
1.233541927409261690e-01 1.431812475927664433e+06
1.231539424280350542e-01 1.427609165239370428e+06
1.229536921151439394e-01 1.423433818260904402e+06
1.227534418022528245e-01 1.419286248955799267e+06
1.225531914893617097e-01 1.415166272525249515e+06
1.223529411764705949e-01 1.411073705399874365e+06
1.221526908635794939e-01 1.407008365231541451e+06
1.219524405506883791e-01 1.402970070885239867e+06
1.217521902377972642e-01 1.398958642431010492e+06
1.215519399249061494e-01 1.394973901135929860e+06
1.213516896120150346e-01 1.391015669456144329e+06
1.211514392991239197e-01 1.387083771028961753e+06
1.209511889862328049e-01 1.383178030664992752e+06
1.207509386733416901e-01 1.379298274340344127e+06
1.205506883604505752e-01 1.375444329188865609e+06
1.203504380475594604e-01 1.371616023494448513e+06
1.201501877346683456e-01 1.367813186683373293e+06
1.199499374217772307e-01 1.364035649316710653e+06
1.197496871088861159e-01 1.360283243082771078e+06
1.195494367959950011e-01 1.356555800789606525e+06
1.193491864831038862e-01 1.352853156357560307e+06
1.191489361702127714e-01 1.349175144811867503e+06
1.189486858573216566e-01 1.345521602275304031e+06
1.187484355444305417e-01 1.341892365960886236e+06
1.185481852315394269e-01 1.338287274164615665e+06
1.183479349186483121e-01 1.334706166258275509e+06
1.181476846057571972e-01 1.331148882682274561e+06
1.179474342928660963e-01 1.327615264938535634e+06
1.177471839799749814e-01 1.324105155583434505e+06
1.175469336670838666e-01 1.320618398220786359e+06
1.173466833541927518e-01 1.317154837494874839e+06
1.171464330413016369e-01 1.313714319083532318e+06
1.169461827284105221e-01 1.310296689691262087e+06
1.167459324155194073e-01 1.306901797042409424e+06
1.165456821026283063e-01 1.303529489874375984e+06
1.163454317897371915e-01 1.300179617930881213e+06
1.161451814768460766e-01 1.296852031955265906e+06
1.159449311639549618e-01 1.293546583683843492e+06
1.157446808510638470e-01 1.290263125839293469e+06
1.155444305381727321e-01 1.287001512124099070e+06
1.153441802252816173e-01 1.283761597214028705e+06
1.151439299123905025e-01 1.280543236751661636e+06
1.149436795994993876e-01 1.277346287339955335e+06
1.147434292866082728e-01 1.274170606535856845e+06
1.145431789737171580e-01 1.271016052843955345e+06
1.143429286608260431e-01 1.267882485710178735e+06
1.141426783479349283e-01 1.264769765515530016e+06
1.139424280350438135e-01 1.261677753569866763e+06
1.137421777221526986e-01 1.258606312105722725e+06
1.135419274092615838e-01 1.255555304272168083e+06
1.133416770963704689e-01 1.252524594128711615e+06
1.131414267834793541e-01 1.249514046639246168e+06
1.129411764705882393e-01 1.246523527666029055e+06
1.127409261576971244e-01 1.243552903963707155e+06
1.125406758448060096e-01 1.240602043173379963e+06
1.123404255319148948e-01 1.237670813816701761e+06
1.121401752190237938e-01 1.234759085290023126e+06
1.119399249061326790e-01 1.231866727858572733e+06
1.117396745932415641e-01 1.228993612650676398e+06
1.115394242803504493e-01 1.226139611652014777e+06
1.113391739674593345e-01 1.223304597699920181e+06
1.111389236545682196e-01 1.220488444477710407e+06
1.109386733416771048e-01 1.217691026509060524e+06
1.107384230287860039e-01 1.214912219152412144e+06
1.105381727158948890e-01 1.212151898595420411e+06
1.103379224030037742e-01 1.209409941849436378e+06
1.101376720901126594e-01 1.206686226744028041e+06
1.099374217772215445e-01 1.203980631921537220e+06
1.097371714643304297e-01 1.201293036831670674e+06
1.095369211514393148e-01 1.198623321726131020e+06
1.093366708385482000e-01 1.195971367653279798e+06
1.091364205256570852e-01 1.193337056452837540e+06
1.089361702127659703e-01 1.190720270750619704e+06
1.087359198998748555e-01 1.188120893953307066e+06
1.085356695869837407e-01 1.185538810243249172e+06
1.083354192740926258e-01 1.182973904573305976e+06
1.081351689612015110e-01 1.180426062661721371e+06
1.079349186483103962e-01 1.177895170987030026e+06
1.077346683354192813e-01 1.175381116783000063e+06
1.075344180225281665e-01 1.172883788033609744e+06
1.073341677096370517e-01 1.170403073468054645e+06
1.071339173967459368e-01 1.167938862555790925e+06
1.069336670838548220e-01 1.165491045501610963e+06
1.067334167709637072e-01 1.163059513240749948e+06
1.065331664580726062e-01 1.160644157434027409e+06
1.063329161451814914e-01 1.158244870463019935e+06
1.061326658322903765e-01 1.155861545425266027e+06
1.059324155193992617e-01 1.153494076129503082e+06
1.057321652065081469e-01 1.151142357090935111e+06
1.055319148936170320e-01 1.148806283526534680e+06
1.053316645807259172e-01 1.146485751350372098e+06
1.051314142678348162e-01 1.144180657168978825e+06
1.049311639549437014e-01 1.141890898276740685e+06
1.047309136420525866e-01 1.139616372651321348e+06
1.045306633291614717e-01 1.137356978949117241e+06
1.043304130162703569e-01 1.135112616500741569e+06
1.041301627033792421e-01 1.132883185306538595e+06
1.039299123904881272e-01 1.130668586032129126e+06
1.037296620775970124e-01 1.128468720003983472e+06
1.035294117647058976e-01 1.126283489205025602e+06
1.033291614518147827e-01 1.124112796270265710e+06
1.031289111389236679e-01 1.121956544482462108e+06
1.029286608260325531e-01 1.119814637767811771e+06
1.027284105131414382e-01 1.117686980691669742e+06
1.025281602002503234e-01 1.115573478454297176e+06
1.023279098873592086e-01 1.113474036886636633e+06
1.021276595744680937e-01 1.111388562446117401e+06
1.019274092615769789e-01 1.109316962212487357e+06
1.017271589486858641e-01 1.107259143883671612e+06
1.015269086357947492e-01 1.105215015771661885e+06
1.013266583229036344e-01 1.103184486798429396e+06
1.011264080100125196e-01 1.101167466491868254e+06
1.009261576971214047e-01 1.099163864981763531e+06
1.007259073842303038e-01 1.097173592995787272e+06
1.005256570713391889e-01 1.095196561855520820e+06
1.003254067584480741e-01 1.093232683472503442e+06
1.001251564455569593e-01 1.091281870344308671e+06
9.992490613266584443e-02 1.089344035550643224e+06
9.972465581977472959e-02 1.087419092749476666e+06
9.952440550688361476e-02 1.085506956173193175e+06
9.932415519399251380e-02 1.083607540624769405e+06
9.912390488110139897e-02 1.081720761473980267e+06
9.892365456821028413e-02 1.079846534653626382e+06
9.872340425531916930e-02 1.077984776655789232e+06
9.852315394242805446e-02 1.076135404528110521e+06
9.832290362953693963e-02 1.074298335870095761e+06
9.812265331664582479e-02 1.072473488829443231e+06
9.792240300375470996e-02 1.070660782098396216e+06
9.772215269086359513e-02 1.068860134910121327e+06
9.752190237797248029e-02 1.067071467035108944e+06
9.732165206508136546e-02 1.065294698777599027e+06
9.712140175219025062e-02 1.063529750972030219e+06
9.692115143929913579e-02 1.061776544979511760e+06
9.672090112640802095e-02 1.060035002684321254e+06
9.652065081351690612e-02 1.058305046490422683e+06
9.632040050062579128e-02 1.056586599318009103e+06
9.612015018773467645e-02 1.054879584600069560e+06
9.591989987484356162e-02 1.053183926278976258e+06
9.571964956195246066e-02 1.051499548803096171e+06
9.551939924906134582e-02 1.049826377123424783e+06
9.531914893617023099e-02 1.048164336690242868e+06
9.511889862327911616e-02 1.046513353449793300e+06
9.491864831038800132e-02 1.044873353840983240e+06
9.471839799749688649e-02 1.043244264792105416e+06
9.451814768460577165e-02 1.041626013717582566e+06
9.431789737171465682e-02 1.040018528514733771e+06
9.411764705882354198e-02 1.038421737560561392e+06
9.391739674593242715e-02 1.036835569708559895e+06
9.371714643304131231e-02 1.035259954285546090e+06
9.351689612015019748e-02 1.033694821088509983e+06
9.331664580725908265e-02 1.032140100381486933e+06
9.311639549436796781e-02 1.030595722892450285e+06
9.291614518147686685e-02 1.029061619810225675e+06
9.271589486858575202e-02 1.027537722781423596e+06
9.251564455569463719e-02 1.026023963907395373e+06
9.231539424280352235e-02 1.024520275741207181e+06
9.211514392991240752e-02 1.023026591284634778e+06
9.191489361702129268e-02 1.021542843985178391e+06
9.171464330413017785e-02 1.020068967733097961e+06
9.151439299123906301e-02 1.018604896858466789e+06
9.131414267834794818e-02 1.017150566128245788e+06
9.111389236545683334e-02 1.015705910743377404e+06
9.091364205256571851e-02 1.014270866335897939e+06
9.071339173967460368e-02 1.012845368966069422e+06
9.051314142678348884e-02 1.011429355119531509e+06
9.031289111389237401e-02 1.010022761704470962e+06
9.011264080100127305e-02 1.008625526048810221e+06
8.991239048811015822e-02 1.007237585897415876e+06
8.971214017521904338e-02 1.005858879409324029e+06
8.951188986232792855e-02 1.004489345154985436e+06
8.931163954943681371e-02 1.003128922113528126e+06
8.911138923654569888e-02 1.001777549670038861e+06
8.891113892365458404e-02 1.000435167612861842e+06
8.871088861076346921e-02 9.991017161309168441e+05
8.851063829787235437e-02 9.977771358110331930e+05
8.831038798498123954e-02 9.964613676353034098e+05
8.811013767209012471e-02 9.951543529784530401e+05
8.790988735919900987e-02 9.938560336052293424e+05
8.770963704630789504e-02 9.925663516678051092e+05
8.750938673341678020e-02 9.912852497032030951e+05
8.730913642052567925e-02 9.900126706307339482e+05
8.710888610763456441e-02 9.887485577494541649e+05
8.690863579474344958e-02 9.874928547356390627e+05
8.670838548185233474e-02 9.862455056402735645e+05
8.650813516896121991e-02 9.850064548865589313e+05
8.630788485607010507e-02 9.837756472674370743e+05
8.610763454317899024e-02 9.825530279431301169e+05
8.590738423028787540e-02 9.813385424386975355e+05
8.570713391739676057e-02 9.801321366416086676e+05
8.550688360450564574e-02 9.789337567993316334e+05
8.530663329161453090e-02 9.777433495169383241e+05
8.510638297872341607e-02 9.765608617547256872e+05
8.490613266583230123e-02 9.753862408258521464e+05
8.470588235294118640e-02 9.742194343939903192e+05
8.450563204005008544e-02 9.730603904709947528e+05
8.430538172715897061e-02 9.719090574145859573e+05
8.410513141426785577e-02 9.707653839260491077e+05
8.390488110137674094e-02 9.696293190479489276e+05
8.370463078848562610e-02 9.685008121618583100e+05
8.350438047559451127e-02 9.673798129861040507e+05
8.330413016270339643e-02 9.662662715735257370e+05
8.310387984981228160e-02 9.651601383092503529e+05
8.290362953692116676e-02 9.640613639084820170e+05
8.270337922403005193e-02 9.629698994143058080e+05
8.250312891113893710e-02 9.618856961955064908e+05
8.230287859824782226e-02 9.608087059444016777e+05
8.210262828535670743e-02 9.597388806746895425e+05
8.190237797246559259e-02 9.586761727193106199e+05
8.170212765957447776e-02 9.576205347283238079e+05
8.150187734668337680e-02 9.565719196667973883e+05
8.130162703379226197e-02 9.555302808127119206e+05
8.110137672090114713e-02 9.544955717548801331e+05
8.090112640801003230e-02 9.534677463908782229e+05
8.070087609511891746e-02 9.524467589249912417e+05
8.050062578222780263e-02 9.514325638661736157e+05
8.030037546933668779e-02 9.504251160260215402e+05
8.010012515644557296e-02 9.494243705167599255e+05
7.989987484355445813e-02 9.484302827492423821e+05
7.969962453066334329e-02 9.474428084309641272e+05
7.949937421777222846e-02 9.464619035640888615e+05
7.929912390488111362e-02 9.454875244434883352e+05
7.909887359198999879e-02 9.445196276547950692e+05
7.889862327909888395e-02 9.435581700724677648e+05
7.869837296620778300e-02 9.426031088578699855e+05
7.849812265331666816e-02 9.416544014573614113e+05
7.829787234042555333e-02 9.407120056004018988e+05
7.809762202753443849e-02 9.397758792976677651e+05
7.789737171464332366e-02 9.388459808391814586e+05
7.769712140175220882e-02 9.379222687924525235e+05
7.749687108886109399e-02 9.370047020006321836e+05
7.729662077596997916e-02 9.360932395806787536e+05
7.709637046307886432e-02 9.351878409215369029e+05
7.689612015018774949e-02 9.342884656823275145e+05
7.669586983729663465e-02 9.333950737905509304e+05
7.649561952440551982e-02 9.325076254403005587e+05
7.629536921151440498e-02 9.316260810904903337e+05
7.609511889862329015e-02 9.307504014630920719e+05
7.589486858573218919e-02 9.298805475413859822e+05
7.569461827284107436e-02 9.290164805682217702e+05
7.549436795994995952e-02 9.281581620442923158e+05
7.529411764705884469e-02 9.273055537264177110e+05
7.509386733416772985e-02 9.264586176258417545e+05
7.489361702127661502e-02 9.256173160065390402e+05
7.469336670838550019e-02 9.247816113835339202e+05
7.449311639549438535e-02 9.239514665212298278e+05
7.429286608260327052e-02 9.231268444317508256e+05
7.409261576971215568e-02 9.223077083732930478e+05
7.389236545682104085e-02 9.214940218484876677e+05
7.369211514392992601e-02 9.206857486027753912e+05
7.349186483103881118e-02 9.198828526227902621e+05
7.329161451814769634e-02 9.190852981347553432e+05
7.309136420525659539e-02 9.182930496028892230e+05
7.289111389236548055e-02 9.175060717278216034e+05
7.269086357947436572e-02 9.167243294450219255e+05
7.249061326658325088e-02 9.159477879232360283e+05
7.229036295369213605e-02 9.151764125629344489e+05
7.209011264080102122e-02 9.144101689947707346e+05
7.188986232790990638e-02 9.136490230780505808e+05
7.168961201501879155e-02 9.128929408992098179e+05
7.148936170212767671e-02 9.121418887703042710e+05
7.128911138923656188e-02 9.113958332275080029e+05
7.108886107634544704e-02 9.106547410296226153e+05
7.088861076345433221e-02 9.099185791565964464e+05
7.068836045056321737e-02 9.091873148080528481e+05
7.048811013767210254e-02 9.084609154018288245e+05
7.028785982478100158e-02 9.077393485725235660e+05
7.008760951188988675e-02 9.070225821700560628e+05
6.988735919899877191e-02 9.063105842582330806e+05
6.968710888610765708e-02 9.056033231133256340e+05
6.948685857321654225e-02 9.049007672226559371e+05
6.928660826032542741e-02 9.042028852831930853e+05
6.908635794743431258e-02 9.035096462001585169e+05
6.888610763454319774e-02 9.028210190856403206e+05
6.868585732165208291e-02 9.021369732572173234e+05
6.848560700876096807e-02 9.014574782365915598e+05
6.828535669586985324e-02 9.007825037482308690e+05
6.808510638297873840e-02 9.001120197180192918e+05
6.788485607008762357e-02 8.994459962719173636e+05
6.768460575719650874e-02 8.987844037346316036e+05
6.748435544430539390e-02 8.981272126282913378e+05
6.728410513141429294e-02 8.974743936711357674e+05
6.708385481852317811e-02 8.968259177762094187e+05
6.688360450563206328e-02 8.961817560500658583e+05
6.668335419274094844e-02 8.955418797914804891e+05
6.648310387984983361e-02 8.949062604901718441e+05
6.628285356695871877e-02 8.942748698255310301e+05
6.608260325406760394e-02 8.936476796653599013e+05
6.588235294117648910e-02 8.930246620646179654e+05
6.568210262828537427e-02 8.924057892641765065e+05
6.548185231539425943e-02 8.917910336895828368e+05
6.528160200250314460e-02 8.911803679498308338e+05
6.508135168961202977e-02 8.905737648361405591e+05
6.488110137672091493e-02 8.899711973207463743e+05
6.468085106382980010e-02 8.893726385556925088e+05
6.448060075093869914e-02 8.887780618716366589e+05
6.428035043804758430e-02 8.881874407766619697e+05
6.408010012515646947e-02 8.876007489550964674e+05
6.387984981226535464e-02 8.870179602663405240e+05
6.367959949937423980e-02 8.864390487437024713e+05
6.347934918648312497e-02 8.858639885932409670e+05
6.327909887359201013e-02 8.852927541926166741e+05
6.307884856070089530e-02 8.847253200899496442e+05
6.287859824780978046e-02 8.841616610026858980e+05
6.267834793491866563e-02 8.836017518164708745e+05
6.247809762202755079e-02 8.830455675840302138e+05
6.227784730913643596e-02 8.824930835240583401e+05
6.207759699624532113e-02 8.819442750201143790e+05
6.187734668335420629e-02 8.813991176195251755e+05
6.167709637046310533e-02 8.808575870322959963e+05
6.147684605757199050e-02 8.803196591300280998e+05
6.127659574468087567e-02 8.797853099448435241e+05
6.107634543178976083e-02 8.792545156683176756e+05
6.087609511889864600e-02 8.787272526504182024e+05
6.067584480600753116e-02 8.782034973984509706e+05
6.047559449311641633e-02 8.776832265760139562e+05
6.027534418022530149e-02 8.771664170019568410e+05
6.007509386733418666e-02 8.766530456493487582e+05
5.987484355444307182e-02 8.761430896444517421e+05
5.967459324155195699e-02 8.756365262657018611e+05
5.947434292866084216e-02 8.751333329426968703e+05
5.927409261576972732e-02 8.746334872551903827e+05
5.907384230287861249e-02 8.741369669320932589e+05
5.887359198998751153e-02 8.736437498504809337e+05
5.867334167709639670e-02 8.731538140346076107e+05
5.847309136420528186e-02 8.726671376549275592e+05
5.827284105131416703e-02 8.721836990271224640e+05
5.807259073842305219e-02 8.717034766111344798e+05
5.787234042553193736e-02 8.712264490102076670e+05
5.767209011264082252e-02 8.707525949699336197e+05
5.747183979974970769e-02 8.702818933773052413e+05
5.727158948685859285e-02 8.698143232597752940e+05
5.707133917396747802e-02 8.693498637843226315e+05
5.687108886107636319e-02 8.688884942565234378e+05
5.667083854818524835e-02 8.684301941196295666e+05
5.647058823529413352e-02 8.679749429536522366e+05
5.627033792240301868e-02 8.675227204744527116e+05
5.607008760951190385e-02 8.670735065328377532e+05
5.586983729662080289e-02 8.666272811136627570e+05
5.566958698372968806e-02 8.661840243349391967e+05
5.546933667083857322e-02 8.657437164469494019e+05
5.526908635794745839e-02 8.653063378313658759e+05
5.506883604505634355e-02 8.648718690003779484e+05
5.486858573216522872e-02 8.644402905958227348e+05
5.466833541927411388e-02 8.640115833883234300e+05
5.446808510638299905e-02 8.635857282764316769e+05
5.426783479349188422e-02 8.631627062857772689e+05
5.406758448060076938e-02 8.627424985682218103e+05
5.386733416770965455e-02 8.623250864010200603e+05
5.366708385481853971e-02 8.619104511859847698e+05
5.346683354192742488e-02 8.614985744486585027e+05
5.326658322903631004e-02 8.610894378374902299e+05
5.306633291614520909e-02 8.606830231230178615e+05
5.286608260325409425e-02 8.602793121970561333e+05
5.266583229036297942e-02 8.598782870718892664e+05
5.246558197747186458e-02 8.594799298794700298e+05
5.226533166458074975e-02 8.590842228706233436e+05
5.206508135168963491e-02 8.586911484142555855e+05
5.186483103879852008e-02 8.583006889965689043e+05
5.166458072590740525e-02 8.579128272202808876e+05
5.146433041301629041e-02 8.575275458038497018e+05
5.126408010012517558e-02 8.571448275807035388e+05
5.106382978723406074e-02 8.567646554984761169e+05
5.086357947434294591e-02 8.563870126182468375e+05
5.066332916145183107e-02 8.560118821137862979e+05
5.046307884856071624e-02 8.556392472708059940e+05
5.026282853566961528e-02 8.552690914862139616e+05
5.006257822277850045e-02 8.549013982673753053e+05
4.986232790988738561e-02 8.545361512313766871e+05
4.966207759699627078e-02 8.541733341042968677e+05
4.946182728410515594e-02 8.538129307204814395e+05
4.926157697121404111e-02 8.534549250218226807e+05
4.906132665832292628e-02 8.530993010570437182e+05
4.886107634543181144e-02 8.527460429809883935e+05
4.866082603254069661e-02 8.523951350539145060e+05
4.846057571964958177e-02 8.520465616407931084e+05
4.826032540675846694e-02 8.517003072106119944e+05
4.806007509386735210e-02 8.513563563356829109e+05
4.785982478097623727e-02 8.510146936909548240e+05
4.765957446808512243e-02 8.506753040533311432e+05
4.745932415519402148e-02 8.503381723009909038e+05
4.725907384230290664e-02 8.500032834127155365e+05
4.705882352941179181e-02 8.496706224672192475e+05
4.685857321652067697e-02 8.493401746424842859e+05
4.665832290362956214e-02 8.490119252151007531e+05
4.645807259073844731e-02 8.486858595596101368e+05
4.625782227784733247e-02 8.483619631478540832e+05
4.605757196495621764e-02 8.480402215483267792e+05
4.585732165206510280e-02 8.477206204255322227e+05
4.565707133917398797e-02 8.474031455393452197e+05
4.545682102628287313e-02 8.470877827443771530e+05
4.525657071339175830e-02 8.467745179893453605e+05
4.505632040050064346e-02 8.464633373164475197e+05
4.485607008760952863e-02 8.461542268607395235e+05
4.465581977471841379e-02 8.458471728495175485e+05
4.445556946182731284e-02 8.455421616017046617e+05
4.425531914893619800e-02 8.452391795272411546e+05
4.405506883604508317e-02 8.449382131264791824e+05
4.385481852315396833e-02 8.446392489895807812e+05
4.365456821026285350e-02 8.443422737959208898e+05
4.345431789737173867e-02 8.440472743134937482e+05
4.325406758448062383e-02 8.437542373983232537e+05
4.305381727158950900e-02 8.434631499938770430e+05
4.285356695869839416e-02 8.431739991304852301e+05
4.265331664580727933e-02 8.428867719247624045e+05
4.245306633291616449e-02 8.426014555790332379e+05
4.225281602002504966e-02 8.423180373807627475e+05
4.205256570713393482e-02 8.420365047019895865e+05
4.185231539424281999e-02 8.417568449987636413e+05
4.165206508135171903e-02 8.414790458105867729e+05
4.145181476846060420e-02 8.412030947598578641e+05
4.125156445556948936e-02 8.409289795513213612e+05
4.105131414267837453e-02 8.406566879715191899e+05
4.085106382978725970e-02 8.403862078882469796e+05
4.065081351689614486e-02 8.401175272500131978e+05
4.045056320400503003e-02 8.398506340855021263e+05
4.025031289111391519e-02 8.395855165030407952e+05
4.005006257822280036e-02 8.393221626900687115e+05
3.984981226533168552e-02 8.390605609126120107e+05
3.964956195244057069e-02 8.388006995147602865e+05
3.944931163954945585e-02 8.385425669181472622e+05
3.924906132665834102e-02 8.382861516214353032e+05
3.904881101376722619e-02 8.380314421998023754e+05
3.884856070087612523e-02 8.377784273044334259e+05
3.864831038798501039e-02 8.375270956620144425e+05
3.844806007509389556e-02 8.372774360742305871e+05
3.824780976220278073e-02 8.370294374172668904e+05
3.804755944931166589e-02 8.367830886413124390e+05
3.784730913642055106e-02 8.365383787700686371e+05
3.764705882352943622e-02 8.362952969002596801e+05
3.744680851063832139e-02 8.360538322011467535e+05
3.724655819774720655e-02 8.358139739140457241e+05
3.704630788485609172e-02 8.355757113518477418e+05
3.684605757196497688e-02 8.353390338985427516e+05
3.664580725907386205e-02 8.351039310087468475e+05
3.644555694618274722e-02 8.348703922072320711e+05
3.624530663329163238e-02 8.346384070884601679e+05
3.604505632040053142e-02 8.344079653161184397e+05
3.584480600750941659e-02 8.341790566226594383e+05
3.564455569461830176e-02 8.339516708088435698e+05
3.544430538172718692e-02 8.337257977432844928e+05
3.524405506883607209e-02 8.335014273619977757e+05
3.504380475594495725e-02 8.332785496679525822e+05
3.484355444305384242e-02 8.330571547306259163e+05
3.464330413016272758e-02 8.328372326855604770e+05
3.444305381727161275e-02 8.326187737339253072e+05
3.424280350438049791e-02 8.324017681420785375e+05
3.404255319148938308e-02 8.321862062411343213e+05
3.384230287859826825e-02 8.319720784265317488e+05
3.364205256570715341e-02 8.317593751576071372e+05
3.344180225281603858e-02 8.315480869571684161e+05
3.324155193992492374e-02 8.313382044110733550e+05
3.304130162703380891e-02 8.311297181678101188e+05
3.284105131414269407e-02 8.309226189380802680e+05
3.264080100125157924e-02 8.307168974943850189e+05
3.244055068836046440e-02 8.305125446706144139e+05
3.224030037546934957e-02 8.303095513616381213e+05
3.204005006257823474e-02 8.301079085229006596e+05
3.183979974968711990e-02 8.299076071700180182e+05
3.163954943679603282e-02 8.297086383783770725e+05
3.143929912390491799e-02 8.295109932827382581e+05
3.123904881101380315e-02 8.293146630768406903e+05
3.103879849812268832e-02 8.291196390130096115e+05
3.083854818523157348e-02 8.289259124017663999e+05
3.063829787234045865e-02 8.287334746114418376e+05
3.043804755944934382e-02 8.285423170677913586e+05
3.023779724655822898e-02 8.283524312536127400e+05
3.003754693366711415e-02 8.281638087083670544e+05
2.983729662077599931e-02 8.279764410278014839e+05
2.963704630788488448e-02 8.277903198635749286e+05
2.943679599499376964e-02 8.276054369228855940e+05
2.923654568210265481e-02 8.274217839681024197e+05
2.903629536921153997e-02 8.272393528163972078e+05
2.883604505632042514e-02 8.270581353393803583e+05
2.863579474342931031e-02 8.268781234627388185e+05
2.843554443053819547e-02 8.266993091658758931e+05
2.823529411764708064e-02 8.265216844815544318e+05
2.803504380475596580e-02 8.263452414955415297e+05
2.783479349186485097e-02 8.261699723462559050e+05
2.763454317897373613e-02 8.259958692244176054e+05
2.743429286608262130e-02 8.258229243727002759e+05
2.723404255319150646e-02 8.256511300853851717e+05
2.703379224030039163e-02 8.254804787080181995e+05
2.683354192740927679e-02 8.253109626370684709e+05
2.663329161451816196e-02 8.251425743195899995e+05
2.643304130162704713e-02 8.249753062528845621e+05
2.623279098873593229e-02 8.248091509841681691e+05
2.603254067584484521e-02 8.246441011102382326e+05
2.583229036295373038e-02 8.244801492771441117e+05
2.563204005006261554e-02 8.243172881798595190e+05
2.543178973717150071e-02 8.241555105619569076e+05
2.523153942428038587e-02 8.239948092152840691e+05
2.503128911138927104e-02 8.238351769796431763e+05
2.483103879849815621e-02 8.236766067424714565e+05
2.463078848560704137e-02 8.235190914385245414e+05
2.443053817271592654e-02 8.233626240495617967e+05
2.423028785982481170e-02 8.232071976040330483e+05
2.403003754693369687e-02 8.230528051767686848e+05
2.382978723404258203e-02 8.228994398886705749e+05
2.362953692115146720e-02 8.227470949064055458e+05
2.342928660826035236e-02 8.225957634421014227e+05
2.322903629536923753e-02 8.224454387530441163e+05
2.302878598247812270e-02 8.222961141413773876e+05
2.282853566958700786e-02 8.221477829538042424e+05
2.262828535669589303e-02 8.220004385812907713e+05
2.242803504380477819e-02 8.218540744587715017e+05
2.222778473091366336e-02 8.217086840648568468e+05
2.202753441802254852e-02 8.215642609215426492e+05
2.182728410513143369e-02 8.214207985939214705e+05
2.162703379224031885e-02 8.212782906898959773e+05
2.142678347934920402e-02 8.211367308598939562e+05
2.122653316645808919e-02 8.209961127965856576e+05
2.102628285356697435e-02 8.208564302346024197e+05
2.082603254067585952e-02 8.207176769502579700e+05
2.062578222778474468e-02 8.205798467612706590e+05
2.042553191489365760e-02 8.204429335264883703e+05
2.022528160200254277e-02 8.203069311456144787e+05
2.002503128911142793e-02 8.201718335589366034e+05
1.982478097622031310e-02 8.200376347470560577e+05
1.962453066332919827e-02 8.199043287306202110e+05
1.942428035043808343e-02 8.197719095700553153e+05
1.922403003754696860e-02 8.196403713653028244e+05
1.902377972465585376e-02 8.195097082555554807e+05
1.882352941176473893e-02 8.193799144189972430e+05
1.862327909887362409e-02 8.192509840725427493e+05
1.842302878598250926e-02 8.191229114715807373e+05
1.822277847309139442e-02 8.189956909097173484e+05
1.802252816020027959e-02 8.188693167185222264e+05
1.782227784730916476e-02 8.187437832672757795e+05
1.762202753441804992e-02 8.186190849627184216e+05
1.742177722152693509e-02 8.184952162488010945e+05
1.722152690863582025e-02 8.183721716064383509e+05
1.702127659574470542e-02 8.182499455532614375e+05
1.682102628285359058e-02 8.181285326433752198e+05
1.662077596996247575e-02 8.180079274671145249e+05
1.642052565707136091e-02 8.178881246508035110e+05
1.622027534418024608e-02 8.177691188565164339e+05
1.602002503128913125e-02 8.176509047818394611e+05
1.581977471839801641e-02 8.175334771596345818e+05
1.561952440550690158e-02 8.174168307578049134e+05
1.541927409261578674e-02 8.173009603790616384e+05
1.521902377972467191e-02 8.171858608606922207e+05
1.501877346683355707e-02 8.170715270743307192e+05
1.481852315394244224e-02 8.169579539257287979e+05
1.461827284105135516e-02 8.168451363545295317e+05
1.441802252816024033e-02 8.167330693340408616e+05
1.421777221526912549e-02 8.166217478710126597e+05
1.401752190237801066e-02 8.165111670054135611e+05
1.381727158948689582e-02 8.164013218102104729e+05
1.361702127659578099e-02 8.162922073911484331e+05
1.341677096370466615e-02 8.161838188865330303e+05
1.321652065081355132e-02 8.160761514670138713e+05
1.301627033792243648e-02 8.159692003353687469e+05
1.281602002503132165e-02 8.158629607262908248e+05
1.261576971214020682e-02 8.157574279061752604e+05
1.241551939924909198e-02 8.156525971729094163e+05
1.221526908635797715e-02 8.155484638556622667e+05
1.201501877346686231e-02 8.154450233146771789e+05
1.181476846057574748e-02 8.153422709410648094e+05
1.161451814768463264e-02 8.152402021565973992e+05
1.141426783479351781e-02 8.151388124135053949e+05
1.121401752190240297e-02 8.150380971942746546e+05
1.101376720901128814e-02 8.149380520114449318e+05
1.081351689612017331e-02 8.148386724074101076e+05
1.061326658322905847e-02 8.147399539542193525e+05
1.041301627033794364e-02 8.146418922533803852e+05
1.021276595744682880e-02 8.145444829356629634e+05
1.001251564455571397e-02 8.144477216609043535e+05
9.812265331664599133e-03 8.143516041178159649e+05
9.612015018773484298e-03 8.142561260237912647e+05
9.411764705882369464e-03 8.141612831247150898e+05
9.211514392991254629e-03 8.140670711947738891e+05
9.011264080100167551e-03 8.139734860362675972e+05
8.811013767209052716e-03 8.138805234794223215e+05
8.610763454317937882e-03 8.137881793822050095e+05
8.410513141426823047e-03 8.136964496301384643e+05
8.210262828535708213e-03 8.136053301361185731e+05
8.010012515644593378e-03 8.135148168402313022e+05
7.809762202753478544e-03 8.134249057095726021e+05
7.609511889862363709e-03 8.133355927380686626e+05
7.409261576971248875e-03 8.132468739462968661e+05
7.209011264080134040e-03 8.131587453813089523e+05
7.008760951189019206e-03 8.130712031164548825e+05
6.808510638297904372e-03 8.129842432512075175e+05
6.608260325406789537e-03 8.128978619109892752e+05
6.408010012515674703e-03 8.128120552469993709e+05
6.207759699624559868e-03 8.127268194360418711e+05
6.007509386733445034e-03 8.126421506803561933e+05
5.807259073842330199e-03 8.125580452074471395e+05
5.607008760951215365e-03 8.124744992699170252e+05
5.406758448060100530e-03 8.123915091452992056e+05
5.206508135168985696e-03 8.123090711358913686e+05
5.006257822277870861e-03 8.122271815685913898e+05
4.806007509386756027e-03 8.121458367947334191e+05
4.605757196495641193e-03 8.120650331899254816e+05
4.405506883604526358e-03 8.119847671538877767e+05
4.205256570713411524e-03 8.119050351102926070e+05
4.005006257822296689e-03 8.118258335066045402e+05
3.804755944931181855e-03 8.117471588139225496e+05
3.604505632040067020e-03 8.116690075268223882e+05
3.404255319148952186e-03 8.115913761632010574e+05
3.204005006257865107e-03 8.115142612641208107e+05
3.003754693366750272e-03 8.114376593936556019e+05
2.803504380475635438e-03 8.113615671387379989e+05
2.603254067584520604e-03 8.112859811090067960e+05
2.403003754693405769e-03 8.112108979366561398e+05
2.202753441802290935e-03 8.111363142762854695e+05
2.002503128911176100e-03 8.110622268047505058e+05
1.802252816020061266e-03 8.109886322210150538e+05
1.602002503128946431e-03 8.109155272460040869e+05
1.401752190237831597e-03 8.108429086224574130e+05
1.201501877346716762e-03 8.107707731147847371e+05
1.001251564455601928e-03 8.106991175089215394e+05
8.010012515644870934e-04 8.106279386121855350e+05
6.007509386733722589e-04 8.105572332531348802e+05
4.005006257822574245e-04 8.104869982814266114e+05
2.002503128911425900e-04 8.104172305676762480e+05
2.775557561562891351e-17 8.103479270033184439e+05
---------------
