field_vs_length
---------------
1.600000000000000033e-01 2.100000000000000000e+06
1.597997496871088885e-01 2.100000000000000000e+06
1.595994993742177737e-01 2.100000000000000000e+06
1.593992490613266588e-01 2.100000000000000000e+06
1.591989987484355440e-01 2.100000000000000000e+06
1.589987484355444292e-01 2.100000000000000000e+06
1.587984981226533143e-01 2.100000000000000000e+06
1.585982478097621995e-01 2.100000000000000000e+06
1.583979974968710847e-01 2.100000000000000000e+06
1.581977471839799698e-01 2.100000000000000000e+06
1.579974968710888550e-01 2.100000000000000000e+06
1.577972465581977402e-01 2.100000000000000000e+06
1.575969962453066253e-01 2.100000000000000000e+06
1.573967459324155105e-01 2.100000000000000000e+06
1.571964956195244234e-01 2.100000000000000000e+06
1.569962453066333086e-01 2.100000000000000000e+06
1.567959949937421937e-01 2.100000000000000000e+06
1.565957446808510789e-01 2.100000000000000000e+06
1.563954943679599641e-01 2.100000000000000000e+06
1.561952440550688492e-01 2.100000000000000000e+06
1.559949937421777344e-01 2.100000000000000000e+06
1.557947434292866196e-01 2.100000000000000000e+06
1.555944931163955047e-01 2.100000000000000000e+06
1.553942428035043899e-01 2.100000000000000000e+06
1.551939924906132751e-01 2.100000000000000000e+06
1.549937421777221602e-01 2.100000000000000000e+06
1.547934918648310454e-01 2.100000000000000000e+06
1.545932415519399306e-01 2.100000000000000000e+06
1.543929912390488157e-01 2.100000000000000000e+06
1.541927409261577009e-01 2.100000000000000000e+06
1.539924906132665861e-01 2.100000000000000000e+06
1.537922403003754712e-01 2.100000000000000000e+06
1.535919899874843564e-01 2.100000000000000000e+06
1.533917396745932415e-01 2.100000000000000000e+06
1.531914893617021267e-01 2.100000000000000000e+06
1.529912390488110119e-01 2.100000000000000000e+06
1.527909887359198970e-01 2.100000000000000000e+06
1.525907384230287822e-01 2.100000000000000000e+06
1.523904881101376674e-01 2.100000000000000000e+06
1.521902377972465525e-01 2.100000000000000000e+06
1.519899874843554377e-01 2.100000000000000000e+06
1.517897371714643229e-01 2.100000000000000000e+06
1.515894868585732080e-01 2.100000000000000000e+06
1.513892365456820932e-01 2.100000000000000000e+06
1.511889862327910061e-01 2.100000000000000000e+06
1.509887359198998913e-01 2.100000000000000000e+06
1.507884856070087765e-01 2.100000000000000000e+06
1.505882352941176616e-01 2.100000000000000000e+06
1.503879849812265468e-01 2.100000000000000000e+06
1.501877346683354320e-01 2.100000000000000000e+06
1.499874843554443171e-01 2.100000000000000000e+06
1.497872340425532023e-01 2.100000000000000000e+06
1.495869837296620875e-01 2.100000000000000000e+06
1.493867334167709726e-01 2.100000000000000000e+06
1.491864831038798578e-01 2.100000000000000000e+06
1.489862327909887429e-01 2.100000000000000000e+06
1.487859824780976281e-01 2.100000000000000000e+06
1.485857321652065133e-01 2.100000000000000000e+06
1.483854818523153984e-01 2.100000000000000000e+06
1.481852315394242836e-01 2.100000000000000000e+06
1.479849812265331688e-01 2.100000000000000000e+06
1.477847309136420539e-01 2.100000000000000000e+06
1.475844806007509391e-01 2.100000000000000000e+06
1.473842302878598243e-01 2.100000000000000000e+06
1.471839799749687094e-01 2.100000000000000000e+06
1.469837296620775946e-01 2.100000000000000000e+06
1.467834793491864798e-01 2.100000000000000000e+06
1.465832290362953649e-01 2.100000000000000000e+06
1.463829787234042501e-01 2.100000000000000000e+06
1.461827284105131353e-01 2.100000000000000000e+06
1.459824780976220204e-01 2.100000000000000000e+06
1.457822277847309334e-01 2.100000000000000000e+06
1.455819774718398185e-01 2.100000000000000000e+06
1.453817271589487037e-01 2.100000000000000000e+06
1.451814768460575888e-01 2.100000000000000000e+06
1.449812265331664740e-01 2.099024146173702553e+06
1.447809762202753592e-01 2.088660508350180928e+06
1.445807259073842443e-01 2.078379551814188249e+06
1.443804755944931295e-01 2.068180616932937410e+06
1.441802252816020147e-01 2.058063049336202443e+06
1.439799749687108998e-01 2.048026199874335667e+06
1.437797246558197850e-01 2.038069424576616148e+06
1.435794743429286702e-01 2.028192084609932965e+06
1.433792240300375553e-01 2.018393546237797476e+06
1.431789737171464405e-01 2.008673180779682240e+06
1.429787234042553257e-01 1.999030364570683334e+06
1.427784730913642108e-01 1.989464478921507485e+06
1.425782227784730960e-01 1.979974910078775603e+06
1.423779724655819812e-01 1.970561049185643671e+06
1.421777221526908663e-01 1.961222292242738185e+06
1.419774718397997515e-01 1.951958040069403825e+06
1.417772215269086367e-01 1.942767698265259620e+06
1.415769712140175218e-01 1.933650677172060357e+06
1.413767209011264070e-01 1.924606391835865797e+06
1.411764705882352922e-01 1.915634261969508370e+06
1.409762202753441773e-01 1.906733711915362161e+06
1.407759699624530625e-01 1.897904170608407119e+06
1.405757196495619477e-01 1.889145071539591299e+06
1.403754693366708328e-01 1.880455852719481336e+06
1.401752190237797180e-01 1.871835956642205594e+06
1.399749687108886032e-01 1.863284830249684863e+06
1.397747183979974883e-01 1.854801924896146404e+06
1.395744680851064012e-01 1.846386696312923916e+06
1.393742177722152864e-01 1.838038604573535733e+06
1.391739674593241716e-01 1.829757114059043583e+06
1.389737171464330567e-01 1.821541693423686549e+06
1.387734668335419419e-01 1.813391815560789080e+06
1.385732165206508271e-01 1.805306957568943035e+06
1.383729662077597122e-01 1.797286600718457252e+06
1.381727158948685974e-01 1.789330230418073945e+06
1.379724655819774826e-01 1.781437336181954946e+06
1.377722152690863677e-01 1.773607411596925929e+06
1.375719649561952529e-01 1.765839954289987218e+06
1.373717146433041381e-01 1.758134465896078851e+06
1.371714643304130232e-01 1.750490452026106650e+06
1.369712140175219084e-01 1.742907422235221602e+06
1.367709637046307936e-01 1.735384889991352800e+06
1.365707133917396787e-01 1.727922372643989511e+06
1.363704630788485639e-01 1.720519391393216327e+06
1.361702127659574491e-01 1.713175471258992795e+06
1.359699624530663342e-01 1.705890141050676117e+06
1.357697121401752194e-01 1.698662933336792048e+06
1.355694618272841045e-01 1.691493384415042587e+06
1.353692115143929897e-01 1.684381034282555338e+06
1.351689612015018749e-01 1.677325426606367808e+06
1.349687108886107600e-01 1.670326108694151510e+06
1.347684605757196452e-01 1.663382631465164479e+06
1.345682102628285581e-01 1.656494549421439879e+06
1.343679599499374433e-01 1.649661420619200449e+06
1.341677096370463285e-01 1.642882806640504627e+06
1.339674593241552136e-01 1.636158272565117572e+06
1.337672090112640988e-01 1.629487386942605488e+06
1.335669586983729840e-01 1.622869721764653455e+06
1.333667083854818691e-01 1.616304852437605150e+06
1.331664580725907543e-01 1.609792357755219564e+06
1.329662077596996395e-01 1.603331819871646818e+06
1.327659574468085246e-01 1.596922824274618644e+06
1.325657071339174098e-01 1.590564959758853540e+06
1.323654568210262950e-01 1.584257818399671931e+06
1.321652065081351801e-01 1.578000995526825543e+06
1.319649561952440653e-01 1.571794089698532131e+06
1.317647058823529505e-01 1.565636702675719745e+06
1.315644555694618356e-01 1.559528439396473812e+06
1.313642052565707208e-01 1.553468907950691879e+06
1.311639549436796059e-01 1.547457719554936280e+06
1.309637046307884911e-01 1.541494488527491922e+06
1.307634543178973763e-01 1.535578832263617544e+06
1.305632040050062614e-01 1.529710371211000718e+06
1.303629536921151466e-01 1.523888728845403763e+06
1.301627033792240318e-01 1.518113531646505930e+06
1.299624530663329169e-01 1.512384409073937917e+06
1.297622027534418021e-01 1.506700993543508928e+06
1.295619524405506873e-01 1.501062920403620927e+06
1.293617021276595724e-01 1.495469827911872882e+06
1.291614518147684576e-01 1.489921357211851049e+06
1.289612015018773428e-01 1.484417152310105041e+06
1.287609511889862279e-01 1.478956860053305281e+06
1.285607008760951131e-01 1.473540130105587188e+06
1.283604505632039983e-01 1.468166614926071372e+06
1.281602002503128834e-01 1.462835969746565679e+06
1.279599499374217686e-01 1.457547852549444884e+06
1.277596996245306815e-01 1.452301924045707099e+06
1.275594493116395667e-01 1.447097847653202247e+06
1.273591989987484518e-01 1.441935289475040976e+06
1.271589486858573370e-01 1.436813918278167490e+06
1.269586983729662222e-01 1.431733405472110491e+06
1.267584480600751073e-01 1.426693425087898970e+06
1.265581977471839925e-01 1.421693653757147258e+06
1.263579474342928777e-01 1.416733770691309823e+06
1.261576971214017628e-01 1.411813457661096938e+06
1.259574468085106480e-01 1.406932398976058234e+06
1.257571964956195332e-01 1.402090281464327127e+06
1.255569461827284183e-01 1.397286794452528469e+06
1.253566958698373035e-01 1.392521629745843587e+06
1.251564455569461887e-01 1.387794481608238770e+06
1.249561952440550738e-01 1.383105046742847189e+06
1.247559449311639590e-01 1.378453024272510316e+06
1.245556946182728442e-01 1.373838115720472066e+06
1.243554443053817293e-01 1.369260024991230108e+06
1.241551939924906145e-01 1.364718458351537352e+06
1.239549436795994997e-01 1.360213124411555007e+06
1.237546933667083848e-01 1.355743734106158372e+06
1.235544430538172839e-01 1.351310000676389318e+06
1.233541927409261690e-01 1.346911639651057310e+06
1.231539424280350542e-01 1.342548368828488514e+06
1.229536921151439394e-01 1.338219908258419251e+06
1.227534418022528245e-01 1.333925980224033352e+06
1.225531914893617097e-01 1.329666309224145021e+06
1.223529411764705949e-01 1.325440621955521870e+06
1.221526908635794939e-01 1.321248647295349045e+06
1.219524405506883791e-01 1.317090116283834446e+06
1.217521902377972642e-01 1.312964762106952257e+06
1.215519399249061494e-01 1.308872320079323836e+06
1.213516896120150346e-01 1.304812527627234813e+06
1.211514392991239197e-01 1.300785124271789100e+06
1.209511889862328049e-01 1.296789851612195140e+06
1.207509386733416901e-01 1.292826453309188131e+06
1.205506883604505752e-01 1.288894675068582408e+06
1.203504380475594604e-01 1.284994264624955831e+06
1.201501877346683456e-01 1.281124971725464100e+06
1.199499374217772307e-01 1.277286548113784753e+06
1.197496871088861159e-01 1.273478747514188522e+06
1.195494367959950011e-01 1.269701325615738751e+06
1.193491864831038862e-01 1.265954040056615137e+06
1.191489361702127714e-01 1.262236650408564834e+06
1.189486858573216566e-01 1.258548918161475798e+06
1.187484355444305417e-01 1.254890606708073523e+06
1.185481852315394269e-01 1.251261481328741182e+06
1.183479349186483121e-01 1.247661309176458744e+06
1.181476846057571972e-01 1.244089859261864331e+06
1.179474342928660963e-01 1.240546902438432677e+06
1.177471839799749814e-01 1.237032211387773976e+06
1.175469336670838666e-01 1.233545560605048668e+06
1.173466833541927518e-01 1.230086726384498645e+06
1.171464330413016369e-01 1.226655486805094173e+06
1.169461827284105221e-01 1.223251621716296300e+06
1.167459324155194073e-01 1.219874912723929621e+06
1.165456821026283063e-01 1.216525143176173093e+06
1.163454317897371915e-01 1.213202098149655620e+06
1.161451814768460766e-01 1.209905564435670618e+06
1.159449311639549618e-01 1.206635330526493257e+06
1.157446808510638470e-01 1.203391186601811089e+06
1.155444305381727321e-01 1.200172924515262712e+06
1.153441802252816173e-01 1.196980337781081209e+06
1.151439299123905025e-01 1.193813221560847247e+06
1.149436795994993876e-01 1.190671372650345787e+06
1.147434292866082728e-01 1.187554589466528967e+06
1.145431789737171580e-01 1.184462672034581657e+06
1.143429286608260431e-01 1.181395421975092031e+06
1.141426783479349283e-01 1.178352642491322011e+06
1.139424280350438135e-01 1.175334138356582029e+06
1.137421777221526986e-01 1.172339715901704039e+06
1.135419274092615838e-01 1.169369183002616512e+06
1.133416770963704689e-01 1.166422349068016745e+06
1.131414267834793541e-01 1.163499025027143070e+06
1.129411764705882393e-01 1.160599023317643907e+06
1.127409261576971244e-01 1.157722157873542979e+06
1.125406758448060096e-01 1.154868244113302324e+06
1.123404255319148948e-01 1.152037098927978193e+06
1.121401752190237938e-01 1.149228540669473819e+06
1.119399249061326790e-01 1.146442389138883678e+06
1.117396745932415641e-01 1.143678465574932517e+06
1.115394242803504493e-01 1.140936592642505886e+06
1.113391739674593345e-01 1.138216594421271933e+06
1.111389236545682196e-01 1.135518296394394245e+06
1.109386733416771048e-01 1.132841525437335018e+06
1.107384230287860039e-01 1.130186109806746943e+06
1.105381727158948890e-01 1.127551879129454261e+06
1.103379224030037742e-01 1.124938664391521597e+06
1.101376720901126594e-01 1.122346297927409410e+06
1.099374217772215445e-01 1.119774613409217214e+06
1.097371714643304297e-01 1.117223445836011320e+06
1.095369211514393148e-01 1.114692631523238495e+06
1.093366708385482000e-01 1.112182008092223667e+06
1.091364205256570852e-01 1.109691414459751686e+06
1.089361702127659703e-01 1.107220690827732440e+06
1.087359198998748555e-01 1.104769678672947455e+06
1.085356695869837407e-01 1.102338220736879855e+06
1.083354192740926258e-01 1.099926161015623715e+06
1.081351689612015110e-01 1.097533344749874668e+06
1.079349186483103962e-01 1.095159618415001314e+06
1.077346683354192813e-01 1.092804829711194849e+06
1.075344180225281665e-01 1.090468827553695999e+06
1.073341677096370517e-01 1.088151462063103449e+06
1.071339173967459368e-01 1.085852584555755602e+06
1.069336670838548220e-01 1.083572047534192679e+06
1.067334167709637072e-01 1.081309704677691218e+06
1.065331664580726062e-01 1.079065410832877969e+06
1.063329161451814914e-01 1.076839022004415514e+06
1.061326658322903765e-01 1.074630395345763769e+06
1.059324155193992617e-01 1.072439389150014613e+06
1.057321652065081469e-01 1.070265862840801012e+06
1.055319148936170320e-01 1.068109676963276230e+06
1.053316645807259172e-01 1.065970693175166380e+06
1.051314142678348162e-01 1.063848774237895384e+06
1.049311639549437014e-01 1.061743784007778391e+06
1.047309136420525866e-01 1.059655587427287595e+06
1.045306633291614717e-01 1.057584050516386982e+06
1.043304130162703569e-01 1.055529040363934590e+06
1.041301627033792421e-01 1.053490425119156949e+06
1.039299123904881272e-01 1.051468073983188020e+06
1.037296620775970124e-01 1.049461857200677507e+06
1.035294117647058976e-01 1.047471646051465068e+06
1.033291614518147827e-01 1.045497312842323096e+06
1.031289111389236679e-01 1.043538730898762005e+06
1.029286608260325531e-01 1.041595774556903983e+06
1.027284105131414382e-01 1.039668319155419711e+06
1.025281602002503234e-01 1.037756241027530283e+06
1.023279098873592086e-01 1.035859417493072571e+06
1.021276595744680937e-01 1.033977726850627689e+06
1.019274092615769789e-01 1.032111048369713128e+06
1.017271589486858641e-01 1.030259262283036369e+06
1.015269086357947492e-01 1.028422249778810306e+06
1.013266583229036344e-01 1.026599892993130488e+06
1.011264080100125196e-01 1.024792075002412777e+06
1.009261576971214047e-01 1.022998679815891432e+06
1.007259073842303038e-01 1.021219592368177138e+06
1.005256570713391889e-01 1.019454698511874420e+06
1.003254067584480741e-01 1.017703885010257596e+06
1.001251564455569593e-01 1.015967039530005655e+06
9.992490613266584443e-02 1.014244050633994862e+06
9.972465581977472959e-02 1.012534807774148881e+06
9.952440550688361476e-02 1.010839201284345705e+06
9.932415519399251380e-02 1.009157122373381979e+06
9.912390488110139897e-02 1.007488463117992040e+06
9.892365456821028413e-02 1.005833116455924348e+06
9.872340425531916930e-02 1.004190976179071702e+06
9.852315394242805446e-02 1.002561936926657101e+06
9.832290362953693963e-02 1.000945894178473856e+06
9.812265331664582479e-02 9.993427442481792532e+05
9.792240300375470996e-02 9.977523842766419984e+05
9.772215269086359513e-02 9.961747122253428679e+05
9.752190237797248029e-02 9.946096268698277418e+05
9.732165206508136546e-02 9.930570277932129102e+05
9.712140175219025062e-02 9.915168153797426494e+05
9.692115143929913579e-02 9.899888908083970891e+05
9.672090112640802095e-02 9.884731560465525836e+05
9.652065081351690612e-02 9.869695138436914422e+05
9.632040050062579128e-02 9.854778677251620684e+05
9.612015018773467645e-02 9.839981219859896228e+05
9.591989987484356162e-02 9.825301816847352311e+05
9.571964956195246066e-02 9.810739526374044362e+05
9.551939924906134582e-02 9.796293414114044281e+05
9.531914893617023099e-02 9.781962553195493529e+05
9.511889862327911616e-02 9.767746024141131202e+05
9.491864831038800132e-02 9.753642914809306385e+05
9.471839799749688649e-02 9.739652320335445693e+05
9.451814768460577165e-02 9.725773343074006261e+05
9.431789737171465682e-02 9.712005092540874612e+05
9.411764705882354198e-02 9.698346685356235830e+05
9.391739674593242715e-02 9.684797245187894441e+05
9.371714643304131231e-02 9.671355902695051627e+05
9.351689612015019748e-02 9.658021795472520171e+05
9.331664580725908265e-02 9.644794067995401565e+05
9.311639549436796781e-02 9.631671871564188041e+05
9.291614518147686685e-02 9.618654364250311628e+05
9.271589486858575202e-02 9.605740710842125118e+05
9.251564455569463719e-02 9.592930082791314926e+05
9.231539424280352235e-02 9.580221658159742365e+05
9.211514392991240752e-02 9.567614621566704009e+05
9.191489361702129268e-02 9.555108164136618143e+05
9.171464330413017785e-02 9.542701483447129140e+05
9.151439299123906301e-02 9.530393783477618126e+05
9.131414267834794818e-02 9.518184274558136240e+05
9.111389236545683334e-02 9.506072173318731366e+05
9.091364205256571851e-02 9.494056702639195137e+05
9.071339173967460368e-02 9.482137091599195264e+05
9.051314142678348884e-02 9.470312575428818818e+05
9.031289111389237401e-02 9.458582395459495019e+05
9.011264080100127305e-02 9.446945799075332470e+05
8.991239048811015822e-02 9.435402039664813783e+05
8.971214017521904338e-02 9.423950376572909299e+05
8.951188986232792855e-02 9.412590075053543551e+05
8.931163954943681371e-02 9.401320406222462188e+05
8.911138923654569888e-02 9.390140647010458633e+05
8.891113892365458404e-02 9.379050080116988393e+05
8.871088861076346921e-02 9.368047993964141933e+05
8.851063829787235437e-02 9.357133682650991250e+05
8.831038798498123954e-02 9.346306445908298483e+05
8.811013767209012471e-02 9.335565589053586591e+05
8.790988735919900987e-02 9.324910422946566250e+05
8.770963704630789504e-02 9.314340263944925973e+05
8.750938673341678020e-02 9.303854433860458666e+05
8.730913642052567925e-02 9.293452259915560717e+05
8.710888610763456441e-02 9.283133074700055877e+05
8.690863579474344958e-02 9.272896216128378874e+05
8.670838548185233474e-02 9.262741027397096623e+05
8.650813516896121991e-02 9.252666856942767045e+05
8.630788485607010507e-02 9.242673058400127338e+05
8.610763454317899024e-02 9.232758990560632665e+05
8.590738423028787540e-02 9.222924017331311479e+05
8.570713391739676057e-02 9.213167507693951484e+05
8.550688360450564574e-02 9.203488835664613871e+05
8.530663329161453090e-02 9.193887380253474694e+05
8.510638297872341607e-02 9.184362525424975902e+05
8.490613266583230123e-02 9.174913660058300011e+05
8.470588235294118640e-02 9.165540177908166079e+05
8.450563204005008544e-02 9.156241477565926034e+05
8.430538172715897061e-02 9.147016962420982309e+05
8.410513141426785577e-02 9.137866040622506989e+05
8.390488110137674094e-02 9.128788125041467138e+05
8.370463078848562610e-02 9.119782633232959779e+05
8.350438047559451127e-02 9.110848987398832105e+05
8.330413016270339643e-02 9.101986614350619493e+05
8.310387984981228160e-02 9.093194945472762920e+05
8.290362953692116676e-02 9.084473416686131386e+05
8.270337922403005193e-02 9.075821468411822570e+05
8.250312891113893710e-02 9.067238545535269659e+05
8.230287859824782226e-02 9.058724097370615928e+05
8.210262828535670743e-02 9.050277577625387348e+05
8.190237797246559259e-02 9.041898444365443429e+05
8.170212765957447776e-02 9.033586159980199300e+05
8.150187734668337680e-02 9.025340191148142330e+05
8.130162703379226197e-02 9.017160008802602533e+05
8.110137672090114713e-02 9.009045088097817497e+05
8.090112640801003230e-02 9.000994908375252271e+05
8.070087609511891746e-02 8.993008953130196314e+05
8.050062578222780263e-02 8.985086709978621220e+05
8.030037546933668779e-02 8.977227670624307357e+05
8.010012515644557296e-02 8.969431330826232443e+05
7.989987484355445813e-02 8.961697190366218565e+05
7.969962453066334329e-02 8.954024753016835311e+05
7.949937421777222846e-02 8.946413526509564836e+05
7.929912390488111362e-02 8.938863022503217217e+05
7.909887359198999879e-02 8.931372756552594947e+05
7.889862327909888395e-02 8.923942248077415861e+05
7.869837296620778300e-02 8.916571020331473555e+05
7.849812265331666816e-02 8.909258600372052751e+05
7.829787234042555333e-02 8.902004519029580988e+05
7.809762202753443849e-02 8.894808310877532931e+05
7.789737171464332366e-02 8.887669514202561695e+05
7.769712140175220882e-02 8.880587670974879293e+05
7.749687108886109399e-02 8.873562326818865258e+05
7.729662077596997916e-02 8.866593030983918579e+05
7.709637046307886432e-02 8.859679336315533146e+05
7.689612015018774949e-02 8.852820799226609524e+05
7.669586983729663465e-02 8.846016979668994900e+05
7.649561952440551982e-02 8.839267441105246544e+05
7.629536921151440498e-02 8.832571750480628107e+05
7.609511889862329015e-02 8.825929478195318952e+05
7.589486858573218919e-02 8.819340198076856323e+05
7.569461827284107436e-02 8.812803487352784723e+05
7.549436795994995952e-02 8.806318926623539301e+05
7.529411764705884469e-02 8.799886099835529458e+05
7.509386733416772985e-02 8.793504594254449476e+05
7.489361702127661502e-02 8.787174000438795192e+05
7.469336670838550019e-02 8.780893912213591393e+05
7.449311639549438535e-02 8.774663926644338062e+05
7.429286608260327052e-02 8.768483644011149881e+05
7.409261576971215568e-02 8.762352667783116922e+05
7.389236545682104085e-02 8.756270604592858581e+05
7.369211514392992601e-02 8.750237064211287070e+05
7.349186483103881118e-02 8.744251659522566479e+05
7.329161451814769634e-02 8.738314006499282550e+05
7.309136420525659539e-02 8.732423724177796394e+05
7.289111389236548055e-02 8.726580434633801924e+05
7.269086357947436572e-02 8.720783762958081206e+05
7.249061326658325088e-02 8.715033337232450722e+05
7.229036295369213605e-02 8.709328788505893899e+05
7.209011264080102122e-02 8.703669750770895043e+05
7.188986232790990638e-02 8.698055860939949052e+05
7.168961201501879155e-02 8.692486758822273696e+05
7.148936170212767671e-02 8.686962087100690696e+05
7.128911138923656188e-02 8.681481491308709374e+05
7.108886107634544704e-02 8.676044619807775598e+05
7.088861076345433221e-02 8.670651123764713993e+05
7.068836045056321737e-02 8.665300657129350584e+05
7.048811013767210254e-02 8.659992876612298423e+05
7.028785982478100158e-02 8.654727441662948113e+05
7.008760951188988675e-02 8.649504014447601512e+05
6.988735919899877191e-02 8.644322259827808011e+05
6.968710888610765708e-02 8.639181845338857966e+05
6.948685857321654225e-02 8.634082441168447258e+05
6.928660826032542741e-02 8.629023720135523472e+05
6.908635794743431258e-02 8.624005357669290388e+05
6.888610763454319774e-02 8.619027031788381282e+05
6.868585732165208291e-02 8.614088423080205685e+05
6.848560700876096807e-02 8.609189214680448640e+05
6.828535669586985324e-02 8.604329092252748087e+05
6.808510638297873840e-02 8.599507743968520081e+05
6.788485607008762357e-02 8.594724860486956313e+05
6.768460575719650874e-02 8.589980134935175302e+05
6.748435544430539390e-02 8.585273262888531899e+05
6.728410513141429294e-02 8.580603942351085134e+05
6.708385481852317811e-02 8.575971873736226698e+05
6.688360450563206328e-02 8.571376759847451467e+05
6.668335419274094844e-02 8.566818305859294487e+05
6.648310387984983361e-02 8.562296219298416981e+05
6.628285356695871877e-02 8.557810210024833214e+05
6.608260325406760394e-02 8.553359990213301498e+05
6.588235294117648910e-02 8.548945274334856076e+05
6.568210262828537427e-02 8.544565779138482176e+05
6.548185231539425943e-02 8.540221223632952897e+05
6.528160200250314460e-02 8.535911329068789491e+05
6.508135168961202977e-02 8.531635818920382299e+05
6.488110137672091493e-02 8.527394418868250214e+05
6.468085106382980010e-02 8.523186856781435199e+05
6.448060075093869914e-02 8.519012862700046971e+05
6.428035043804758430e-02 8.514872168817939237e+05
6.408010012515646947e-02 8.510764509465526789e+05
6.387984981226535464e-02 8.506689621092742309e+05
6.367959949937423980e-02 8.502647242252125870e+05
6.347934918648312497e-02 8.498637113582048332e+05
6.327909887359201013e-02 8.494658977790075587e+05
6.307884856070089530e-02 8.490712579636453884e+05
6.287859824780978046e-02 8.486797665917738341e+05
6.267834793491866563e-02 8.482913985450544860e+05
6.247809762202755079e-02 8.479061289055435918e+05
6.227784730913643596e-02 8.475239329540932085e+05
6.207759699624532113e-02 8.471447861687649274e+05
6.187734668335420629e-02 8.467686642232571030e+05
6.167709637046310533e-02 8.463955429853437236e+05
6.147684605757199050e-02 8.460253985153259709e+05
6.127659574468087567e-02 8.456582070644964697e+05
6.107634543178976083e-02 8.452939450736154104e+05
6.087609511889864600e-02 8.449325891713990131e+05
6.067584480600753116e-02 8.445741161730200984e+05
6.047559449311641633e-02 8.442185030786204152e+05
6.027534418022530149e-02 8.438657270718349610e+05
6.007509386733418666e-02 8.435157655183280585e+05
5.987484355444307182e-02 8.431685959643411916e+05
5.967459324155195699e-02 8.428241961352524813e+05
5.947434292866084216e-02 8.424825439341471065e+05
5.927409261576972732e-02 8.421436174404000631e+05
5.907384230287861249e-02 8.418073949082695181e+05
5.887359198998751153e-02 8.414738547655012226e+05
5.867334167709639670e-02 8.411429756119450321e+05
5.847309136420528186e-02 8.408147362181815552e+05
5.827284105131416703e-02 8.404891155241599772e+05
5.807259073842305219e-02 8.401660926378471777e+05
5.787234042553193736e-02 8.398456468338867417e+05
5.767209011264082252e-02 8.395277575522696134e+05
5.747183979974970769e-02 8.392124043970151106e+05
5.727158948685859285e-02 8.388995671348617179e+05
5.707133917396747802e-02 8.385892256939694053e+05
5.687108886107636319e-02 8.382813601626316085e+05
5.667083854818524835e-02 8.379759507879975718e+05
5.647058823529413352e-02 8.376729779748055153e+05
5.627033792240301868e-02 8.373724222841246519e+05
5.607008760951190385e-02 8.370742644321083790e+05
5.586983729662080289e-02 8.367784852887571324e+05
5.566958698372968806e-02 8.364850658766906708e+05
5.546933667083857322e-02 8.361939873699308373e+05
5.526908635794745839e-02 8.359052310926930513e+05
5.506883604505634355e-02 8.356187785181888612e+05
5.486858573216522872e-02 8.353346112674367614e+05
5.466833541927411388e-02 8.350527111080831382e+05
5.446808510638299905e-02 8.347730599532321794e+05
5.426783479349188422e-02 8.344956398602859117e+05
5.406758448060076938e-02 8.342204330297927372e+05
5.386733416770965455e-02 8.339474218043051660e+05
5.366708385481853971e-02 8.336765886672472116e+05
5.346683354192742488e-02 8.334079162417907501e+05
5.326658322903631004e-02 8.331413872897399124e+05
5.306633291614520909e-02 8.328769847104256041e+05
5.286608260325409425e-02 8.326146915396081749e+05
5.266583229036297942e-02 8.323544909483889351e+05
5.246558197747186458e-02 8.320963662421306362e+05
5.226533166458074975e-02 8.318403008593859849e+05
5.206508135168963491e-02 8.315862783708351199e+05
5.186483103879852008e-02 8.313342824782318203e+05
5.166458072590740525e-02 8.310842970133575145e+05
5.146433041301629041e-02 8.308363059369836701e+05
5.126408010012517558e-02 8.305902933378433809e+05
5.106382978723406074e-02 8.303462434316098224e+05
5.086357947434294591e-02 8.301041405598842539e+05
5.066332916145183107e-02 8.298639691891903058e+05
5.046307884856071624e-02 8.296257139099783963e+05
5.026282853566961528e-02 8.293893594356365502e+05
5.006257822277850045e-02 8.291548906015094835e+05
4.986232790988738561e-02 8.289222923639259534e+05
4.966207759699627078e-02 8.286915497992333258e+05
4.946182728410515594e-02 8.284626481028402923e+05
4.926157697121404111e-02 8.282355725882664556e+05
4.906132665832292628e-02 8.280103086862008786e+05
4.886107634543181144e-02 8.277868419435664546e+05
4.866082603254069661e-02 8.275651580225933576e+05
4.846057571964958177e-02 8.273452426998984301e+05
4.826032540675846694e-02 8.271270818655730691e+05
4.806007509386735210e-02 8.269106615222777473e+05
4.785982478097623727e-02 8.266959677843439858e+05
4.765957446808512243e-02 8.264829868768833112e+05
4.745932415519402148e-02 8.262717051349037793e+05
4.725907384230290664e-02 8.260621090024326695e+05
4.705882352941179181e-02 8.258541850316474447e+05
4.685857321652067697e-02 8.256479198820121819e+05
4.665832290362956214e-02 8.254433003194222692e+05
4.645807259073844731e-02 8.252403132153546903e+05
4.625782227784733247e-02 8.250389455460264580e+05
4.605757196495621764e-02 8.248391843915580539e+05
4.585732165206510280e-02 8.246410169351454824e+05
4.565707133917398797e-02 8.244444304622370983e+05
4.545682102628287313e-02 8.242494123597183498e+05
4.525657071339175830e-02 8.240559501151021104e+05
4.505632040050064346e-02 8.238640313157264609e+05
4.485607008760952863e-02 8.236736436479577096e+05
4.465581977471841379e-02 8.234847748964005150e+05
4.445556946182731284e-02 8.232974129431141773e+05
4.425531914893619800e-02 8.231115457668352174e+05
4.405506883604508317e-02 8.229271614422060084e+05
4.385481852315396833e-02 8.227442481390096946e+05
4.365456821026285350e-02 8.225627941214109305e+05
4.345431789737173867e-02 8.223827877472032560e+05
4.325406758448062383e-02 8.222042174670618260e+05
4.305381727158950900e-02 8.220270718238024274e+05
4.285356695869839416e-02 8.218513394516467815e+05
4.265331664580727933e-02 8.216770090754927369e+05
4.245306633291616449e-02 8.215040695101910969e+05
4.225281602002504966e-02 8.213325096598280361e+05
4.205256570713393482e-02 8.211623185170133365e+05
4.185231539424281999e-02 8.209934851621736307e+05
4.165206508135171903e-02 8.208259987628521631e+05
4.145181476846060420e-02 8.206598485730139073e+05
4.125156445556948936e-02 8.204950239323555725e+05
4.105131414267837453e-02 8.203315142656223616e+05
4.085106382978725970e-02 8.201693090819285717e+05
4.065081351689614486e-02 8.200083979740855284e+05
4.045056320400503003e-02 8.198487706179326633e+05
4.025031289111391519e-02 8.196904167716763914e+05
4.005006257822280036e-02 8.195333262752318988e+05
3.984981226533168552e-02 8.193774890495717991e+05
3.964956195244057069e-02 8.192228950960794464e+05
3.944931163954945585e-02 8.190695344959072536e+05
3.924906132665834102e-02 8.189173974093404831e+05
3.904881101376722619e-02 8.187664740751658101e+05
3.884856070087612523e-02 8.186167548100447748e+05
3.864831038798501039e-02 8.184682300078931730e+05
3.844806007509389556e-02 8.183208901392640546e+05
3.824780976220278073e-02 8.181747257507366594e+05
3.804755944931166589e-02 8.180297274643096607e+05
3.784730913642055106e-02 8.178858859767997637e+05
3.764705882352943622e-02 8.177431920592444949e+05
3.744680851063832139e-02 8.176016365563103464e+05
3.724655819774720655e-02 8.174612103857052280e+05
3.704630788485609172e-02 8.173219045375954593e+05
3.684605757196497688e-02 8.171837100740282331e+05
3.664580725907386205e-02 8.170466181283580372e+05
3.644555694618274722e-02 8.169106199046771508e+05
3.624530663329163238e-02 8.167757066772521939e+05
3.604505632040053142e-02 8.166418697899634717e+05
3.584480600750941659e-02 8.165091006557503715e+05
3.564455569461830176e-02 8.163773907560597872e+05
3.544430538172718692e-02 8.162467316402996657e+05
3.524405506883607209e-02 8.161171149252970936e+05
3.504380475594495725e-02 8.159885322947602253e+05
3.484355444305384242e-02 8.158609754987448687e+05
3.464330413016272758e-02 8.157344363531246781e+05
3.444305381727161275e-02 8.156089067390668206e+05
3.424280350438049791e-02 8.154843786025104346e+05
3.404255319148938308e-02 8.153608439536500955e+05
3.384230287859826825e-02 8.152382948664232390e+05
3.364205256570715341e-02 8.151167234780015424e+05
3.344180225281603858e-02 8.149961219882864971e+05
3.324155193992492374e-02 8.148764826594089391e+05
3.304130162703380891e-02 8.147577978152325377e+05
3.284105131414269407e-02 8.146400598408612423e+05
3.264080100125157924e-02 8.145232611821510363e+05
3.244055068836046440e-02 8.144073943452244857e+05
3.224030037546934957e-02 8.142924518959911074e+05
3.204005006257823474e-02 8.141784264596692519e+05
3.183979974968711990e-02 8.140653107203134568e+05
3.163954943679603282e-02 8.139530974203451769e+05
3.143929912390491799e-02 8.138417793600868899e+05
3.123904881101380315e-02 8.137313493973000441e+05
3.103879849812268832e-02 8.136218004467274295e+05
3.083854818523157348e-02 8.135131254796377616e+05
3.063829787234045865e-02 8.134053175233751535e+05
3.043804755944934382e-02 8.132983696609117324e+05
3.023779724655822898e-02 8.131922750304039801e+05
3.003754693366711415e-02 8.130870268247519853e+05
2.983729662077599931e-02 8.129826182911632350e+05
2.963704630788488448e-02 8.128790427307188511e+05
2.943679599499376964e-02 8.127762934979443671e+05
2.923654568210265481e-02 8.126743640003829496e+05
2.903629536921153997e-02 8.125732476981722284e+05
2.883604505632042514e-02 8.124729381036254345e+05
2.863579474342931031e-02 8.123734287808141671e+05
2.843554443053819547e-02 8.122747133451564005e+05
2.823529411764708064e-02 8.121767854630062357e+05
2.803504380475596580e-02 8.120796388512476115e+05
2.783479349186485097e-02 8.119832672768916236e+05
2.763454317897373613e-02 8.118876645566758234e+05
2.743429286608262130e-02 8.117928245566682890e+05
2.723404255319150646e-02 8.116987411918735597e+05
2.703379224030039163e-02 8.116054084258424118e+05
2.683354192740927679e-02 8.115128202702844283e+05
2.663329161451816196e-02 8.114209707846840611e+05
2.643304130162704713e-02 8.113298540759191383e+05
2.623279098873593229e-02 8.112394642978830962e+05
2.603254067584484521e-02 8.111497956511094235e+05
2.583229036295373038e-02 8.110608423824001802e+05
2.563204005006261554e-02 8.109725987844563788e+05
2.543178973717150071e-02 8.108850591955119744e+05
2.523153942428038587e-02 8.107982179989705328e+05
2.503128911138927104e-02 8.107120696230451576e+05
2.483103879849815621e-02 8.106266085404005134e+05
2.463078848560704137e-02 8.105418292677984573e+05
2.443053817271592654e-02 8.104577263657464646e+05
2.423028785982481170e-02 8.103742944381480338e+05
2.403003754693369687e-02 8.102915281319571659e+05
2.382978723404258203e-02 8.102094221368343569e+05
2.362953692115146720e-02 8.101279711848060833e+05
2.342928660826035236e-02 8.100471700499268482e+05
2.322903629536923753e-02 8.099670135479437886e+05
2.302878598247812270e-02 8.098874965359641938e+05
2.282853566958700786e-02 8.098086139121254673e+05
2.262828535669589303e-02 8.097303606152676512e+05
2.242803504380477819e-02 8.096527316246088594e+05
2.222778473091366336e-02 8.095757219594230410e+05
2.202753441802254852e-02 8.094993266787205357e+05
2.182728410513143369e-02 8.094235408809310757e+05
2.162703379224031885e-02 8.093483597035889979e+05
2.142678347934920402e-02 8.092737783230216010e+05
2.122653316645808919e-02 8.091997919540395960e+05
2.102628285356697435e-02 8.091263958496297710e+05
2.082603254067585952e-02 8.090535853006509133e+05
2.062578222778474468e-02 8.089813556355314795e+05
2.042553191489365760e-02 8.089097022199693602e+05
2.022528160200254277e-02 8.088386204566356027e+05
2.002503128911142793e-02 8.087681057848783676e+05
1.982478097622031310e-02 8.086981536804310745e+05
1.962453066332919827e-02 8.086287596551214810e+05
1.942428035043808343e-02 8.085599192565843696e+05
1.922403003754696860e-02 8.084916280679755146e+05
1.902377972465585376e-02 8.084238817076882115e+05
1.882352941176473893e-02 8.083566758290724829e+05
1.862327909887362409e-02 8.082900061201557983e+05
1.842302878598250926e-02 8.082238683033669367e+05
1.822277847309139442e-02 8.081582581352606649e+05
1.802252816020027959e-02 8.080931714062467217e+05
1.782227784730916476e-02 8.080286039403184550e+05
1.762202753441804992e-02 8.079645515947858803e+05
1.742177722152693509e-02 8.079010102600090904e+05
1.722152690863582025e-02 8.078379758591352729e+05
1.702127659574470542e-02 8.077754443478366593e+05
1.682102628285359058e-02 8.077134117140513845e+05
1.662077596996247575e-02 8.076518739777255105e+05
1.642052565707136091e-02 8.075908271905584261e+05
1.622027534418024608e-02 8.075302674357489450e+05
1.602002503128913125e-02 8.074701908277441980e+05
1.581977471839801641e-02 8.074105935119903879e+05
1.561952440550690158e-02 8.073514716646854067e+05
1.541927409261578674e-02 8.072928214925334323e+05
1.521902377972467191e-02 8.072346392325016204e+05
1.501877346683355707e-02 8.071769211515788920e+05
1.481852315394244224e-02 8.071196635465358850e+05
1.461827284105135516e-02 8.070628627436878160e+05
1.441802252816024033e-02 8.070065150986587396e+05
1.421777221526912549e-02 8.069506169961474370e+05
1.401752190237801066e-02 8.068951648496955168e+05
1.381727158948689582e-02 8.068401551014578436e+05
1.361702127659578099e-02 8.067855842219734332e+05
1.341677096370466615e-02 8.067314487099394901e+05
1.321652065081355132e-02 8.066777450919868425e+05
1.301627033792243648e-02 8.066244699224566575e+05
1.281602002503132165e-02 8.065716197831799509e+05
1.261576971214020682e-02 8.065191912832575617e+05
1.241551939924909198e-02 8.064671810588433873e+05
1.221526908635797715e-02 8.064155857729278505e+05
1.201501877346686231e-02 8.063644021151242778e+05
1.181476846057574748e-02 8.063136268014562083e+05
1.161451814768463264e-02 8.062632565741467988e+05
1.141426783479351781e-02 8.062132882014098577e+05
1.121401752190240297e-02 8.061637184772425098e+05
1.101376720901128814e-02 8.061145442212192575e+05
1.081351689612017331e-02 8.060657622782883700e+05
1.061326658322905847e-02 8.060173695185687393e+05
1.041301627033794364e-02 8.059693628371498780e+05
1.021276595744682880e-02 8.059217391538922675e+05
1.001251564455571397e-02 8.058744954132295679e+05
9.812265331664599133e-03 8.058276285839731572e+05
9.612015018773484298e-03 8.057811356591171352e+05
9.411764705882369464e-03 8.057350136556453072e+05
9.211514392991254629e-03 8.056892596143404953e+05
9.011264080100167551e-03 8.056438705995937344e+05
8.811013767209052716e-03 8.055988436992168427e+05
8.610763454317937882e-03 8.055541760242547607e+05
8.410513141426823047e-03 8.055098647088006837e+05
8.210262828535708213e-03 8.054659069098123582e+05
8.010012515644593378e-03 8.054222998069287278e+05
7.809762202753478544e-03 8.053790406022904208e+05
7.609511889862363709e-03 8.053361265203586081e+05
7.409261576971248875e-03 8.052935548077385174e+05
7.209011264080134040e-03 8.052513227330015507e+05
7.008760951189019206e-03 8.052094275865105446e+05
6.808510638297904372e-03 8.051678666802460793e+05
6.608260325406789537e-03 8.051266373476336012e+05
6.408010012515674703e-03 8.050857369433724089e+05
6.207759699624559868e-03 8.050451628432666184e+05
6.007509386733445034e-03 8.050049124440555461e+05
5.807259073842330199e-03 8.049649831632476998e+05
5.607008760951215365e-03 8.049253724389550043e+05
5.406758448060100530e-03 8.048860777297274908e+05
5.206508135168985696e-03 8.048470965143917128e+05
5.006257822277870861e-03 8.048084262918875320e+05
4.806007509386756027e-03 8.047700645811087452e+05
4.605757196495641193e-03 8.047320089207431301e+05
4.405506883604526358e-03 8.046942568691152846e+05
4.205256570713411524e-03 8.046568060040290002e+05
4.005006257822296689e-03 8.046196539226128953e+05
3.804755944931181855e-03 8.045827982411654666e+05
3.604505632040067020e-03 8.045462365950023523e+05
3.404255319148952186e-03 8.045099666383048752e+05
3.204005006257865107e-03 8.044739860439694021e+05
3.003754693366750272e-03 8.044382925034576328e+05
2.803504380475635438e-03 8.044028837266491028e+05
2.603254067584520604e-03 8.043677574416940333e+05
2.403003754693405769e-03 8.043329113948672311e+05
2.202753441802290935e-03 8.042983433504239656e+05
2.002503128911176100e-03 8.042640510904561961e+05
1.802252816020061266e-03 8.042300324147505453e+05
1.602002503128946431e-03 8.041962851406468544e+05
1.401752190237831597e-03 8.041628071028983686e+05
1.201501877346716762e-03 8.041295961535325041e+05
1.001251564455601928e-03 8.040966501617133617e+05
8.010012515644870934e-04 8.040639670136050554e+05
6.007509386733722589e-04 8.040315446122357389e+05
4.005006257822574245e-04 8.039993808773631463e+05
2.002503128911425900e-04 8.039674737453415291e+05
2.775557561562891351e-17 8.039358211689885939e+05
---------------
