field_vs_length
---------------
1.600000000000000033e-01 2.100000000000000000e+06
1.597997496871088885e-01 2.100000000000000000e+06
1.595994993742177737e-01 2.100000000000000000e+06
1.593992490613266588e-01 2.100000000000000000e+06
1.591989987484355440e-01 2.100000000000000000e+06
1.589987484355444292e-01 2.100000000000000000e+06
1.587984981226533143e-01 2.100000000000000000e+06
1.585982478097621995e-01 2.100000000000000000e+06
1.583979974968710847e-01 2.100000000000000000e+06
1.581977471839799698e-01 2.100000000000000000e+06
1.579974968710888550e-01 2.100000000000000000e+06
1.577972465581977402e-01 2.100000000000000000e+06
1.575969962453066253e-01 2.100000000000000000e+06
1.573967459324155105e-01 2.100000000000000000e+06
1.571964956195244234e-01 2.100000000000000000e+06
1.569962453066333086e-01 2.100000000000000000e+06
1.567959949937421937e-01 2.100000000000000000e+06
1.565957446808510789e-01 2.100000000000000000e+06
1.563954943679599641e-01 2.100000000000000000e+06
1.561952440550688492e-01 2.100000000000000000e+06
1.559949937421777344e-01 2.100000000000000000e+06
1.557947434292866196e-01 2.100000000000000000e+06
1.555944931163955047e-01 2.100000000000000000e+06
1.553942428035043899e-01 2.100000000000000000e+06
1.551939924906132751e-01 2.100000000000000000e+06
1.549937421777221602e-01 2.100000000000000000e+06
1.547934918648310454e-01 2.100000000000000000e+06
1.545932415519399306e-01 2.100000000000000000e+06
1.543929912390488157e-01 2.100000000000000000e+06
1.541927409261577009e-01 2.100000000000000000e+06
1.539924906132665861e-01 2.100000000000000000e+06
1.537922403003754712e-01 2.100000000000000000e+06
1.535919899874843564e-01 2.100000000000000000e+06
1.533917396745932415e-01 2.100000000000000000e+06
1.531914893617021267e-01 2.100000000000000000e+06
1.529912390488110119e-01 2.100000000000000000e+06
1.527909887359198970e-01 2.100000000000000000e+06
1.525907384230287822e-01 2.100000000000000000e+06
1.523904881101376674e-01 2.100000000000000000e+06
1.521902377972465525e-01 2.100000000000000000e+06
1.519899874843554377e-01 2.100000000000000000e+06
1.517897371714643229e-01 2.100000000000000000e+06
1.515894868585732080e-01 2.100000000000000000e+06
1.513892365456820932e-01 2.100000000000000000e+06
1.511889862327910061e-01 2.100000000000000000e+06
1.509887359198998913e-01 2.100000000000000000e+06
1.507884856070087765e-01 2.100000000000000000e+06
1.505882352941176616e-01 2.100000000000000000e+06
1.503879849812265468e-01 2.100000000000000000e+06
1.501877346683354320e-01 2.100000000000000000e+06
1.499874843554443171e-01 2.100000000000000000e+06
1.497872340425532023e-01 2.100000000000000000e+06
1.495869837296620875e-01 2.100000000000000000e+06
1.493867334167709726e-01 2.100000000000000000e+06
1.491864831038798578e-01 2.100000000000000000e+06
1.489862327909887429e-01 2.100000000000000000e+06
1.487859824780976281e-01 2.100000000000000000e+06
1.485857321652065133e-01 2.100000000000000000e+06
1.483854818523153984e-01 2.100000000000000000e+06
1.481852315394242836e-01 2.100000000000000000e+06
1.479849812265331688e-01 2.100000000000000000e+06
1.477847309136420539e-01 2.100000000000000000e+06
1.475844806007509391e-01 2.100000000000000000e+06
1.473842302878598243e-01 2.100000000000000000e+06
1.471839799749687094e-01 2.100000000000000000e+06
1.469837296620775946e-01 2.100000000000000000e+06
1.467834793491864798e-01 2.100000000000000000e+06
1.465832290362953649e-01 2.100000000000000000e+06
1.463829787234042501e-01 2.100000000000000000e+06
1.461827284105131353e-01 2.100000000000000000e+06
1.459824780976220204e-01 2.100000000000000000e+06
1.457822277847309334e-01 2.100000000000000000e+06
1.455819774718398185e-01 2.100000000000000000e+06
1.453817271589487037e-01 2.100000000000000000e+06
1.451814768460575888e-01 2.100000000000000000e+06
1.449812265331664740e-01 2.099755967838529497e+06
1.447809762202753592e-01 2.097155806730380282e+06
1.445807259073842443e-01 2.094560847243116470e+06
1.443804755944931295e-01 2.091971078970898641e+06
1.441802252816020147e-01 2.089386491528703598e+06
1.439799749687108998e-01 2.086807074552283855e+06
1.437797246558197850e-01 2.084232817698125495e+06
1.435794743429286702e-01 2.081663710643406026e+06
1.433792240300375553e-01 2.079099743085955502e+06
1.431789737171464405e-01 2.076540904744211584e+06
1.429787234042553257e-01 2.073987185357181588e+06
1.427784730913642108e-01 2.071438574684399180e+06
1.425782227784730960e-01 2.068895062505884096e+06
1.423779724655819812e-01 2.066356638622101629e+06
1.421777221526908663e-01 2.063823292853920953e+06
1.419774718397997515e-01 2.061295015042574145e+06
1.417772215269086367e-01 2.058771795049616601e+06
1.415769712140175218e-01 2.056253622756885597e+06
1.413767209011264070e-01 2.053740488066459075e+06
1.411764705882352922e-01 2.051232380900616758e+06
1.409762202753441773e-01 2.048729291201798245e+06
1.407759699624530625e-01 2.046231208932563663e+06
1.405757196495619477e-01 2.043738124075552449e+06
1.403754693366708328e-01 2.041250026633444708e+06
1.401752190237797180e-01 2.038766906628919300e+06
1.399749687108886032e-01 2.036288754104614723e+06
1.397747183979974883e-01 2.033815559123090236e+06
1.395744680851064012e-01 2.031347311766783940e+06
1.393742177722152864e-01 2.028884002137973905e+06
1.391739674593241716e-01 2.026425620358739281e+06
1.389737171464330567e-01 2.023972156570919557e+06
1.387734668335419419e-01 2.021523600936075673e+06
1.385732165206508271e-01 2.019079943635450210e+06
1.383729662077597122e-01 2.016641174869928276e+06
1.381727158948685974e-01 2.014207284859997919e+06
1.379724655819774826e-01 2.011778263845711481e+06
1.377722152690863677e-01 2.009354102086645318e+06
1.375719649561952529e-01 2.006934789861862548e+06
1.373717146433041381e-01 2.004520317469872301e+06
1.371714643304130232e-01 2.002110675228591543e+06
1.369712140175219084e-01 1.999705853475306416e+06
1.367709637046307936e-01 1.997305842566633597e+06
1.365707133917396787e-01 1.994910632878480479e+06
1.363704630788485639e-01 1.992520214806008851e+06
1.361702127659574491e-01 1.990134578763593454e+06
1.359699624530663342e-01 1.987753715184785891e+06
1.357697121401752194e-01 1.985377614522275515e+06
1.355694618272841045e-01 1.983006267247850541e+06
1.353692115143929897e-01 1.980639663852361264e+06
1.351689612015018749e-01 1.978277794845679775e+06
1.349687108886107600e-01 1.975920650756664108e+06
1.347684605757196452e-01 1.973568222133119125e+06
1.345682102628285581e-01 1.971220499541758560e+06
1.343679599499374433e-01 1.968877473568167770e+06
1.341677096370463285e-01 1.966539134816765320e+06
1.339674593241552136e-01 1.964205473910765722e+06
1.337672090112640988e-01 1.961876481492141960e+06
1.335669586983729840e-01 1.959552148221587529e+06
1.333667083854818691e-01 1.957232464778478956e+06
1.331664580725907543e-01 1.954917421860839240e+06
1.329662077596996395e-01 1.952607010185299907e+06
1.327659574468085246e-01 1.950301220487063285e+06
1.325657071339174098e-01 1.948000043519866187e+06
1.323654568210262950e-01 1.945703470055943122e+06
1.321652065081351801e-01 1.943411490885987878e+06
1.319649561952440653e-01 1.941124096819118131e+06
1.317647058823529505e-01 1.938841278682837496e+06
1.315644555694618356e-01 1.936563027322999435e+06
1.313642052565707208e-01 1.934289333603770006e+06
1.311639549436796059e-01 1.932020188407591544e+06
1.309637046307884911e-01 1.929755582635146799e+06
1.307634543178973763e-01 1.927495507205320289e+06
1.305632040050062614e-01 1.925239953055164311e+06
1.303629536921151466e-01 1.922988911139861681e+06
1.301627033792240318e-01 1.920742372432688484e+06
1.299624530663329169e-01 1.918500327924979618e+06
1.297622027534418021e-01 1.916262768626091536e+06
1.295619524405506873e-01 1.914029685563366394e+06
1.293617021276595724e-01 1.911801069782095728e+06
1.291614518147684576e-01 1.909576912345486227e+06
1.289612015018773428e-01 1.907357204334621085e+06
1.287609511889862279e-01 1.905141936848426936e+06
1.285607008760951131e-01 1.902931101003636373e+06
1.283604505632039983e-01 1.900724687934753485e+06
1.281602002503128834e-01 1.898522688794017071e+06
1.279599499374217686e-01 1.896325094751366414e+06
1.277596996245306815e-01 1.894131896994405426e+06
1.275594493116395667e-01 1.891943086728366558e+06
1.273591989987484518e-01 1.889758655176076805e+06
1.271589486858573370e-01 1.887578593577921856e+06
1.269586983729662222e-01 1.885402893191810464e+06
1.267584480600751073e-01 1.883231545293140691e+06
1.265581977471839925e-01 1.881064541174763348e+06
1.263579474342928777e-01 1.878901872146948939e+06
1.261576971214017628e-01 1.876743529537350638e+06
1.259574468085106480e-01 1.874589504690971226e+06
1.257571964956195332e-01 1.872439788970127702e+06
1.255569461827284183e-01 1.870294373754416825e+06
1.253566958698373035e-01 1.868153250440680422e+06
1.251564455569461887e-01 1.866016410442971159e+06
1.249561952440550738e-01 1.863883845192517387e+06
1.247559449311639590e-01 1.861755546137689613e+06
1.245556946182728442e-01 1.859631504743965575e+06
1.243554443053817293e-01 1.857511712493896717e+06
1.241551939924906145e-01 1.855396160887073725e+06
1.239549436795994997e-01 1.853284841440091608e+06
1.237546933667083848e-01 1.851177745686517330e+06
1.235544430538172839e-01 1.849074865176854422e+06
1.233541927409261690e-01 1.846976191478509456e+06
1.231539424280350542e-01 1.844881716175759211e+06
1.229536921151439394e-01 1.842791430869714823e+06
1.227534418022528245e-01 1.840705327178290579e+06
1.225531914893617097e-01 1.838623396736168768e+06
1.223529411764705949e-01 1.836545631194766378e+06
1.221526908635794939e-01 1.834472022222201806e+06
1.219524405506883791e-01 1.832402561503261095e+06
1.217521902377972642e-01 1.830337240739365574e+06
1.215519399249061494e-01 1.828276051648537163e+06
1.213516896120150346e-01 1.826218985965365777e+06
1.211514392991239197e-01 1.824166035440977197e+06
1.209511889862328049e-01 1.822117191842998378e+06
1.207509386733416901e-01 1.820072446955525083e+06
1.205506883604505752e-01 1.818031792579089291e+06
1.203504380475594604e-01 1.815995220530625898e+06
1.201501877346683456e-01 1.813962722643440124e+06
1.199499374217772307e-01 1.811934290767174214e+06
1.197496871088861159e-01 1.809909916767776012e+06
1.195494367959950011e-01 1.807889592527464498e+06
1.193491864831038862e-01 1.805873309944699286e+06
1.191489361702127714e-01 1.803861060934146401e+06
1.189486858573216566e-01 1.801852837426646613e+06
1.187484355444305417e-01 1.799848631369183771e+06
1.185481852315394269e-01 1.797848434724851046e+06
1.183479349186483121e-01 1.795852239472819492e+06
1.181476846057571972e-01 1.793860037608306156e+06
1.179474342928660963e-01 1.791871821142541245e+06
1.177471839799749814e-01 1.789887582102736924e+06
1.175469336670838666e-01 1.787907312532054959e+06
1.173466833541927518e-01 1.785931004489574116e+06
1.171464330413016369e-01 1.783958650050259195e+06
1.169461827284105221e-01 1.781990241304929834e+06
1.167459324155194073e-01 1.780025770360226976e+06
1.165456821026283063e-01 1.778065229338582605e+06
1.163454317897371915e-01 1.776108610378187848e+06
1.161451814768460766e-01 1.774155905632961541e+06
1.159449311639549618e-01 1.772207107272517867e+06
1.157446808510638470e-01 1.770262207482136320e+06
1.155444305381727321e-01 1.768321198462730041e+06
1.153441802252816173e-01 1.766384072430813452e+06
1.151439299123905025e-01 1.764450821618472226e+06
1.149436795994993876e-01 1.762521438273331616e+06
1.147434292866082728e-01 1.760595914658525726e+06
1.145431789737171580e-01 1.758674243052666076e+06
1.143429286608260431e-01 1.756756415749810636e+06
1.141426783479349283e-01 1.754842425059434026e+06
1.139424280350438135e-01 1.752932263306394219e+06
1.137421777221526986e-01 1.751025922830904601e+06
1.135419274092615838e-01 1.749123395988501608e+06
1.133416770963704689e-01 1.747224675150013994e+06
1.131414267834793541e-01 1.745329752701533027e+06
1.129411764705882393e-01 1.743438621044381987e+06
1.127409261576971244e-01 1.741551272595084272e+06
1.125406758448060096e-01 1.739667699785334989e+06
1.123404255319148948e-01 1.737787895061969291e+06
1.121401752190237938e-01 1.735911850886932341e+06
1.119399249061326790e-01 1.734039559737249045e+06
1.117396745932415641e-01 1.732171014104994480e+06
1.115394242803504493e-01 1.730306206497263163e+06
1.113391739674593345e-01 1.728445129436138552e+06
1.111389236545682196e-01 1.726587775458664866e+06
1.109386733416771048e-01 1.724734137116814731e+06
1.107384230287860039e-01 1.722884206977461465e+06
1.105381727158948890e-01 1.721037977622347884e+06
1.103379224030037742e-01 1.719195441648056731e+06
1.101376720901126594e-01 1.717356591665982269e+06
1.099374217772215445e-01 1.715521420302298618e+06
1.097371714643304297e-01 1.713689920197932050e+06
1.095369211514393148e-01 1.711862084008530248e+06
1.093366708385482000e-01 1.710037904404432978e+06
1.091364205256570852e-01 1.708217374070643447e+06
1.089361702127659703e-01 1.706400485706798732e+06
1.087359198998748555e-01 1.704587232027139515e+06
1.085356695869837407e-01 1.702777605760482140e+06
1.083354192740926258e-01 1.700971599650189048e+06
1.081351689612015110e-01 1.699169206454139203e+06
1.079349186483103962e-01 1.697370418944699923e+06
1.077346683354192813e-01 1.695575229908696609e+06
1.075344180225281665e-01 1.693783632147385739e+06
1.073341677096370517e-01 1.691995618476423435e+06
1.071339173967459368e-01 1.690211181725839619e+06
1.069336670838548220e-01 1.688430314740006812e+06
1.067334167709637072e-01 1.686653010377612431e+06
1.065331664580726062e-01 1.684879261511630379e+06
1.063329161451814914e-01 1.683109061029291712e+06
1.061326658322903765e-01 1.681342401832057163e+06
1.059324155193992617e-01 1.679579276835587807e+06
1.057321652065081469e-01 1.677819678969716653e+06
1.055319148936170320e-01 1.676063601178421406e+06
1.053316645807259172e-01 1.674311036419794429e+06
1.051314142678348162e-01 1.672561977666015504e+06
1.049311639549437014e-01 1.670816417903324356e+06
1.047309136420525866e-01 1.669074350131990854e+06
1.045306633291614717e-01 1.667335767366288230e+06
1.043304130162703569e-01 1.665600662634464912e+06
1.041301627033792421e-01 1.663869028978715651e+06
1.039299123904881272e-01 1.662140859455154743e+06
1.037296620775970124e-01 1.660416147133787628e+06
1.035294117647058976e-01 1.658694885098483413e+06
1.033291614518147827e-01 1.656977066446946003e+06
1.031289111389236679e-01 1.655262684290689183e+06
1.029286608260325531e-01 1.653551731755005196e+06
1.027284105131414382e-01 1.651844201978940051e+06
1.025281602002503234e-01 1.650140088115265127e+06
1.023279098873592086e-01 1.648439383330449462e+06
1.021276595744680937e-01 1.646742080804632511e+06
1.019274092615769789e-01 1.645048173731597373e+06
1.017271589486858641e-01 1.643357655318742385e+06
1.015269086357947492e-01 1.641670518787054811e+06
1.013266583229036344e-01 1.639986757371082669e+06
1.011264080100125196e-01 1.638306364318909589e+06
1.009261576971214047e-01 1.636629332892125007e+06
1.007259073842303038e-01 1.634955656365799718e+06
1.005256570713391889e-01 1.633285328028456774e+06
1.003254067584480741e-01 1.631618341182045639e+06
1.001251564455569593e-01 1.629954689141916577e+06
9.992490613266584443e-02 1.628294365236790152e+06
9.972465581977472959e-02 1.626637362808734877e+06
9.952440550688361476e-02 1.624983675213137642e+06
9.932415519399251380e-02 1.623333295818677638e+06
9.912390488110139897e-02 1.621686218007300515e+06
9.892365456821028413e-02 1.620042435174190905e+06
9.872340425531916930e-02 1.618401940727746813e+06
9.852315394242805446e-02 1.616764728089552373e+06
9.832290362953693963e-02 1.615130790694351774e+06
9.812265331664582479e-02 1.613500121990023647e+06
9.792240300375470996e-02 1.611872715437553357e+06
9.772215269086359513e-02 1.610248564511007629e+06
9.752190237797248029e-02 1.608627662697508931e+06
9.732165206508136546e-02 1.607010003497208469e+06
9.712140175219025062e-02 1.605395580423260108e+06
9.692115143929913579e-02 1.603784387001794763e+06
9.672090112640802095e-02 1.602176416771894787e+06
9.652065081351690612e-02 1.600571663285566494e+06
9.632040050062579128e-02 1.598970120107716648e+06
9.612015018773467645e-02 1.597371780816124985e+06
9.591989987484356162e-02 1.595776639001418371e+06
9.571964956195246066e-02 1.594184688267046586e+06
9.551939924906134582e-02 1.592595922229254385e+06
9.531914893617023099e-02 1.591010334517058451e+06
9.511889862327911616e-02 1.589427918772220146e+06
9.491864831038800132e-02 1.587848668649220373e+06
9.471839799749688649e-02 1.586272577815234661e+06
9.451814768460577165e-02 1.584699639950106852e+06
9.431789737171465682e-02 1.583129848746323958e+06
9.411764705882354198e-02 1.581563197908992646e+06
9.391739674593242715e-02 1.579999681155810831e+06
9.371714643304131231e-02 1.578439292217045091e+06
9.351689612015019748e-02 1.576882024835504359e+06
9.331664580725908265e-02 1.575327872766515240e+06
9.311639549436796781e-02 1.573776829777896404e+06
9.291614518147686685e-02 1.572228889649934368e+06
9.271589486858575202e-02 1.570684046175358351e+06
9.251564455569463719e-02 1.569142293159314431e+06
9.231539424280352235e-02 1.567603624419342261e+06
9.211514392991240752e-02 1.566068033785349224e+06
9.191489361702129268e-02 1.564535515099585988e+06
9.171464330413017785e-02 1.563006062216621591e+06
9.151439299123906301e-02 1.561479669003319461e+06
9.131414267834794818e-02 1.559956329338812036e+06
9.111389236545683334e-02 1.558436037114476785e+06
9.091364205256571851e-02 1.556918786233910825e+06
9.071339173967460368e-02 1.555404570612907875e+06
9.051314142678348884e-02 1.553893384179432876e+06
9.031289111389237401e-02 1.552385220873598009e+06
9.011264080100127305e-02 1.550880074647637550e+06
8.991239048811015822e-02 1.549377939465885051e+06
8.971214017521904338e-02 1.547878809304748662e+06
8.951188986232792855e-02 1.546382678152685519e+06
8.931163954943681371e-02 1.544889540010180091e+06
8.911138923654569888e-02 1.543399388889718335e+06
8.891113892365458404e-02 1.541912218815764412e+06
8.871088861076346921e-02 1.540428023824735545e+06
8.851063829787235437e-02 1.538946797964981291e+06
8.831038798498123954e-02 1.537468535296754912e+06
8.811013767209012471e-02 1.535993229892194271e+06
8.790988735919900987e-02 1.534520875835294602e+06
8.770963704630789504e-02 1.533051467221886385e+06
8.750938673341678020e-02 1.531584998159612063e+06
8.730913642052567925e-02 1.530121462767900433e+06
8.710888610763456441e-02 1.528660855177945923e+06
8.690863579474344958e-02 1.527203169532681815e+06
8.670838548185233474e-02 1.525748399986760225e+06
8.650813516896121991e-02 1.524296540706525324e+06
8.630788485607010507e-02 1.522847585869992618e+06
8.610763454317899024e-02 1.521401529666823801e+06
8.590738423028787540e-02 1.519958366298304405e+06
8.570713391739676057e-02 1.518518089977320516e+06
8.550688360450564574e-02 1.517080694928335026e+06
8.530663329161453090e-02 1.515646175387364579e+06
8.510638297872341607e-02 1.514214525601957459e+06
8.490613266583230123e-02 1.512785739831168670e+06
8.470588235294118640e-02 1.511359812345538987e+06
8.450563204005008544e-02 1.509936737427070271e+06
8.430538172715897061e-02 1.508516509369203355e+06
8.410513141426785577e-02 1.507099122476795688e+06
8.390488110137674094e-02 1.505684571066096425e+06
8.370463078848562610e-02 1.504272849464726634e+06
8.350438047559451127e-02 1.502863952011654153e+06
8.330413016270339643e-02 1.501457873057171935e+06
8.310387984981228160e-02 1.500054606962874997e+06
8.290362953692116676e-02 1.498654148101637606e+06
8.270337922403005193e-02 1.497256490857592085e+06
8.250312891113893710e-02 1.495861629626104608e+06
8.230287859824782226e-02 1.494469558813753538e+06
8.210262828535670743e-02 1.493080272838307079e+06
8.190237797246559259e-02 1.491693766128700459e+06
8.170212765957447776e-02 1.490310033125013579e+06
8.150187734668337680e-02 1.488929068278449820e+06
8.130162703379226197e-02 1.487550866051311605e+06
8.110137672090114713e-02 1.486175420916981064e+06
8.090112640801003230e-02 1.484802727359894896e+06
8.070087609511891746e-02 1.483432779875524808e+06
8.050062578222780263e-02 1.482065572970353533e+06
8.030037546933668779e-02 1.480701101161853876e+06
8.010012515644557296e-02 1.479339358978466131e+06
7.989987484355445813e-02 1.477980340959577588e+06
7.969962453066334329e-02 1.476624041655498091e+06
7.949937421777222846e-02 1.475270455627440009e+06
7.929912390488111362e-02 1.473919577447496355e+06
7.909887359198999879e-02 1.472571401698618429e+06
7.889862327909888395e-02 1.471225922974594403e+06
7.869837296620778300e-02 1.469883135880027432e+06
7.849812265331666816e-02 1.468543035030314233e+06
7.829787234042555333e-02 1.467205615051623434e+06
7.809762202753443849e-02 1.465870870580874383e+06
7.789737171464332366e-02 1.464538796265714336e+06
7.769712140175220882e-02 1.463209386764498428e+06
7.749687108886109399e-02 1.461882636746268719e+06
7.729662077596997916e-02 1.460558540890729753e+06
7.709637046307886432e-02 1.459237093888231087e+06
7.689612015018774949e-02 1.457918290439744014e+06
7.669586983729663465e-02 1.456602125256839674e+06
7.649561952440551982e-02 1.455288593061669031e+06
7.629536921151440498e-02 1.453977688586942153e+06
7.609511889862329015e-02 1.452669406575905159e+06
7.589486858573218919e-02 1.451363741782321362e+06
7.569461827284107436e-02 1.450060688970448449e+06
7.549436795994995952e-02 1.448760242915017996e+06
7.529411764705884469e-02 1.447462398401215672e+06
7.509386733416772985e-02 1.446167150224659126e+06
7.489361702127661502e-02 1.444874493191376328e+06
7.469336670838550019e-02 1.443584422117786948e+06
7.449311639549438535e-02 1.442296931830679998e+06
7.429286608260327052e-02 1.441012017167193815e+06
7.409261576971215568e-02 1.439729672974794172e+06
7.389236545682104085e-02 1.438449894111255649e+06
7.369211514392992601e-02 1.437172675444638822e+06
7.349186483103881118e-02 1.435898011853271397e+06
7.329161451814769634e-02 1.434625898225726560e+06
7.309136420525659539e-02 1.433356329460802954e+06
7.289111389236548055e-02 1.432089300467504654e+06
7.269086357947436572e-02 1.430824806165019516e+06
7.249061326658325088e-02 1.429562841482700314e+06
7.229036295369213605e-02 1.428303401360043092e+06
7.209011264080102122e-02 1.427046480746667366e+06
7.188986232790990638e-02 1.425792074602296809e+06
7.168961201501879155e-02 1.424540177896737121e+06
7.148936170212767671e-02 1.423290785609857179e+06
7.128911138923656188e-02 1.422043892731568776e+06
7.108886107634544704e-02 1.420799494261806831e+06
7.088861076345433221e-02 1.419557585210508201e+06
7.068836045056321737e-02 1.418318160597592592e+06
7.048811013767210254e-02 1.417081215452942299e+06
7.028785982478100158e-02 1.415846744816382416e+06
7.008760951188988675e-02 1.414614743737661047e+06
6.988735919899877191e-02 1.413385207276428584e+06
6.968710888610765708e-02 1.412158130502219778e+06
6.948685857321654225e-02 1.410933508494431619e+06
6.928660826032542741e-02 1.409711336342305411e+06
6.908635794743431258e-02 1.408491609144906048e+06
6.888610763454319774e-02 1.407274322011102922e+06
6.868585732165208291e-02 1.406059470059550367e+06
6.848560700876096807e-02 1.404847048418667167e+06
6.828535669586985324e-02 1.403637052226618631e+06
6.808510638297873840e-02 1.402429476631295402e+06
6.788485607008762357e-02 1.401224316790295299e+06
6.768460575719650874e-02 1.400021567870903062e+06
6.748435544430539390e-02 1.398821225050071022e+06
6.728410513141429294e-02 1.397623283514400478e+06
6.708385481852317811e-02 1.396427738460122142e+06
6.688360450563206328e-02 1.395234585093075410e+06
6.668335419274094844e-02 1.394043818628692068e+06
6.648310387984983361e-02 1.392855434291974409e+06
6.628285356695871877e-02 1.391669427317477297e+06
6.608260325406760394e-02 1.390485792949288851e+06
6.588235294117648910e-02 1.389304526441011578e+06
6.568210262828537427e-02 1.388125623055742588e+06
6.548185231539425943e-02 1.386949078066056129e+06
6.528160200250314460e-02 1.385774886753983097e+06
6.508135168961202977e-02 1.384603044410992414e+06
6.488110137672091493e-02 1.383433546337972628e+06
6.468085106382980010e-02 1.382266387845213292e+06
6.448060075093869914e-02 1.381101564252385171e+06
6.428035043804758430e-02 1.379939070888522081e+06
6.408010012515646947e-02 1.378778903092002496e+06
6.387984981226535464e-02 1.377621056210529990e+06
6.367959949937423980e-02 1.376465525601115543e+06
6.347934918648312497e-02 1.375312306630058214e+06
6.327909887359201013e-02 1.374161394672926050e+06
6.307884856070089530e-02 1.373012785114539787e+06
6.287859824780978046e-02 1.371866473348951433e+06
6.267834793491866563e-02 1.370722454779427964e+06
6.247809762202755079e-02 1.369580724818431772e+06
6.227784730913643596e-02 1.368441278887602733e+06
6.207759699624532113e-02 1.367304112417739816e+06
6.187734668335420629e-02 1.366169220848782919e+06
6.167709637046310533e-02 1.365036599629793316e+06
6.147684605757199050e-02 1.363906244218937820e+06
6.127659574468087567e-02 1.362778150083468063e+06
6.107634543178976083e-02 1.361652312699703965e+06
6.087609511889864600e-02 1.360528727553015109e+06
6.067584480600753116e-02 1.359407390137802111e+06
6.047559449311641633e-02 1.358288295957479626e+06
6.027534418022530149e-02 1.357171440524457488e+06
6.007509386733418666e-02 1.356056819360122783e+06
5.987484355444307182e-02 1.354944427994822385e+06
5.967459324155195699e-02 1.353834261967844330e+06
5.947434292866084216e-02 1.352726316827401053e+06
5.927409261576972732e-02 1.351620588130609365e+06
5.907384230287861249e-02 1.350517071443475783e+06
5.887359198998751153e-02 1.349415762340875575e+06
5.867334167709639670e-02 1.348316656406537397e+06
5.847309136420528186e-02 1.347219749233024195e+06
5.827284105131416703e-02 1.346125036421716213e+06
5.807259073842305219e-02 1.345032513582793064e+06
5.787234042553193736e-02 1.343942176335216267e+06
5.767209011264082252e-02 1.342854020306711318e+06
5.747183979974970769e-02 1.341768041133750696e+06
5.727158948685859285e-02 1.340684234461536165e+06
5.707133917396747802e-02 1.339602595943981316e+06
5.687108886107636319e-02 1.338523121243693400e+06
5.667083854818524835e-02 1.337445806031957502e+06
5.647058823529413352e-02 1.336370645988718141e+06
5.627033792240301868e-02 1.335297636802561348e+06
5.607008760951190385e-02 1.334226774170699064e+06
5.586983729662080289e-02 1.333158053798950976e+06
5.566958698372968806e-02 1.332091471401726129e+06
5.546933667083857322e-02 1.331027022702008020e+06
5.526908635794745839e-02 1.329964703431335744e+06
5.506883604505634355e-02 1.328904509329788154e+06
5.486858573216522872e-02 1.327846436145965010e+06
5.466833541927411388e-02 1.326790479636971839e+06
5.446808510638299905e-02 1.325736635568401776e+06
5.426783479349188422e-02 1.324684899714318803e+06
5.406758448060076938e-02 1.323635267857240979e+06
5.386733416770965455e-02 1.322587735788123682e+06
5.366708385481853971e-02 1.321542299306341913e+06
5.346683354192742488e-02 1.320498954219674459e+06
5.326658322903631004e-02 1.319457696344286669e+06
5.306633291614520909e-02 1.318418521504713455e+06
5.286608260325409425e-02 1.317381425533842528e+06
5.266583229036297942e-02 1.316346404272898566e+06
5.246558197747186458e-02 1.315313453571425052e+06
5.226533166458074975e-02 1.314282569287269376e+06
5.206508135168963491e-02 1.313253747286564438e+06
5.186483103879852008e-02 1.312226983443713514e+06
5.166458072590740525e-02 1.311202273641373031e+06
5.146433041301629041e-02 1.310179613770435797e+06
5.126408010012517558e-02 1.309158999730015174e+06
5.106382978723406074e-02 1.308140427427428542e+06
5.086357947434294591e-02 1.307123892778180307e+06
5.066332916145183107e-02 1.306109391705946065e+06
5.046307884856071624e-02 1.305096920142556308e+06
5.026282853566961528e-02 1.304086474027979420e+06
5.006257822277850045e-02 1.303078049310306320e+06
4.986232790988738561e-02 1.302071641945733456e+06
4.966207759699627078e-02 1.301067247898547212e+06
4.946182728410515594e-02 1.300064863141107373e+06
4.926157697121404111e-02 1.299064483653830364e+06
4.906132665832292628e-02 1.298066105425174814e+06
4.886107634543181144e-02 1.297069724451623624e+06
4.866082603254069661e-02 1.296075336737669306e+06
4.846057571964958177e-02 1.295082938295796979e+06
4.826032540675846694e-02 1.294092525146469008e+06
4.806007509386735210e-02 1.293104093318108469e+06
4.785982478097623727e-02 1.292117638847084250e+06
4.765957446808512243e-02 1.291133157777693588e+06
4.745932415519402148e-02 1.290150646162148332e+06
4.725907384230290664e-02 1.289170100060556317e+06
4.705882352941179181e-02 1.288191515540908324e+06
4.685857321652067697e-02 1.287214888679060852e+06
4.665832290362956214e-02 1.286240215558720287e+06
4.645807259073844731e-02 1.285267492271427764e+06
4.625782227784733247e-02 1.284296714916543569e+06
4.605757196495621764e-02 1.283327879601230845e+06
4.585732165206510280e-02 1.282360982440440683e+06
4.565707133917398797e-02 1.281396019556895830e+06
4.545682102628287313e-02 1.280432987081075553e+06
4.525657071339175830e-02 1.279471881151200738e+06
4.505632040050064346e-02 1.278512697913216660e+06
4.485607008760952863e-02 1.277555433520779479e+06
4.465581977471841379e-02 1.276600084135239944e+06
4.445556946182731284e-02 1.275646645925627556e+06
4.425531914893619800e-02 1.274695115068635903e+06
4.405506883604508317e-02 1.273745487748607295e+06
4.385481852315396833e-02 1.272797760157516692e+06
4.365456821026285350e-02 1.271851928494957974e+06
4.345431789737173867e-02 1.270907988968126476e+06
4.325406758448062383e-02 1.269965937791806413e+06
4.305381727158950900e-02 1.269025771188352956e+06
4.285356695869839416e-02 1.268087485387679422e+06
4.265331664580727933e-02 1.267151076627240749e+06
4.245306633291616449e-02 1.266216541152019287e+06
4.225281602002504966e-02 1.265283875214508502e+06
4.205256570713393482e-02 1.264353075074699474e+06
4.185231539424281999e-02 1.263424137000064831e+06
4.165206508135171903e-02 1.262497057265544543e+06
4.145181476846060420e-02 1.261571832153529860e+06
4.125156445556948936e-02 1.260648457953849342e+06
4.105131414267837453e-02 1.259726930963754421e+06
4.085106382978725970e-02 1.258807247487902641e+06
4.065081351689614486e-02 1.257889403838345315e+06
4.045056320400503003e-02 1.256973396334510529e+06
4.025031289111391519e-02 1.256059221303190105e+06
4.005006257822280036e-02 1.255146875078523532e+06
3.984981226533168552e-02 1.254236354001984233e+06
3.964956195244057069e-02 1.253327654422364198e+06
3.944931163954945585e-02 1.252420772695760243e+06
3.924906132665834102e-02 1.251515705185557716e+06
3.904881101376722619e-02 1.250612448262418387e+06
3.884856070087612523e-02 1.249710998304263456e+06
3.864831038798501039e-02 1.248811351696260506e+06
3.844806007509389556e-02 1.247913504830808379e+06
3.824780976220278073e-02 1.247017454107523430e+06
3.804755944931166589e-02 1.246123195933223702e+06
3.784730913642055106e-02 1.245230726721916581e+06
3.764705882352943622e-02 1.244340042894782033e+06
3.744680851063832139e-02 1.243451140880160499e+06
3.724655819774720655e-02 1.242564017113536363e+06
3.704630788485609172e-02 1.241678668037526077e+06
3.684605757196497688e-02 1.240795090101861628e+06
3.664580725907386205e-02 1.239913279763377970e+06
3.644555694618274722e-02 1.239033233485997654e+06
3.624530663329163238e-02 1.238154947740717791e+06
3.604505632040053142e-02 1.237278419005594449e+06
3.584480600750941659e-02 1.236403643765729852e+06
3.564455569461830176e-02 1.235530618513257941e+06
3.544430538172718692e-02 1.234659339747329708e+06
3.524405506883607209e-02 1.233789803974099690e+06
3.504380475594495725e-02 1.232922007706712000e+06
3.484355444305384242e-02 1.232055947465286357e+06
3.464330413016272758e-02 1.231191619776903419e+06
3.444305381727161275e-02 1.230329021175592206e+06
3.424280350438049791e-02 1.229468148202314274e+06
3.404255319148938308e-02 1.228608997404952301e+06
3.384230287859826825e-02 1.227751565338294022e+06
3.364205256570715341e-02 1.226895848564019892e+06
3.344180225281603858e-02 1.226041843650687952e+06
3.324155193992492374e-02 1.225189547173721716e+06
3.304130162703380891e-02 1.224338955715395045e+06
3.284105131414269407e-02 1.223490065864819102e+06
3.264080100125157924e-02 1.222642874217928387e+06
3.244055068836046440e-02 1.221797377377467463e+06
3.224030037546934957e-02 1.220953571952976752e+06
3.204005006257823474e-02 1.220111454560779966e+06
3.183979974968711990e-02 1.219271021823968971e+06
3.163954943679603282e-02 1.218432270372391911e+06
3.143929912390491799e-02 1.217595196842638310e+06
3.123904881101380315e-02 1.216759797878026729e+06
3.103879849812268832e-02 1.215926070128590334e+06
3.083854818523157348e-02 1.215094010251064319e+06
3.063829787234045865e-02 1.214263614908871474e+06
3.043804755944934382e-02 1.213434880772110075e+06
3.023779724655822898e-02 1.212607804517539218e+06
3.003754693366711415e-02 1.211782382828566711e+06
2.983729662077599931e-02 1.210958612395235104e+06
2.963704630788488448e-02 1.210136489914208185e+06
2.943679599499376964e-02 1.209316012088758172e+06
2.923654568210265481e-02 1.208497175628752913e+06
2.903629536921153997e-02 1.207679977250641212e+06
2.883604505632042514e-02 1.206864413677441422e+06
2.863579474342931031e-02 1.206050481638727011e+06
2.843554443053819547e-02 1.205238177870614221e+06
2.823529411764708064e-02 1.204427499115748797e+06
2.803504380475596580e-02 1.203618442123292480e+06
2.783479349186485097e-02 1.202811003648910206e+06
2.763454317897373613e-02 1.202005180454757763e+06
2.743429286608262130e-02 1.201200969309467822e+06
2.723404255319150646e-02 1.200398366988137364e+06
2.703379224030039163e-02 1.199597370272315107e+06
2.683354192740927679e-02 1.198797975949988235e+06
2.663329161451816196e-02 1.198000180815569125e+06
2.643304130162704713e-02 1.197203981669883477e+06
2.623279098873593229e-02 1.196409375320156571e+06
2.603254067584484521e-02 1.195616358580000931e+06
2.583229036295373038e-02 1.194824928269403521e+06
2.563204005006261554e-02 1.194035081214712933e+06
2.543178973717150071e-02 1.193246814248626586e+06
2.523153942428038587e-02 1.192460124210177921e+06
2.503128911138927104e-02 1.191675007944724057e+06
2.483103879849815621e-02 1.190891462303933222e+06
2.463078848560704137e-02 1.190109484145771246e+06
2.443053817271592654e-02 1.189329070334490389e+06
2.423028785982481170e-02 1.188550217740615597e+06
2.403003754693369687e-02 1.187772923240931705e+06
2.382978723404258203e-02 1.186997183718472719e+06
2.362953692115146720e-02 1.186222996062507387e+06
2.342928660826035236e-02 1.185450357168527320e+06
2.322903629536923753e-02 1.184679263938235585e+06
2.302878598247812270e-02 1.183909713279532269e+06
2.282853566958700786e-02 1.183141702106504003e+06
2.262828535669589303e-02 1.182375227339410689e+06
2.242803504380477819e-02 1.181610285904672695e+06
2.222778473091366336e-02 1.180846874734859914e+06
2.202753441802254852e-02 1.180084990768677555e+06
2.182728410513143369e-02 1.179324630950956373e+06
2.162703379224031885e-02 1.178565792232637526e+06
2.142678347934920402e-02 1.177808471570763038e+06
2.122653316645808919e-02 1.177052665928461356e+06
2.102628285356697435e-02 1.176298372274937108e+06
2.082603254067585952e-02 1.175545587585457135e+06
2.062578222778474468e-02 1.174794308841339778e+06
2.042553191489365760e-02 1.174044533029942308e+06
2.022528160200254277e-02 1.173296257144648582e+06
2.002503128911142793e-02 1.172549478184857173e+06
1.982478097622031310e-02 1.171804193155969493e+06
1.962453066332919827e-02 1.171060399069377454e+06
1.942428035043808343e-02 1.170318092942452058e+06
1.922403003754696860e-02 1.169577271798530594e+06
1.902377972465585376e-02 1.168837932666905457e+06
1.882352941176473893e-02 1.168100072582811816e+06
1.862327909887362409e-02 1.167363688587415731e+06
1.842302878598250926e-02 1.166628777727802983e+06
1.822277847309139442e-02 1.165895337056965800e+06
1.802252816020027959e-02 1.165163363633792615e+06
1.782227784730916476e-02 1.164432854523055023e+06
1.762202753441804992e-02 1.163703806795397075e+06
1.742177722152693509e-02 1.162976217527322471e+06
1.722152690863582025e-02 1.162250083801183850e+06
1.702127659574470542e-02 1.161525402705170214e+06
1.682102628285359058e-02 1.160802171333295759e+06
1.662077596996247575e-02 1.160080386785387993e+06
1.642052565707136091e-02 1.159360046167076798e+06
1.622027534418024608e-02 1.158641146589781391e+06
1.602002503128913125e-02 1.157923685170700075e+06
1.581977471839801641e-02 1.157207659032798372e+06
1.561952440550690158e-02 1.156493065304796677e+06
1.541927409261578674e-02 1.155779901121160015e+06
1.521902377972467191e-02 1.155068163622085936e+06
1.501877346683355707e-02 1.154357849953492172e+06
1.481852315394244224e-02 1.153648957267006859e+06
1.461827284105135516e-02 1.152941482719956199e+06
1.441802252816024033e-02 1.152235423475352582e+06
1.421777221526912549e-02 1.151530776701884810e+06
1.401752190237801066e-02 1.150827539573904825e+06
1.381727158948689582e-02 1.150125709271417465e+06
1.361702127659578099e-02 1.149425282980069518e+06
1.341677096370466615e-02 1.148726257891137153e+06
1.321652065081355132e-02 1.148028631201515673e+06
1.301627033792243648e-02 1.147332400113708340e+06
1.281602002503132165e-02 1.146637561835813802e+06
1.261576971214020682e-02 1.145944113581517478e+06
1.241551939924909198e-02 1.145252052570077125e+06
1.221526908635797715e-02 1.144561376026314683e+06
1.201501877346686231e-02 1.143872081180603243e+06
1.181476846057574748e-02 1.143184165268856334e+06
1.161451814768463264e-02 1.142497625532517442e+06
1.141426783479351781e-02 1.141812459218548611e+06
1.121401752190240297e-02 1.141128663579418790e+06
1.101376720901128814e-02 1.140446235873094061e+06
1.081351689612017331e-02 1.139765173363025300e+06
1.061326658322905847e-02 1.139085473318138160e+06
1.041301627033794364e-02 1.138407133012821898e+06
1.021276595744682880e-02 1.137730149726918433e+06
1.001251564455571397e-02 1.137054520745710703e+06
9.812265331664599133e-03 1.136380243359913351e+06
9.612015018773484298e-03 1.135707314865659922e+06
9.411764705882369464e-03 1.135035732564494479e+06
9.211514392991254629e-03 1.134365493763357634e+06
9.011264080100167551e-03 1.133696595774578862e+06
8.811013767209052716e-03 1.133029035915863235e+06
8.610763454317937882e-03 1.132362811510283034e+06
8.410513141426823047e-03 1.131697919886264252e+06
8.210262828535708213e-03 1.131034358377578668e+06
8.010012515644593378e-03 1.130372124323330820e+06
7.809762202753478544e-03 1.129711215067949146e+06
7.609511889862363709e-03 1.129051627961174119e+06
7.409261576971248875e-03 1.128393360358048230e+06
7.209011264080134040e-03 1.127736409618904814e+06
7.008760951189019206e-03 1.127080773109358735e+06
6.808510638297904372e-03 1.126426448200293817e+06
6.608260325406789537e-03 1.125773432267854456e+06
6.408010012515674703e-03 1.125121722693433519e+06
6.207759699624559868e-03 1.124471316863662563e+06
6.007509386733445034e-03 1.123822212170401122e+06
5.807259073842330199e-03 1.123174406010726001e+06
5.607008760951215365e-03 1.122527895786921494e+06
5.406758448060100530e-03 1.121882678906469140e+06
5.206508135168985696e-03 1.121238752782035619e+06
5.006257822277870861e-03 1.120596114831464831e+06
4.806007509386756027e-03 1.119954762477765093e+06
4.605757196495641193e-03 1.119314693149100989e+06
4.405506883604526358e-03 1.118675904278781032e+06
4.205256570713411524e-03 1.118038393305249745e+06
4.005006257822296689e-03 1.117402157672074856e+06
3.804755944931181855e-03 1.116767194827938918e+06
3.604505632040067020e-03 1.116133502226627897e+06
3.404255319148952186e-03 1.115501077327021863e+06
3.204005006257865107e-03 1.114869917593084509e+06
3.003754693366750272e-03 1.114240020493851975e+06
2.803504380475635438e-03 1.113611383503424469e+06
2.603254067584520604e-03 1.112984004100955091e+06
2.403003754693405769e-03 1.112357879770640051e+06
2.202753441802290935e-03 1.111733008001707727e+06
2.002503128911176100e-03 1.111109386288410053e+06
1.802252816020061266e-03 1.110487012130011339e+06
1.602002503128946431e-03 1.109865883030778728e+06
1.401752190237831597e-03 1.109245996499971952e+06
1.201501877346716762e-03 1.108627350051833550e+06
1.001251564455601928e-03 1.108009941205578856e+06
8.010012515644870934e-04 1.107393767485385761e+06
6.007509386733722589e-04 1.106778826420385623e+06
4.005006257822574245e-04 1.106165115544652333e+06
2.002503128911425900e-04 1.105552632397192530e+06
2.775557561562891351e-17 1.104941374521937221e+06
---------------
