BOLSIG+ version: 11/2019
Collision input data:
--------------------------------------------------
H2O                                                             
cross_sections_H2O_Triniti.txt
 
 
 
C1 Input cross section
ATTACHMENT
H2O                                                             
--------------------------------
0.000	0.000
4.900	0.000
5.010	0.1474E-23
5.610	0.3683E-23
5.700	0.4914E-23
6.000	0.5400E-23
6.170	0.7344E-23
6.860	0.2257E-22
7.430	0.7830E-23
7.520	0.5940E-23
7.780	0.5400E-23
8.000	0.6372E-23
8.740	0.4860E-22
9.000	0.5400E-22
9.520	0.4417E-22
9.780	0.3888E-22
9.870	0.3780E-22
10.26	0.4169E-22
10.43	0.4811E-22
10.87	0.7560E-22
11.26	0.9234E-22
11.43	0.9450E-22
11.70	0.9180E-22
11.87	0.7938E-22
12.09	0.7560E-22
13.26	0.2554E-22
14.17	0.8370E-23
14.70	0.3942E-23
15.00	0.2970E-23
16.00	0.2430E-23
17.00	0.5400E-29
1000.	0.5400E-29
--------------------------------
Extra points added by BOLSIG+:
1300.	0.4312E-29
1690.	0.3438E-29
2197.	0.2738E-29
2856.	0.2178E-29
3713.	0.1731E-29
4827.	0.1374E-29
6275.	0.1089E-29
8157.	0.8631E-30
0.1060E+05	0.6833E-30
 
 
C2 Input cross section
ATTACHMENT
H2O                                                             
--------------------------------
0.000	0.000
5.700	0.000
5.850	0.6048E-22
6.000	0.1145E-21
6.050	0.1755E-21
6.100	0.2263E-21
6.200	0.2900E-21
6.400	0.3672E-21
6.500	0.3710E-21
6.650	0.3672E-21
7.050	0.2160E-21
7.400	0.1080E-21
7.700	0.6426E-22
7.900	0.5940E-22
8.250	0.7074E-22
8.800	0.5400E-22
9.200	0.4050E-22
9.800	0.2160E-21
10.50	0.1080E-21
11.20	0.1404E-22
11.50	0.1010E-22
11.75	0.9990E-23
12.00	0.5400E-29
1000.	0.5400E-29
--------------------------------
Extra points added by BOLSIG+:
1300.	0.4312E-29
1690.	0.3438E-29
2197.	0.2738E-29
2856.	0.2178E-29
3713.	0.1731E-29
4827.	0.1374E-29
6275.	0.1089E-29
8157.	0.8631E-30
0.1060E+05	0.6833E-30
 
 
C3 Input cross section
EFFECTIVE
H2O                                                             
  0.3026E-04
--------------------------------
0.000	0.1650E-16
0.1000E-01	0.8800E-17
0.2000E-01	0.7700E-17
0.3000E-01	0.7040E-17
0.5000E-01	0.5555E-17
0.7000E-01	0.4730E-17
0.1000	0.3850E-17
0.1400	0.3080E-17
0.2000	0.2200E-17
0.3000	0.1430E-17
0.5000	0.7260E-18
0.6000	0.5500E-18
0.7000	0.4400E-18
0.8000	0.3520E-18
0.9000	0.2750E-18
1.000	0.2310E-18
1.500	0.9900E-19
2.000	0.6380E-19
3.000	0.5170E-19
4.000	0.5280E-19
5.000	0.5500E-19
6.000	0.5830E-19
7.000	0.6160E-19
8.000	0.6435E-19
9.000	0.6600E-19
10.00	0.6820E-19
13.00	0.6875E-19
17.00	0.6380E-19
20.00	0.6050E-19
30.00	0.5170E-19
50.00	0.3740E-19
100.0	0.2310E-19
200.0	0.1375E-19
300.0	0.9900E-20
500.0	0.6160E-20
--------------------------------
Extra points added by BOLSIG+:
650.0	0.4939E-20
845.0	0.3953E-20
1098.	0.3159E-20
1428.	0.2521E-20
1856.	0.2009E-20
2413.	0.1599E-20
3137.	0.1272E-20
4079.	0.1010E-20
5302.	0.8016E-21
6893.	0.6355E-21
8961.	0.5033E-21
0.1165E+05	0.3983E-21
 
 
C4 Input cross section
EXCITATION
H2O                                                             
  0.4000E-01   1.000    
--------------------------------
0.4000E-01	0.000
0.6500E-01	0.2400E-19
0.7500E-01	0.7200E-19
0.8500E-01	0.9200E-19
0.1250	0.1120E-18
0.2000	0.1280E-18
0.3000	0.1384E-18
0.4000	0.1440E-18
0.5000	0.1480E-18
0.6000	0.1496E-18
0.7000	0.1480E-18
0.9000	0.1400E-18
1.200	0.1200E-18
1.500	0.1040E-18
4.000	0.8000E-29
1000.	0.8000E-29
--------------------------------
Extra points added by BOLSIG+:
1300.	0.6388E-29
1690.	0.5093E-29
2197.	0.4056E-29
2856.	0.3227E-29
3713.	0.2564E-29
4827.	0.2035E-29
6275.	0.1614E-29
8157.	0.1279E-29
0.1060E+05	0.1012E-29
 
 
C5 Input cross section
EXCITATION
H2O                                                             
  0.1980       1.000    
--------------------------------
0.1980	0.000
0.3000	0.1800E-19
0.3400	0.1900E-19
0.3900	0.1840E-19
0.6000	0.8300E-20
0.8620	0.4200E-20
1.000	0.3800E-20
1.470	0.2500E-20
2.000	0.2000E-20
3.210	0.1500E-20
5.000	0.1550E-20
7.000	0.1700E-20
8.000	0.1700E-20
9.000	0.1650E-20
10.00	0.1600E-20
11.00	0.1000E-29
1000.	0.1000E-29
--------------------------------
Extra points added by BOLSIG+:
1300.	0.7984E-30
1690.	0.6367E-30
2197.	0.5070E-30
2856.	0.4033E-30
3713.	0.3205E-30
4827.	0.2544E-30
6275.	0.2017E-30
8157.	0.1598E-30
0.1060E+05	0.1265E-30
 
 
C6 Input cross section
EXCITATION
H2O                                                             
  0.4530       1.000    
--------------------------------
0.4530	0.000
0.5300	0.3800E-19
0.5800	0.3920E-19
0.6300	0.3830E-19
0.8200	0.7900E-20
1.020	0.5100E-20
1.450	0.3400E-20
2.410	0.2900E-20
3.000	0.3100E-20
5.000	0.4200E-20
7.000	0.5100E-20
8.000	0.5000E-20
9.000	0.4500E-20
10.00	0.3600E-20
11.00	0.1000E-29
1000.	0.1000E-29
--------------------------------
Extra points added by BOLSIG+:
1300.	0.7984E-30
1690.	0.6367E-30
2197.	0.5070E-30
2856.	0.4033E-30
3713.	0.3205E-30
4827.	0.2544E-30
6275.	0.2017E-30
8157.	0.1598E-30
0.1060E+05	0.1265E-30
 
 
C7 Input cross section
EXCITATION
H2O                                                             
   7.100       1.000    
--------------------------------
7.100	0.000
15.00	0.1750E-19
20.00	0.3000E-19
30.00	0.4000E-19
40.00	0.4750E-19
55.00	0.5000E-19
80.00	0.4500E-19
100.0	0.3750E-19
120.0	0.3000E-19
140.0	0.2250E-19
180.0	0.1750E-19
260.0	0.1000E-19
320.0	0.5000E-20
400.0	0.2500E-20
500.0	0.000
--------------------------------
 
 
C8 Input cross section
IONIZATION
H2O                                                             
   12.61    
--------------------------------
12.61	0.000
20.00	0.5000E-20
30.00	0.1300E-19
40.00	0.2700E-19
50.00	0.3700E-19
60.00	0.3900E-19
80.00	0.3980E-19
90.00	0.4020E-19
100.0	0.4080E-19
105.0	0.4160E-19
127.0	0.4100E-19
143.0	0.4020E-19
171.0	0.3880E-19
189.0	0.3760E-19
223.0	0.3520E-19
250.0	0.3100E-19
279.0	0.2920E-19
333.0	0.2680E-19
390.0	0.2420E-19
469.0	0.2200E-19
553.0	0.1952E-19
673.0	0.1722E-19
782.0	0.1524E-19
960.0	0.1318E-19
--------------------------------
Extra points added by BOLSIG+:
1248.	0.1060E-19
1622.	0.8514E-20
2109.	0.6825E-20
2742.	0.5462E-20
3564.	0.4364E-20
4634.	0.3482E-20
6024.	0.2775E-20
7831.	0.2209E-20
0.1018E+05	0.1756E-20
 
 
 Conditions
A1     Electric field / N (Td)                                         
A2     Angular frequency / N (m3/s)               0.000    
A3     Cosine of E-B field angle                  0.000    
A4     Gas temperature (K)                        300.0    
A5     Excitation temperature (K)                 300.0    
A6     Transition energy (eV)                     0.000    
A7     Ionization degree                          0.000    
A8     Plasma density (1/m3)                     0.1000E+19
A9     Ion charge parameter                       1.000    
A10    Ion/neutral mass ratio                     1.000    
A11    Coulomb collision model                    0.000    
A12    Energy sharing                             1.000    
A13    Growth model                               1.000    
A14    Maxwellian mean energy (eV)                0.000    
A15    # of grid points                           400.0    
A16    Grid type                                                       
A17    Maximum energy                                                  
A18    Precision                                 0.1000E-09
A19    Convergence                               0.1000E-03
A20    Maximum # of iterations                    1000.    
A21    Mole fraction H2O                          1.000    
          R#      A1         A16         A17    
           1   1.000       0.000       200.0    
           2   1.025       3.000      0.6211    
           3   1.101       3.000      0.6211    
           4   1.227       3.000      0.6211    
           5   1.404       3.000      0.6211    
           6   1.631       3.000      0.6211    
           7   1.908       3.000      0.6211    
           8   2.236       3.000      0.6211    
           9   2.615       3.000      0.6211    
          10   3.043       3.000      0.6211    
          11   3.523       3.000      0.6211    
          12   4.052       3.000      0.6211    
          13   4.633       3.000      0.6211    
          14   5.263       3.000      0.7399    
          15   5.944       3.000      0.7399    
          16   6.676       3.000      0.7399    
          17   7.458       3.000      0.7399    
          18   8.290       3.000      0.7399    
          19   9.173       3.000      0.7399    
          20   10.11       3.000      0.7399    
          21   11.09       3.000      0.7399    
          22   12.12       3.000      0.8815    
          23   13.21       3.000      0.8815    
          24   14.34       3.000      0.8815    
          25   15.53       3.000       1.050    
          26   16.77       3.000       1.251    
          27   18.05       3.000       1.490    
          28   19.39       3.000       1.775    
          29   20.78       3.000       2.518    
          30   22.22       3.000       4.254    
          31   23.70       3.000       7.188    
          32   25.24       3.000       8.562    
          33   26.83       3.000       10.20    
          34   28.47       3.000       10.20    
          35   30.16       3.000       12.15    
          36   31.90       3.000       12.15    
          37   33.69       3.000       14.47    
          38   35.54       3.000       14.47    
          39   37.43       3.000       14.47    
          40   39.37       3.000       17.23    
          41   41.36       3.000       17.23    
          42   43.41       3.000       17.23    
          43   45.50       3.000       17.23    
          44   47.64       3.000       20.52    
          45   49.84       3.000       20.52    
          46   52.08       3.000       20.52    
          47   54.38       3.000       20.52    
          48   56.73       3.000       24.44    
          49   59.12       3.000       24.44    
          50   61.57       3.000       24.44    
          51   64.07       3.000       24.44    
          52   66.61       3.000       24.44    
          53   69.21       3.000       24.44    
          54   71.86       3.000       29.11    
          55   74.56       3.000       29.11    
          56   77.31       3.000       29.11    
          57   80.11       3.000       29.11    
          58   82.96       3.000       29.11    
          59   85.86       3.000       29.11    
          60   88.81       3.000       29.11    
          61   91.82       3.000       34.67    
          62   94.87       3.000       34.67    
          63   97.97       3.000       34.67    
          64   101.1       3.000       34.67    
          65   104.3       3.000       34.67    
          66   107.6       3.000       34.67    
          67   110.9       3.000       34.67    
          68   114.2       3.000       41.29    
          69   117.6       3.000       41.29    
          70   121.1       3.000       41.29    
          71   124.6       3.000       41.29    
          72   128.2       3.000       41.29    
          73   131.8       3.000       41.29    
          74   135.4       3.000       41.29    
          75   139.1       3.000       41.29    
          76   142.9       3.000       49.18    
          77   146.7       3.000       49.18    
          78   150.6       3.000       49.18    
          79   154.5       3.000       49.18    
          80   158.4       3.000       49.18    
          81   162.5       3.000       49.18    
          82   166.5       3.000       49.18    
          83   170.6       3.000       49.18    
          84   174.8       3.000       49.18    
          85   179.0       3.000       58.57    
          86   183.3       3.000       58.57    
          87   187.6       3.000       58.57    
          88   191.9       3.000       58.57    
          89   196.4       3.000       58.57    
          90   200.8       3.000       58.57    
          91   205.3       3.000       58.57    
          92   209.9       3.000       58.57    
          93   214.5       3.000       58.57    
          94   219.2       3.000       69.76    
          95   223.9       3.000       69.76    
          96   228.7       3.000       69.76    
          97   233.5       3.000       69.76    
          98   238.4       3.000       69.76    
          99   243.3       3.000       69.76    
         100   248.2       3.000       69.76    
         101   253.3       3.000       69.76    
         102   258.3       3.000       69.76    
         103   263.5       3.000       83.09    
         104   268.6       3.000       83.09    
         105   273.9       3.000       83.09    
         106   279.1       3.000       83.09    
         107   284.4       3.000       83.09    
         108   289.8       3.000       83.09    
         109   295.2       3.000       83.09    
         110   300.7       3.000       83.09    
         111   306.2       3.000       83.09    
         112   311.8       3.000       98.96    
         113   317.4       3.000       98.96    
         114   323.1       3.000       98.96    
         115   328.8       3.000       98.96    
         116   334.6       3.000       98.96    
         117   340.4       3.000       98.96    
         118   346.3       3.000       98.96    
         119   352.3       3.000       98.96    
         120   358.2       3.000       98.96    
         121   364.3       3.000       117.9    
         122   370.3       3.000       117.9    
         123   376.5       3.000       117.9    
         124   382.7       3.000       117.9    
         125   388.9       3.000       117.9    
         126   395.2       3.000       117.9    
         127   401.5       3.000       117.9    
         128   407.9       3.000       117.9    
         129   414.3       3.000       117.9    
         130   420.8       3.000       140.4    
         131   427.3       3.000       140.4    
         132   433.9       3.000       140.4    
         133   440.5       3.000       140.4    
         134   447.2       3.000       140.4    
         135   454.0       3.000       140.4    
         136   460.8       3.000       140.4    
         137   467.6       3.000       140.4    
         138   474.5       3.000       167.2    
         139   481.4       3.000       167.2    
         140   488.4       3.000       167.2    
         141   495.4       3.000       167.2    
         142   502.5       3.000       167.2    
         143   509.7       3.000       167.2    
         144   516.9       3.000       167.2    
         145   524.1       3.000       167.2    
         146   531.4       3.000       167.2    
         147   538.7       3.000       199.1    
         148   546.1       3.000       199.1    
         149   553.6       3.000       199.1    
         150   561.1       3.000       199.1    
         151   568.6       3.000       199.1    
         152   576.2       3.000       199.1    
         153   583.8       3.000       199.1    
         154   591.5       3.000       199.1    
         155   599.3       3.000       199.1    
         156   607.1       3.000       237.2    
         157   614.9       3.000       237.2    
         158   622.8       3.000       237.2    
         159   630.8       3.000       237.2    
         160   638.8       3.000       237.2    
         161   646.8       3.000       237.2    
         162   654.9       3.000       237.2    
         163   663.0       3.000       237.2    
         164   671.2       3.000       237.2    
         165   679.5       3.000       282.5    
         166   687.8       3.000       282.5    
         167   696.1       3.000       282.5    
         168   704.5       3.000       282.5    
         169   713.0       3.000       282.5    
         170   721.5       3.000       282.5    
         171   730.0       3.000       282.5    
         172   738.7       3.000       282.5    
         173   747.3       3.000       282.5    
         174   756.0       3.000       336.4    
         175   764.8       3.000       336.4    
         176   773.6       3.000       336.4    
         177   782.4       3.000       336.4    
         178   791.3       3.000       336.4    
         179   800.3       3.000       336.4    
         180   809.3       3.000       336.4    
         181   818.3       3.000       336.4    
         182   827.4       3.000       336.4    
         183   836.6       3.000       400.7    
         184   845.8       3.000       400.7    
         185   855.1       3.000       400.7    
         186   864.4       3.000       400.7    
         187   873.7       3.000       400.7    
         188   883.2       3.000       400.7    
         189   892.6       3.000       400.7    
         190   902.1       3.000       400.7    
         191   911.7       3.000       400.7    
         192   921.3       3.000       400.7    
         193   931.0       3.000       477.2    
         194   940.7       3.000       477.2    
         195   950.4       3.000       477.2    
         196   960.2       3.000       477.2    
         197   970.1       3.000       477.2    
         198   980.0       3.000       477.2    
         199   990.0       3.000       477.2    
         200   1000.       3.000       477.2    
 
 
 Transport coefficients
A1     Mean energy (eV)                                                
A2     Mobility *N (1/m/V/s)                                           
A6     Diffusion coefficient *N (1/m/s)                                
A11    Energy mobility *N (1/m/V/s)                                    
A12    Energy diffusion coef. *N (1/m/s)                               
A13    Total collision freq. /N (m3/s)                                 
A14    Momentum frequency /N (m3/s)                                    
A16    Total ionization freq. /N (m3/s)                                
A17    Total attachment freq. /N (m3/s)                                
A18    Townsend ioniz. coef. alpha/N (m2)                              
A19    Townsend attach. coef. eta/N (m2)                               
A20    Power /N (eV m3/s)                                              
A21    Elastic power loss /N (eV m3/s)                                 
A22    Inelastic power loss /N (eV m3/s)                               
A23    Growth power /N (eV m3/s)                                       
A27    Maximum energy                                                  
A28    # of iterations                                                 
A29    # of grid trials                                                
          R#    E/N (Td)      A1          A2          A6         A11         A12         A13         A14         A16         A17         A18         A19         A20         A21         A22         A23         A27         A28         A29    
           1   1.000      0.3898E-01  0.2481E+24  0.6455E+22  0.4124E+24  0.1068E+23  0.6694E-12  0.7090E-12   0.000       0.000       0.000       0.000      0.2481E-18  0.7489E-20  0.2405E-18   0.000      0.6211       4.000       1.000    
           2   1.025      0.3900E-01  0.2480E+24  0.6457E+22  0.4124E+24  0.1068E+23  0.6694E-12  0.7091E-12   0.000       0.000       0.000       0.000      0.2607E-18  0.7859E-20  0.2528E-18   0.000      0.6211       4.000       1.000    
           3   1.101      0.3903E-01  0.2480E+24  0.6462E+22  0.4124E+24  0.1069E+23  0.6696E-12  0.7092E-12   0.000       0.000       0.000       0.000      0.3006E-18  0.9016E-20  0.2915E-18   0.000      0.6211       4.000       1.000    
           4   1.227      0.3908E-01  0.2479E+24  0.6471E+22  0.4124E+24  0.1069E+23  0.6698E-12  0.7095E-12   0.000       0.000       0.000       0.000      0.3733E-18  0.1110E-19  0.3621E-18   0.000      0.6211       4.000       1.000    
           5   1.404      0.3917E-01  0.2478E+24  0.6484E+22  0.4124E+24  0.1070E+23  0.6702E-12  0.7098E-12   0.000       0.000       0.000       0.000      0.4882E-18  0.1433E-19  0.4738E-18   0.000      0.6211       4.000       1.000    
           6   1.631      0.3929E-01  0.2476E+24  0.6503E+22  0.4124E+24  0.1072E+23  0.6707E-12  0.7103E-12   0.000       0.000       0.000       0.000      0.6584E-18  0.1899E-19  0.6394E-18   0.000      0.6211       3.000       1.000    
           7   1.908      0.3946E-01  0.2474E+24  0.6529E+22  0.4123E+24  0.1074E+23  0.6714E-12  0.7109E-12   0.000       0.000       0.000       0.000      0.9008E-18  0.2538E-19  0.8753E-18   0.000      0.6211       3.000       1.000    
           8   2.236      0.3968E-01  0.2471E+24  0.6563E+22  0.4123E+24  0.1076E+23  0.6722E-12  0.7117E-12   0.000       0.000       0.000       0.000      0.1236E-17  0.3382E-19  0.1202E-17   0.000      0.6211       3.000       1.000    
           9   2.615      0.3995E-01  0.2469E+24  0.6606E+22  0.4123E+24  0.1080E+23  0.6732E-12  0.7125E-12   0.000       0.000       0.000       0.000      0.1687E-17  0.4461E-19  0.1643E-17   0.000      0.6211       3.000       1.000    
          10   3.043      0.4029E-01  0.2466E+24  0.6659E+22  0.4123E+24  0.1085E+23  0.6744E-12  0.7134E-12   0.000       0.000       0.000       0.000      0.2284E-17  0.5799E-19  0.2225E-17   0.000      0.6211       3.000       1.000    
          11   3.523      0.4069E-01  0.2462E+24  0.6721E+22  0.4124E+24  0.1091E+23  0.6757E-12  0.7143E-12   0.000       0.000       0.000       0.000      0.3056E-17  0.7419E-19  0.2981E-17   0.000      0.6211       3.000       1.000    
          12   4.052      0.4115E-01  0.2459E+24  0.6795E+22  0.4125E+24  0.1098E+23  0.6771E-12  0.7152E-12   0.000       0.000       0.000       0.000      0.4039E-17  0.9335E-19  0.3945E-17   0.000      0.6211       4.000       1.000    
          13   4.633      0.4169E-01  0.2456E+24  0.6879E+22  0.4127E+24  0.1107E+23  0.6787E-12  0.7160E-12   0.000       0.000       0.000       0.000      0.5272E-17  0.1156E-18  0.5156E-17   0.000      0.7399       8.000       2.000    
          14   5.263      0.4229E-01  0.2454E+24  0.6975E+22  0.4129E+24  0.1118E+23  0.6803E-12  0.7168E-12   0.000       0.000       0.000       0.000      0.6798E-17  0.1411E-18  0.6656E-17   0.000      0.7399       4.000       1.000    
          15   5.944      0.4297E-01  0.2452E+24  0.7083E+22  0.4133E+24  0.1131E+23  0.6819E-12  0.7174E-12   0.000       0.000       0.000       0.000      0.8663E-17  0.1698E-18  0.8493E-17   0.000      0.7399       4.000       1.000    
          16   6.676      0.4372E-01  0.2450E+24  0.7203E+22  0.4137E+24  0.1147E+23  0.6836E-12  0.7179E-12   0.000       0.000       0.000       0.000      0.1092E-16  0.2019E-18  0.1072E-16   0.000      0.7399       4.000       1.000    
          17   7.458      0.4454E-01  0.2449E+24  0.7337E+22  0.4143E+24  0.1165E+23  0.6852E-12  0.7182E-12   0.000       0.000       0.000       0.000      0.1362E-16  0.2374E-18  0.1338E-16   0.000      0.7399       4.000       1.000    
          18   8.290      0.4544E-01  0.2449E+24  0.7484E+22  0.4150E+24  0.1186E+23  0.6869E-12  0.7183E-12   0.000       0.000       0.000       0.000      0.1683E-16  0.2765E-18  0.1655E-16   0.000      0.7399       4.000       1.000    
          19   9.173      0.4643E-01  0.2449E+24  0.7647E+22  0.4160E+24  0.1210E+23  0.6885E-12  0.7182E-12   0.000       0.000       0.000       0.000      0.2061E-16  0.3192E-18  0.2029E-16   0.000      0.7399       4.000       1.000    
          20   10.11      0.4750E-01  0.2450E+24  0.7826E+22  0.4171E+24  0.1237E+23  0.6900E-12  0.7178E-12   0.000       0.000       0.000       0.000      0.2503E-16  0.3659E-18  0.2466E-16   0.000      0.7399       4.000       1.000    
          21   11.09      0.4867E-01  0.2452E+24  0.8023E+22  0.4185E+24  0.1269E+23  0.6915E-12  0.7172E-12   0.000       0.000       0.000       0.000      0.3016E-16  0.4167E-18  0.2975E-16   0.000      0.8815       8.000       2.000    
          22   12.12      0.4994E-01  0.2456E+24  0.8240E+22  0.4201E+24  0.1305E+23  0.6929E-12  0.7163E-12   0.000       0.000       0.000       0.000      0.3610E-16  0.4718E-18  0.3563E-16   0.000      0.8815       4.000       1.000    
          23   13.21      0.5132E-01  0.2460E+24  0.8480E+22  0.4221E+24  0.1347E+23  0.6941E-12  0.7150E-12   0.000       0.000       0.000       0.000      0.4293E-16  0.5318E-18  0.4239E-16   0.000      0.8815       4.000       1.000    
          24   14.34      0.5283E-01  0.2466E+24  0.8746E+22  0.4245E+24  0.1395E+23  0.6952E-12  0.7133E-12   0.000       0.000       0.000       0.000      0.5074E-16  0.5968E-18  0.5014E-16   0.000       1.050       8.000       2.000    
          25   15.53      0.5448E-01  0.2473E+24  0.9041E+22  0.4273E+24  0.1451E+23  0.6962E-12  0.7112E-12   0.000       0.000       0.000       0.000      0.5965E-16  0.6673E-18  0.5898E-16   0.000       1.251       8.000       2.000    
          26   16.77      0.5629E-01  0.2482E+24  0.9370E+22  0.4306E+24  0.1515E+23  0.6970E-12  0.7086E-12   0.000       0.000       0.000       0.000      0.6977E-16  0.7437E-18  0.6903E-16   0.000       1.490       8.000       2.000    
          27   18.05      0.5826E-01  0.2493E+24  0.9737E+22  0.4345E+24  0.1588E+23  0.6977E-12  0.7055E-12   0.000       0.000       0.000       0.000      0.8125E-16  0.8265E-18  0.8042E-16   0.000       1.775       8.000       2.000    
          28   19.39      0.6042E-01  0.2506E+24  0.1015E+23  0.4391E+24  0.1674E+23  0.6981E-12  0.7019E-12   0.000       0.000       0.000       0.000      0.9422E-16  0.9160E-18  0.9330E-16   0.000       2.518       12.00       3.000    
          29   20.78      0.6278E-01  0.2522E+24  0.1061E+23  0.4445E+24  0.1775E+23  0.6983E-12  0.6975E-12   0.000       0.000       0.000       0.000      0.1089E-15  0.1013E-17  0.1078E-15   0.000       4.254       16.00       4.000    
          30   22.22      0.6536E-01  0.2540E+24  0.1113E+23  0.4510E+24  0.1904E+23  0.6982E-12  0.6925E-12   0.000      0.7643E-23   0.000      0.1354E-26  0.1254E-15  0.1117E-17  0.1242E-15 -0.4996E-24   7.188       16.00       4.000    
          31   23.70      0.6819E-01  0.2561E+24  0.1173E+23  0.4587E+24  0.2082E+23  0.6978E-12  0.6867E-12   0.000      0.3320E-22   0.000      0.5468E-26  0.1439E-15  0.1228E-17  0.1427E-15 -0.2264E-23   8.562       8.000       2.000    
          32   25.24      0.7130E-01  0.2586E+24  0.1242E+23  0.4683E+24  0.2382E+23  0.6971E-12  0.6800E-12   0.000      0.1349E-21   0.000      0.2066E-25  0.1648E-15  0.1347E-17  0.1635E-15 -0.9619E-23   10.20       8.000       2.000    
          33   26.83      0.7473E-01  0.2616E+24  0.1326E+23  0.4809E+24  0.2984E+23  0.6959E-12  0.6724E-12   0.000      0.4984E-21   0.000      0.7101E-25  0.1883E-15  0.1474E-17  0.1868E-15 -0.3725E-22   10.20       4.000       1.000    
          34   28.47      0.7854E-01  0.2650E+24  0.1436E+23  0.4992E+24  0.4308E+23  0.6944E-12  0.6636E-12   0.000      0.1638E-20   0.000      0.2171E-24  0.2148E-15  0.1609E-17  0.2132E-15 -0.1287E-21   12.15       8.000       2.000    
          35   30.16      0.8288E-01  0.2691E+24  0.1594E+23  0.5273E+24  0.7214E+23  0.6924E-12  0.6535E-12   0.000      0.4837E-20   0.000      0.5958E-24  0.2448E-15  0.1752E-17  0.2431E-15 -0.4010E-21   12.15       4.000       1.000    
          36   31.90      0.8801E-01  0.2742E+24  0.1843E+23  0.5732E+24  0.1332E+24  0.6899E-12  0.6415E-12  0.4931E-23  0.1299E-19  0.5637E-27  0.1485E-23  0.2791E-15  0.1903E-17  0.2772E-15 -0.1143E-20   14.47       8.000       2.000    
          37   33.69      0.9439E-01  0.2805E+24  0.2261E+23  0.6477E+24  0.2522E+24  0.6868E-12  0.6271E-12  0.1965E-22  0.3191E-19  0.2079E-26  0.3377E-23  0.3184E-15  0.2064E-17  0.3164E-15 -0.3011E-20   14.47       4.000       1.000    
          38   35.54      0.1028      0.2886E+24  0.2979E+23  0.7645E+24  0.4653E+24  0.6829E-12  0.6094E-12  0.6964E-22  0.7246E-19  0.6790E-26  0.7065E-23  0.3645E-15  0.2237E-17  0.3622E-15 -0.7445E-20   14.47       4.000       1.000    
          39   37.43      0.1145      0.2994E+24  0.4204E+23  0.9366E+24  0.8118E+24  0.6780E-12  0.5875E-12  0.2415E-21  0.1532E-18  0.2155E-25  0.1367E-22  0.4194E-15  0.2426E-17  0.4170E-15 -0.1753E-19   17.23       8.000       2.000    
          40   39.37      0.1314      0.3138E+24  0.6233E+23  0.1167E+25  0.1316E+25  0.6718E-12  0.5606E-12  0.7089E-21  0.3034E-18  0.5739E-25  0.2456E-22  0.4863E-15  0.2638E-17  0.4837E-15 -0.3977E-19   17.23       4.000       1.000    
          41   41.36      0.1558      0.3331E+24  0.9475E+23  0.1445E+25  0.1970E+25  0.6641E-12  0.5281E-12  0.1909E-20  0.5662E-18  0.1386E-24  0.4110E-22  0.5698E-15  0.2882E-17  0.5671E-15 -0.8795E-19   17.23       4.000       1.000    
          42   43.41      0.1912      0.3588E+24  0.1445E+24  0.1743E+25  0.2724E+25  0.6542E-12  0.4902E-12  0.4752E-20  0.1000E-17  0.3051E-24  0.6423E-22  0.6760E-15  0.3170E-17  0.6730E-15 -0.1904E-18   17.23       4.000       1.000    
          43   45.50      0.2413      0.3926E+24  0.2177E+24  0.2031E+25  0.3504E+25  0.6419E-12  0.4480E-12  0.1103E-19  0.1682E-17  0.6173E-24  0.9414E-22  0.8127E-15  0.3519E-17  0.8096E-15 -0.4033E-18   20.52       9.000       2.000    
          44   47.64      0.3104      0.4357E+24  0.3207E+24  0.2279E+25  0.4237E+25  0.6265E-12  0.4037E-12  0.2389E-19  0.2695E-17  0.1151E-23  0.1298E-21  0.9889E-15  0.3943E-17  0.9858E-15 -0.8293E-18   20.52       5.000       1.000    
          45   49.84      0.4026      0.4892E+24  0.4597E+24  0.2478E+25  0.4882E+25  0.6079E-12  0.3596E-12  0.4865E-19  0.4132E-17  0.1996E-23  0.1695E-21  0.1215E-14  0.4462E-17  0.1212E-14 -0.1644E-17   20.52       5.000       1.000    
          46   52.08      0.5212      0.5535E+24  0.6394E+24  0.2627E+25  0.5423E+25  0.5857E-12  0.3178E-12  0.9352E-19  0.6079E-17  0.3244E-23  0.2109E-21  0.1501E-14  0.5090E-17  0.1499E-14 -0.3120E-17   20.52       5.000       1.000    
          47   54.38      0.6685      0.6282E+24  0.8626E+24  0.2731E+25  0.5864E+25  0.5601E-12  0.2800E-12  0.1704E-18  0.8604E-17  0.4989E-23  0.2519E-21  0.1858E-14  0.5839E-17  0.1858E-14 -0.5638E-17   24.44       10.00       2.000    
          48   56.73      0.8442      0.7118E+24  0.1128E+25  0.2801E+25  0.6220E+25  0.5313E-12  0.2471E-12  0.2952E-18  0.1173E-16  0.7311E-23  0.2906E-21  0.2290E-14  0.6708E-17  0.2293E-14 -0.9658E-17   24.44       5.000       1.000    
          49   59.12       1.047      0.8020E+24  0.1432E+25  0.2844E+25  0.6506E+25  0.5001E-12  0.2193E-12  0.4879E-18  0.1546E-16  0.1029E-22  0.3261E-21  0.2803E-14  0.7695E-17  0.2811E-14 -0.1567E-16   24.44       5.000       1.000    
          50   61.57       1.271      0.8958E+24  0.1767E+25  0.2868E+25  0.6738E+25  0.4673E-12  0.1963E-12  0.7721E-18  0.1973E-16  0.1400E-22  0.3577E-21  0.3396E-14  0.8784E-17  0.3411E-14 -0.2410E-16   24.44       5.000       1.000    
          51   64.07       1.513      0.9900E+24  0.2124E+25  0.2878E+25  0.6928E+25  0.4339E-12  0.1777E-12  0.1174E-17  0.2445E-16  0.1851E-22  0.3854E-21  0.4064E-14  0.9954E-17  0.4089E-14 -0.3520E-16   24.44       5.000       1.000    
          52   66.61       1.764      0.1082E+25  0.2491E+25  0.2877E+25  0.7087E+25  0.4008E-12  0.1626E-12  0.1721E-17  0.2949E-16  0.2389E-22  0.4093E-21  0.4799E-14  0.1118E-16  0.4837E-14 -0.4899E-16   24.44       5.000       1.000    
          53   69.21       2.019      0.1168E+25  0.2859E+25  0.2870E+25  0.7220E+25  0.3689E-12  0.1506E-12  0.2441E-17  0.3472E-16  0.3020E-22  0.4296E-21  0.5594E-14  0.1244E-16  0.5646E-14 -0.6518E-16   29.11       10.00       2.000    
          54   71.86       2.271      0.1247E+25  0.3218E+25  0.2858E+25  0.7334E+25  0.3389E-12  0.1411E-12  0.3361E-17  0.4002E-16  0.3751E-22  0.4468E-21  0.6438E-14  0.1370E-16  0.6507E-14 -0.8328E-16   29.11       5.000       1.000    
          55   74.56       2.517      0.1317E+25  0.3561E+25  0.2842E+25  0.7434E+25  0.3113E-12  0.1335E-12  0.4507E-17  0.4528E-16  0.4589E-22  0.4611E-21  0.7322E-14  0.1495E-16  0.7410E-14 -0.1026E-15   29.11       5.000       1.000    
          56   77.31       2.752      0.1379E+25  0.3884E+25  0.2824E+25  0.7522E+25  0.2863E-12  0.1276E-12  0.5905E-17  0.5041E-16  0.5540E-22  0.4729E-21  0.8240E-14  0.1617E-16  0.8346E-14 -0.1225E-15   29.11       5.000       1.000    
          57   80.11       2.974      0.1431E+25  0.4184E+25  0.2804E+25  0.7600E+25  0.2639E-12  0.1229E-12  0.7580E-17  0.5534E-16  0.6610E-22  0.4826E-21  0.9186E-14  0.1735E-16  0.9310E-14 -0.1421E-15   29.11       5.000       1.000    
          58   82.96       3.183      0.1476E+25  0.4459E+25  0.2783E+25  0.7672E+25  0.2440E-12  0.1192E-12  0.9556E-17  0.6004E-16  0.7806E-22  0.4905E-21  0.1016E-13  0.1848E-16  0.1030E-13 -0.1607E-15   29.11       4.000       1.000    
          59   85.86       3.378      0.1512E+25  0.4710E+25  0.2762E+25  0.7737E+25  0.2266E-12  0.1163E-12  0.1186E-16  0.6449E-16  0.9133E-22  0.4967E-21  0.1115E-13  0.1958E-16  0.1131E-13 -0.1778E-15   29.11       4.000       1.000    
          60   88.81       3.561      0.1542E+25  0.4939E+25  0.2741E+25  0.7798E+25  0.2114E-12  0.1141E-12  0.1451E-16  0.6867E-16  0.1060E-21  0.5015E-21  0.1216E-13  0.2063E-16  0.1233E-13 -0.1929E-15   34.67       8.000       2.000    
          61   91.82       3.731      0.1565E+25  0.5147E+25  0.2719E+25  0.7856E+25  0.1982E-12  0.1124E-12  0.1754E-16  0.7260E-16  0.1221E-21  0.5051E-21  0.1320E-13  0.2163E-16  0.1338E-13 -0.2054E-15   34.67       4.000       1.000    
          62   94.87       3.889      0.1584E+25  0.5335E+25  0.2697E+25  0.7910E+25  0.1867E-12  0.1110E-12  0.2098E-16  0.7627E-16  0.1396E-21  0.5076E-21  0.1425E-13  0.2260E-16  0.1445E-13 -0.2151E-15   34.67       4.000       1.000    
          63   97.97       4.038      0.1598E+25  0.5505E+25  0.2676E+25  0.7961E+25  0.1768E-12  0.1101E-12  0.2484E-16  0.7971E-16  0.1587E-21  0.5092E-21  0.1534E-13  0.2353E-16  0.1553E-13 -0.2215E-15   34.67       4.000       1.000    
          64   101.1       4.177      0.1608E+25  0.5661E+25  0.2655E+25  0.8011E+25  0.1682E-12  0.1094E-12  0.2917E-16  0.8292E-16  0.1794E-21  0.5099E-21  0.1644E-13  0.2443E-16  0.1664E-13 -0.2245E-15   34.67       4.000       1.000    
          65   104.3       4.308      0.1615E+25  0.5802E+25  0.2634E+25  0.8058E+25  0.1607E-12  0.1089E-12  0.3399E-16  0.8592E-16  0.2017E-21  0.5100E-21  0.1758E-13  0.2531E-16  0.1778E-13 -0.2238E-15   34.67       4.000       1.000    
          66   107.6       4.432      0.1619E+25  0.5932E+25  0.2613E+25  0.8105E+25  0.1542E-12  0.1086E-12  0.3932E-16  0.8874E-16  0.2257E-21  0.5094E-21  0.1874E-13  0.2616E-16  0.1893E-13 -0.2190E-15   34.67       4.000       1.000    
          67   110.9       4.550      0.1621E+25  0.6051E+25  0.2593E+25  0.8150E+25  0.1486E-12  0.1085E-12  0.4520E-16  0.9137E-16  0.2514E-21  0.5082E-21  0.1994E-13  0.2699E-16  0.2012E-13 -0.2101E-15   41.29       8.000       2.000    
          68   114.2       4.662      0.1622E+25  0.6160E+25  0.2574E+25  0.8194E+25  0.1437E-12  0.1085E-12  0.5167E-16  0.9384E-16  0.2789E-21  0.5066E-21  0.2116E-13  0.2781E-16  0.2133E-13 -0.1966E-15   41.29       4.000       1.000    
          69   117.6       4.770      0.1620E+25  0.6262E+25  0.2554E+25  0.8238E+25  0.1394E-12  0.1086E-12  0.5875E-16  0.9615E-16  0.3082E-21  0.5044E-21  0.2243E-13  0.2861E-16  0.2257E-13 -0.1784E-15   41.29       4.000       1.000    
          70   121.1       4.873      0.1618E+25  0.6356E+25  0.2535E+25  0.8281E+25  0.1357E-12  0.1087E-12  0.6648E-16  0.9832E-16  0.3393E-21  0.5019E-21  0.2372E-13  0.2939E-16  0.2385E-13 -0.1552E-15   41.29       4.000       1.000    
          71   124.6       4.973      0.1614E+25  0.6444E+25  0.2517E+25  0.8323E+25  0.1324E-12  0.1090E-12  0.7488E-16  0.1004E-15  0.3723E-21  0.4990E-21  0.2506E-13  0.3017E-16  0.2516E-13 -0.1267E-15   41.29       4.000       1.000    
          72   128.2       5.070      0.1609E+25  0.6526E+25  0.2499E+25  0.8365E+25  0.1296E-12  0.1093E-12  0.8400E-16  0.1023E-15  0.4072E-21  0.4958E-21  0.2644E-13  0.3094E-16  0.2650E-13 -0.9262E-16   41.29       4.000       1.000    
          73   131.8       5.164      0.1604E+25  0.6604E+25  0.2481E+25  0.8407E+25  0.1271E-12  0.1097E-12  0.9386E-16  0.1041E-15  0.4441E-21  0.4923E-21  0.2785E-13  0.3170E-16  0.2787E-13 -0.5266E-16   41.29       4.000       1.000    
          74   135.4       5.255      0.1598E+25  0.6677E+25  0.2464E+25  0.8448E+25  0.1249E-12  0.1101E-12  0.1045E-15  0.1057E-15  0.4829E-21  0.4886E-21  0.2931E-13  0.3246E-16  0.2929E-13 -0.6490E-17   41.29       4.000       1.000    
          75   139.1       5.344      0.1592E+25  0.6746E+25  0.2447E+25  0.8490E+25  0.1230E-12  0.1105E-12  0.1160E-15  0.1073E-15  0.5236E-21  0.4846E-21  0.3082E-13  0.3321E-16  0.3074E-13  0.4622E-16   49.18       8.000       2.000    
          76   142.9       5.432      0.1585E+25  0.6812E+25  0.2431E+25  0.8531E+25  0.1213E-12  0.1110E-12  0.1283E-15  0.1088E-15  0.5664E-21  0.4804E-21  0.3237E-13  0.3396E-16  0.3223E-13  0.1058E-15   49.18       4.000       1.000    
          77   146.7       5.518      0.1578E+25  0.6875E+25  0.2415E+25  0.8572E+25  0.1199E-12  0.1115E-12  0.1415E-15  0.1102E-15  0.6112E-21  0.4760E-21  0.3396E-13  0.3471E-16  0.3376E-13  0.1727E-15   49.18       4.000       1.000    
          78   150.6       5.602      0.1571E+25  0.6935E+25  0.2399E+25  0.8614E+25  0.1186E-12  0.1120E-12  0.1556E-15  0.1115E-15  0.6580E-21  0.4715E-21  0.3561E-13  0.3546E-16  0.3532E-13  0.2472E-15   49.18       4.000       1.000    
          79   154.5       5.685      0.1563E+25  0.6993E+25  0.2384E+25  0.8655E+25  0.1175E-12  0.1125E-12  0.1707E-15  0.1127E-15  0.7069E-21  0.4668E-21  0.3730E-13  0.3621E-16  0.3694E-13  0.3297E-15   49.18       4.000       1.000    
          80   158.4       5.767      0.1556E+25  0.7049E+25  0.2369E+25  0.8697E+25  0.1165E-12  0.1131E-12  0.1868E-15  0.1139E-15  0.7579E-21  0.4620E-21  0.3905E-13  0.3695E-16  0.3859E-13  0.4206E-15   49.18       4.000       1.000    
          81   162.5       5.849      0.1548E+25  0.7103E+25  0.2354E+25  0.8738E+25  0.1156E-12  0.1136E-12  0.2039E-15  0.1149E-15  0.8109E-21  0.4570E-21  0.4085E-13  0.3770E-16  0.4029E-13  0.5205E-15   49.18       4.000       1.000    
          82   166.5       5.929      0.1540E+25  0.7155E+25  0.2340E+25  0.8780E+25  0.1149E-12  0.1142E-12  0.2221E-15  0.1159E-15  0.8661E-21  0.4520E-21  0.4270E-13  0.3845E-16  0.4203E-13  0.6296E-15   49.18       5.000       1.000    
          83   170.6       6.009      0.1532E+25  0.7205E+25  0.2326E+25  0.8822E+25  0.1142E-12  0.1148E-12  0.2414E-15  0.1168E-15  0.9233E-21  0.4469E-21  0.4461E-13  0.3920E-16  0.4382E-13  0.7485E-15   49.18       5.000       1.000    
          84   174.8       6.088      0.1524E+25  0.7254E+25  0.2312E+25  0.8865E+25  0.1137E-12  0.1154E-12  0.2618E-15  0.1177E-15  0.9827E-21  0.4417E-21  0.4657E-13  0.3995E-16  0.4565E-13  0.8776E-15   58.57       10.00       2.000    
          85   179.0       6.167      0.1516E+25  0.7302E+25  0.2299E+25  0.8907E+25  0.1132E-12  0.1160E-12  0.2834E-15  0.1185E-15  0.1044E-20  0.4364E-21  0.4859E-13  0.4071E-16  0.4753E-13  0.1017E-14   58.57       5.000       1.000    
          86   183.3       6.245      0.1509E+25  0.7349E+25  0.2286E+25  0.8950E+25  0.1128E-12  0.1166E-12  0.3063E-15  0.1192E-15  0.1108E-20  0.4311E-21  0.5067E-13  0.4146E-16  0.4946E-13  0.1168E-14   58.57       5.000       1.000    
          87   187.6       6.323      0.1501E+25  0.7394E+25  0.2273E+25  0.8994E+25  0.1125E-12  0.1172E-12  0.3304E-15  0.1199E-15  0.1174E-20  0.4258E-21  0.5281E-13  0.4222E-16  0.5143E-13  0.1331E-14   58.57       5.000       1.000    
          88   191.9       6.401      0.1493E+25  0.7439E+25  0.2261E+25  0.9037E+25  0.1122E-12  0.1178E-12  0.3558E-15  0.1205E-15  0.1241E-20  0.4204E-21  0.5501E-13  0.4298E-16  0.5346E-13  0.1506E-14   58.57       5.000       1.000    
          89   196.4       6.478      0.1485E+25  0.7483E+25  0.2249E+25  0.9082E+25  0.1120E-12  0.1184E-12  0.3825E-15  0.1210E-15  0.1311E-20  0.4150E-21  0.5727E-13  0.4375E-16  0.5553E-13  0.1694E-14   58.57       5.000       1.000    
          90   200.8       6.556      0.1478E+25  0.7526E+25  0.2237E+25  0.9126E+25  0.1118E-12  0.1190E-12  0.4106E-15  0.1215E-15  0.1384E-20  0.4095E-21  0.5960E-13  0.4452E-16  0.5766E-13  0.1895E-14   58.57       5.000       1.000    
          91   205.3       6.633      0.1470E+25  0.7569E+25  0.2225E+25  0.9171E+25  0.1117E-12  0.1196E-12  0.4401E-15  0.1220E-15  0.1458E-20  0.4041E-21  0.6199E-13  0.4529E-16  0.5983E-13  0.2110E-14   58.57       5.000       1.000    
          92   209.9       6.710      0.1463E+25  0.7611E+25  0.2214E+25  0.9216E+25  0.1116E-12  0.1202E-12  0.4711E-15  0.1224E-15  0.1534E-20  0.3987E-21  0.6445E-13  0.4607E-16  0.6206E-13  0.2340E-14   58.57       5.000       1.000    
          93   214.5       6.787      0.1455E+25  0.7652E+25  0.2203E+25  0.9262E+25  0.1115E-12  0.1209E-12  0.5036E-15  0.1228E-15  0.1613E-20  0.3932E-21  0.6697E-13  0.4685E-16  0.6434E-13  0.2585E-14   69.76       10.00       2.000    
          94   219.2       6.865      0.1448E+25  0.7693E+25  0.2192E+25  0.9308E+25  0.1115E-12  0.1215E-12  0.5376E-15  0.1231E-15  0.1694E-20  0.3878E-21  0.6957E-13  0.4764E-16  0.6667E-13  0.2845E-14   69.76       5.000       1.000    
          95   223.9       6.942      0.1441E+25  0.7734E+25  0.2181E+25  0.9355E+25  0.1115E-12  0.1221E-12  0.5731E-15  0.1234E-15  0.1777E-20  0.3824E-21  0.7223E-13  0.4843E-16  0.6906E-13  0.3122E-14   69.76       5.000       1.000    
          96   228.7       7.019      0.1434E+25  0.7774E+25  0.2171E+25  0.9402E+25  0.1115E-12  0.1227E-12  0.6103E-15  0.1236E-15  0.1862E-20  0.3770E-21  0.7496E-13  0.4923E-16  0.7150E-13  0.3416E-14   69.76       5.000       1.000    
          97   233.5       7.097      0.1427E+25  0.7814E+25  0.2160E+25  0.9450E+25  0.1115E-12  0.1233E-12  0.6491E-15  0.1238E-15  0.1949E-20  0.3716E-21  0.7777E-13  0.5003E-16  0.7399E-13  0.3728E-14   69.76       5.000       1.000    
          98   238.4       7.174      0.1420E+25  0.7853E+25  0.2150E+25  0.9498E+25  0.1116E-12  0.1239E-12  0.6896E-15  0.1239E-15  0.2038E-20  0.3663E-21  0.8065E-13  0.5083E-16  0.7654E-13  0.4059E-14   69.76       5.000       1.000    
          99   243.3       7.252      0.1413E+25  0.7892E+25  0.2141E+25  0.9547E+25  0.1117E-12  0.1245E-12  0.7318E-15  0.1240E-15  0.2130E-20  0.3609E-21  0.8361E-13  0.5164E-16  0.7915E-13  0.4408E-14   69.76       5.000       1.000    
         100   248.2       7.330      0.1406E+25  0.7931E+25  0.2131E+25  0.9596E+25  0.1118E-12  0.1251E-12  0.7758E-15  0.1241E-15  0.2223E-20  0.3557E-21  0.8664E-13  0.5246E-16  0.8181E-13  0.4777E-14   69.76       5.000       1.000    
         101   253.3       7.408      0.1399E+25  0.7970E+25  0.2121E+25  0.9646E+25  0.1119E-12  0.1257E-12  0.8216E-15  0.1242E-15  0.2319E-20  0.3504E-21  0.8975E-13  0.5328E-16  0.8452E-13  0.5167E-14   69.76       5.000       1.000    
         102   258.3       7.487      0.1392E+25  0.8009E+25  0.2112E+25  0.9696E+25  0.1121E-12  0.1263E-12  0.8693E-15  0.1242E-15  0.2417E-20  0.3452E-21  0.9293E-13  0.5410E-16  0.8730E-13  0.5578E-14   83.09       10.00       2.000    
         103   263.5       7.565      0.1386E+25  0.8047E+25  0.2103E+25  0.9747E+25  0.1122E-12  0.1269E-12  0.9188E-15  0.1242E-15  0.2516E-20  0.3401E-21  0.9620E-13  0.5493E-16  0.9013E-13  0.6012E-14   83.09       5.000       1.000    
         104   268.6       7.644      0.1379E+25  0.8085E+25  0.2094E+25  0.9799E+25  0.1124E-12  0.1275E-12  0.9703E-15  0.1241E-15  0.2618E-20  0.3350E-21  0.9955E-13  0.5577E-16  0.9302E-13  0.6468E-14   83.09       5.000       1.000    
         105   273.9       7.723      0.1373E+25  0.8123E+25  0.2086E+25  0.9851E+25  0.1126E-12  0.1281E-12  0.1024E-14  0.1240E-15  0.2722E-20  0.3299E-21  0.1030E-12  0.5661E-16  0.9597E-13  0.6949E-14   83.09       5.000       1.000    
         106   279.1       7.803      0.1367E+25  0.8161E+25  0.2077E+25  0.9903E+25  0.1128E-12  0.1287E-12  0.1079E-14  0.1239E-15  0.2829E-20  0.3249E-21  0.1065E-12  0.5745E-16  0.9898E-13  0.7454E-14   83.09       5.000       1.000    
         107   284.4       7.883      0.1361E+25  0.8199E+25  0.2069E+25  0.9957E+25  0.1130E-12  0.1293E-12  0.1137E-14  0.1238E-15  0.2937E-20  0.3199E-21  0.1101E-12  0.5830E-16  0.1020E-12  0.7984E-14   83.09       6.000       1.000    
         108   289.8       7.963      0.1354E+25  0.8237E+25  0.2060E+25  0.1001E+26  0.1132E-12  0.1299E-12  0.1196E-14  0.1237E-15  0.3047E-20  0.3150E-21  0.1138E-12  0.5916E-16  0.1052E-12  0.8541E-14   83.09       6.000       1.000    
         109   295.2       8.044      0.1348E+25  0.8275E+25  0.2052E+25  0.1006E+26  0.1134E-12  0.1304E-12  0.1258E-14  0.1235E-15  0.3160E-20  0.3102E-21  0.1175E-12  0.6002E-16  0.1084E-12  0.9125E-14   83.09       6.000       1.000    
         110   300.7       8.124      0.1342E+25  0.8313E+25  0.2044E+25  0.1012E+26  0.1136E-12  0.1310E-12  0.1322E-14  0.1233E-15  0.3274E-20  0.3054E-21  0.1214E-12  0.6089E-16  0.1116E-12  0.9737E-14   83.09       6.000       1.000    
         111   306.2       8.206      0.1337E+25  0.8351E+25  0.2036E+25  0.1017E+26  0.1139E-12  0.1316E-12  0.1388E-14  0.1231E-15  0.3391E-20  0.3007E-21  0.1253E-12  0.6177E-16  0.1149E-12  0.1038E-13   98.96       12.00       2.000    
         112   311.8       8.287      0.1331E+25  0.8388E+25  0.2029E+25  0.1023E+26  0.1141E-12  0.1322E-12  0.1456E-14  0.1228E-15  0.3509E-20  0.2960E-21  0.1294E-12  0.6265E-16  0.1183E-12  0.1105E-13   98.96       6.000       1.000    
         113   317.4       8.369      0.1325E+25  0.8426E+25  0.2021E+25  0.1029E+26  0.1143E-12  0.1327E-12  0.1527E-14  0.1226E-15  0.3630E-20  0.2914E-21  0.1335E-12  0.6353E-16  0.1217E-12  0.1175E-13   98.96       6.000       1.000    
         114   323.1       8.452      0.1319E+25  0.8464E+25  0.2014E+25  0.1034E+26  0.1146E-12  0.1333E-12  0.1600E-14  0.1223E-15  0.3753E-20  0.2868E-21  0.1377E-12  0.6442E-16  0.1252E-12  0.1249E-13   98.96       6.000       1.000    
         115   328.8       8.534      0.1314E+25  0.8502E+25  0.2006E+25  0.1040E+26  0.1149E-12  0.1339E-12  0.1675E-14  0.1220E-15  0.3877E-20  0.2823E-21  0.1421E-12  0.6532E-16  0.1287E-12  0.1325E-13   98.96       6.000       1.000    
         116   334.6       8.618      0.1308E+25  0.8539E+25  0.1999E+25  0.1046E+26  0.1151E-12  0.1345E-12  0.1753E-14  0.1216E-15  0.4004E-20  0.2779E-21  0.1465E-12  0.6622E-16  0.1324E-12  0.1406E-13   98.96       6.000       1.000    
         117   340.4       8.701      0.1303E+25  0.8577E+25  0.1992E+25  0.1052E+26  0.1154E-12  0.1350E-12  0.1833E-14  0.1213E-15  0.4133E-20  0.2735E-21  0.1510E-12  0.6713E-16  0.1360E-12  0.1489E-13   98.96       6.000       1.000    
         118   346.3       8.785      0.1297E+25  0.8615E+25  0.1985E+25  0.1058E+26  0.1157E-12  0.1356E-12  0.1915E-14  0.1210E-15  0.4263E-20  0.2692E-21  0.1556E-12  0.6805E-16  0.1398E-12  0.1577E-13   98.96       6.000       1.000    
         119   352.3       8.870      0.1292E+25  0.8653E+25  0.1978E+25  0.1064E+26  0.1159E-12  0.1361E-12  0.2001E-14  0.1206E-15  0.4396E-20  0.2650E-21  0.1603E-12  0.6897E-16  0.1436E-12  0.1668E-13   98.96       6.000       1.000    
         120   358.2       8.954      0.1287E+25  0.8691E+25  0.1972E+25  0.1070E+26  0.1162E-12  0.1367E-12  0.2088E-14  0.1202E-15  0.4531E-20  0.2608E-21  0.1651E-12  0.6989E-16  0.1474E-12  0.1762E-13   117.9       12.00       2.000    
         121   364.3       9.040      0.1282E+25  0.8729E+25  0.1965E+25  0.1076E+26  0.1165E-12  0.1372E-12  0.2179E-14  0.1198E-15  0.4667E-20  0.2567E-21  0.1700E-12  0.7082E-16  0.1514E-12  0.1861E-13   117.9       6.000       1.000    
         122   370.3       9.126      0.1276E+25  0.8767E+25  0.1959E+25  0.1082E+26  0.1168E-12  0.1378E-12  0.2272E-14  0.1194E-15  0.4806E-20  0.2526E-21  0.1751E-12  0.7176E-16  0.1553E-12  0.1964E-13   117.9       6.000       1.000    
         123   376.5       9.212      0.1271E+25  0.8806E+25  0.1952E+25  0.1089E+26  0.1171E-12  0.1384E-12  0.2367E-14  0.1190E-15  0.4946E-20  0.2486E-21  0.1802E-12  0.7270E-16  0.1594E-12  0.2071E-13   117.9       6.000       1.000    
         124   382.7       9.298      0.1266E+25  0.8844E+25  0.1946E+25  0.1095E+26  0.1173E-12  0.1389E-12  0.2466E-14  0.1185E-15  0.5088E-20  0.2446E-21  0.1854E-12  0.7365E-16  0.1635E-12  0.2182E-13   117.9       6.000       1.000    
         125   388.9       9.385      0.1261E+25  0.8882E+25  0.1940E+25  0.1101E+26  0.1176E-12  0.1394E-12  0.2567E-14  0.1181E-15  0.5233E-20  0.2408E-21  0.1907E-12  0.7460E-16  0.1677E-12  0.2298E-13   117.9       6.000       1.000    
         126   395.2       9.473      0.1256E+25  0.8921E+25  0.1933E+25  0.1108E+26  0.1179E-12  0.1400E-12  0.2670E-14  0.1176E-15  0.5379E-20  0.2369E-21  0.1962E-12  0.7556E-16  0.1719E-12  0.2418E-13   117.9       6.000       1.000    
         127   401.5       9.561      0.1252E+25  0.8959E+25  0.1927E+25  0.1114E+26  0.1182E-12  0.1405E-12  0.2777E-14  0.1172E-15  0.5527E-20  0.2332E-21  0.2018E-12  0.7653E-16  0.1762E-12  0.2543E-13   117.9       6.000       1.000    
         128   407.9       9.649      0.1247E+25  0.8998E+25  0.1921E+25  0.1121E+26  0.1185E-12  0.1411E-12  0.2887E-14  0.1167E-15  0.5677E-20  0.2295E-21  0.2074E-12  0.7750E-16  0.1806E-12  0.2673E-13   117.9       6.000       1.000    
         129   414.3       9.738      0.1242E+25  0.9036E+25  0.1916E+25  0.1127E+26  0.1188E-12  0.1416E-12  0.2999E-14  0.1162E-15  0.5828E-20  0.2258E-21  0.2132E-12  0.7848E-16  0.1850E-12  0.2808E-13   140.4       12.00       2.000    
         130   420.8       9.828      0.1237E+25  0.9075E+25  0.1910E+25  0.1134E+26  0.1191E-12  0.1421E-12  0.3114E-14  0.1157E-15  0.5982E-20  0.2222E-21  0.2191E-12  0.7946E-16  0.1895E-12  0.2947E-13   140.4       6.000       1.000    
         131   427.3       9.917      0.1233E+25  0.9114E+25  0.1904E+25  0.1141E+26  0.1194E-12  0.1427E-12  0.3233E-14  0.1152E-15  0.6137E-20  0.2187E-21  0.2251E-12  0.8045E-16  0.1941E-12  0.3092E-13   140.4       6.000       1.000    
         132   433.9       10.01      0.1228E+25  0.9153E+25  0.1898E+25  0.1147E+26  0.1197E-12  0.1432E-12  0.3354E-14  0.1147E-15  0.6294E-20  0.2152E-21  0.2312E-12  0.8144E-16  0.1987E-12  0.3242E-13   140.4       6.000       1.000    
         133   440.5       10.10      0.1224E+25  0.9192E+25  0.1893E+25  0.1154E+26  0.1200E-12  0.1437E-12  0.3478E-14  0.1142E-15  0.6453E-20  0.2118E-21  0.2375E-12  0.8244E-16  0.2034E-12  0.3397E-13   140.4       6.000       1.000    
         134   447.2       10.19      0.1219E+25  0.9231E+25  0.1887E+25  0.1161E+26  0.1203E-12  0.1443E-12  0.3606E-14  0.1137E-15  0.6613E-20  0.2084E-21  0.2438E-12  0.8344E-16  0.2082E-12  0.3558E-13   140.4       6.000       1.000    
         135   454.0       10.28      0.1215E+25  0.9270E+25  0.1882E+25  0.1168E+26  0.1206E-12  0.1448E-12  0.3736E-14  0.1131E-15  0.6775E-20  0.2051E-21  0.2503E-12  0.8445E-16  0.2130E-12  0.3725E-13   140.4       6.000       1.000    
         136   460.8       10.37      0.1210E+25  0.9309E+25  0.1877E+25  0.1175E+26  0.1209E-12  0.1453E-12  0.3870E-14  0.1126E-15  0.6939E-20  0.2019E-21  0.2569E-12  0.8546E-16  0.2179E-12  0.3897E-13   140.4       6.000       1.000    
         137   467.6       10.47      0.1206E+25  0.9349E+25  0.1871E+25  0.1182E+26  0.1212E-12  0.1458E-12  0.4006E-14  0.1120E-15  0.7105E-20  0.1987E-21  0.2637E-12  0.8648E-16  0.2228E-12  0.4076E-13   167.2       12.00       2.000    
         138   474.5       10.56      0.1202E+25  0.9388E+25  0.1866E+25  0.1189E+26  0.1215E-12  0.1464E-12  0.4146E-14  0.1115E-15  0.7272E-20  0.1955E-21  0.2705E-12  0.8751E-16  0.2278E-12  0.4260E-13   167.2       6.000       1.000    
         139   481.4       10.65      0.1197E+25  0.9428E+25  0.1861E+25  0.1196E+26  0.1218E-12  0.1469E-12  0.4289E-14  0.1109E-15  0.7441E-20  0.1924E-21  0.2775E-12  0.8854E-16  0.2329E-12  0.4451E-13   167.2       6.000       1.000    
         140   488.4       10.75      0.1193E+25  0.9467E+25  0.1856E+25  0.1203E+26  0.1221E-12  0.1474E-12  0.4436E-14  0.1104E-15  0.7611E-20  0.1894E-21  0.2846E-12  0.8957E-16  0.2381E-12  0.4648E-13   167.2       6.000       1.000    
         141   495.4       10.84      0.1189E+25  0.9507E+25  0.1851E+25  0.1210E+26  0.1224E-12  0.1479E-12  0.4585E-14  0.1098E-15  0.7783E-20  0.1864E-21  0.2919E-12  0.9061E-16  0.2433E-12  0.4852E-13   167.2       6.000       1.000    
         142   502.5       10.94      0.1185E+25  0.9547E+25  0.1846E+25  0.1218E+26  0.1227E-12  0.1484E-12  0.4738E-14  0.1092E-15  0.7957E-20  0.1835E-21  0.2992E-12  0.9166E-16  0.2485E-12  0.5062E-13   167.2       6.000       1.000    
         143   509.7       11.03      0.1181E+25  0.9587E+25  0.1841E+25  0.1225E+26  0.1230E-12  0.1489E-12  0.4894E-14  0.1087E-15  0.8132E-20  0.1806E-21  0.3067E-12  0.9270E-16  0.2539E-12  0.5279E-13   167.2       6.000       1.000    
         144   516.9       11.13      0.1177E+25  0.9627E+25  0.1836E+25  0.1232E+26  0.1233E-12  0.1495E-12  0.5053E-14  0.1081E-15  0.8308E-20  0.1777E-21  0.3144E-12  0.9376E-16  0.2593E-12  0.5503E-13   167.2       6.000       1.000    
         145   524.1       11.22      0.1173E+25  0.9667E+25  0.1832E+25  0.1240E+26  0.1236E-12  0.1500E-12  0.5216E-14  0.1075E-15  0.8486E-20  0.1749E-21  0.3221E-12  0.9482E-16  0.2647E-12  0.5734E-13   167.2       6.000       1.000    
         146   531.4       11.32      0.1169E+25  0.9708E+25  0.1827E+25  0.1247E+26  0.1239E-12  0.1505E-12  0.5382E-14  0.1069E-15  0.8666E-20  0.1722E-21  0.3301E-12  0.9588E-16  0.2702E-12  0.5972E-13   199.1       12.00       2.000    
         147   538.7       11.42      0.1165E+25  0.9748E+25  0.1822E+25  0.1255E+26  0.1242E-12  0.1510E-12  0.5552E-14  0.1064E-15  0.8847E-20  0.1695E-21  0.3381E-12  0.9695E-16  0.2758E-12  0.6218E-13   199.1       6.000       1.000    
         148   546.1       11.52      0.1161E+25  0.9789E+25  0.1818E+25  0.1262E+26  0.1245E-12  0.1515E-12  0.5725E-14  0.1058E-15  0.9029E-20  0.1668E-21  0.3463E-12  0.9803E-16  0.2815E-12  0.6471E-13   199.1       6.000       1.000    
         149   553.6       11.61      0.1157E+25  0.9829E+25  0.1813E+25  0.1270E+26  0.1248E-12  0.1520E-12  0.5901E-14  0.1052E-15  0.9213E-20  0.1642E-21  0.3546E-12  0.9911E-16  0.2872E-12  0.6732E-13   199.1       6.000       1.000    
         150   561.1       11.71      0.1153E+25  0.9870E+25  0.1809E+25  0.1278E+26  0.1251E-12  0.1525E-12  0.6081E-14  0.1046E-15  0.9398E-20  0.1617E-21  0.3631E-12  0.1002E-15  0.2930E-12  0.7000E-13   199.1       6.000       1.000    
         151   568.6       11.81      0.1150E+25  0.9911E+25  0.1804E+25  0.1285E+26  0.1253E-12  0.1530E-12  0.6265E-14  0.1040E-15  0.9584E-20  0.1591E-21  0.3717E-12  0.1013E-15  0.2988E-12  0.7277E-13   199.1       6.000       1.000    
         152   576.2       11.91      0.1146E+25  0.9952E+25  0.1800E+25  0.1293E+26  0.1256E-12  0.1535E-12  0.6451E-14  0.1034E-15  0.9771E-20  0.1567E-21  0.3804E-12  0.1024E-15  0.3047E-12  0.7562E-13   199.1       6.000       1.000    
         153   583.8       12.01      0.1142E+25  0.9993E+25  0.1796E+25  0.1301E+26  0.1259E-12  0.1540E-12  0.6642E-14  0.1028E-15  0.9960E-20  0.1542E-21  0.3893E-12  0.1035E-15  0.3107E-12  0.7855E-13   199.1       6.000       1.000    
         154   591.5       12.11      0.1138E+25  0.1003E+26  0.1791E+25  0.1309E+26  0.1262E-12  0.1545E-12  0.6835E-14  0.1022E-15  0.1015E-19  0.1518E-21  0.3984E-12  0.1046E-15  0.3167E-12  0.8156E-13   199.1       7.000       1.000    
         155   599.3       12.21      0.1135E+25  0.1008E+26  0.1787E+25  0.1317E+26  0.1265E-12  0.1550E-12  0.7033E-14  0.1016E-15  0.1034E-19  0.1495E-21  0.4075E-12  0.1057E-15  0.3228E-12  0.8466E-13   237.2       14.00       2.000    
         156   607.1       12.31      0.1131E+25  0.1012E+26  0.1783E+25  0.1325E+26  0.1268E-12  0.1555E-12  0.7234E-14  0.1010E-15  0.1053E-19  0.1471E-21  0.4169E-12  0.1068E-15  0.3289E-12  0.8784E-13   237.2       7.000       1.000    
         157   614.9       12.42      0.1128E+25  0.1016E+26  0.1779E+25  0.1333E+26  0.1271E-12  0.1560E-12  0.7438E-14  0.1005E-15  0.1073E-19  0.1449E-21  0.4264E-12  0.1079E-15  0.3352E-12  0.9112E-13   237.2       7.000       1.000    
         158   622.8       12.52      0.1124E+25  0.1020E+26  0.1775E+25  0.1341E+26  0.1273E-12  0.1565E-12  0.7646E-14  0.9986E-16  0.1092E-19  0.1426E-21  0.4360E-12  0.1090E-15  0.3414E-12  0.9448E-13   237.2       7.000       1.000    
         159   630.8       12.62      0.1121E+25  0.1024E+26  0.1770E+25  0.1350E+26  0.1276E-12  0.1570E-12  0.7858E-14  0.9926E-16  0.1112E-19  0.1404E-21  0.4458E-12  0.1102E-15  0.3478E-12  0.9794E-13   237.2       7.000       1.000    
         160   638.8       12.73      0.1117E+25  0.1028E+26  0.1766E+25  0.1358E+26  0.1279E-12  0.1575E-12  0.8073E-14  0.9866E-16  0.1131E-19  0.1383E-21  0.4558E-12  0.1113E-15  0.3542E-12  0.1015E-12   237.2       7.000       1.000    
         161   646.8       12.83      0.1114E+25  0.1032E+26  0.1762E+25  0.1366E+26  0.1282E-12  0.1579E-12  0.8292E-14  0.9807E-16  0.1151E-19  0.1362E-21  0.4659E-12  0.1124E-15  0.3606E-12  0.1051E-12   237.2       7.000       1.000    
         162   654.9       12.93      0.1110E+25  0.1037E+26  0.1758E+25  0.1374E+26  0.1284E-12  0.1584E-12  0.8515E-14  0.9747E-16  0.1171E-19  0.1341E-21  0.4761E-12  0.1136E-15  0.3672E-12  0.1089E-12   237.2       7.000       1.000    
         163   663.0       13.04      0.1107E+25  0.1041E+26  0.1754E+25  0.1383E+26  0.1287E-12  0.1589E-12  0.8741E-14  0.9688E-16  0.1191E-19  0.1320E-21  0.4866E-12  0.1147E-15  0.3737E-12  0.1127E-12   237.2       7.000       1.000    
         164   671.2       13.15      0.1103E+25  0.1045E+26  0.1751E+25  0.1391E+26  0.1290E-12  0.1594E-12  0.8970E-14  0.9628E-16  0.1211E-19  0.1300E-21  0.4972E-12  0.1158E-15  0.3804E-12  0.1167E-12   282.5       14.00       2.000    
         165   679.5       13.25      0.1100E+25  0.1049E+26  0.1747E+25  0.1400E+26  0.1293E-12  0.1599E-12  0.9204E-14  0.9569E-16  0.1231E-19  0.1280E-21  0.5079E-12  0.1170E-15  0.3871E-12  0.1207E-12   282.5       7.000       1.000    
         166   687.8       13.36      0.1097E+25  0.1054E+26  0.1743E+25  0.1409E+26  0.1295E-12  0.1604E-12  0.9441E-14  0.9509E-16  0.1252E-19  0.1261E-21  0.5188E-12  0.1182E-15  0.3939E-12  0.1248E-12   282.5       7.000       1.000    
         167   696.1       13.46      0.1093E+25  0.1058E+26  0.1739E+25  0.1417E+26  0.1298E-12  0.1609E-12  0.9681E-14  0.9450E-16  0.1272E-19  0.1242E-21  0.5299E-12  0.1193E-15  0.4007E-12  0.1291E-12   282.5       7.000       1.000    
         168   704.5       13.57      0.1090E+25  0.1062E+26  0.1735E+25  0.1426E+26  0.1300E-12  0.1613E-12  0.9925E-14  0.9391E-16  0.1292E-19  0.1223E-21  0.5411E-12  0.1205E-15  0.4076E-12  0.1334E-12   282.5       7.000       1.000    
         169   713.0       13.68      0.1087E+25  0.1066E+26  0.1731E+25  0.1435E+26  0.1303E-12  0.1618E-12  0.1017E-13  0.9332E-16  0.1313E-19  0.1204E-21  0.5525E-12  0.1216E-15  0.4145E-12  0.1379E-12   282.5       7.000       1.000    
         170   721.5       13.79      0.1084E+25  0.1071E+26  0.1728E+25  0.1444E+26  0.1306E-12  0.1623E-12  0.1042E-13  0.9273E-16  0.1333E-19  0.1186E-21  0.5641E-12  0.1228E-15  0.4215E-12  0.1425E-12   282.5       7.000       1.000    
         171   730.0       13.90      0.1080E+25  0.1075E+26  0.1724E+25  0.1452E+26  0.1308E-12  0.1628E-12  0.1068E-13  0.9215E-16  0.1354E-19  0.1168E-21  0.5759E-12  0.1240E-15  0.4286E-12  0.1472E-12   282.5       7.000       1.000    
         172   738.7       14.01      0.1077E+25  0.1079E+26  0.1720E+25  0.1461E+26  0.1311E-12  0.1633E-12  0.1094E-13  0.9156E-16  0.1375E-19  0.1151E-21  0.5878E-12  0.1252E-15  0.4357E-12  0.1520E-12   282.5       7.000       1.000    
         173   747.3       14.12      0.1074E+25  0.1084E+26  0.1717E+25  0.1470E+26  0.1313E-12  0.1637E-12  0.1120E-13  0.9098E-16  0.1395E-19  0.1133E-21  0.5999E-12  0.1264E-15  0.4429E-12  0.1569E-12   336.4       14.00       2.000    
         174   756.0       14.23      0.1071E+25  0.1088E+26  0.1713E+25  0.1480E+26  0.1316E-12  0.1642E-12  0.1147E-13  0.9039E-16  0.1416E-19  0.1116E-21  0.6121E-12  0.1276E-15  0.4501E-12  0.1619E-12   336.4       7.000       1.000    
         175   764.8       14.34      0.1068E+25  0.1092E+26  0.1709E+25  0.1489E+26  0.1318E-12  0.1647E-12  0.1174E-13  0.8981E-16  0.1437E-19  0.1100E-21  0.6246E-12  0.1288E-15  0.4574E-12  0.1670E-12   336.4       7.000       1.000    
         176   773.6       14.45      0.1065E+25  0.1097E+26  0.1706E+25  0.1498E+26  0.1321E-12  0.1652E-12  0.1201E-13  0.8924E-16  0.1458E-19  0.1083E-21  0.6372E-12  0.1300E-15  0.4648E-12  0.1723E-12   336.4       7.000       1.000    
         177   782.4       14.56      0.1062E+25  0.1101E+26  0.1702E+25  0.1507E+26  0.1323E-12  0.1657E-12  0.1229E-13  0.8866E-16  0.1479E-19  0.1067E-21  0.6500E-12  0.1312E-15  0.4722E-12  0.1777E-12   336.4       7.000       1.000    
         178   791.3       14.68      0.1059E+25  0.1106E+26  0.1699E+25  0.1517E+26  0.1326E-12  0.1661E-12  0.1257E-13  0.8808E-16  0.1500E-19  0.1051E-21  0.6629E-12  0.1324E-15  0.4796E-12  0.1832E-12   336.4       7.000       1.000    
         179   800.3       14.79      0.1056E+25  0.1110E+26  0.1695E+25  0.1526E+26  0.1328E-12  0.1666E-12  0.1285E-13  0.8751E-16  0.1521E-19  0.1036E-21  0.6761E-12  0.1336E-15  0.4872E-12  0.1888E-12   336.4       7.000       1.000    
         180   809.3       14.90      0.1053E+25  0.1114E+26  0.1692E+25  0.1536E+26  0.1331E-12  0.1671E-12  0.1314E-13  0.8694E-16  0.1542E-19  0.1021E-21  0.6894E-12  0.1348E-15  0.4947E-12  0.1946E-12   336.4       7.000       1.000    
         181   818.3       15.02      0.1050E+25  0.1119E+26  0.1688E+25  0.1545E+26  0.1333E-12  0.1676E-12  0.1343E-13  0.8637E-16  0.1564E-19  0.1006E-21  0.7030E-12  0.1360E-15  0.5024E-12  0.2004E-12   336.4       7.000       1.000    
         182   827.4       15.13      0.1047E+25  0.1123E+26  0.1685E+25  0.1555E+26  0.1335E-12  0.1680E-12  0.1373E-13  0.8581E-16  0.1585E-19  0.9908E-22  0.7167E-12  0.1372E-15  0.5101E-12  0.2065E-12   400.7       14.00       2.000    
         183   836.6       15.25      0.1044E+25  0.1128E+26  0.1681E+25  0.1565E+26  0.1338E-12  0.1685E-12  0.1403E-13  0.8525E-16  0.1606E-19  0.9762E-22  0.7305E-12  0.1385E-15  0.5178E-12  0.2126E-12   400.7       7.000       1.000    
         184   845.8       15.37      0.1041E+25  0.1132E+26  0.1678E+25  0.1574E+26  0.1340E-12  0.1690E-12  0.1433E-13  0.8469E-16  0.1628E-19  0.9620E-22  0.7446E-12  0.1397E-15  0.5256E-12  0.2189E-12   400.7       7.000       1.000    
         185   855.1       15.48      0.1038E+25  0.1137E+26  0.1674E+25  0.1584E+26  0.1342E-12  0.1695E-12  0.1463E-13  0.8413E-16  0.1649E-19  0.9479E-22  0.7589E-12  0.1409E-15  0.5335E-12  0.2253E-12   400.7       7.000       1.000    
         186   864.4       15.60      0.1035E+25  0.1141E+26  0.1671E+25  0.1594E+26  0.1345E-12  0.1699E-12  0.1494E-13  0.8357E-16  0.1670E-19  0.9341E-22  0.7733E-12  0.1422E-15  0.5414E-12  0.2318E-12   400.7       7.000       1.000    
         187   873.7       15.72      0.1032E+25  0.1146E+26  0.1668E+25  0.1604E+26  0.1347E-12  0.1704E-12  0.1526E-13  0.8302E-16  0.1692E-19  0.9205E-22  0.7880E-12  0.1434E-15  0.5493E-12  0.2385E-12   400.7       7.000       1.000    
         188   883.2       15.84      0.1029E+25  0.1151E+26  0.1664E+25  0.1614E+26  0.1349E-12  0.1709E-12  0.1557E-13  0.8247E-16  0.1713E-19  0.9072E-22  0.8028E-12  0.1447E-15  0.5573E-12  0.2453E-12   400.7       7.000       1.000    
         189   892.6       15.96      0.1026E+25  0.1155E+26  0.1661E+25  0.1624E+26  0.1351E-12  0.1713E-12  0.1589E-13  0.8192E-16  0.1735E-19  0.8941E-22  0.8178E-12  0.1460E-15  0.5654E-12  0.2523E-12   400.7       7.000       1.000    
         190   902.1       16.08      0.1024E+25  0.1160E+26  0.1658E+25  0.1635E+26  0.1354E-12  0.1718E-12  0.1622E-13  0.8137E-16  0.1756E-19  0.8812E-22  0.8331E-12  0.1472E-15  0.5735E-12  0.2594E-12   400.7       7.000       1.000    
         191   911.7       16.20      0.1021E+25  0.1164E+26  0.1654E+25  0.1645E+26  0.1356E-12  0.1723E-12  0.1654E-13  0.8083E-16  0.1778E-19  0.8685E-22  0.8485E-12  0.1485E-15  0.5817E-12  0.2666E-12   400.7       7.000       1.000    
         192   921.3       16.32      0.1018E+25  0.1169E+26  0.1651E+25  0.1655E+26  0.1358E-12  0.1728E-12  0.1687E-13  0.8029E-16  0.1799E-19  0.8561E-22  0.8641E-12  0.1498E-15  0.5899E-12  0.2740E-12   477.2       15.00       2.000    
         193   931.0       16.44      0.1015E+25  0.1174E+26  0.1648E+25  0.1666E+26  0.1360E-12  0.1732E-12  0.1721E-13  0.7975E-16  0.1821E-19  0.8438E-22  0.8799E-12  0.1510E-15  0.5982E-12  0.2816E-12   477.2       8.000       1.000    
         194   940.7       16.56      0.1012E+25  0.1178E+26  0.1645E+25  0.1676E+26  0.1362E-12  0.1737E-12  0.1755E-13  0.7922E-16  0.1842E-19  0.8317E-22  0.8959E-12  0.1523E-15  0.6065E-12  0.2893E-12   477.2       8.000       1.000    
         195   950.4       16.68      0.1010E+25  0.1183E+26  0.1641E+25  0.1687E+26  0.1365E-12  0.1742E-12  0.1789E-13  0.7869E-16  0.1864E-19  0.8199E-22  0.9121E-12  0.1536E-15  0.6149E-12  0.2971E-12   477.2       8.000       1.000    
         196   960.2       16.81      0.1007E+25  0.1188E+26  0.1638E+25  0.1698E+26  0.1367E-12  0.1747E-12  0.1823E-13  0.7816E-16  0.1885E-19  0.8083E-22  0.9285E-12  0.1549E-15  0.6233E-12  0.3051E-12   477.2       8.000       1.000    
         197   970.1       16.93      0.1004E+25  0.1192E+26  0.1635E+25  0.1708E+26  0.1369E-12  0.1751E-12  0.1858E-13  0.7763E-16  0.1907E-19  0.7968E-22  0.9452E-12  0.1562E-15  0.6318E-12  0.3133E-12   477.2       8.000       1.000    
         198   980.0       17.06      0.1002E+25  0.1197E+26  0.1632E+25  0.1719E+26  0.1371E-12  0.1756E-12  0.1893E-13  0.7711E-16  0.1929E-19  0.7855E-22  0.9620E-12  0.1575E-15  0.6403E-12  0.3216E-12   477.2       8.000       1.000    
         199   990.0       17.18      0.9989E+24  0.1202E+26  0.1628E+25  0.1730E+26  0.1373E-12  0.1761E-12  0.1929E-13  0.7659E-16  0.1950E-19  0.7744E-22  0.9790E-12  0.1588E-15  0.6488E-12  0.3300E-12   477.2       8.000       1.000    
         200   1000.       17.31      0.9963E+24  0.1207E+26  0.1625E+25  0.1741E+26  0.1375E-12  0.1765E-12  0.1964E-13  0.7607E-16  0.1972E-19  0.7636E-22  0.9963E-12  0.1601E-15  0.6575E-12  0.3387E-12   477.2       8.000       1.000    
 
 
Rate coefficients (m3/s)
 C1    H2O    Attachment                                         
 C2    H2O    Attachment                                         
 C3    H2O    Effective (momentum)                               
 C4    H2O    Excitation    0.040 eV                             
 C5    H2O    Excitation    0.20 eV                              
 C6    H2O    Excitation    0.45 eV                              
 C7    H2O    Excitation    7.10 eV                              
 C8    H2O    Ionization    12.61 eV                             
          R#    E/N (Td) Energy (eV)      C1          C2          C3          C4          C5          C6          C7          C8    
           1   1.000      0.3898E-01   0.000       0.000      0.6694E-12  0.2975E-14  0.2213E-17  0.6278E-21   0.000       0.000    
           2   1.025      0.3900E-01   0.000       0.000      0.6694E-12  0.2976E-14  0.2214E-17  0.6286E-21   0.000       0.000    
           3   1.101      0.3903E-01   0.000       0.000      0.6696E-12  0.2980E-14  0.2219E-17  0.6311E-21   0.000       0.000    
           4   1.227      0.3908E-01   0.000       0.000      0.6698E-12  0.2986E-14  0.2228E-17  0.6357E-21   0.000       0.000    
           5   1.404      0.3917E-01   0.000       0.000      0.6702E-12  0.2996E-14  0.2243E-17  0.6430E-21   0.000       0.000    
           6   1.631      0.3929E-01   0.000       0.000      0.6707E-12  0.3010E-14  0.2264E-17  0.6539E-21   0.000       0.000    
           7   1.908      0.3946E-01   0.000       0.000      0.6714E-12  0.3030E-14  0.2293E-17  0.6697E-21   0.000       0.000    
           8   2.236      0.3968E-01   0.000       0.000      0.6722E-12  0.3057E-14  0.2334E-17  0.6919E-21   0.000       0.000    
           9   2.615      0.3995E-01   0.000       0.000      0.6732E-12  0.3091E-14  0.2389E-17  0.7228E-21   0.000       0.000    
          10   3.043      0.4029E-01   0.000       0.000      0.6744E-12  0.3135E-14  0.2462E-17  0.7655E-21   0.000       0.000    
          11   3.523      0.4069E-01   0.000       0.000      0.6757E-12  0.3188E-14  0.2556E-17  0.8242E-21   0.000       0.000    
          12   4.052      0.4115E-01   0.000       0.000      0.6771E-12  0.3252E-14  0.2677E-17  0.9052E-21   0.000       0.000    
          13   4.633      0.4169E-01   0.000       0.000      0.6787E-12  0.3328E-14  0.2831E-17  0.1031E-20   0.000       0.000    
          14   5.263      0.4229E-01   0.000       0.000      0.6803E-12  0.3418E-14  0.3028E-17  0.1192E-20   0.000       0.000    
          15   5.944      0.4297E-01   0.000       0.000      0.6819E-12  0.3522E-14  0.3277E-17  0.1422E-20   0.000       0.000    
          16   6.676      0.4372E-01   0.000       0.000      0.6836E-12  0.3641E-14  0.3594E-17  0.1761E-20   0.000       0.000    
          17   7.458      0.4454E-01   0.000       0.000      0.6852E-12  0.3777E-14  0.3997E-17  0.2269E-20   0.000       0.000    
          18   8.290      0.4544E-01   0.000       0.000      0.6869E-12  0.3932E-14  0.4512E-17  0.3055E-20   0.000       0.000    
          19   9.173      0.4643E-01   0.000       0.000      0.6885E-12  0.4106E-14  0.5172E-17  0.4306E-20   0.000       0.000    
          20   10.11      0.4750E-01   0.000       0.000      0.6900E-12  0.4302E-14  0.6025E-17  0.6356E-20   0.000       0.000    
          21   11.09      0.4867E-01   0.000       0.000      0.6915E-12  0.4522E-14  0.7131E-17  0.9820E-20   0.000       0.000    
          22   12.12      0.4994E-01   0.000       0.000      0.6929E-12  0.4768E-14  0.8571E-17  0.1580E-19   0.000       0.000    
          23   13.21      0.5132E-01   0.000       0.000      0.6941E-12  0.5041E-14  0.1046E-16  0.2633E-19   0.000       0.000    
          24   14.34      0.5283E-01   0.000       0.000      0.6952E-12  0.5344E-14  0.1293E-16  0.4517E-19   0.000       0.000    
          25   15.53      0.5448E-01   0.000       0.000      0.6962E-12  0.5679E-14  0.1618E-16  0.7916E-19   0.000       0.000    
          26   16.77      0.5629E-01   0.000       0.000      0.6970E-12  0.6049E-14  0.2044E-16  0.1405E-18   0.000       0.000    
          27   18.05      0.5826E-01   0.000       0.000      0.6977E-12  0.6456E-14  0.2603E-16  0.2509E-18   0.000       0.000    
          28   19.39      0.6042E-01   0.000       0.000      0.6981E-12  0.6901E-14  0.3330E-16  0.4474E-18   0.000       0.000    
          29   20.78      0.6278E-01   0.000       0.000      0.6983E-12  0.7388E-14  0.4272E-16  0.7920E-18   0.000       0.000    
          30   22.22      0.6536E-01  0.4450E-24  0.7197E-23  0.6982E-12  0.7916E-14  0.5481E-16  0.1385E-17  0.1210E-24   0.000    
          31   23.70      0.6819E-01  0.2108E-23  0.3109E-22  0.6978E-12  0.8487E-14  0.7012E-16  0.2381E-17  0.4546E-22   0.000    
          32   25.24      0.7130E-01  0.9266E-23  0.1256E-21  0.6971E-12  0.9103E-14  0.8930E-16  0.4016E-17  0.2650E-21   0.000    
          33   26.83      0.7473E-01  0.3505E-22  0.4634E-21  0.6959E-12  0.9762E-14  0.1130E-15  0.6633E-17  0.1131E-20   0.000    
          34   28.47      0.7854E-01  0.1188E-21  0.1519E-20  0.6944E-12  0.1047E-13  0.1418E-15  0.1073E-16  0.4296E-20   0.000    
          35   30.16      0.8288E-01  0.3614E-21  0.4475E-20  0.6924E-12  0.1122E-13  0.1764E-15  0.1702E-16  0.1440E-19   0.000    
          36   31.90      0.8801E-01  0.1001E-20  0.1199E-19  0.6899E-12  0.1201E-13  0.2174E-15  0.2648E-16  0.4354E-19  0.4931E-23
          37   33.69      0.9439E-01  0.2541E-20  0.2937E-19  0.6868E-12  0.1286E-13  0.2652E-15  0.4045E-16  0.1196E-18  0.1965E-22
          38   35.54      0.1028      0.5966E-20  0.6649E-19  0.6829E-12  0.1375E-13  0.3203E-15  0.6072E-16  0.3014E-18  0.6964E-22
          39   37.43      0.1145      0.1306E-19  0.1402E-18  0.6780E-12  0.1470E-13  0.3832E-15  0.8967E-16  0.7037E-18  0.2415E-21
          40   39.37      0.1314      0.2676E-19  0.2767E-18  0.6718E-12  0.1571E-13  0.4543E-15  0.1303E-15  0.1530E-17  0.7089E-21
          41   41.36      0.1558      0.5170E-19  0.5145E-18  0.6641E-12  0.1677E-13  0.5337E-15  0.1861E-15  0.3120E-17  0.1909E-20
          42   43.41      0.1912      0.9455E-19  0.9058E-18  0.6542E-12  0.1790E-13  0.6217E-15  0.2613E-15  0.5997E-17  0.4752E-20
          43   45.50      0.2413      0.1645E-18  0.1517E-17  0.6419E-12  0.1908E-13  0.7183E-15  0.3603E-15  0.1093E-16  0.1103E-19
          44   47.64      0.3104      0.2726E-18  0.2422E-17  0.6265E-12  0.2030E-13  0.8226E-15  0.4868E-15  0.1891E-16  0.2389E-19
          45   49.84      0.4026      0.4322E-18  0.3700E-17  0.6079E-12  0.2154E-13  0.9336E-15  0.6441E-15  0.3121E-16  0.4865E-19
          46   52.08      0.5212      0.6571E-18  0.5422E-17  0.5857E-12  0.2278E-13  0.1050E-14  0.8336E-15  0.4927E-16  0.9352E-19
          47   54.38      0.6685      0.9604E-18  0.7643E-17  0.5601E-12  0.2397E-13  0.1169E-14  0.1055E-14  0.7465E-16  0.1704E-18
          48   56.73      0.8442      0.1352E-17  0.1038E-16  0.5313E-12  0.2508E-13  0.1288E-14  0.1304E-14  0.1087E-15  0.2952E-18
          49   59.12       1.047      0.1837E-17  0.1362E-16  0.5001E-12  0.2606E-13  0.1404E-14  0.1576E-14  0.1526E-15  0.4879E-18
          50   61.57       1.271      0.2415E-17  0.1731E-16  0.4673E-12  0.2689E-13  0.1515E-14  0.1863E-14  0.2070E-15  0.7721E-18
          51   64.07       1.513      0.3082E-17  0.2136E-16  0.4339E-12  0.2754E-13  0.1617E-14  0.2156E-14  0.2722E-15  0.1174E-17
          52   66.61       1.764      0.3825E-17  0.2566E-16  0.4008E-12  0.2801E-13  0.1709E-14  0.2447E-14  0.3478E-15  0.1721E-17
          53   69.21       2.019      0.4631E-17  0.3009E-16  0.3689E-12  0.2829E-13  0.1789E-14  0.2727E-14  0.4332E-15  0.2441E-17
          54   71.86       2.271      0.5484E-17  0.3454E-16  0.3389E-12  0.2840E-13  0.1859E-14  0.2991E-14  0.5272E-15  0.3361E-17
          55   74.56       2.517      0.6370E-17  0.3891E-16  0.3113E-12  0.2837E-13  0.1918E-14  0.3235E-14  0.6290E-15  0.4507E-17
          56   77.31       2.752      0.7274E-17  0.4313E-16  0.2863E-12  0.2821E-13  0.1966E-14  0.3457E-14  0.7374E-15  0.5905E-17
          57   80.11       2.974      0.8186E-17  0.4715E-16  0.2639E-12  0.2795E-13  0.2006E-14  0.3655E-14  0.8515E-15  0.7580E-17
          58   82.96       3.183      0.9097E-17  0.5094E-16  0.2440E-12  0.2761E-13  0.2038E-14  0.3831E-14  0.9705E-15  0.9556E-17
          59   85.86       3.378      0.1000E-16  0.5448E-16  0.2266E-12  0.2722E-13  0.2062E-14  0.3985E-14  0.1094E-14  0.1186E-16
          60   88.81       3.561      0.1089E-16  0.5778E-16  0.2114E-12  0.2679E-13  0.2082E-14  0.4120E-14  0.1221E-14  0.1451E-16
          61   91.82       3.731      0.1177E-16  0.6083E-16  0.1982E-12  0.2633E-13  0.2096E-14  0.4237E-14  0.1352E-14  0.1754E-16
          62   94.87       3.889      0.1263E-16  0.6364E-16  0.1867E-12  0.2585E-13  0.2107E-14  0.4338E-14  0.1487E-14  0.2098E-16
          63   97.97       4.038      0.1347E-16  0.6623E-16  0.1768E-12  0.2537E-13  0.2114E-14  0.4425E-14  0.1625E-14  0.2484E-16
          64   101.1       4.177      0.1430E-16  0.6862E-16  0.1682E-12  0.2489E-13  0.2119E-14  0.4500E-14  0.1766E-14  0.2917E-16
          65   104.3       4.308      0.1511E-16  0.7082E-16  0.1607E-12  0.2441E-13  0.2121E-14  0.4564E-14  0.1911E-14  0.3399E-16
          66   107.6       4.432      0.1590E-16  0.7284E-16  0.1542E-12  0.2394E-13  0.2122E-14  0.4618E-14  0.2059E-14  0.3932E-16
          67   110.9       4.550      0.1667E-16  0.7470E-16  0.1486E-12  0.2347E-13  0.2121E-14  0.4664E-14  0.2211E-14  0.4520E-16
          68   114.2       4.662      0.1743E-16  0.7641E-16  0.1437E-12  0.2302E-13  0.2119E-14  0.4703E-14  0.2367E-14  0.5167E-16
          69   117.6       4.770      0.1816E-16  0.7799E-16  0.1394E-12  0.2258E-13  0.2115E-14  0.4736E-14  0.2526E-14  0.5875E-16
          70   121.1       4.873      0.1888E-16  0.7944E-16  0.1357E-12  0.2215E-13  0.2111E-14  0.4763E-14  0.2688E-14  0.6648E-16
          71   124.6       4.973      0.1959E-16  0.8077E-16  0.1324E-12  0.2173E-13  0.2106E-14  0.4785E-14  0.2855E-14  0.7488E-16
          72   128.2       5.070      0.2027E-16  0.8199E-16  0.1296E-12  0.2132E-13  0.2101E-14  0.4802E-14  0.3026E-14  0.8400E-16
          73   131.8       5.164      0.2094E-16  0.8312E-16  0.1271E-12  0.2093E-13  0.2094E-14  0.4815E-14  0.3200E-14  0.9386E-16
          74   135.4       5.255      0.2159E-16  0.8415E-16  0.1249E-12  0.2055E-13  0.2088E-14  0.4825E-14  0.3379E-14  0.1045E-15
          75   139.1       5.344      0.2223E-16  0.8509E-16  0.1230E-12  0.2018E-13  0.2080E-14  0.4832E-14  0.3562E-14  0.1160E-15
          76   142.9       5.432      0.2285E-16  0.8596E-16  0.1213E-12  0.1982E-13  0.2073E-14  0.4836E-14  0.3749E-14  0.1283E-15
          77   146.7       5.518      0.2345E-16  0.8674E-16  0.1199E-12  0.1947E-13  0.2064E-14  0.4837E-14  0.3940E-14  0.1415E-15
          78   150.6       5.602      0.2404E-16  0.8746E-16  0.1186E-12  0.1913E-13  0.2056E-14  0.4835E-14  0.4136E-14  0.1556E-15
          79   154.5       5.685      0.2461E-16  0.8810E-16  0.1175E-12  0.1881E-13  0.2047E-14  0.4831E-14  0.4336E-14  0.1707E-15
          80   158.4       5.767      0.2517E-16  0.8869E-16  0.1165E-12  0.1849E-13  0.2038E-14  0.4826E-14  0.4541E-14  0.1868E-15
          81   162.5       5.849      0.2570E-16  0.8921E-16  0.1156E-12  0.1818E-13  0.2029E-14  0.4818E-14  0.4750E-14  0.2039E-15
          82   166.5       5.929      0.2622E-16  0.8968E-16  0.1149E-12  0.1788E-13  0.2019E-14  0.4809E-14  0.4963E-14  0.2221E-15
          83   170.6       6.009      0.2673E-16  0.9010E-16  0.1142E-12  0.1759E-13  0.2009E-14  0.4799E-14  0.5181E-14  0.2414E-15
          84   174.8       6.088      0.2722E-16  0.9046E-16  0.1137E-12  0.1730E-13  0.1999E-14  0.4786E-14  0.5404E-14  0.2618E-15
          85   179.0       6.167      0.2769E-16  0.9078E-16  0.1132E-12  0.1702E-13  0.1989E-14  0.4773E-14  0.5631E-14  0.2834E-15
          86   183.3       6.245      0.2814E-16  0.9105E-16  0.1128E-12  0.1676E-13  0.1978E-14  0.4758E-14  0.5863E-14  0.3063E-15
          87   187.6       6.323      0.2858E-16  0.9128E-16  0.1125E-12  0.1649E-13  0.1967E-14  0.4742E-14  0.6100E-14  0.3304E-15
          88   191.9       6.401      0.2901E-16  0.9147E-16  0.1122E-12  0.1624E-13  0.1957E-14  0.4725E-14  0.6341E-14  0.3558E-15
          89   196.4       6.478      0.2941E-16  0.9162E-16  0.1120E-12  0.1599E-13  0.1946E-14  0.4708E-14  0.6587E-14  0.3825E-15
          90   200.8       6.556      0.2981E-16  0.9173E-16  0.1118E-12  0.1575E-13  0.1934E-14  0.4689E-14  0.6838E-14  0.4106E-15
          91   205.3       6.633      0.3018E-16  0.9181E-16  0.1117E-12  0.1551E-13  0.1923E-14  0.4669E-14  0.7093E-14  0.4401E-15
          92   209.9       6.710      0.3054E-16  0.9186E-16  0.1116E-12  0.1528E-13  0.1912E-14  0.4649E-14  0.7354E-14  0.4711E-15
          93   214.5       6.787      0.3089E-16  0.9187E-16  0.1115E-12  0.1505E-13  0.1900E-14  0.4628E-14  0.7619E-14  0.5036E-15
          94   219.2       6.865      0.3122E-16  0.9186E-16  0.1115E-12  0.1483E-13  0.1889E-14  0.4606E-14  0.7889E-14  0.5376E-15
          95   223.9       6.942      0.3153E-16  0.9182E-16  0.1115E-12  0.1462E-13  0.1877E-14  0.4584E-14  0.8164E-14  0.5731E-15
          96   228.7       7.019      0.3183E-16  0.9175E-16  0.1115E-12  0.1440E-13  0.1865E-14  0.4561E-14  0.8443E-14  0.6103E-15
          97   233.5       7.097      0.3212E-16  0.9165E-16  0.1115E-12  0.1420E-13  0.1853E-14  0.4537E-14  0.8728E-14  0.6491E-15
          98   238.4       7.174      0.3239E-16  0.9154E-16  0.1116E-12  0.1400E-13  0.1842E-14  0.4513E-14  0.9017E-14  0.6896E-15
          99   243.3       7.252      0.3265E-16  0.9139E-16  0.1117E-12  0.1380E-13  0.1830E-14  0.4489E-14  0.9311E-14  0.7318E-15
         100   248.2       7.330      0.3289E-16  0.9123E-16  0.1118E-12  0.1361E-13  0.1818E-14  0.4464E-14  0.9610E-14  0.7758E-15
         101   253.3       7.408      0.3312E-16  0.9105E-16  0.1119E-12  0.1342E-13  0.1805E-14  0.4439E-14  0.9914E-14  0.8216E-15
         102   258.3       7.487      0.3334E-16  0.9085E-16  0.1121E-12  0.1323E-13  0.1793E-14  0.4414E-14  0.1022E-13  0.8693E-15
         103   263.5       7.565      0.3355E-16  0.9063E-16  0.1122E-12  0.1305E-13  0.1781E-14  0.4388E-14  0.1054E-13  0.9188E-15
         104   268.6       7.644      0.3374E-16  0.9039E-16  0.1124E-12  0.1287E-13  0.1769E-14  0.4362E-14  0.1085E-13  0.9703E-15
         105   273.9       7.723      0.3392E-16  0.9013E-16  0.1126E-12  0.1270E-13  0.1757E-14  0.4335E-14  0.1118E-13  0.1024E-14
         106   279.1       7.803      0.3408E-16  0.8986E-16  0.1128E-12  0.1253E-13  0.1745E-14  0.4309E-14  0.1150E-13  0.1079E-14
         107   284.4       7.883      0.3424E-16  0.8958E-16  0.1130E-12  0.1236E-13  0.1732E-14  0.4282E-14  0.1184E-13  0.1137E-14
         108   289.8       7.963      0.3438E-16  0.8928E-16  0.1132E-12  0.1220E-13  0.1720E-14  0.4255E-14  0.1217E-13  0.1196E-14
         109   295.2       8.044      0.3452E-16  0.8897E-16  0.1134E-12  0.1203E-13  0.1708E-14  0.4228E-14  0.1252E-13  0.1258E-14
         110   300.7       8.124      0.3464E-16  0.8864E-16  0.1136E-12  0.1188E-13  0.1696E-14  0.4200E-14  0.1286E-13  0.1322E-14
         111   306.2       8.206      0.3475E-16  0.8831E-16  0.1139E-12  0.1172E-13  0.1684E-14  0.4173E-14  0.1321E-13  0.1388E-14
         112   311.8       8.287      0.3486E-16  0.8796E-16  0.1141E-12  0.1157E-13  0.1671E-14  0.4146E-14  0.1357E-13  0.1456E-14
         113   317.4       8.369      0.3495E-16  0.8760E-16  0.1143E-12  0.1142E-13  0.1659E-14  0.4118E-14  0.1393E-13  0.1527E-14
         114   323.1       8.452      0.3503E-16  0.8724E-16  0.1146E-12  0.1127E-13  0.1647E-14  0.4090E-14  0.1429E-13  0.1600E-14
         115   328.8       8.534      0.3510E-16  0.8686E-16  0.1149E-12  0.1113E-13  0.1635E-14  0.4063E-14  0.1466E-13  0.1675E-14
         116   334.6       8.618      0.3517E-16  0.8648E-16  0.1151E-12  0.1098E-13  0.1623E-14  0.4035E-14  0.1504E-13  0.1753E-14
         117   340.4       8.701      0.3522E-16  0.8609E-16  0.1154E-12  0.1085E-13  0.1611E-14  0.4007E-14  0.1541E-13  0.1833E-14
         118   346.3       8.785      0.3527E-16  0.8569E-16  0.1157E-12  0.1071E-13  0.1599E-14  0.3979E-14  0.1580E-13  0.1915E-14
         119   352.3       8.870      0.3531E-16  0.8528E-16  0.1159E-12  0.1057E-13  0.1587E-14  0.3951E-14  0.1618E-13  0.2001E-14
         120   358.2       8.954      0.3534E-16  0.8487E-16  0.1162E-12  0.1044E-13  0.1575E-14  0.3923E-14  0.1658E-13  0.2088E-14
         121   364.3       9.040      0.3536E-16  0.8445E-16  0.1165E-12  0.1031E-13  0.1563E-14  0.3896E-14  0.1697E-13  0.2179E-14
         122   370.3       9.126      0.3537E-16  0.8402E-16  0.1168E-12  0.1018E-13  0.1551E-14  0.3868E-14  0.1737E-13  0.2272E-14
         123   376.5       9.212      0.3538E-16  0.8359E-16  0.1171E-12  0.1006E-13  0.1539E-14  0.3840E-14  0.1777E-13  0.2367E-14
         124   382.7       9.298      0.3538E-16  0.8315E-16  0.1173E-12  0.9933E-14  0.1527E-14  0.3812E-14  0.1818E-13  0.2466E-14
         125   388.9       9.385      0.3538E-16  0.8271E-16  0.1176E-12  0.9811E-14  0.1515E-14  0.3784E-14  0.1859E-13  0.2567E-14
         126   395.2       9.473      0.3537E-16  0.8227E-16  0.1179E-12  0.9691E-14  0.1504E-14  0.3757E-14  0.1901E-13  0.2670E-14
         127   401.5       9.561      0.3535E-16  0.8182E-16  0.1182E-12  0.9573E-14  0.1492E-14  0.3729E-14  0.1943E-13  0.2777E-14
         128   407.9       9.649      0.3532E-16  0.8137E-16  0.1185E-12  0.9457E-14  0.1481E-14  0.3702E-14  0.1985E-13  0.2887E-14
         129   414.3       9.738      0.3529E-16  0.8091E-16  0.1188E-12  0.9343E-14  0.1469E-14  0.3674E-14  0.2028E-13  0.2999E-14
         130   420.8       9.828      0.3526E-16  0.8045E-16  0.1191E-12  0.9231E-14  0.1457E-14  0.3647E-14  0.2071E-13  0.3114E-14
         131   427.3       9.917      0.3522E-16  0.7999E-16  0.1194E-12  0.9120E-14  0.1446E-14  0.3620E-14  0.2115E-13  0.3233E-14
         132   433.9       10.01      0.3517E-16  0.7953E-16  0.1197E-12  0.9012E-14  0.1435E-14  0.3593E-14  0.2159E-13  0.3354E-14
         133   440.5       10.10      0.3512E-16  0.7906E-16  0.1200E-12  0.8905E-14  0.1423E-14  0.3565E-14  0.2203E-13  0.3478E-14
         134   447.2       10.19      0.3506E-16  0.7859E-16  0.1203E-12  0.8799E-14  0.1412E-14  0.3538E-14  0.2248E-13  0.3606E-14
         135   454.0       10.28      0.3500E-16  0.7812E-16  0.1206E-12  0.8695E-14  0.1401E-14  0.3512E-14  0.2293E-13  0.3736E-14
         136   460.8       10.37      0.3493E-16  0.7765E-16  0.1209E-12  0.8593E-14  0.1390E-14  0.3485E-14  0.2338E-13  0.3870E-14
         137   467.6       10.47      0.3486E-16  0.7718E-16  0.1212E-12  0.8492E-14  0.1379E-14  0.3458E-14  0.2384E-13  0.4006E-14
         138   474.5       10.56      0.3479E-16  0.7670E-16  0.1215E-12  0.8393E-14  0.1368E-14  0.3432E-14  0.2430E-13  0.4146E-14
         139   481.4       10.65      0.3471E-16  0.7623E-16  0.1218E-12  0.8296E-14  0.1357E-14  0.3405E-14  0.2476E-13  0.4289E-14
         140   488.4       10.75      0.3463E-16  0.7575E-16  0.1221E-12  0.8200E-14  0.1346E-14  0.3379E-14  0.2523E-13  0.4436E-14
         141   495.4       10.84      0.3454E-16  0.7527E-16  0.1224E-12  0.8105E-14  0.1335E-14  0.3353E-14  0.2570E-13  0.4585E-14
         142   502.5       10.94      0.3445E-16  0.7480E-16  0.1227E-12  0.8012E-14  0.1325E-14  0.3327E-14  0.2617E-13  0.4738E-14
         143   509.7       11.03      0.3436E-16  0.7432E-16  0.1230E-12  0.7920E-14  0.1314E-14  0.3301E-14  0.2665E-13  0.4894E-14
         144   516.9       11.13      0.3426E-16  0.7384E-16  0.1233E-12  0.7830E-14  0.1303E-14  0.3276E-14  0.2713E-13  0.5053E-14
         145   524.1       11.22      0.3416E-16  0.7336E-16  0.1236E-12  0.7740E-14  0.1293E-14  0.3250E-14  0.2761E-13  0.5216E-14
         146   531.4       11.32      0.3406E-16  0.7289E-16  0.1239E-12  0.7653E-14  0.1282E-14  0.3225E-14  0.2810E-13  0.5382E-14
         147   538.7       11.42      0.3396E-16  0.7241E-16  0.1242E-12  0.7566E-14  0.1272E-14  0.3199E-14  0.2859E-13  0.5552E-14
         148   546.1       11.52      0.3385E-16  0.7193E-16  0.1245E-12  0.7481E-14  0.1262E-14  0.3174E-14  0.2908E-13  0.5725E-14
         149   553.6       11.61      0.3374E-16  0.7146E-16  0.1248E-12  0.7397E-14  0.1252E-14  0.3149E-14  0.2957E-13  0.5901E-14
         150   561.1       11.71      0.3362E-16  0.7098E-16  0.1251E-12  0.7314E-14  0.1241E-14  0.3125E-14  0.3007E-13  0.6081E-14
         151   568.6       11.81      0.3351E-16  0.7051E-16  0.1253E-12  0.7233E-14  0.1231E-14  0.3100E-14  0.3057E-13  0.6265E-14
         152   576.2       11.91      0.3339E-16  0.7004E-16  0.1256E-12  0.7153E-14  0.1221E-14  0.3075E-14  0.3107E-13  0.6451E-14
         153   583.8       12.01      0.3327E-16  0.6956E-16  0.1259E-12  0.7073E-14  0.1211E-14  0.3051E-14  0.3158E-13  0.6642E-14
         154   591.5       12.11      0.3315E-16  0.6909E-16  0.1262E-12  0.6995E-14  0.1202E-14  0.3027E-14  0.3208E-13  0.6835E-14
         155   599.3       12.21      0.3302E-16  0.6862E-16  0.1265E-12  0.6919E-14  0.1192E-14  0.3003E-14  0.3259E-13  0.7033E-14
         156   607.1       12.31      0.3290E-16  0.6815E-16  0.1268E-12  0.6843E-14  0.1182E-14  0.2979E-14  0.3311E-13  0.7234E-14
         157   614.9       12.42      0.3277E-16  0.6769E-16  0.1271E-12  0.6768E-14  0.1173E-14  0.2955E-14  0.3362E-13  0.7438E-14
         158   622.8       12.52      0.3264E-16  0.6722E-16  0.1273E-12  0.6695E-14  0.1163E-14  0.2932E-14  0.3414E-13  0.7646E-14
         159   630.8       12.62      0.3250E-16  0.6675E-16  0.1276E-12  0.6622E-14  0.1154E-14  0.2909E-14  0.3466E-13  0.7858E-14
         160   638.8       12.73      0.3237E-16  0.6629E-16  0.1279E-12  0.6550E-14  0.1144E-14  0.2885E-14  0.3518E-13  0.8073E-14
         161   646.8       12.83      0.3224E-16  0.6583E-16  0.1282E-12  0.6480E-14  0.1135E-14  0.2862E-14  0.3570E-13  0.8292E-14
         162   654.9       12.93      0.3210E-16  0.6537E-16  0.1284E-12  0.6410E-14  0.1126E-14  0.2840E-14  0.3623E-13  0.8515E-14
         163   663.0       13.04      0.3196E-16  0.6491E-16  0.1287E-12  0.6342E-14  0.1116E-14  0.2817E-14  0.3676E-13  0.8741E-14
         164   671.2       13.15      0.3182E-16  0.6446E-16  0.1290E-12  0.6274E-14  0.1107E-14  0.2795E-14  0.3729E-13  0.8970E-14
         165   679.5       13.25      0.3168E-16  0.6401E-16  0.1293E-12  0.6208E-14  0.1098E-14  0.2772E-14  0.3782E-13  0.9204E-14
         166   687.8       13.36      0.3154E-16  0.6355E-16  0.1295E-12  0.6142E-14  0.1089E-14  0.2750E-14  0.3836E-13  0.9441E-14
         167   696.1       13.46      0.3140E-16  0.6310E-16  0.1298E-12  0.6077E-14  0.1080E-14  0.2728E-14  0.3889E-13  0.9681E-14
         168   704.5       13.57      0.3125E-16  0.6266E-16  0.1300E-12  0.6013E-14  0.1072E-14  0.2706E-14  0.3943E-13  0.9925E-14
         169   713.0       13.68      0.3111E-16  0.6221E-16  0.1303E-12  0.5950E-14  0.1063E-14  0.2685E-14  0.3997E-13  0.1017E-13
         170   721.5       13.79      0.3096E-16  0.6177E-16  0.1306E-12  0.5888E-14  0.1054E-14  0.2663E-14  0.4052E-13  0.1042E-13
         171   730.0       13.90      0.3082E-16  0.6133E-16  0.1308E-12  0.5827E-14  0.1046E-14  0.2642E-14  0.4106E-13  0.1068E-13
         172   738.7       14.01      0.3067E-16  0.6089E-16  0.1311E-12  0.5766E-14  0.1037E-14  0.2621E-14  0.4161E-13  0.1094E-13
         173   747.3       14.12      0.3052E-16  0.6045E-16  0.1313E-12  0.5707E-14  0.1029E-14  0.2600E-14  0.4215E-13  0.1120E-13
         174   756.0       14.23      0.3037E-16  0.6002E-16  0.1316E-12  0.5648E-14  0.1020E-14  0.2579E-14  0.4270E-13  0.1147E-13
         175   764.8       14.34      0.3023E-16  0.5959E-16  0.1318E-12  0.5590E-14  0.1012E-14  0.2558E-14  0.4325E-13  0.1174E-13
         176   773.6       14.45      0.3008E-16  0.5916E-16  0.1321E-12  0.5533E-14  0.1004E-14  0.2538E-14  0.4381E-13  0.1201E-13
         177   782.4       14.56      0.2993E-16  0.5873E-16  0.1323E-12  0.5476E-14  0.9957E-15  0.2518E-14  0.4436E-13  0.1229E-13
         178   791.3       14.68      0.2978E-16  0.5831E-16  0.1326E-12  0.5421E-14  0.9876E-15  0.2498E-14  0.4492E-13  0.1257E-13
         179   800.3       14.79      0.2962E-16  0.5789E-16  0.1328E-12  0.5366E-14  0.9796E-15  0.2478E-14  0.4547E-13  0.1285E-13
         180   809.3       14.90      0.2947E-16  0.5747E-16  0.1331E-12  0.5311E-14  0.9717E-15  0.2458E-14  0.4603E-13  0.1314E-13
         181   818.3       15.02      0.2932E-16  0.5705E-16  0.1333E-12  0.5258E-14  0.9638E-15  0.2438E-14  0.4659E-13  0.1343E-13
         182   827.4       15.13      0.2917E-16  0.5664E-16  0.1335E-12  0.5205E-14  0.9560E-15  0.2419E-14  0.4715E-13  0.1373E-13
         183   836.6       15.25      0.2902E-16  0.5623E-16  0.1338E-12  0.5153E-14  0.9483E-15  0.2399E-14  0.4771E-13  0.1403E-13
         184   845.8       15.37      0.2887E-16  0.5582E-16  0.1340E-12  0.5102E-14  0.9406E-15  0.2380E-14  0.4828E-13  0.1433E-13
         185   855.1       15.48      0.2871E-16  0.5541E-16  0.1342E-12  0.5051E-14  0.9330E-15  0.2361E-14  0.4884E-13  0.1463E-13
         186   864.4       15.60      0.2856E-16  0.5501E-16  0.1345E-12  0.5001E-14  0.9255E-15  0.2342E-14  0.4941E-13  0.1494E-13
         187   873.7       15.72      0.2841E-16  0.5461E-16  0.1347E-12  0.4952E-14  0.9180E-15  0.2324E-14  0.4998E-13  0.1526E-13
         188   883.2       15.84      0.2825E-16  0.5421E-16  0.1349E-12  0.4903E-14  0.9106E-15  0.2305E-14  0.5055E-13  0.1557E-13
         189   892.6       15.96      0.2810E-16  0.5382E-16  0.1351E-12  0.4855E-14  0.9033E-15  0.2287E-14  0.5111E-13  0.1589E-13
         190   902.1       16.08      0.2795E-16  0.5342E-16  0.1354E-12  0.4807E-14  0.8960E-15  0.2269E-14  0.5169E-13  0.1622E-13
         191   911.7       16.20      0.2780E-16  0.5303E-16  0.1356E-12  0.4760E-14  0.8888E-15  0.2251E-14  0.5226E-13  0.1654E-13
         192   921.3       16.32      0.2764E-16  0.5265E-16  0.1358E-12  0.4714E-14  0.8817E-15  0.2233E-14  0.5283E-13  0.1687E-13
         193   931.0       16.44      0.2749E-16  0.5226E-16  0.1360E-12  0.4668E-14  0.8746E-15  0.2215E-14  0.5340E-13  0.1721E-13
         194   940.7       16.56      0.2734E-16  0.5188E-16  0.1362E-12  0.4623E-14  0.8676E-15  0.2198E-14  0.5398E-13  0.1755E-13
         195   950.4       16.68      0.2719E-16  0.5150E-16  0.1365E-12  0.4579E-14  0.8607E-15  0.2180E-14  0.5455E-13  0.1789E-13
         196   960.2       16.81      0.2703E-16  0.5112E-16  0.1367E-12  0.4535E-14  0.8538E-15  0.2163E-14  0.5513E-13  0.1823E-13
         197   970.1       16.93      0.2688E-16  0.5075E-16  0.1369E-12  0.4491E-14  0.8470E-15  0.2146E-14  0.5571E-13  0.1858E-13
         198   980.0       17.06      0.2673E-16  0.5038E-16  0.1371E-12  0.4449E-14  0.8402E-15  0.2129E-14  0.5628E-13  0.1893E-13
         199   990.0       17.18      0.2658E-16  0.5001E-16  0.1373E-12  0.4406E-14  0.8335E-15  0.2112E-14  0.5686E-13  0.1929E-13
         200   1000.       17.31      0.2643E-16  0.4964E-16  0.1375E-12  0.4364E-14  0.8269E-15  0.2096E-14  0.5744E-13  0.1964E-13
 
 
