

Mean energy (eV)
COMMENT: generated by bolsig_convert.py
-----------------------
1.000000000000000000e+00 3.389999999999999958e-02
1.038999999999999924e+00 3.395999999999999713e-02
1.078999999999999959e+00 3.402000000000000163e-02
1.120999999999999996e+00 3.411000000000000143e-02
1.165000000000000036e+00 3.420999999999999736e-02
1.209999999999999964e+00 3.432999999999999940e-02
1.258000000000000007e+00 3.447000000000000064e-02
1.306999999999999940e+00 3.463000000000000106e-02
1.356999999999999984e+00 3.481999999999999679e-02
1.409999999999999920e+00 3.504000000000000170e-02
1.465000000000000080e+00 3.529999999999999805e-02
1.522000000000000020e+00 3.558999999999999664e-02
1.580999999999999961e+00 3.592000000000000054e-02
1.643000000000000016e+00 3.629999999999999893e-02
1.707000000000000073e+00 3.672999999999999876e-02
1.772999999999999909e+00 3.721000000000000002e-02
1.842999999999999972e+00 3.776000000000000190e-02
1.913999999999999924e+00 3.835999999999999827e-02
1.989000000000000101e+00 3.903000000000000219e-02
2.065999999999999837e+00 3.978000000000000286e-02
2.146999999999999797e+00 4.059999999999999720e-02
2.229999999999999982e+00 4.150000000000000216e-02
2.317000000000000171e+00 4.247000000000000081e-02
2.407000000000000028e+00 4.352000000000000313e-02
2.500999999999999890e+00 4.465000000000000219e-02
2.597999999999999865e+00 4.583000000000000268e-02
2.700000000000000178e+00 4.707999999999999685e-02
2.805000000000000160e+00 4.837999999999999939e-02
2.914000000000000146e+00 4.972000000000000031e-02
3.027000000000000135e+00 5.109000000000000347e-02
3.145000000000000018e+00 5.247999999999999887e-02
3.267999999999999794e+00 5.389000000000000040e-02
3.395000000000000018e+00 5.530000000000000193e-02
3.527000000000000135e+00 5.671000000000000346e-02
3.664000000000000146e+00 5.811000000000000193e-02
3.806999999999999940e+00 5.952000000000000346e-02
3.955000000000000071e+00 6.092999999999999805e-02
4.108999999999999986e+00 6.235000000000000264e-02
4.269000000000000128e+00 6.376999999999999336e-02
4.434999999999999609e+00 6.518999999999999795e-02
4.607999999999999652e+00 6.664000000000000479e-02
4.788000000000000256e+00 6.809999999999999387e-02
4.974000000000000199e+00 6.959999999999999520e-02
5.168000000000000149e+00 7.112999999999999878e-02
5.368999999999999773e+00 7.270999999999999686e-02
5.578000000000000291e+00 7.434000000000000330e-02
5.794999999999999929e+00 7.602000000000000424e-02
6.020999999999999908e+00 7.778000000000000191e-02
6.254999999999999893e+00 7.961000000000000021e-02
6.498999999999999666e+00 8.154000000000000137e-02
6.751999999999999780e+00 8.357000000000000539e-02
7.014000000000000234e+00 8.573999999999999677e-02
7.288000000000000256e+00 8.806999999999999551e-02
7.570999999999999730e+00 9.060999999999999610e-02
7.865999999999999659e+00 9.343999999999999528e-02
8.172000000000000597e+00 9.664999999999999980e-02
8.490000000000000213e+00 1.004000000000000031e-01
8.820999999999999730e+00 1.049999999999999961e-01
9.164999999999999147e+00 1.107000000000000067e-01
9.521000000000000796e+00 1.181999999999999995e-01
9.891999999999999460e+00 1.282999999999999974e-01
1.027999999999999936e+01 1.416999999999999926e-01
1.067999999999999972e+01 1.595000000000000029e-01
1.108999999999999986e+01 1.819999999999999951e-01
1.151999999999999957e+01 2.093000000000000138e-01
1.197000000000000064e+01 2.406999999999999973e-01
1.243999999999999950e+01 2.757999999999999896e-01
1.291999999999999993e+01 3.139000000000000123e-01
1.342999999999999972e+01 3.546000000000000263e-01
1.394999999999999929e+01 3.972999999999999865e-01
1.449000000000000021e+01 4.416999999999999815e-01
1.506000000000000050e+01 4.875999999999999779e-01
1.564000000000000057e+01 5.346999999999999531e-01
1.625000000000000000e+01 5.826000000000000068e-01
1.689000000000000057e+01 6.312999999999999723e-01
1.753999999999999915e+01 6.804000000000000048e-01
1.823000000000000043e+01 7.298000000000000043e-01
1.894000000000000128e+01 7.792999999999999927e-01
1.967000000000000171e+01 8.286000000000000032e-01
2.044000000000000128e+01 8.777000000000000357e-01
2.123000000000000043e+01 9.264000000000000012e-01
2.205999999999999872e+01 9.747000000000000108e-01
2.292000000000000171e+01 1.022000000000000020e+00
2.380999999999999872e+01 1.068999999999999950e+00
2.473999999999999844e+01 1.116000000000000103e+00
2.569999999999999929e+01 1.161999999999999922e+00
2.669999999999999929e+01 1.207000000000000073e+00
2.773999999999999844e+01 1.252000000000000002e+00
2.882000000000000028e+01 1.296000000000000041e+00
2.994999999999999929e+01 1.340999999999999970e+00
3.110999999999999943e+01 1.385000000000000009e+00
3.232000000000000028e+01 1.431000000000000050e+00
3.357999999999999829e+01 1.475999999999999979e+00
3.489000000000000057e+01 1.522999999999999909e+00
3.625000000000000000e+01 1.572000000000000064e+00
3.765999999999999659e+01 1.620999999999999996e+00
3.913000000000000256e+01 1.673000000000000043e+00
4.064999999999999858e+01 1.727000000000000091e+00
4.222999999999999687e+01 1.784000000000000030e+00
4.388000000000000256e+01 1.842999999999999972e+00
4.557999999999999829e+01 1.905000000000000027e+00
4.735999999999999943e+01 1.969999999999999973e+00
4.920000000000000284e+01 2.037999999999999812e+00
5.111999999999999744e+01 2.108000000000000096e+00
5.310999999999999943e+01 2.181000000000000050e+00
5.517999999999999972e+01 2.255999999999999783e+00
5.732000000000000028e+01 2.334000000000000075e+00
5.956000000000000227e+01 2.414000000000000146e+00
6.186999999999999744e+01 2.495999999999999996e+00
6.428000000000000114e+01 2.580000000000000071e+00
6.679000000000000625e+01 2.665000000000000036e+00
6.939000000000000057e+01 2.751999999999999780e+00
7.209000000000000341e+01 2.839999999999999858e+00
7.490000000000000568e+01 2.928999999999999826e+00
7.781000000000000227e+01 3.019000000000000128e+00
8.084000000000000341e+01 3.109999999999999876e+00
8.398999999999999488e+01 3.202999999999999847e+00
8.726000000000000512e+01 3.295999999999999819e+00
9.065999999999999659e+01 3.390000000000000124e+00
9.418999999999999773e+01 3.484999999999999876e+00
9.784999999999999432e+01 3.580999999999999961e+00
1.017000000000000028e+02 3.677000000000000046e+00
1.055999999999999943e+02 3.774999999999999911e+00
1.097000000000000028e+02 3.873000000000000220e+00
1.140000000000000000e+02 3.971999999999999975e+00
1.184000000000000057e+02 4.072000000000000064e+00
1.230999999999999943e+02 4.173000000000000043e+00
1.277999999999999972e+02 4.275999999999999801e+00
1.328000000000000114e+02 4.378999999999999559e+00
1.380000000000000000e+02 4.482999999999999652e+00
1.434000000000000057e+02 4.589000000000000412e+00
1.489000000000000057e+02 4.695000000000000284e+00
1.546999999999999886e+02 4.802999999999999936e+00
1.608000000000000114e+02 4.911999999999999922e+00
1.670000000000000000e+02 5.022999999999999687e+00
1.735000000000000000e+02 5.134000000000000341e+00
1.803000000000000114e+02 5.248000000000000220e+00
1.873000000000000114e+02 5.362000000000000099e+00
1.945999999999999943e+02 5.477999999999999758e+00
2.021999999999999886e+02 5.596000000000000085e+00
2.100999999999999943e+02 5.714999999999999858e+00
2.181999999999999886e+02 5.836000000000000298e+00
2.266999999999999886e+02 5.958999999999999631e+00
2.355999999999999943e+02 6.083000000000000185e+00
2.446999999999999886e+02 6.209999999999999964e+00
2.543000000000000114e+02 6.338000000000000078e+00
2.641999999999999886e+02 6.467999999999999972e+00
2.743999999999999773e+02 6.599999999999999645e+00
2.851000000000000227e+02 6.733999999999999986e+00
2.961999999999999886e+02 6.871000000000000441e+00
3.078000000000000114e+02 7.009000000000000341e+00
3.196999999999999886e+02 7.150000000000000355e+00
3.321999999999999886e+02 7.293999999999999595e+00
3.451000000000000227e+02 7.439000000000000057e+00
3.586000000000000227e+02 7.588000000000000078e+00
3.725000000000000000e+02 7.738000000000000433e+00
3.870000000000000000e+02 7.892000000000000348e+00
4.021000000000000227e+02 8.048000000000000043e+00
4.178000000000000114e+02 8.207000000000000739e+00
4.340000000000000000e+02 8.369999999999999218e+00
4.508999999999999773e+02 8.535000000000000142e+00
4.685000000000000000e+02 8.702999999999999403e+00
4.866999999999999886e+02 8.875000000000000000e+00
5.056999999999999886e+02 9.050000000000000711e+00
5.252999999999999545e+02 9.228999999999999204e+00
5.457999999999999545e+02 9.410999999999999588e+00
5.671000000000000227e+02 9.598000000000000753e+00
5.891000000000000227e+02 9.788000000000000256e+00
6.121000000000000227e+02 9.983000000000000540e+00
6.358999999999999773e+02 1.017999999999999972e+01
6.607000000000000455e+02 1.039000000000000057e+01
6.863999999999999773e+02 1.058999999999999986e+01
7.131000000000000227e+02 1.081000000000000050e+01
7.408999999999999773e+02 1.102999999999999936e+01
7.697000000000000455e+02 1.125000000000000000e+01
7.997000000000000455e+02 1.148000000000000043e+01
8.307999999999999545e+02 1.172000000000000064e+01
8.632000000000000455e+02 1.196000000000000085e+01
8.967999999999999545e+02 1.221000000000000085e+01
9.317000000000000455e+02 1.247000000000000064e+01
9.680000000000000000e+02 1.273000000000000043e+01
1.006000000000000000e+03 1.300000000000000000e+01
1.045000000000000000e+03 1.328999999999999915e+01
1.085000000000000000e+03 1.357000000000000028e+01
1.128000000000000000e+03 1.386999999999999922e+01
1.172000000000000000e+03 1.417999999999999972e+01
1.217000000000000000e+03 1.450000000000000000e+01
1.265000000000000000e+03 1.483000000000000007e+01
1.314000000000000000e+03 1.516999999999999993e+01
1.365000000000000000e+03 1.551999999999999957e+01
1.418000000000000000e+03 1.589000000000000057e+01
1.473000000000000000e+03 1.626999999999999957e+01
1.531000000000000000e+03 1.666000000000000014e+01
1.590000000000000000e+03 1.707000000000000028e+01
1.652000000000000000e+03 1.748999999999999844e+01
1.717000000000000000e+03 1.792999999999999972e+01
1.783000000000000000e+03 1.837999999999999901e+01
1.853000000000000000e+03 1.885999999999999943e+01
1.925000000000000000e+03 1.935000000000000142e+01
2.000000000000000000e+03 1.985999999999999943e+01
-----------------------


Mobility *N (1/m/V/s)
COMMENT: generated by bolsig_convert.py
-----------------------
1.000000000000000000e+00 1.831000000000000094e+24
1.038999999999999924e+00 1.830000000000000071e+24
1.078999999999999959e+00 1.830000000000000071e+24
1.120999999999999996e+00 1.830000000000000071e+24
1.165000000000000036e+00 1.829000000000000048e+24
1.209999999999999964e+00 1.829000000000000048e+24
1.258000000000000007e+00 1.829000000000000048e+24
1.306999999999999940e+00 1.829000000000000048e+24
1.356999999999999984e+00 1.829000000000000048e+24
1.409999999999999920e+00 1.829000000000000048e+24
1.465000000000000080e+00 1.829000000000000048e+24
1.522000000000000020e+00 1.829000000000000048e+24
1.580999999999999961e+00 1.829000000000000048e+24
1.643000000000000016e+00 1.830000000000000071e+24
1.707000000000000073e+00 1.831000000000000094e+24
1.772999999999999909e+00 1.831000000000000094e+24
1.842999999999999972e+00 1.832000000000000117e+24
1.913999999999999924e+00 1.833999999999999895e+24
1.989000000000000101e+00 1.834999999999999918e+24
2.065999999999999837e+00 1.836999999999999964e+24
2.146999999999999797e+00 1.839000000000000010e+24
2.229999999999999982e+00 1.842000000000000080e+24
2.317000000000000171e+00 1.844000000000000126e+24
2.407000000000000028e+00 1.846999999999999927e+24
2.500999999999999890e+00 1.851000000000000019e+24
2.597999999999999865e+00 1.855000000000000111e+24
2.700000000000000178e+00 1.858999999999999935e+24
2.805000000000000160e+00 1.864000000000000050e+24
2.914000000000000146e+00 1.868999999999999897e+24
3.027000000000000135e+00 1.874000000000000013e+24
3.145000000000000018e+00 1.879000000000000128e+24
3.267999999999999794e+00 1.884999999999999998e+24
3.395000000000000018e+00 1.890999999999999868e+24
3.527000000000000135e+00 1.897000000000000006e+24
3.664000000000000146e+00 1.902999999999999876e+24
3.806999999999999940e+00 1.910000000000000038e+24
3.955000000000000071e+00 1.915999999999999908e+24
4.108999999999999986e+00 1.924000000000000092e+24
4.269000000000000128e+00 1.930999999999999985e+24
4.434999999999999609e+00 1.938999999999999901e+24
4.607999999999999652e+00 1.947000000000000086e+24
4.788000000000000256e+00 1.955000000000000002e+24
4.974000000000000199e+00 1.963999999999999941e+24
5.168000000000000149e+00 1.972999999999999880e+24
5.368999999999999773e+00 1.983000000000000111e+24
5.578000000000000291e+00 1.994000000000000096e+24
5.794999999999999929e+00 2.005000000000000082e+24
6.020999999999999908e+00 2.017000000000000090e+24
6.254999999999999893e+00 2.030000000000000122e+24
6.498999999999999666e+00 2.042999999999999885e+24
6.751999999999999780e+00 2.057999999999999962e+24
7.014000000000000234e+00 2.073000000000000040e+24
7.288000000000000256e+00 2.089999999999999895e+24
7.570999999999999730e+00 2.108000000000000042e+24
7.865999999999999659e+00 2.127999999999999966e+24
8.172000000000000597e+00 2.148999999999999914e+24
8.490000000000000213e+00 2.172999999999999931e+24
8.820999999999999730e+00 2.200000000000000017e+24
9.164999999999999147e+00 2.229999999999999904e+24
9.521000000000000796e+00 2.264999999999999906e+24
9.891999999999999460e+00 2.304000000000000000e+24
1.027999999999999936e+01 2.349999999999999987e+24
1.067999999999999972e+01 2.402999999999999868e+24
1.108999999999999986e+01 2.460999999999999864e+24
1.151999999999999957e+01 2.523000000000000220e+24
1.197000000000000064e+01 2.587000000000000086e+24
1.243999999999999950e+01 2.650999999999999952e+24
1.291999999999999993e+01 2.712999999999999771e+24
1.342999999999999972e+01 2.771000000000000036e+24
1.394999999999999929e+01 2.825000000000000208e+24
1.449000000000000021e+01 2.874000000000000264e+24
1.506000000000000050e+01 2.916000000000000159e+24
1.564000000000000057e+01 2.953999999999999962e+24
1.625000000000000000e+01 2.984000000000000117e+24
1.689000000000000057e+01 3.007000000000000111e+24
1.753999999999999915e+01 3.023999999999999966e+24
1.823000000000000043e+01 3.034000000000000197e+24
1.894000000000000128e+01 3.037000000000000266e+24
1.967000000000000171e+01 3.033000000000000174e+24
2.044000000000000128e+01 3.022999999999999943e+24
2.123000000000000043e+01 3.007000000000000111e+24
2.205999999999999872e+01 2.985000000000000141e+24
2.292000000000000171e+01 2.958000000000000055e+24
2.380999999999999872e+01 2.925999999999999853e+24
2.473999999999999844e+01 2.889000000000000073e+24
2.569999999999999929e+01 2.848000000000000201e+24
2.669999999999999929e+01 2.804000000000000260e+24
2.773999999999999844e+01 2.756000000000000226e+24
2.882000000000000028e+01 2.706000000000000147e+24
2.994999999999999929e+01 2.652999999999999998e+24
3.110999999999999943e+01 2.597999999999999803e+24
3.232000000000000028e+01 2.541000000000000099e+24
3.357999999999999829e+01 2.482999999999999834e+24
3.489000000000000057e+01 2.424000000000000084e+24
3.625000000000000000e+01 2.364000000000000042e+24
3.765999999999999659e+01 2.304000000000000000e+24
3.913000000000000256e+01 2.243999999999999958e+24
4.064999999999999858e+01 2.183999999999999916e+24
4.222999999999999687e+01 2.123999999999999874e+24
4.388000000000000256e+01 2.065999999999999878e+24
4.557999999999999829e+01 2.007999999999999883e+24
4.735999999999999943e+01 1.951999999999999933e+24
4.920000000000000284e+01 1.897000000000000006e+24
5.111999999999999744e+01 1.844000000000000126e+24
5.310999999999999943e+01 1.793000000000000023e+24
5.517999999999999972e+01 1.743999999999999966e+24
5.732000000000000028e+01 1.695999999999999933e+24
5.956000000000000227e+01 1.650999999999999969e+24
6.186999999999999744e+01 1.608000000000000050e+24
6.428000000000000114e+01 1.566999999999999910e+24
6.679000000000000625e+01 1.527000000000000061e+24
6.939000000000000057e+01 1.490000000000000013e+24
7.209000000000000341e+01 1.455000000000000010e+24
7.490000000000000568e+01 1.421000000000000031e+24
7.781000000000000227e+01 1.389000000000000099e+24
8.084000000000000341e+01 1.357999999999999920e+24
8.398999999999999488e+01 1.329000000000000057e+24
8.726000000000000512e+01 1.300999999999999948e+24
9.065999999999999659e+01 1.274000000000000130e+24
9.418999999999999773e+01 1.249000000000000090e+24
9.784999999999999432e+01 1.224000000000000050e+24
1.017000000000000028e+02 1.201000000000000057e+24
1.055999999999999943e+02 1.178000000000000063e+24
1.097000000000000028e+02 1.155999999999999958e+24
1.140000000000000000e+02 1.135000000000000010e+24
1.184000000000000057e+02 1.114999999999999952e+24
1.230999999999999943e+02 1.095000000000000027e+24
1.277999999999999972e+02 1.075999999999999992e+24
1.328000000000000114e+02 1.057999999999999979e+24
1.380000000000000000e+02 1.039999999999999966e+24
1.434000000000000057e+02 1.021999999999999954e+24
1.489000000000000057e+02 1.004999999999999964e+24
1.546999999999999886e+02 9.879000000000000262e+23
1.608000000000000114e+02 9.714999999999999969e+23
1.670000000000000000e+02 9.555000000000000304e+23
1.735000000000000000e+02 9.398000000000000440e+23
1.803000000000000114e+02 9.244000000000000377e+23
1.873000000000000114e+02 9.093000000000000115e+23
1.945999999999999943e+02 8.944999999999999654e+23
2.021999999999999886e+02 8.800000000000000336e+23
2.100999999999999943e+02 8.657999999999999476e+23
2.181999999999999886e+02 8.518000000000000273e+23
2.266999999999999886e+02 8.380999999999999528e+23
2.355999999999999943e+02 8.246000000000000440e+23
2.446999999999999886e+02 8.113000000000000325e+23
2.543000000000000114e+02 7.983000000000000010e+23
2.641999999999999886e+02 7.855000000000000010e+23
2.743999999999999773e+02 7.727999999999999497e+23
2.851000000000000227e+02 7.604000000000000126e+23
2.961999999999999886e+02 7.481999999999999727e+23
3.078000000000000114e+02 7.361999999999999643e+23
3.196999999999999886e+02 7.243999999999999874e+23
3.321999999999999886e+02 7.128000000000000419e+23
3.451000000000000227e+02 7.013000000000000451e+23
3.586000000000000227e+02 6.901000000000000283e+23
3.725000000000000000e+02 6.789999999999999602e+23
3.870000000000000000e+02 6.681000000000000577e+23
4.021000000000000227e+02 6.574000000000000524e+23
4.178000000000000114e+02 6.468999999999999444e+23
4.340000000000000000e+02 6.366000000000000021e+23
4.508999999999999773e+02 6.264000000000000084e+23
4.685000000000000000e+02 6.164000000000000461e+23
4.866999999999999886e+02 6.065000000000000325e+23
5.056999999999999886e+02 5.968999999999999990e+23
5.252999999999999545e+02 5.873999999999999811e+23
5.457999999999999545e+02 5.779999999999999790e+23
5.671000000000000227e+02 5.688000000000000084e+23
5.891000000000000227e+02 5.598000000000000021e+23
6.121000000000000227e+02 5.510000000000000273e+23
6.358999999999999773e+02 5.421999999999999853e+23
6.607000000000000455e+02 5.336999999999999906e+23
6.863999999999999773e+02 5.253000000000000115e+23
7.131000000000000227e+02 5.169999999999999811e+23
7.408999999999999773e+02 5.088999999999999822e+23
7.697000000000000455e+02 5.010000000000000147e+23
7.997000000000000455e+02 4.930999999999999801e+23
8.307999999999999545e+02 4.853999999999999769e+23
8.632000000000000455e+02 4.779000000000000052e+23
8.967999999999999545e+02 4.704999999999999822e+23
9.317000000000000455e+02 4.631999999999999748e+23
9.680000000000000000e+02 4.560999999999999990e+23
1.006000000000000000e+03 4.490999999999999717e+23
1.045000000000000000e+03 4.422000000000000273e+23
1.085000000000000000e+03 4.354000000000000315e+23
1.128000000000000000e+03 4.288000000000000000e+23
1.172000000000000000e+03 4.221999999999999685e+23
1.217000000000000000e+03 4.157999999999999685e+23
1.265000000000000000e+03 4.094999999999999843e+23
1.314000000000000000e+03 4.034000000000000315e+23
1.365000000000000000e+03 3.973000000000000115e+23
1.418000000000000000e+03 3.914000000000000231e+23
1.473000000000000000e+03 3.854999999999999675e+23
1.531000000000000000e+03 3.798000000000000105e+23
1.590000000000000000e+03 3.740999999999999864e+23
1.652000000000000000e+03 3.685999999999999937e+23
1.717000000000000000e+03 3.631000000000000010e+23
1.783000000000000000e+03 3.577999999999999727e+23
1.853000000000000000e+03 3.525000000000000115e+23
1.925000000000000000e+03 3.472999999999999990e+23
2.000000000000000000e+03 3.422000000000000021e+23
-----------------------


Diffusion coefficient *N (1/m/s)
COMMENT: generated by bolsig_convert.py
-----------------------
1.000000000000000000e+00 4.109999999999999685e+22
1.038999999999999924e+00 4.118000000000000105e+22
1.078999999999999959e+00 4.128000000000000000e+22
1.120999999999999996e+00 4.139000000000000052e+22
1.165000000000000036e+00 4.152999999999999738e+22
1.209999999999999964e+00 4.168999999999999738e+22
1.258000000000000007e+00 4.188000000000000210e+22
1.306999999999999940e+00 4.209000000000000157e+22
1.356999999999999984e+00 4.233999999999999895e+22
1.409999999999999920e+00 4.263000000000000262e+22
1.465000000000000080e+00 4.295999999999999581e+22
1.522000000000000020e+00 4.333999999999999685e+22
1.580999999999999961e+00 4.376999999999999738e+22
1.643000000000000016e+00 4.425999999999999895e+22
1.707000000000000073e+00 4.481000000000000157e+22
1.772999999999999909e+00 4.542999999999999843e+22
1.842999999999999972e+00 4.612999999999999948e+22
1.913999999999999924e+00 4.690000000000000315e+22
1.989000000000000101e+00 4.775999999999999581e+22
2.065999999999999837e+00 4.871999999999999581e+22
2.146999999999999797e+00 4.978000000000000315e+22
2.229999999999999982e+00 5.092999999999999948e+22
2.317000000000000171e+00 5.218000000000000315e+22
2.407000000000000028e+00 5.353999999999999895e+22
2.500999999999999890e+00 5.499000000000000052e+22
2.597999999999999865e+00 5.652999999999999948e+22
2.700000000000000178e+00 5.816000000000000419e+22
2.805000000000000160e+00 5.986999999999999633e+22
2.914000000000000146e+00 6.163999999999999790e+22
3.027000000000000135e+00 6.344999999999999738e+22
3.145000000000000018e+00 6.530999999999999633e+22
3.267999999999999794e+00 6.721000000000000157e+22
3.395000000000000018e+00 6.912000000000000000e+22
3.527000000000000135e+00 7.106000000000000315e+22
3.664000000000000146e+00 7.302000000000000105e+22
3.806999999999999940e+00 7.500000000000000210e+22
3.955000000000000071e+00 7.699999999999999790e+22
4.108999999999999986e+00 7.905000000000000157e+22
4.269000000000000128e+00 8.112999999999999318e+22
4.434999999999999609e+00 8.325999999999999266e+22
4.607999999999999652e+00 8.545000000000000157e+22
4.788000000000000256e+00 8.771000000000000472e+22
4.974000000000000199e+00 9.005000000000000367e+22
5.168000000000000149e+00 9.250000000000000315e+22
5.368999999999999773e+00 9.506000000000000315e+22
5.578000000000000291e+00 9.775000000000000682e+22
5.794999999999999929e+00 1.006000000000000021e+23
6.020999999999999908e+00 1.036000000000000042e+23
6.254999999999999893e+00 1.069000000000000031e+23
6.498999999999999666e+00 1.104000000000000000e+23
6.751999999999999780e+00 1.141999999999999937e+23
7.014000000000000234e+00 1.184000000000000000e+23
7.288000000000000256e+00 1.231000000000000010e+23
7.570999999999999730e+00 1.283999999999999958e+23
7.865999999999999659e+00 1.345999999999999979e+23
8.172000000000000597e+00 1.420000000000000042e+23
8.490000000000000213e+00 1.510999999999999927e+23
8.820999999999999730e+00 1.628000000000000042e+23
9.164999999999999147e+00 1.782999999999999927e+23
9.521000000000000796e+00 1.993000000000000073e+23
9.891999999999999460e+00 2.283000000000000052e+23
1.027999999999999936e+01 2.678999999999999927e+23
1.067999999999999972e+01 3.207999999999999916e+23
1.108999999999999986e+01 3.880000000000000252e+23
1.151999999999999957e+01 4.691000000000000304e+23
1.197000000000000064e+01 5.622999999999999927e+23
1.243999999999999950e+01 6.651999999999999371e+23
1.291999999999999993e+01 7.758999999999999675e+23
1.342999999999999972e+01 8.925000000000000535e+23
1.394999999999999929e+01 1.014000000000000038e+24
1.449000000000000021e+01 1.137999999999999945e+24
1.506000000000000050e+01 1.263999999999999899e+24
1.564000000000000057e+01 1.390999999999999876e+24
1.625000000000000000e+01 1.518999999999999876e+24
1.689000000000000057e+01 1.645000000000000099e+24
1.753999999999999915e+01 1.771000000000000052e+24
1.823000000000000043e+01 1.893999999999999937e+24
1.894000000000000128e+01 2.015000000000000044e+24
1.967000000000000171e+01 2.132000000000000059e+24
2.044000000000000128e+01 2.246000000000000004e+24
2.123000000000000043e+01 2.355000000000000103e+24
2.205999999999999872e+01 2.459999999999999841e+24
2.292000000000000171e+01 2.560000000000000000e+24
2.380999999999999872e+01 2.654000000000000021e+24
2.473999999999999844e+01 2.743999999999999950e+24
2.569999999999999929e+01 2.827999999999999740e+24
2.669999999999999929e+01 2.906999999999999952e+24
2.773999999999999844e+01 2.980000000000000025e+24
2.882000000000000028e+01 3.047999999999999983e+24
2.994999999999999929e+01 3.109999999999999803e+24
3.110999999999999943e+01 3.168000000000000067e+24
3.232000000000000028e+01 3.221000000000000216e+24
3.357999999999999829e+01 3.269000000000000250e+24
3.489000000000000057e+01 3.312000000000000168e+24
3.625000000000000000e+01 3.352000000000000017e+24
3.765999999999999659e+01 3.386999999999999750e+24
3.913000000000000256e+01 3.417999999999999929e+24
4.064999999999999858e+01 3.447000000000000061e+24
4.222999999999999687e+01 3.471000000000000078e+24
4.388000000000000256e+01 3.493000000000000048e+24
4.557999999999999829e+01 3.512999999999999973e+24
4.735999999999999943e+01 3.529999999999999828e+24
4.920000000000000284e+01 3.546000000000000197e+24
5.111999999999999744e+01 3.559999999999999983e+24
5.310999999999999943e+01 3.572000000000000260e+24
5.517999999999999972e+01 3.584000000000000000e+24
5.732000000000000028e+01 3.595000000000000254e+24
5.956000000000000227e+01 3.604999999999999948e+24
6.186999999999999744e+01 3.614000000000000155e+24
6.428000000000000114e+01 3.623999999999999849e+24
6.679000000000000625e+01 3.633000000000000057e+24
6.939000000000000057e+01 3.642000000000000264e+24
7.209000000000000341e+01 3.650999999999999935e+24
7.490000000000000568e+01 3.660000000000000143e+24
7.781000000000000227e+01 3.669999999999999836e+24
8.084000000000000341e+01 3.680000000000000067e+24
8.398999999999999488e+01 3.690999999999999784e+24
8.726000000000000512e+01 3.701000000000000015e+24
9.065999999999999659e+01 3.711999999999999732e+24
9.418999999999999773e+01 3.724000000000000008e+24
9.784999999999999432e+01 3.735999999999999748e+24
1.017000000000000028e+02 3.748000000000000025e+24
1.055999999999999943e+02 3.760999999999999788e+24
1.097000000000000028e+02 3.774000000000000088e+24
1.140000000000000000e+02 3.786999999999999851e+24
1.184000000000000057e+02 3.800000000000000151e+24
1.230999999999999943e+02 3.813999999999999937e+24
1.277999999999999972e+02 3.828000000000000260e+24
1.328000000000000114e+02 3.842000000000000046e+24
1.380000000000000000e+02 3.855999999999999832e+24
1.434000000000000057e+02 3.871000000000000178e+24
1.489000000000000057e+02 3.884999999999999964e+24
1.546999999999999886e+02 3.899999999999999774e+24
1.608000000000000114e+02 3.915000000000000120e+24
1.670000000000000000e+02 3.929999999999999929e+24
1.735000000000000000e+02 3.944999999999999738e+24
1.803000000000000114e+02 3.961000000000000107e+24
1.873000000000000114e+02 3.974999999999999893e+24
1.945999999999999943e+02 3.991000000000000262e+24
2.021999999999999886e+02 4.006000000000000071e+24
2.100999999999999943e+02 4.020999999999999880e+24
2.181999999999999886e+02 4.036000000000000226e+24
2.266999999999999886e+02 4.052000000000000059e+24
2.355999999999999943e+02 4.066999999999999868e+24
2.446999999999999886e+02 4.082000000000000214e+24
2.543000000000000114e+02 4.098000000000000046e+24
2.641999999999999886e+02 4.112999999999999855e+24
2.743999999999999773e+02 4.128000000000000201e+24
2.851000000000000227e+02 4.143000000000000010e+24
2.961999999999999886e+02 4.156999999999999797e+24
3.078000000000000114e+02 4.172000000000000143e+24
3.196999999999999886e+02 4.186999999999999952e+24
3.321999999999999886e+02 4.200999999999999738e+24
3.451000000000000227e+02 4.216000000000000084e+24
3.586000000000000227e+02 4.229999999999999870e+24
3.725000000000000000e+02 4.245000000000000216e+24
3.870000000000000000e+02 4.259000000000000002e+24
4.021000000000000227e+02 4.273999999999999811e+24
4.178000000000000114e+02 4.288000000000000134e+24
4.340000000000000000e+02 4.301999999999999920e+24
4.508999999999999773e+02 4.316000000000000243e+24
4.685000000000000000e+02 4.330000000000000029e+24
4.866999999999999886e+02 4.344999999999999839e+24
5.056999999999999886e+02 4.359000000000000161e+24
5.252999999999999545e+02 4.371999999999999925e+24
5.457999999999999545e+02 4.386000000000000247e+24
5.671000000000000227e+02 4.401000000000000057e+24
5.891000000000000227e+02 4.414999999999999843e+24
6.121000000000000227e+02 4.429000000000000166e+24
6.358999999999999773e+02 4.443999999999999975e+24
6.607000000000000455e+02 4.458999999999999784e+24
6.863999999999999773e+02 4.473000000000000107e+24
7.131000000000000227e+02 4.487999999999999916e+24
7.408999999999999773e+02 4.503999999999999748e+24
7.697000000000000455e+02 4.519000000000000094e+24
7.997000000000000455e+02 4.534999999999999927e+24
8.307999999999999545e+02 4.550999999999999759e+24
8.632000000000000455e+02 4.567000000000000128e+24
8.967999999999999545e+02 4.583999999999999983e+24
9.317000000000000455e+02 4.600999999999999839e+24
9.680000000000000000e+02 4.619000000000000254e+24
1.006000000000000000e+03 4.637000000000000132e+24
1.045000000000000000e+03 4.656000000000000034e+24
1.085000000000000000e+03 4.675999999999999958e+24
1.128000000000000000e+03 4.695999999999999883e+24
1.172000000000000000e+03 4.717999999999999853e+24
1.217000000000000000e+03 4.739999999999999824e+24
1.265000000000000000e+03 4.762999999999999818e+24
1.314000000000000000e+03 4.786999999999999834e+24
1.365000000000000000e+03 4.811999999999999874e+24
1.418000000000000000e+03 4.837999999999999937e+24
1.473000000000000000e+03 4.865999999999999509e+24
1.531000000000000000e+03 4.894999999999999641e+24
1.590000000000000000e+03 4.925000000000000333e+24
1.652000000000000000e+03 4.956999999999999998e+24
1.717000000000000000e+03 4.990000000000000222e+24
1.783000000000000000e+03 5.025999999999999979e+24
1.853000000000000000e+03 5.063000000000000296e+24
1.925000000000000000e+03 5.101999999999999585e+24
2.000000000000000000e+03 5.142000000000000508e+24
-----------------------


Townsend ioniz. coef. alpha/N (m2)
COMMENT: generated by bolsig_convert.py
-----------------------
1.000000000000000000e+00 0.000000000000000000e+00
1.038999999999999924e+00 0.000000000000000000e+00
1.078999999999999959e+00 0.000000000000000000e+00
1.120999999999999996e+00 0.000000000000000000e+00
1.165000000000000036e+00 0.000000000000000000e+00
1.209999999999999964e+00 0.000000000000000000e+00
1.258000000000000007e+00 0.000000000000000000e+00
1.306999999999999940e+00 0.000000000000000000e+00
1.356999999999999984e+00 0.000000000000000000e+00
1.409999999999999920e+00 0.000000000000000000e+00
1.465000000000000080e+00 0.000000000000000000e+00
1.522000000000000020e+00 0.000000000000000000e+00
1.580999999999999961e+00 0.000000000000000000e+00
1.643000000000000016e+00 0.000000000000000000e+00
1.707000000000000073e+00 0.000000000000000000e+00
1.772999999999999909e+00 0.000000000000000000e+00
1.842999999999999972e+00 0.000000000000000000e+00
1.913999999999999924e+00 0.000000000000000000e+00
1.989000000000000101e+00 0.000000000000000000e+00
2.065999999999999837e+00 0.000000000000000000e+00
2.146999999999999797e+00 0.000000000000000000e+00
2.229999999999999982e+00 0.000000000000000000e+00
2.317000000000000171e+00 0.000000000000000000e+00
2.407000000000000028e+00 0.000000000000000000e+00
2.500999999999999890e+00 0.000000000000000000e+00
2.597999999999999865e+00 0.000000000000000000e+00
2.700000000000000178e+00 0.000000000000000000e+00
2.805000000000000160e+00 0.000000000000000000e+00
2.914000000000000146e+00 0.000000000000000000e+00
3.027000000000000135e+00 0.000000000000000000e+00
3.145000000000000018e+00 0.000000000000000000e+00
3.267999999999999794e+00 0.000000000000000000e+00
3.395000000000000018e+00 0.000000000000000000e+00
3.527000000000000135e+00 0.000000000000000000e+00
3.664000000000000146e+00 0.000000000000000000e+00
3.806999999999999940e+00 0.000000000000000000e+00
3.955000000000000071e+00 0.000000000000000000e+00
4.108999999999999986e+00 0.000000000000000000e+00
4.269000000000000128e+00 0.000000000000000000e+00
4.434999999999999609e+00 0.000000000000000000e+00
4.607999999999999652e+00 0.000000000000000000e+00
4.788000000000000256e+00 0.000000000000000000e+00
4.974000000000000199e+00 0.000000000000000000e+00
5.168000000000000149e+00 0.000000000000000000e+00
5.368999999999999773e+00 0.000000000000000000e+00
5.578000000000000291e+00 0.000000000000000000e+00
5.794999999999999929e+00 0.000000000000000000e+00
6.020999999999999908e+00 0.000000000000000000e+00
6.254999999999999893e+00 0.000000000000000000e+00
6.498999999999999666e+00 0.000000000000000000e+00
6.751999999999999780e+00 0.000000000000000000e+00
7.014000000000000234e+00 0.000000000000000000e+00
7.288000000000000256e+00 0.000000000000000000e+00
7.570999999999999730e+00 0.000000000000000000e+00
7.865999999999999659e+00 0.000000000000000000e+00
8.172000000000000597e+00 0.000000000000000000e+00
8.490000000000000213e+00 0.000000000000000000e+00
8.820999999999999730e+00 0.000000000000000000e+00
9.164999999999999147e+00 0.000000000000000000e+00
9.521000000000000796e+00 0.000000000000000000e+00
9.891999999999999460e+00 0.000000000000000000e+00
1.027999999999999936e+01 0.000000000000000000e+00
1.067999999999999972e+01 0.000000000000000000e+00
1.108999999999999986e+01 0.000000000000000000e+00
1.151999999999999957e+01 0.000000000000000000e+00
1.197000000000000064e+01 0.000000000000000000e+00
1.243999999999999950e+01 0.000000000000000000e+00
1.291999999999999993e+01 0.000000000000000000e+00
1.342999999999999972e+01 0.000000000000000000e+00
1.394999999999999929e+01 0.000000000000000000e+00
1.449000000000000021e+01 0.000000000000000000e+00
1.506000000000000050e+01 0.000000000000000000e+00
1.564000000000000057e+01 0.000000000000000000e+00
1.625000000000000000e+01 0.000000000000000000e+00
1.689000000000000057e+01 0.000000000000000000e+00
1.753999999999999915e+01 0.000000000000000000e+00
1.823000000000000043e+01 0.000000000000000000e+00
1.894000000000000128e+01 0.000000000000000000e+00
1.967000000000000171e+01 0.000000000000000000e+00
2.044000000000000128e+01 0.000000000000000000e+00
2.123000000000000043e+01 0.000000000000000000e+00
2.205999999999999872e+01 0.000000000000000000e+00
2.292000000000000171e+01 0.000000000000000000e+00
2.380999999999999872e+01 0.000000000000000000e+00
2.473999999999999844e+01 0.000000000000000000e+00
2.569999999999999929e+01 0.000000000000000000e+00
2.669999999999999929e+01 2.581000000000000033e-31
2.773999999999999844e+01 7.618000000000000088e-31
2.882000000000000028e+01 2.137999999999999842e-30
2.994999999999999929e+01 5.719000000000000308e-30
3.110999999999999943e+01 1.460000000000000122e-29
3.232000000000000028e+01 4.063999999999999890e-29
3.357999999999999829e+01 9.642000000000000299e-29
3.489000000000000057e+01 2.198000000000000015e-28
3.625000000000000000e+01 4.821999999999999785e-28
3.765999999999999659e+01 1.020000000000000018e-27
3.913000000000000256e+01 2.082000000000000117e-27
4.064999999999999858e+01 4.110000000000000130e-27
4.222999999999999687e+01 7.868999999999999933e-27
4.388000000000000256e+01 1.459000000000000002e-26
4.557999999999999829e+01 2.625999999999999912e-26
4.735999999999999943e+01 4.595000000000000191e-26
4.920000000000000284e+01 7.829999999999999641e-26
5.111999999999999744e+01 1.300999999999999990e-25
5.310999999999999943e+01 2.108000000000000001e-25
5.517999999999999972e+01 3.343000000000000177e-25
5.732000000000000028e+01 5.180000000000000027e-25
5.956000000000000227e+01 7.860999999999999783e-25
6.186999999999999744e+01 1.169999999999999993e-24
6.428000000000000114e+01 1.707999999999999939e-24
6.679000000000000625e+01 2.450999999999999856e-24
6.939000000000000057e+01 3.459000000000000308e-24
7.209000000000000341e+01 4.804999999999999803e-24
7.490000000000000568e+01 6.575000000000000302e-24
7.781000000000000227e+01 8.871999999999999859e-24
8.084000000000000341e+01 1.181000000000000072e-23
8.398999999999999488e+01 1.552999999999999901e-23
8.726000000000000512e+01 2.019000000000000124e-23
9.065999999999999659e+01 2.594999999999999963e-23
9.418999999999999773e+01 3.300000000000000207e-23
9.784999999999999432e+01 4.155000000000000248e-23
1.017000000000000028e+02 5.185000000000000197e-23
1.055999999999999943e+02 6.410999999999999738e-23
1.097000000000000028e+02 7.863000000000000182e-23
1.140000000000000000e+02 9.567999999999999946e-23
1.184000000000000057e+02 1.156000000000000048e-22
1.230999999999999943e+02 1.386000000000000028e-22
1.277999999999999972e+02 1.651000000000000108e-22
1.328000000000000114e+02 1.955000000000000070e-22
1.380000000000000000e+02 2.300999999999999869e-22
1.434000000000000057e+02 2.692000000000000166e-22
1.489000000000000057e+02 3.133999999999999928e-22
1.546999999999999886e+02 3.629000000000000224e-22
1.608000000000000114e+02 4.181999999999999958e-22
1.670000000000000000e+02 4.797999999999999919e-22
1.735000000000000000e+02 5.479999999999999824e-22
1.803000000000000114e+02 6.233000000000000462e-22
1.873000000000000114e+02 7.062000000000000267e-22
1.945999999999999943e+02 7.971000000000000434e-22
2.021999999999999886e+02 8.964999999999999398e-22
2.100999999999999943e+02 1.005000000000000036e-21
2.181999999999999886e+02 1.122999999999999981e-21
2.266999999999999886e+02 1.249999999999999931e-21
2.355999999999999943e+02 1.388000000000000014e-21
2.446999999999999886e+02 1.537000000000000040e-21
2.543000000000000114e+02 1.696999999999999822e-21
2.641999999999999886e+02 1.869000000000000176e-21
2.743999999999999773e+02 2.053999999999999847e-21
2.851000000000000227e+02 2.250999999999999902e-21
2.961999999999999886e+02 2.462000000000000091e-21
3.078000000000000114e+02 2.685999999999999974e-21
3.196999999999999886e+02 2.923999999999999991e-21
3.321999999999999886e+02 3.176999999999999828e-21
3.451000000000000227e+02 3.445999999999999926e-21
3.586000000000000227e+02 3.728999999999999782e-21
3.725000000000000000e+02 4.028999999999999961e-21
3.870000000000000000e+02 4.345999999999999711e-21
4.021000000000000227e+02 4.678999999999999722e-21
4.178000000000000114e+02 5.030000000000000120e-21
4.340000000000000000e+02 5.399000000000000152e-21
4.508999999999999773e+02 5.785999999999999819e-21
4.685000000000000000e+02 6.190999999999999873e-21
4.866999999999999886e+02 6.614999999999999624e-21
5.056999999999999886e+02 7.059000000000000642e-21
5.252999999999999545e+02 7.522000000000000605e-21
5.457999999999999545e+02 8.005000000000000329e-21
5.671000000000000227e+02 8.509000000000000630e-21
5.891000000000000227e+02 9.033000000000000692e-21
6.121000000000000227e+02 9.577999999999999826e-21
6.358999999999999773e+02 1.013999999999999928e-20
6.607000000000000455e+02 1.073000000000000051e-20
6.863999999999999773e+02 1.134000000000000000e-20
7.131000000000000227e+02 1.196999999999999925e-20
7.408999999999999773e+02 1.263000000000000040e-20
7.697000000000000455e+02 1.330000000000000067e-20
7.997000000000000455e+02 1.400000000000000134e-20
8.307999999999999545e+02 1.471999999999999876e-20
8.632000000000000455e+02 1.546999999999999958e-20
8.967999999999999545e+02 1.622999999999999954e-20
9.317000000000000455e+02 1.701999999999999988e-20
9.680000000000000000e+02 1.784000000000000062e-20
1.006000000000000000e+03 1.867000000000000049e-20
1.045000000000000000e+03 1.953000000000000075e-20
1.085000000000000000e+03 2.042000000000000141e-20
1.128000000000000000e+03 2.132000000000000120e-20
1.172000000000000000e+03 2.225000000000000138e-20
1.217000000000000000e+03 2.319999999999999981e-20
1.265000000000000000e+03 2.417999999999999864e-20
1.314000000000000000e+03 2.517999999999999874e-20
1.365000000000000000e+03 2.620000000000000010e-20
1.418000000000000000e+03 2.724000000000000272e-20
1.473000000000000000e+03 2.830000000000000060e-20
1.531000000000000000e+03 2.939000000000000188e-20
1.590000000000000000e+03 3.050000000000000141e-20
1.652000000000000000e+03 3.162999999999999920e-20
1.717000000000000000e+03 3.277000000000000214e-20
1.783000000000000000e+03 3.394000000000000246e-20
1.853000000000000000e+03 3.513000000000000104e-20
1.925000000000000000e+03 3.632999999999999875e-20
2.000000000000000000e+03 3.755999999999999986e-20
-----------------------


Townsend attach. coef. eta/N (m2)
COMMENT: generated by bolsig_convert.py
-----------------------
1.000000000000000000e+00 5.509999999999999955e-19
1.038999999999999924e+00 5.428000000000000122e-19
1.078999999999999959e+00 5.348000000000000355e-19
1.120999999999999996e+00 5.271999999999999758e-19
1.165000000000000036e+00 5.198000000000000190e-19
1.209999999999999964e+00 5.126999999999999759e-19
1.258000000000000007e+00 5.057000000000000324e-19
1.306999999999999940e+00 4.990000000000000026e-19
1.356999999999999984e+00 4.924999999999999794e-19
1.409999999999999920e+00 4.860999999999999595e-19
1.465000000000000080e+00 4.799000000000000426e-19
1.522000000000000020e+00 4.737000000000000293e-19
1.580999999999999961e+00 4.677000000000000228e-19
1.643000000000000016e+00 4.617000000000000162e-19
1.707000000000000073e+00 4.558000000000000129e-19
1.772999999999999909e+00 4.499000000000000096e-19
1.842999999999999972e+00 4.439000000000000030e-19
1.913999999999999924e+00 4.378999999999999964e-19
1.989000000000000101e+00 4.316999999999999832e-19
2.065999999999999837e+00 4.254000000000000148e-19
2.146999999999999797e+00 4.188999999999999916e-19
2.229999999999999982e+00 4.121000000000000066e-19
2.317000000000000171e+00 4.051000000000000150e-19
2.407000000000000028e+00 3.978000000000000134e-19
2.500999999999999890e+00 3.902000000000000018e-19
2.597999999999999865e+00 3.821999999999999770e-19
2.700000000000000178e+00 3.737999999999999870e-19
2.805000000000000160e+00 3.650999999999999871e-19
2.914000000000000146e+00 3.560000000000000220e-19
3.027000000000000135e+00 3.465999999999999988e-19
3.145000000000000018e+00 3.369000000000000139e-19
3.267999999999999794e+00 3.269000000000000189e-19
3.395000000000000018e+00 3.168000000000000207e-19
3.527000000000000135e+00 3.065000000000000158e-19
3.664000000000000146e+00 2.961000000000000075e-19
3.806999999999999940e+00 2.855999999999999960e-19
3.955000000000000071e+00 2.751999999999999878e-19
4.108999999999999986e+00 2.646999999999999763e-19
4.269000000000000128e+00 2.544000000000000195e-19
4.434999999999999609e+00 2.442000000000000179e-19
4.607999999999999652e+00 2.341000000000000197e-19
4.788000000000000256e+00 2.240999999999999766e-19
4.974000000000000199e+00 2.143999999999999916e-19
5.168000000000000149e+00 2.048000000000000100e-19
5.368999999999999773e+00 1.954999999999999901e-19
5.578000000000000291e+00 1.864000000000000010e-19
5.794999999999999929e+00 1.774999999999999944e-19
6.020999999999999908e+00 1.688999999999999978e-19
6.254999999999999893e+00 1.605000000000000078e-19
6.498999999999999666e+00 1.524000000000000037e-19
6.751999999999999780e+00 1.445000000000000063e-19
7.014000000000000234e+00 1.368999999999999947e-19
7.288000000000000256e+00 1.295999999999999931e-19
7.570999999999999730e+00 1.224999999999999982e-19
7.865999999999999659e+00 1.156999999999999891e-19
8.172000000000000597e+00 1.091000000000000107e-19
8.490000000000000213e+00 1.027000000000000029e-19
8.820999999999999730e+00 9.645000000000000004e-20
9.164999999999999147e+00 9.038000000000000557e-20
9.521000000000000796e+00 8.443000000000000064e-20
9.891999999999999460e+00 7.856000000000000077e-20
1.027999999999999936e+01 7.274999999999999567e-20
1.067999999999999972e+01 6.701999999999999564e-20
1.108999999999999986e+01 6.142000000000000232e-20
1.151999999999999957e+01 5.606000000000000012e-20
1.197000000000000064e+01 5.102999999999999925e-20
1.243999999999999950e+01 4.637000000000000224e-20
1.291999999999999993e+01 4.211000000000000045e-20
1.342999999999999972e+01 3.824000000000000077e-20
1.394999999999999929e+01 3.474999999999999806e-20
1.449000000000000021e+01 3.161000000000000095e-20
1.506000000000000050e+01 2.879000000000000001e-20
1.564000000000000057e+01 2.624999999999999875e-20
1.625000000000000000e+01 2.396999999999999889e-20
1.689000000000000057e+01 2.192000000000000005e-20
1.753999999999999915e+01 2.008000000000000096e-20
1.823000000000000043e+01 1.843000000000000035e-20
1.894000000000000128e+01 1.694000000000000084e-20
1.967000000000000171e+01 1.560000000000000029e-20
2.044000000000000128e+01 1.439000000000000044e-20
2.123000000000000043e+01 1.330000000000000067e-20
2.205999999999999872e+01 1.232000000000000034e-20
2.292000000000000171e+01 1.142999999999999968e-20
2.380999999999999872e+01 1.061999999999999957e-20
2.473999999999999844e+01 9.892000000000000139e-21
2.569999999999999929e+01 9.228000000000000244e-21
2.669999999999999929e+01 8.623000000000000322e-21
2.773999999999999844e+01 8.073000000000000119e-21
2.882000000000000028e+01 7.570999999999999945e-21
2.994999999999999929e+01 7.112000000000000235e-21
3.110999999999999943e+01 6.690999999999999921e-21
3.232000000000000028e+01 6.304000000000000254e-21
3.357999999999999829e+01 5.948000000000000292e-21
3.489000000000000057e+01 5.617999999999999719e-21
3.625000000000000000e+01 5.312999999999999975e-21
3.765999999999999659e+01 5.029000000000000057e-21
3.913000000000000256e+01 4.763999999999999836e-21
4.064999999999999858e+01 4.517000000000000002e-21
4.222999999999999687e+01 4.285999999999999676e-21
4.388000000000000256e+01 4.067000000000000109e-21
4.557999999999999829e+01 3.860999999999999861e-21
4.735999999999999943e+01 3.667000000000000372e-21
4.920000000000000284e+01 3.481999999999999948e-21
5.111999999999999744e+01 3.307000000000000157e-21
5.310999999999999943e+01 3.141000000000000183e-21
5.517999999999999972e+01 2.981999999999999900e-21
5.732000000000000028e+01 2.832000000000000187e-21
5.956000000000000227e+01 2.689000000000000164e-21
6.186999999999999744e+01 2.552000000000000145e-21
6.428000000000000114e+01 2.422999999999999880e-21
6.679000000000000625e+01 2.298999999999999931e-21
6.939000000000000057e+01 2.180999999999999986e-21
7.209000000000000341e+01 2.070000000000000108e-21
7.490000000000000568e+01 1.964000000000000170e-21
7.781000000000000227e+01 1.863000000000000172e-21
8.084000000000000341e+01 1.767000000000000115e-21
8.398999999999999488e+01 1.675999999999999998e-21
8.726000000000000512e+01 1.590000000000000009e-21
9.065999999999999659e+01 1.508999999999999961e-21
9.418999999999999773e+01 1.430999999999999914e-21
9.784999999999999432e+01 1.357999999999999996e-21
1.017000000000000028e+02 1.288000000000000080e-21
1.055999999999999943e+02 1.222999999999999915e-21
1.097000000000000028e+02 1.160000000000000066e-21
1.140000000000000000e+02 1.101000000000000093e-21
1.184000000000000057e+02 1.045999999999999998e-21
1.230999999999999943e+02 9.927000000000000098e-22
1.277999999999999972e+02 9.426000000000000363e-22
1.328000000000000114e+02 8.951000000000000392e-22
1.380000000000000000e+02 8.500000000000000060e-22
1.434000000000000057e+02 8.074000000000000370e-22
1.489000000000000057e+02 7.670000000000000192e-22
1.546999999999999886e+02 7.287000000000000402e-22
1.608000000000000114e+02 6.923999999999999997e-22
1.670000000000000000e+02 6.579999999999999854e-22
1.735000000000000000e+02 6.253999999999999910e-22
1.803000000000000114e+02 5.944000000000000039e-22
1.873000000000000114e+02 5.651000000000000303e-22
1.945999999999999943e+02 5.371999999999999572e-22
2.021999999999999886e+02 5.106999999999999727e-22
2.100999999999999943e+02 4.855999999999999828e-22
2.181999999999999886e+02 4.616999999999999748e-22
2.266999999999999886e+02 4.390000000000000427e-22
2.355999999999999943e+02 4.174999999999999985e-22
2.446999999999999886e+02 3.970000000000000176e-22
2.543000000000000114e+02 3.775000000000000060e-22
2.641999999999999886e+02 3.590000000000000106e-22
2.743999999999999773e+02 3.414999999999999845e-22
2.851000000000000227e+02 3.248000000000000090e-22
2.961999999999999886e+02 3.088999999999999901e-22
3.078000000000000114e+02 2.938000000000000218e-22
3.196999999999999886e+02 2.794000000000000038e-22
3.321999999999999886e+02 2.656999999999999831e-22
3.451000000000000227e+02 2.527000000000000067e-22
3.586000000000000227e+02 2.403999999999999806e-22
3.725000000000000000e+02 2.285999999999999860e-22
3.870000000000000000e+02 2.173999999999999825e-22
4.021000000000000227e+02 2.067000000000000106e-22
4.178000000000000114e+02 1.966000000000000061e-22
4.340000000000000000e+02 1.869000000000000035e-22
4.508999999999999773e+02 1.777000000000000089e-22
4.685000000000000000e+02 1.689999999999999990e-22
4.866999999999999886e+02 1.606999999999999910e-22
5.056999999999999886e+02 1.527000000000000018e-22
5.252999999999999545e+02 1.451999999999999974e-22
5.457999999999999545e+02 1.379999999999999884e-22
5.671000000000000227e+02 1.312000000000000047e-22
5.891000000000000227e+02 1.246000000000000101e-22
6.121000000000000227e+02 1.183999999999999939e-22
6.358999999999999773e+02 1.124999999999999967e-22
6.607000000000000455e+02 1.068999999999999949e-22
6.863999999999999773e+02 1.016000000000000003e-22
7.131000000000000227e+02 9.645999999999999945e-23
7.408999999999999773e+02 9.160999999999999813e-23
7.697000000000000455e+02 8.698999999999999725e-23
7.997000000000000455e+02 8.259000000000000089e-23
8.307999999999999545e+02 7.840000000000000136e-23
8.632000000000000455e+02 7.441000000000000274e-23
8.967999999999999545e+02 7.062000000000000503e-23
9.317000000000000455e+02 6.699999999999999691e-23
9.680000000000000000e+02 6.355999999999999783e-23
1.006000000000000000e+03 6.029000000000000011e-23
1.045000000000000000e+03 5.717000000000000013e-23
1.085000000000000000e+03 5.419999999999999788e-23
1.128000000000000000e+03 5.136999999999999745e-23
1.172000000000000000e+03 4.867999999999999882e-23
1.217000000000000000e+03 4.612000000000000019e-23
1.265000000000000000e+03 4.367999999999999975e-23
1.314000000000000000e+03 4.135999999999999751e-23
1.365000000000000000e+03 3.914999999999999752e-23
1.418000000000000000e+03 3.704999999999999979e-23
1.473000000000000000e+03 3.505000000000000251e-23
1.531000000000000000e+03 3.314999999999999981e-23
1.590000000000000000e+03 3.134000000000000163e-23
1.652000000000000000e+03 2.962999999999999802e-23
1.717000000000000000e+03 2.799000000000000120e-23
1.783000000000000000e+03 2.644000000000000008e-23
1.853000000000000000e+03 2.495999999999999986e-23
1.925000000000000000e+03 2.355999999999999941e-23
2.000000000000000000e+03 2.222999999999999987e-23
-----------------------


C3 C4F7N Ionization 14.00 eV
COMMENT: generated by bolsig_convert.py
-----------------------
1.000000000000000000e+00 0.000000000000000000e+00
1.038999999999999924e+00 0.000000000000000000e+00
1.078999999999999959e+00 0.000000000000000000e+00
1.120999999999999996e+00 0.000000000000000000e+00
1.165000000000000036e+00 0.000000000000000000e+00
1.209999999999999964e+00 0.000000000000000000e+00
1.258000000000000007e+00 0.000000000000000000e+00
1.306999999999999940e+00 0.000000000000000000e+00
1.356999999999999984e+00 0.000000000000000000e+00
1.409999999999999920e+00 0.000000000000000000e+00
1.465000000000000080e+00 0.000000000000000000e+00
1.522000000000000020e+00 0.000000000000000000e+00
1.580999999999999961e+00 0.000000000000000000e+00
1.643000000000000016e+00 0.000000000000000000e+00
1.707000000000000073e+00 0.000000000000000000e+00
1.772999999999999909e+00 0.000000000000000000e+00
1.842999999999999972e+00 0.000000000000000000e+00
1.913999999999999924e+00 0.000000000000000000e+00
1.989000000000000101e+00 0.000000000000000000e+00
2.065999999999999837e+00 0.000000000000000000e+00
2.146999999999999797e+00 0.000000000000000000e+00
2.229999999999999982e+00 0.000000000000000000e+00
2.317000000000000171e+00 0.000000000000000000e+00
2.407000000000000028e+00 0.000000000000000000e+00
2.500999999999999890e+00 0.000000000000000000e+00
2.597999999999999865e+00 0.000000000000000000e+00
2.700000000000000178e+00 0.000000000000000000e+00
2.805000000000000160e+00 0.000000000000000000e+00
2.914000000000000146e+00 0.000000000000000000e+00
3.027000000000000135e+00 0.000000000000000000e+00
3.145000000000000018e+00 0.000000000000000000e+00
3.267999999999999794e+00 0.000000000000000000e+00
3.395000000000000018e+00 0.000000000000000000e+00
3.527000000000000135e+00 0.000000000000000000e+00
3.664000000000000146e+00 0.000000000000000000e+00
3.806999999999999940e+00 0.000000000000000000e+00
3.955000000000000071e+00 0.000000000000000000e+00
4.108999999999999986e+00 0.000000000000000000e+00
4.269000000000000128e+00 0.000000000000000000e+00
4.434999999999999609e+00 0.000000000000000000e+00
4.607999999999999652e+00 0.000000000000000000e+00
4.788000000000000256e+00 0.000000000000000000e+00
4.974000000000000199e+00 0.000000000000000000e+00
5.168000000000000149e+00 0.000000000000000000e+00
5.368999999999999773e+00 0.000000000000000000e+00
5.578000000000000291e+00 0.000000000000000000e+00
5.794999999999999929e+00 0.000000000000000000e+00
6.020999999999999908e+00 0.000000000000000000e+00
6.254999999999999893e+00 0.000000000000000000e+00
6.498999999999999666e+00 0.000000000000000000e+00
6.751999999999999780e+00 0.000000000000000000e+00
7.014000000000000234e+00 0.000000000000000000e+00
7.288000000000000256e+00 0.000000000000000000e+00
7.570999999999999730e+00 0.000000000000000000e+00
7.865999999999999659e+00 0.000000000000000000e+00
8.172000000000000597e+00 0.000000000000000000e+00
8.490000000000000213e+00 0.000000000000000000e+00
8.820999999999999730e+00 0.000000000000000000e+00
9.164999999999999147e+00 0.000000000000000000e+00
9.521000000000000796e+00 0.000000000000000000e+00
9.891999999999999460e+00 0.000000000000000000e+00
1.027999999999999936e+01 0.000000000000000000e+00
1.067999999999999972e+01 0.000000000000000000e+00
1.108999999999999986e+01 0.000000000000000000e+00
1.151999999999999957e+01 0.000000000000000000e+00
1.197000000000000064e+01 0.000000000000000000e+00
1.243999999999999950e+01 0.000000000000000000e+00
1.291999999999999993e+01 0.000000000000000000e+00
1.342999999999999972e+01 0.000000000000000000e+00
1.394999999999999929e+01 0.000000000000000000e+00
1.449000000000000021e+01 0.000000000000000000e+00
1.506000000000000050e+01 0.000000000000000000e+00
1.564000000000000057e+01 0.000000000000000000e+00
1.625000000000000000e+01 0.000000000000000000e+00
1.689000000000000057e+01 0.000000000000000000e+00
1.753999999999999915e+01 0.000000000000000000e+00
1.823000000000000043e+01 0.000000000000000000e+00
1.894000000000000128e+01 0.000000000000000000e+00
1.967000000000000171e+01 0.000000000000000000e+00
2.044000000000000128e+01 0.000000000000000000e+00
2.123000000000000043e+01 0.000000000000000000e+00
2.205999999999999872e+01 0.000000000000000000e+00
2.292000000000000171e+01 0.000000000000000000e+00
2.380999999999999872e+01 0.000000000000000000e+00
2.473999999999999844e+01 0.000000000000000000e+00
2.569999999999999929e+01 0.000000000000000000e+00
2.669999999999999929e+01 2.746999999999999921e-28
2.773999999999999844e+01 8.405999999999999187e-28
2.882000000000000028e+01 2.440999999999999862e-27
2.994999999999999929e+01 6.741000000000000601e-27
3.110999999999999943e+01 1.773000000000000088e-26
3.232000000000000028e+01 1.533000000000000022e-25
3.357999999999999829e+01 4.005000000000000140e-25
3.489000000000000057e+01 1.003999999999999912e-24
3.625000000000000000e+01 2.420000000000000128e-24
3.765999999999999659e+01 5.611000000000000093e-24
3.913000000000000256e+01 1.254000000000000049e-23
4.064999999999999858e+01 2.705999999999999759e-23
4.222999999999999687e+01 5.792999999999999651e-23
4.388000000000000256e+01 1.175999999999999903e-22
4.557999999999999829e+01 2.314000000000000222e-22
4.735999999999999943e+01 4.425999999999999885e-22
4.920000000000000284e+01 8.233000000000000089e-22
5.111999999999999744e+01 1.492000000000000013e-21
5.310999999999999943e+01 2.636999999999999882e-21
5.517999999999999972e+01 4.558000000000000340e-21
5.732000000000000028e+01 7.690000000000000705e-21
5.956000000000000227e+01 1.270000000000000031e-20
6.186999999999999744e+01 2.056000000000000124e-20
6.428000000000000114e+01 3.265999999999999969e-20
6.679000000000000625e+01 5.093000000000000195e-20
6.939000000000000057e+01 7.808999999999999961e-20
7.209000000000000341e+01 1.178000000000000107e-19
7.490000000000000568e+01 1.751000000000000110e-19
7.781000000000000227e+01 2.562999999999999863e-19
8.084000000000000341e+01 3.702000000000000119e-19
8.398999999999999488e+01 5.276999999999999924e-19
8.726000000000000512e+01 7.431000000000000172e-19
9.065999999999999659e+01 1.034000000000000045e-18
9.418999999999999773e+01 1.424000000000000088e-18
9.784999999999999432e+01 1.938999999999999851e-18
1.017000000000000028e+02 2.616000000000000178e-18
1.055999999999999943e+02 3.494000000000000051e-18
1.097000000000000028e+02 4.625999999999999883e-18
1.140000000000000000e+02 6.071000000000000283e-18
1.184000000000000057e+02 7.903000000000000241e-18
1.230999999999999943e+02 1.021000000000000037e-17
1.277999999999999972e+02 1.309000000000000045e-17
1.328000000000000114e+02 1.665999999999999917e-17
1.380000000000000000e+02 2.106000000000000041e-17
1.434000000000000057e+02 2.645000000000000024e-17
1.489000000000000057e+02 3.301999999999999840e-17
1.546999999999999886e+02 4.096999999999999693e-17
1.608000000000000114e+02 5.053999999999999762e-17
1.670000000000000000e+02 6.200999999999999591e-17
1.735000000000000000e+02 7.567000000000000488e-17
1.803000000000000114e+02 9.189000000000000023e-17
1.873000000000000114e+02 1.110000000000000041e-16
1.945999999999999943e+02 1.334999999999999999e-16
2.021999999999999886e+02 1.598999999999999950e-16
2.100999999999999943e+02 1.906000000000000058e-16
2.181999999999999886e+02 2.262999999999999992e-16
2.266999999999999886e+02 2.675000000000000080e-16
2.355999999999999943e+02 3.150999999999999827e-16
2.446999999999999886e+02 3.697000000000000219e-16
2.543000000000000114e+02 4.322999999999999939e-16
2.641999999999999886e+02 5.036999999999999806e-16
2.743999999999999773e+02 5.847999999999999574e-16
2.851000000000000227e+02 6.769000000000000143e-16
2.961999999999999886e+02 7.811000000000000114e-16
3.078000000000000114e+02 8.984999999999999075e-16
3.196999999999999886e+02 1.030999999999999990e-15
3.321999999999999886e+02 1.179000000000000028e-15
3.451000000000000227e+02 1.343999999999999948e-15
3.586000000000000227e+02 1.528999999999999996e-15
3.725000000000000000e+02 1.734999999999999991e-15
3.870000000000000000e+02 1.963999999999999965e-15
4.021000000000000227e+02 2.218000000000000148e-15
4.178000000000000114e+02 2.499000000000000178e-15
4.340000000000000000e+02 2.807999999999999874e-15
4.508999999999999773e+02 3.149999999999999910e-15
4.685000000000000000e+02 3.524999999999999889e-15
4.866999999999999886e+02 3.936999999999999879e-15
5.056999999999999886e+02 4.388000000000000305e-15
5.252999999999999545e+02 4.882000000000000049e-15
5.457999999999999545e+02 5.421000000000000327e-15
5.671000000000000227e+02 6.007999999999999807e-15
5.891000000000000227e+02 6.647000000000000133e-15
6.121000000000000227e+02 7.341999999999999790e-15
6.358999999999999773e+02 8.096000000000000604e-15
6.607000000000000455e+02 8.912999999999999483e-15
6.863999999999999773e+02 9.797000000000000437e-15
7.131000000000000227e+02 1.074999999999999995e-14
7.408999999999999773e+02 1.177999999999999972e-14
7.697000000000000455e+02 1.288999999999999922e-14
7.997000000000000455e+02 1.408999999999999979e-14
8.307999999999999545e+02 1.536999999999999850e-14
8.632000000000000455e+02 1.675000000000000120e-14
8.967999999999999545e+02 1.822999999999999843e-14
9.317000000000000455e+02 1.982000000000000100e-14
9.680000000000000000e+02 2.151999999999999943e-14
1.006000000000000000e+03 2.333000000000000005e-14
1.045000000000000000e+03 2.526999999999999923e-14
1.085000000000000000e+03 2.734000000000000013e-14
1.128000000000000000e+03 2.953999999999999959e-14
1.172000000000000000e+03 3.187999999999999896e-14
1.217000000000000000e+03 3.438000000000000093e-14
1.265000000000000000e+03 3.702000000000000281e-14
1.314000000000000000e+03 3.982999999999999916e-14
1.365000000000000000e+03 4.281000000000000262e-14
1.418000000000000000e+03 4.596999999999999875e-14
1.473000000000000000e+03 4.930000000000000198e-14
1.531000000000000000e+03 5.283000000000000057e-14
1.590000000000000000e+03 5.655000000000000264e-14
1.652000000000000000e+03 6.047999999999999826e-14
1.717000000000000000e+03 6.461000000000000187e-14
1.783000000000000000e+03 6.896999999999999541e-14
1.853000000000000000e+03 7.353999999999999512e-14
1.925000000000000000e+03 7.833999999999999739e-14
2.000000000000000000e+03 8.337999999999999409e-14
-----------------------


C4 C4F7N Attachment
COMMENT: generated by bolsig_convert.py
-----------------------
1.000000000000000000e+00 5.042999999999999943e-14
1.038999999999999924e+00 5.160000000000000227e-14
1.078999999999999959e+00 5.282000000000000238e-14
1.120999999999999996e+00 5.408000000000000155e-14
1.165000000000000036e+00 5.538999999999999799e-14
1.209999999999999964e+00 5.674999999999999800e-14
1.258000000000000007e+00 5.816000000000000158e-14
1.306999999999999940e+00 5.962000000000000243e-14
1.356999999999999984e+00 6.111999999999999604e-14
1.409999999999999920e+00 6.268000000000000403e-14
1.465000000000000080e+00 6.428999999999999667e-14
1.522000000000000020e+00 6.594999999999999919e-14
1.580999999999999961e+00 6.765999999999999897e-14
1.643000000000000016e+00 6.941000000000000414e-14
1.707000000000000073e+00 7.120999999999999394e-14
1.772999999999999909e+00 7.306000000000000625e-14
1.842999999999999972e+00 7.493000000000000232e-14
1.913999999999999924e+00 7.684999999999999566e-14
1.989000000000000101e+00 7.877000000000000161e-14
2.065999999999999837e+00 8.073000000000000033e-14
2.146999999999999797e+00 8.267999999999999454e-14
2.229999999999999982e+00 8.464000000000000588e-14
2.317000000000000171e+00 8.657000000000000372e-14
2.407000000000000028e+00 8.847000000000000067e-14
2.500999999999999890e+00 9.032000000000000036e-14
2.597999999999999865e+00 9.209999999999999379e-14
2.700000000000000178e+00 9.380000000000000169e-14
2.805000000000000160e+00 9.540999999999999432e-14
2.914000000000000146e+00 9.691000000000000055e-14
3.027000000000000135e+00 9.829000000000000326e-14
3.145000000000000018e+00 9.955000000000000243e-14
3.267999999999999794e+00 1.007000000000000026e-13
3.395000000000000018e+00 1.016999999999999983e-13
3.527000000000000135e+00 1.025000000000000050e-13
3.664000000000000146e+00 1.032000000000000045e-13
3.806999999999999940e+00 1.037999999999999969e-13
3.955000000000000071e+00 1.042999999999999948e-13
4.108999999999999986e+00 1.046000000000000036e-13
4.269000000000000128e+00 1.048999999999999998e-13
4.434999999999999609e+00 1.049999999999999944e-13
4.607999999999999652e+00 1.049999999999999944e-13
4.788000000000000256e+00 1.048999999999999998e-13
4.974000000000000199e+00 1.046999999999999982e-13
5.168000000000000149e+00 1.044000000000000020e-13
5.368999999999999773e+00 1.041000000000000058e-13
5.578000000000000291e+00 1.035999999999999953e-13
5.794999999999999929e+00 1.030999999999999974e-13
6.020999999999999908e+00 1.025000000000000050e-13
6.254999999999999893e+00 1.019000000000000000e-13
6.498999999999999666e+00 1.012000000000000004e-13
6.751999999999999780e+00 1.003999999999999938e-13
7.014000000000000234e+00 9.956999999999999881e-14
7.288000000000000256e+00 9.868999999999999398e-14
7.570999999999999730e+00 9.776999999999999638e-14
7.865999999999999659e+00 9.681000000000000603e-14
8.172000000000000597e+00 9.579000000000000129e-14
8.490000000000000213e+00 9.471999999999999928e-14
8.820999999999999730e+00 9.358000000000000364e-14
9.164999999999999147e+00 9.235999999999999722e-14
9.521000000000000796e+00 9.103000000000000440e-14
9.891999999999999460e+00 8.954000000000000267e-14
1.027999999999999936e+01 8.786999999999999565e-14
1.067999999999999972e+01 8.596999999999999870e-14
1.108999999999999986e+01 8.383999999999999919e-14
1.151999999999999957e+01 8.152000000000000252e-14
1.197000000000000064e+01 7.903000000000000505e-14
1.243999999999999950e+01 7.645000000000000493e-14
1.291999999999999993e+01 7.381000000000000306e-14
1.342999999999999972e+01 7.114000000000000030e-14
1.394999999999999929e+01 6.846999999999999754e-14
1.449000000000000021e+01 6.582000000000000378e-14
1.506000000000000050e+01 6.321000000000000279e-14
1.564000000000000057e+01 6.063000000000000267e-14
1.625000000000000000e+01 5.811999999999999620e-14
1.689000000000000057e+01 5.565999999999999962e-14
1.753999999999999915e+01 5.327000000000000298e-14
1.823000000000000043e+01 5.095000000000000000e-14
1.894000000000000128e+01 4.871000000000000146e-14
1.967000000000000171e+01 4.654000000000000288e-14
2.044000000000000128e+01 4.446999999999999883e-14
2.123000000000000043e+01 4.247000000000000104e-14
2.205999999999999872e+01 4.056999999999999778e-14
2.292000000000000171e+01 3.874000000000000078e-14
2.380999999999999872e+01 3.700000000000000011e-14
2.473999999999999844e+01 3.535000000000000210e-14
2.569999999999999929e+01 3.378000000000000222e-14
2.669999999999999929e+01 3.228000000000000230e-14
2.773999999999999844e+01 3.086999999999999872e-14
2.882000000000000028e+01 2.951999999999999690e-14
2.994999999999999929e+01 2.824999999999999953e-14
3.110999999999999943e+01 2.704000000000000078e-14
3.232000000000000028e+01 2.589000000000000063e-14
3.357999999999999829e+01 2.479000000000000090e-14
3.489000000000000057e+01 2.374999999999999977e-14
3.625000000000000000e+01 2.275999999999999907e-14
3.765999999999999659e+01 2.181000000000000059e-14
3.913000000000000256e+01 2.090000000000000119e-14
4.064999999999999858e+01 2.003000000000000086e-14
4.222999999999999687e+01 1.921000000000000094e-14
4.388000000000000256e+01 1.841000000000000057e-14
4.557999999999999829e+01 1.764999999999999926e-14
4.735999999999999943e+01 1.691999999999999884e-14
4.920000000000000284e+01 1.621999999999999930e-14
5.111999999999999744e+01 1.555000000000000064e-14
5.310999999999999943e+01 1.490999999999999970e-14
5.517999999999999972e+01 1.429000000000000146e-14
5.732000000000000028e+01 1.371000000000000071e-14
5.956000000000000227e+01 1.314999999999999950e-14
6.186999999999999744e+01 1.262000000000000075e-14
6.428000000000000114e+01 1.210999999999999996e-14
6.679000000000000625e+01 1.163000000000000005e-14
6.939000000000000057e+01 1.116999999999999967e-14
7.209000000000000341e+01 1.074000000000000018e-14
7.490000000000000568e+01 1.032000000000000045e-14
7.781000000000000227e+01 9.930999999999999853e-15
8.084000000000000341e+01 9.555999999999999873e-15
8.398999999999999488e+01 9.200999999999999430e-15
8.726000000000000512e+01 8.861999999999999246e-15
9.065999999999999659e+01 8.540000000000000719e-15
9.418999999999999773e+01 8.232999999999999477e-15
9.784999999999999432e+01 7.941000000000000255e-15
1.017000000000000028e+02 7.662000000000000257e-15
1.055999999999999943e+02 7.395999999999999485e-15
1.097000000000000028e+02 7.140999999999999877e-15
1.140000000000000000e+02 6.897999999999999675e-15
1.184000000000000057e+02 6.665000000000000031e-15
1.230999999999999943e+02 6.442000000000000154e-15
1.277999999999999972e+02 6.228000000000000227e-15
1.328000000000000114e+02 6.021999999999999640e-15
1.380000000000000000e+02 5.824999999999999792e-15
1.434000000000000057e+02 5.635000000000000254e-15
1.489000000000000057e+02 5.453000000000000058e-15
1.546999999999999886e+02 5.277000000000000354e-15
1.608000000000000114e+02 5.108000000000000171e-15
1.670000000000000000e+02 4.946000000000000300e-15
1.735000000000000000e+02 4.789000000000000313e-15
1.803000000000000114e+02 4.637000000000000209e-15
1.873000000000000114e+02 4.491999999999999628e-15
1.945999999999999943e+02 4.350000000000000082e-15
2.021999999999999886e+02 4.214000000000000238e-15
2.100999999999999943e+02 4.081999999999999671e-15
2.181999999999999886e+02 3.954999999999999777e-15
2.266999999999999886e+02 3.831999999999999948e-15
2.355999999999999943e+02 3.712000000000000364e-15
2.446999999999999886e+02 3.596999999999999876e-15
2.543000000000000114e+02 3.485000000000000028e-15
2.641999999999999886e+02 3.376999999999999851e-15
2.743999999999999773e+02 3.271999999999999920e-15
2.851000000000000227e+02 3.171000000000000054e-15
2.961999999999999886e+02 3.071999999999999825e-15
3.078000000000000114e+02 2.977000000000000057e-15
3.196999999999999886e+02 2.885000000000000139e-15
3.321999999999999886e+02 2.796000000000000074e-15
3.451000000000000227e+02 2.709000000000000041e-15
3.586000000000000227e+02 2.624999999999999859e-15
3.725000000000000000e+02 2.543000000000000104e-15
3.870000000000000000e+02 2.463999999999999807e-15
4.021000000000000227e+02 2.388000000000000149e-15
4.178000000000000114e+02 2.314000000000000130e-15
4.340000000000000000e+02 2.242000000000000143e-15
4.508999999999999773e+02 2.172000000000000189e-15
4.685000000000000000e+02 2.103999999999999873e-15
4.866999999999999886e+02 2.037999999999999984e-15
5.056999999999999886e+02 1.974000000000000127e-15
5.252999999999999545e+02 1.913000000000000122e-15
5.457999999999999545e+02 1.852999999999999936e-15
5.671000000000000227e+02 1.795000000000000177e-15
5.891000000000000227e+02 1.738000000000000040e-15
6.121000000000000227e+02 1.683999999999999951e-15
6.358999999999999773e+02 1.631000000000000076e-15
6.607000000000000455e+02 1.579000000000000020e-15
6.863999999999999773e+02 1.528999999999999996e-15
7.131000000000000227e+02 1.481000000000000005e-15
7.408999999999999773e+02 1.434000000000000030e-15
7.697000000000000455e+02 1.388000000000000072e-15
7.997000000000000455e+02 1.343999999999999948e-15
8.307999999999999545e+02 1.301000000000000038e-15
8.632000000000000455e+02 1.259999999999999964e-15
8.967999999999999545e+02 1.219000000000000086e-15
9.317000000000000455e+02 1.180000000000000044e-15
9.680000000000000000e+02 1.142000000000000019e-15
1.006000000000000000e+03 1.105000000000000009e-15
1.045000000000000000e+03 1.069000000000000016e-15
1.085000000000000000e+03 1.035000000000000055e-15
1.128000000000000000e+03 1.001000000000000094e-15
1.172000000000000000e+03 9.679999999999999522e-16
1.217000000000000000e+03 9.360999999999999663e-16
1.265000000000000000e+03 9.051999999999999967e-16
1.314000000000000000e+03 8.750999999999999611e-16
1.365000000000000000e+03 8.458999999999999994e-16
1.418000000000000000e+03 8.176000000000000129e-16
1.473000000000000000e+03 7.900000000000000180e-16
1.531000000000000000e+03 7.631999999999999572e-16
1.590000000000000000e+03 7.370999999999999867e-16
1.652000000000000000e+03 7.118000000000000489e-16
1.717000000000000000e+03 6.870999999999999631e-16
1.783000000000000000e+03 6.632000000000000086e-16
1.853000000000000000e+03 6.399000000000000047e-16
1.925000000000000000e+03 6.172999999999999925e-16
2.000000000000000000e+03 5.953000000000000294e-16
-----------------------


C5 CO2 Attachment
COMMENT: generated by bolsig_convert.py
-----------------------
1.000000000000000000e+00 0.000000000000000000e+00
1.038999999999999924e+00 0.000000000000000000e+00
1.078999999999999959e+00 0.000000000000000000e+00
1.120999999999999996e+00 0.000000000000000000e+00
1.165000000000000036e+00 0.000000000000000000e+00
1.209999999999999964e+00 0.000000000000000000e+00
1.258000000000000007e+00 0.000000000000000000e+00
1.306999999999999940e+00 0.000000000000000000e+00
1.356999999999999984e+00 0.000000000000000000e+00
1.409999999999999920e+00 0.000000000000000000e+00
1.465000000000000080e+00 0.000000000000000000e+00
1.522000000000000020e+00 0.000000000000000000e+00
1.580999999999999961e+00 0.000000000000000000e+00
1.643000000000000016e+00 0.000000000000000000e+00
1.707000000000000073e+00 0.000000000000000000e+00
1.772999999999999909e+00 0.000000000000000000e+00
1.842999999999999972e+00 0.000000000000000000e+00
1.913999999999999924e+00 0.000000000000000000e+00
1.989000000000000101e+00 0.000000000000000000e+00
2.065999999999999837e+00 0.000000000000000000e+00
2.146999999999999797e+00 0.000000000000000000e+00
2.229999999999999982e+00 0.000000000000000000e+00
2.317000000000000171e+00 0.000000000000000000e+00
2.407000000000000028e+00 0.000000000000000000e+00
2.500999999999999890e+00 0.000000000000000000e+00
2.597999999999999865e+00 0.000000000000000000e+00
2.700000000000000178e+00 0.000000000000000000e+00
2.805000000000000160e+00 0.000000000000000000e+00
2.914000000000000146e+00 0.000000000000000000e+00
3.027000000000000135e+00 0.000000000000000000e+00
3.145000000000000018e+00 0.000000000000000000e+00
3.267999999999999794e+00 0.000000000000000000e+00
3.395000000000000018e+00 0.000000000000000000e+00
3.527000000000000135e+00 0.000000000000000000e+00
3.664000000000000146e+00 0.000000000000000000e+00
3.806999999999999940e+00 0.000000000000000000e+00
3.955000000000000071e+00 0.000000000000000000e+00
4.108999999999999986e+00 0.000000000000000000e+00
4.269000000000000128e+00 0.000000000000000000e+00
4.434999999999999609e+00 0.000000000000000000e+00
4.607999999999999652e+00 0.000000000000000000e+00
4.788000000000000256e+00 0.000000000000000000e+00
4.974000000000000199e+00 0.000000000000000000e+00
5.168000000000000149e+00 0.000000000000000000e+00
5.368999999999999773e+00 0.000000000000000000e+00
5.578000000000000291e+00 0.000000000000000000e+00
5.794999999999999929e+00 0.000000000000000000e+00
6.020999999999999908e+00 0.000000000000000000e+00
6.254999999999999893e+00 0.000000000000000000e+00
6.498999999999999666e+00 0.000000000000000000e+00
6.751999999999999780e+00 0.000000000000000000e+00
7.014000000000000234e+00 0.000000000000000000e+00
7.288000000000000256e+00 0.000000000000000000e+00
7.570999999999999730e+00 0.000000000000000000e+00
7.865999999999999659e+00 0.000000000000000000e+00
8.172000000000000597e+00 0.000000000000000000e+00
8.490000000000000213e+00 3.001000000000000234e-32
8.820999999999999730e+00 1.261999999999999916e-31
9.164999999999999147e+00 5.077000000000000304e-31
9.521000000000000796e+00 1.947000000000000078e-30
9.891999999999999460e+00 7.087000000000000226e-30
1.027999999999999936e+01 2.423000000000000006e-29
1.067999999999999972e+01 7.753000000000000170e-29
1.108999999999999986e+01 3.305000000000000113e-27
1.151999999999999957e+01 9.857999999999999869e-27
1.197000000000000064e+01 2.736000000000000174e-26
1.243999999999999950e+01 7.112999999999999605e-26
1.291999999999999993e+01 1.746000000000000107e-25
1.342999999999999972e+01 4.072999999999999947e-25
1.394999999999999929e+01 9.285000000000000343e-25
1.449000000000000021e+01 1.995000000000000045e-24
1.506000000000000050e+01 4.134999999999999864e-24
1.564000000000000057e+01 8.340000000000000631e-24
1.625000000000000000e+01 1.630000000000000013e-23
1.689000000000000057e+01 3.080999999999999983e-23
1.753999999999999915e+01 5.688999999999999651e-23
1.823000000000000043e+01 1.020000000000000021e-22
1.894000000000000128e+01 1.785999999999999954e-22
1.967000000000000171e+01 3.056000000000000164e-22
2.044000000000000128e+01 5.125999999999999989e-22
2.123000000000000043e+01 8.396000000000000061e-22
2.205999999999999872e+01 1.347999999999999927e-21
2.292000000000000171e+01 2.124999999999999827e-21
2.380999999999999872e+01 3.282000000000000079e-21
2.473999999999999844e+01 4.976999999999999775e-21
2.569999999999999929e+01 7.415000000000000604e-21
2.669999999999999929e+01 1.087000000000000035e-20
2.773999999999999844e+01 1.567000000000000020e-20
2.882000000000000028e+01 2.222000000000000098e-20
2.994999999999999929e+01 3.102999999999999734e-20
3.110999999999999943e+01 4.268999999999999803e-20
3.232000000000000028e+01 5.792999999999999961e-20
3.357999999999999829e+01 7.744000000000000211e-20
3.489000000000000057e+01 1.020999999999999950e-19
3.625000000000000000e+01 1.328000000000000031e-19
3.765999999999999659e+01 1.705000000000000028e-19
3.913000000000000256e+01 2.160999999999999999e-19
4.064999999999999858e+01 2.704999999999999762e-19
4.222999999999999687e+01 3.344999999999999823e-19
4.388000000000000256e+01 4.088999999999999967e-19
4.557999999999999829e+01 4.941000000000000325e-19
4.735999999999999943e+01 5.906999999999999653e-19
4.920000000000000284e+01 6.986999999999999877e-19
5.111999999999999744e+01 8.181000000000000033e-19
5.310999999999999943e+01 9.489000000000000122e-19
5.517999999999999972e+01 1.091000000000000011e-18
5.732000000000000028e+01 1.243000000000000050e-18
5.956000000000000227e+01 1.404000000000000002e-18
6.186999999999999744e+01 1.575000000000000093e-18
6.428000000000000114e+01 1.752999999999999840e-18
6.679000000000000625e+01 1.938000000000000011e-18
6.939000000000000057e+01 2.128999999999999996e-18
7.209000000000000341e+01 2.324000000000000114e-18
7.490000000000000568e+01 2.523999999999999820e-18
7.781000000000000227e+01 2.725999999999999978e-18
8.084000000000000341e+01 2.929999999999999817e-18
8.398999999999999488e+01 3.134999999999999881e-18
8.726000000000000512e+01 3.339999999999999946e-18
9.065999999999999659e+01 3.543999999999999785e-18
9.418999999999999773e+01 3.747000000000000169e-18
9.784999999999999432e+01 3.946999999999999875e-18
1.017000000000000028e+02 4.143999999999999674e-18
1.055999999999999943e+02 4.338000000000000337e-18
1.097000000000000028e+02 4.528000000000000096e-18
1.140000000000000000e+02 4.713000000000000267e-18
1.184000000000000057e+02 4.893000000000000080e-18
1.230999999999999943e+02 5.068000000000000304e-18
1.277999999999999972e+02 5.236999999999999944e-18
1.328000000000000114e+02 5.399999999999999770e-18
1.380000000000000000e+02 5.556000000000000327e-18
1.434000000000000057e+02 5.706000000000000299e-18
1.489000000000000057e+02 5.849000000000000231e-18
1.546999999999999886e+02 5.983999999999999898e-18
1.608000000000000114e+02 6.112999999999999751e-18
1.670000000000000000e+02 6.234000000000000109e-18
1.735000000000000000e+02 6.347000000000000201e-18
1.803000000000000114e+02 6.453999999999999708e-18
1.873000000000000114e+02 6.552000000000000265e-18
1.945999999999999943e+02 6.643000000000000012e-18
2.021999999999999886e+02 6.726000000000000264e-18
2.100999999999999943e+02 6.801000000000000250e-18
2.181999999999999886e+02 6.869000000000000196e-18
2.266999999999999886e+02 6.930000000000000103e-18
2.355999999999999943e+02 6.983000000000000514e-18
2.446999999999999886e+02 7.029000000000000115e-18
2.543000000000000114e+02 7.067999999999999677e-18
2.641999999999999886e+02 7.100000000000000739e-18
2.743999999999999773e+02 7.125000000000000221e-18
2.851000000000000227e+02 7.142999999999999663e-18
2.961999999999999886e+02 7.154000000000000606e-18
3.078000000000000114e+02 7.159000000000000194e-18
3.196999999999999886e+02 7.157999999999999968e-18
3.321999999999999886e+02 7.150999999999999928e-18
3.451000000000000227e+02 7.138000000000000075e-18
3.586000000000000227e+02 7.120000000000000633e-18
3.725000000000000000e+02 7.095999999999999836e-18
3.870000000000000000e+02 7.067999999999999677e-18
4.021000000000000227e+02 7.033999999999999704e-18
4.178000000000000114e+02 6.996000000000000368e-18
4.340000000000000000e+02 6.952999999999999903e-18
4.508999999999999773e+02 6.904999999999999851e-18
4.685000000000000000e+02 6.853999999999999891e-18
4.866999999999999886e+02 6.798999999999999798e-18
5.056999999999999886e+02 6.740000000000000344e-18
5.252999999999999545e+02 6.676999999999999985e-18
5.457999999999999545e+02 6.610999999999999720e-18
5.671000000000000227e+02 6.542000000000000319e-18
5.891000000000000227e+02 6.470000000000000239e-18
6.121000000000000227e+02 6.395000000000000253e-18
6.358999999999999773e+02 6.317999999999999816e-18
6.607000000000000455e+02 6.237000000000000016e-18
6.863999999999999773e+02 6.154999999999999990e-18
7.131000000000000227e+02 6.070000000000000057e-18
7.408999999999999773e+02 5.982999999999999672e-18
7.697000000000000455e+02 5.893000000000000151e-18
7.997000000000000455e+02 5.802999999999999860e-18
8.307999999999999545e+02 5.709999999999999661e-18
8.632000000000000455e+02 5.614999999999999782e-18
8.967999999999999545e+02 5.519999999999999902e-18
9.317000000000000455e+02 5.422000000000000115e-18
9.680000000000000000e+02 5.324000000000000329e-18
1.006000000000000000e+03 5.224000000000000090e-18
1.045000000000000000e+03 5.123999999999999852e-18
1.085000000000000000e+03 5.023000000000000158e-18
1.128000000000000000e+03 4.920000000000000013e-18
1.172000000000000000e+03 4.818000000000000094e-18
1.217000000000000000e+03 4.713999999999999722e-18
1.265000000000000000e+03 4.611000000000000348e-18
1.314000000000000000e+03 4.506999999999999977e-18
1.365000000000000000e+03 4.403000000000000376e-18
1.418000000000000000e+03 4.297999999999999779e-18
1.473000000000000000e+03 4.194000000000000178e-18
1.531000000000000000e+03 4.089999999999999807e-18
1.590000000000000000e+03 3.986999999999999662e-18
1.652000000000000000e+03 3.883000000000000061e-18
1.717000000000000000e+03 3.779999999999999916e-18
1.783000000000000000e+03 3.677999999999999997e-18
1.853000000000000000e+03 3.577000000000000303e-18
1.925000000000000000e+03 3.475999999999999839e-18
2.000000000000000000e+03 3.375999999999999986e-18
-----------------------


C20 CO2 Ionization 13.80 eV
COMMENT: generated by bolsig_convert.py
-----------------------
1.000000000000000000e+00 0.000000000000000000e+00
1.038999999999999924e+00 0.000000000000000000e+00
1.078999999999999959e+00 0.000000000000000000e+00
1.120999999999999996e+00 0.000000000000000000e+00
1.165000000000000036e+00 0.000000000000000000e+00
1.209999999999999964e+00 0.000000000000000000e+00
1.258000000000000007e+00 0.000000000000000000e+00
1.306999999999999940e+00 0.000000000000000000e+00
1.356999999999999984e+00 0.000000000000000000e+00
1.409999999999999920e+00 0.000000000000000000e+00
1.465000000000000080e+00 0.000000000000000000e+00
1.522000000000000020e+00 0.000000000000000000e+00
1.580999999999999961e+00 0.000000000000000000e+00
1.643000000000000016e+00 0.000000000000000000e+00
1.707000000000000073e+00 0.000000000000000000e+00
1.772999999999999909e+00 0.000000000000000000e+00
1.842999999999999972e+00 0.000000000000000000e+00
1.913999999999999924e+00 0.000000000000000000e+00
1.989000000000000101e+00 0.000000000000000000e+00
2.065999999999999837e+00 0.000000000000000000e+00
2.146999999999999797e+00 0.000000000000000000e+00
2.229999999999999982e+00 0.000000000000000000e+00
2.317000000000000171e+00 0.000000000000000000e+00
2.407000000000000028e+00 0.000000000000000000e+00
2.500999999999999890e+00 0.000000000000000000e+00
2.597999999999999865e+00 0.000000000000000000e+00
2.700000000000000178e+00 0.000000000000000000e+00
2.805000000000000160e+00 0.000000000000000000e+00
2.914000000000000146e+00 0.000000000000000000e+00
3.027000000000000135e+00 0.000000000000000000e+00
3.145000000000000018e+00 0.000000000000000000e+00
3.267999999999999794e+00 0.000000000000000000e+00
3.395000000000000018e+00 0.000000000000000000e+00
3.527000000000000135e+00 0.000000000000000000e+00
3.664000000000000146e+00 0.000000000000000000e+00
3.806999999999999940e+00 0.000000000000000000e+00
3.955000000000000071e+00 0.000000000000000000e+00
4.108999999999999986e+00 0.000000000000000000e+00
4.269000000000000128e+00 0.000000000000000000e+00
4.434999999999999609e+00 0.000000000000000000e+00
4.607999999999999652e+00 0.000000000000000000e+00
4.788000000000000256e+00 0.000000000000000000e+00
4.974000000000000199e+00 0.000000000000000000e+00
5.168000000000000149e+00 0.000000000000000000e+00
5.368999999999999773e+00 0.000000000000000000e+00
5.578000000000000291e+00 0.000000000000000000e+00
5.794999999999999929e+00 0.000000000000000000e+00
6.020999999999999908e+00 0.000000000000000000e+00
6.254999999999999893e+00 0.000000000000000000e+00
6.498999999999999666e+00 0.000000000000000000e+00
6.751999999999999780e+00 0.000000000000000000e+00
7.014000000000000234e+00 0.000000000000000000e+00
7.288000000000000256e+00 0.000000000000000000e+00
7.570999999999999730e+00 0.000000000000000000e+00
7.865999999999999659e+00 0.000000000000000000e+00
8.172000000000000597e+00 0.000000000000000000e+00
8.490000000000000213e+00 0.000000000000000000e+00
8.820999999999999730e+00 0.000000000000000000e+00
9.164999999999999147e+00 0.000000000000000000e+00
9.521000000000000796e+00 0.000000000000000000e+00
9.891999999999999460e+00 0.000000000000000000e+00
1.027999999999999936e+01 0.000000000000000000e+00
1.067999999999999972e+01 0.000000000000000000e+00
1.108999999999999986e+01 0.000000000000000000e+00
1.151999999999999957e+01 0.000000000000000000e+00
1.197000000000000064e+01 0.000000000000000000e+00
1.243999999999999950e+01 0.000000000000000000e+00
1.291999999999999993e+01 0.000000000000000000e+00
1.342999999999999972e+01 0.000000000000000000e+00
1.394999999999999929e+01 0.000000000000000000e+00
1.449000000000000021e+01 0.000000000000000000e+00
1.506000000000000050e+01 0.000000000000000000e+00
1.564000000000000057e+01 0.000000000000000000e+00
1.625000000000000000e+01 0.000000000000000000e+00
1.689000000000000057e+01 0.000000000000000000e+00
1.753999999999999915e+01 0.000000000000000000e+00
1.823000000000000043e+01 0.000000000000000000e+00
1.894000000000000128e+01 0.000000000000000000e+00
1.967000000000000171e+01 0.000000000000000000e+00
2.044000000000000128e+01 0.000000000000000000e+00
2.123000000000000043e+01 0.000000000000000000e+00
2.205999999999999872e+01 0.000000000000000000e+00
2.292000000000000171e+01 0.000000000000000000e+00
2.380999999999999872e+01 0.000000000000000000e+00
2.473999999999999844e+01 0.000000000000000000e+00
2.569999999999999929e+01 0.000000000000000000e+00
2.669999999999999929e+01 1.971999999999999927e-26
2.773999999999999844e+01 5.942999999999999474e-26
2.882000000000000028e+01 1.701000000000000005e-25
2.994999999999999929e+01 4.633999999999999736e-25
3.110999999999999943e+01 1.204000000000000081e-24
3.232000000000000028e+01 3.402999999999999732e-24
3.357999999999999829e+01 8.195999999999999569e-24
3.489000000000000057e+01 1.895000000000000034e-23
3.625000000000000000e+01 4.210999999999999795e-23
3.765999999999999659e+01 9.016999999999999633e-23
3.913000000000000256e+01 1.862000000000000062e-22
4.064999999999999858e+01 3.717000000000000151e-22
4.222999999999999687e+01 7.190999999999999968e-22
4.388000000000000256e+01 1.347000000000000052e-21
4.557999999999999829e+01 2.447999999999999957e-21
4.735999999999999943e+01 4.324999999999999887e-21
4.920000000000000284e+01 7.441000000000000745e-21
5.111999999999999744e+01 1.247999999999999993e-20
5.310999999999999943e+01 2.043000000000000054e-20
5.517999999999999972e+01 3.272000000000000048e-20
5.732000000000000028e+01 5.123999999999999900e-20
5.956000000000000227e+01 7.861999999999999554e-20
6.186999999999999744e+01 1.183000000000000032e-19
6.428000000000000114e+01 1.749000000000000044e-19
6.679000000000000625e+01 2.541000000000000096e-19
6.939000000000000057e+01 3.633000000000000236e-19
7.209000000000000341e+01 5.117000000000000390e-19
7.490000000000000568e+01 7.103999999999999909e-19
7.781000000000000227e+01 9.729999999999999456e-19
8.084000000000000341e+01 1.315999999999999969e-18
8.398999999999999488e+01 1.757999999999999813e-18
8.726000000000000512e+01 2.322999999999999888e-18
9.065999999999999659e+01 3.037999999999999935e-18
9.418999999999999773e+01 3.931000000000000114e-18
9.784999999999999432e+01 5.041000000000000371e-18
1.017000000000000028e+02 6.405000000000000200e-18
1.055999999999999943e+02 8.070999999999999655e-18
1.097000000000000028e+02 1.008999999999999947e-17
1.140000000000000000e+02 1.251000000000000046e-17
1.184000000000000057e+02 1.541000000000000043e-17
1.230999999999999943e+02 1.885000000000000062e-17
1.277999999999999972e+02 2.290999999999999904e-17
1.328000000000000114e+02 2.768000000000000062e-17
1.380000000000000000e+02 3.323999999999999877e-17
1.434000000000000057e+02 3.971000000000000209e-17
1.489000000000000057e+02 4.717999999999999701e-17
1.546999999999999886e+02 5.578000000000000364e-17
1.608000000000000114e+02 6.563000000000000592e-17
1.670000000000000000e+02 7.687000000000000466e-17
1.735000000000000000e+02 8.964999999999999983e-17
1.803000000000000114e+02 1.041000000000000054e-16
1.873000000000000114e+02 1.205000000000000105e-16
1.945999999999999943e+02 1.388999999999999989e-16
2.021999999999999886e+02 1.595000000000000033e-16
2.100999999999999943e+02 1.825999999999999990e-16
2.181999999999999886e+02 2.083000000000000025e-16
2.266999999999999886e+02 2.370000000000000054e-16
2.355999999999999943e+02 2.687000000000000077e-16
2.446999999999999886e+02 3.039000000000000177e-16
2.543000000000000114e+02 3.426999999999999776e-16
2.641999999999999886e+02 3.855000000000000025e-16
2.743999999999999773e+02 4.326000000000000185e-16
2.851000000000000227e+02 4.841999999999999596e-16
2.961999999999999886e+02 5.408000000000000313e-16
3.078000000000000114e+02 6.025999999999999705e-16
3.196999999999999886e+02 6.700999999999999827e-16
3.321999999999999886e+02 7.435999999999999937e-16
3.451000000000000227e+02 8.236000000000000118e-16
3.586000000000000227e+02 9.103999999999999628e-16
3.725000000000000000e+02 1.004999999999999962e-15
3.870000000000000000e+02 1.107000000000000041e-15
4.021000000000000227e+02 1.217000000000000054e-15
4.178000000000000114e+02 1.336000000000000015e-15
4.340000000000000000e+02 1.464999999999999942e-15
4.508999999999999773e+02 1.603000000000000015e-15
4.685000000000000000e+02 1.752000000000000070e-15
4.866999999999999886e+02 1.911999999999999909e-15
5.056999999999999886e+02 2.083999999999999943e-15
5.252999999999999545e+02 2.268999999999999991e-15
5.457999999999999545e+02 2.465999999999999839e-15
5.671000000000000227e+02 2.678000000000000128e-15
5.891000000000000227e+02 2.903999999999999856e-15
6.121000000000000227e+02 3.145999999999999845e-15
6.358999999999999773e+02 3.404000000000000093e-15
6.607000000000000455e+02 3.679999999999999844e-15
6.863999999999999773e+02 3.972999999999999675e-15
7.131000000000000227e+02 4.285000000000000012e-15
7.408999999999999773e+02 4.617999999999999703e-15
7.697000000000000455e+02 4.970999999999999720e-15
7.997000000000000455e+02 5.347000000000000308e-15
8.307999999999999545e+02 5.745000000000000070e-15
8.632000000000000455e+02 6.168000000000000041e-15
8.967999999999999545e+02 6.617000000000000040e-15
9.317000000000000455e+02 7.092000000000000067e-15
9.680000000000000000e+02 7.595999999999999579e-15
1.006000000000000000e+03 8.127999999999999546e-15
1.045000000000000000e+03 8.692000000000000033e-15
1.085000000000000000e+03 9.287999999999999463e-15
1.128000000000000000e+03 9.916999999999999231e-15
1.172000000000000000e+03 1.058000000000000074e-14
1.217000000000000000e+03 1.128000000000000028e-14
1.265000000000000000e+03 1.202000000000000047e-14
1.314000000000000000e+03 1.279999999999999973e-14
1.365000000000000000e+03 1.361999999999999965e-14
1.418000000000000000e+03 1.448999999999999998e-14
1.473000000000000000e+03 1.539999999999999938e-14
1.531000000000000000e+03 1.635999999999999920e-14
1.590000000000000000e+03 1.736000000000000125e-14
1.652000000000000000e+03 1.841999999999999876e-14
1.717000000000000000e+03 1.952999999999999983e-14
1.783000000000000000e+03 2.069000000000000133e-14
1.853000000000000000e+03 2.191000000000000143e-14
1.925000000000000000e+03 2.319000000000000014e-14
2.000000000000000000e+03 2.453000000000000062e-14
-----------------------
