

Mean energy (eV)
COMMENT: generated by bolsig_convert.py
-----------------------
1.000000000000000000e+00 1.552000000000000081e-02
1.038999999999999924e+00 1.598000000000000115e-02
1.078999999999999959e+00 1.646999999999999853e-02
1.120999999999999996e+00 1.697999999999999857e-02
1.165000000000000036e+00 1.754000000000000004e-02
1.209999999999999964e+00 1.813000000000000028e-02
1.258000000000000007e+00 1.876999999999999849e-02
1.306999999999999940e+00 1.946000000000000160e-02
1.356999999999999984e+00 2.020999999999999880e-02
1.409999999999999920e+00 2.103000000000000008e-02
1.465000000000000080e+00 2.194000000000000117e-02
1.522000000000000020e+00 2.293999999999999859e-02
1.580999999999999961e+00 2.406000000000000152e-02
1.643000000000000016e+00 2.530999999999999917e-02
1.707000000000000073e+00 2.673999999999999988e-02
1.772999999999999909e+00 2.838999999999999857e-02
1.842999999999999972e+00 3.029000000000000095e-02
1.913999999999999924e+00 3.253000000000000336e-02
1.989000000000000101e+00 3.518999999999999906e-02
2.065999999999999837e+00 3.839000000000000051e-02
2.146999999999999797e+00 4.227000000000000202e-02
2.229999999999999982e+00 4.696999999999999786e-02
2.317000000000000171e+00 5.256000000000000255e-02
2.407000000000000028e+00 5.883000000000000035e-02
2.500999999999999890e+00 6.525999999999999857e-02
2.597999999999999865e+00 7.116999999999999715e-02
2.700000000000000178e+00 7.617999999999999772e-02
2.805000000000000160e+00 8.026999999999999413e-02
2.914000000000000146e+00 8.361000000000000376e-02
3.027000000000000135e+00 8.644999999999999907e-02
3.145000000000000018e+00 8.890000000000000679e-02
3.267999999999999794e+00 9.107999999999999430e-02
3.395000000000000018e+00 9.306000000000000383e-02
3.527000000000000135e+00 9.492000000000000437e-02
3.664000000000000146e+00 9.667000000000000592e-02
3.806999999999999940e+00 9.836000000000000298e-02
3.955000000000000071e+00 1.000000000000000056e-01
4.108999999999999986e+00 1.015999999999999959e-01
4.269000000000000128e+00 1.014000000000000012e+00
4.434999999999999609e+00 1.030000000000000027e+00
4.607999999999999652e+00 1.044999999999999929e+00
4.788000000000000256e+00 1.060000000000000053e+00
4.974000000000000199e+00 1.076000000000000068e+00
5.168000000000000149e+00 1.090999999999999970e+00
5.368999999999999773e+00 1.106999999999999984e+00
5.578000000000000291e+00 1.122000000000000108e+00
5.794999999999999929e+00 1.137999999999999901e+00
6.020999999999999908e+00 1.153000000000000025e+00
6.254999999999999893e+00 1.169000000000000039e+00
6.498999999999999666e+00 1.185000000000000053e+00
6.751999999999999780e+00 1.201000000000000068e+00
7.014000000000000234e+00 1.217000000000000082e+00
7.288000000000000256e+00 1.233000000000000096e+00
7.570999999999999730e+00 1.249000000000000110e+00
7.865999999999999659e+00 1.264999999999999902e+00
8.172000000000000597e+00 1.282000000000000028e+00
8.490000000000000213e+00 1.298000000000000043e+00
8.820999999999999730e+00 1.314000000000000057e+00
9.164999999999999147e+00 1.330999999999999961e+00
9.521000000000000796e+00 1.346999999999999975e+00
9.891999999999999460e+00 1.364000000000000101e+00
1.027999999999999936e+01 1.381000000000000005e+00
1.067999999999999972e+01 1.397000000000000020e+00
1.108999999999999986e+01 1.413999999999999924e+00
1.151999999999999957e+01 1.429999999999999938e+00
1.197000000000000064e+01 1.447000000000000064e+00
1.243999999999999950e+01 1.463000000000000078e+00
1.291999999999999993e+01 1.479999999999999982e+00
1.342999999999999972e+01 1.495999999999999996e+00
1.394999999999999929e+01 1.512000000000000011e+00
1.449000000000000021e+01 1.528000000000000025e+00
1.506000000000000050e+01 1.544000000000000039e+00
1.564000000000000057e+01 1.560000000000000053e+00
1.625000000000000000e+01 1.574999999999999956e+00
1.689000000000000057e+01 1.590999999999999970e+00
1.753999999999999915e+01 1.606000000000000094e+00
1.823000000000000043e+01 1.620999999999999996e+00
1.894000000000000128e+01 1.635999999999999899e+00
1.967000000000000171e+01 1.651000000000000023e+00
2.044000000000000128e+01 1.665999999999999925e+00
2.123000000000000043e+01 1.681000000000000050e+00
2.205999999999999872e+01 1.695999999999999952e+00
2.292000000000000171e+01 1.711999999999999966e+00
2.380999999999999872e+01 1.727000000000000091e+00
2.473999999999999844e+01 1.743999999999999995e+00
2.569999999999999929e+01 1.760999999999999899e+00
2.669999999999999929e+01 1.780000000000000027e+00
2.773999999999999844e+01 1.800999999999999934e+00
2.882000000000000028e+01 1.822999999999999954e+00
2.994999999999999929e+01 1.848999999999999977e+00
3.110999999999999943e+01 1.877000000000000002e+00
3.232000000000000028e+01 1.907999999999999918e+00
3.357999999999999829e+01 1.943000000000000060e+00
3.489000000000000057e+01 1.981999999999999984e+00
3.625000000000000000e+01 2.024000000000000021e+00
3.765999999999999659e+01 2.071000000000000174e+00
3.913000000000000256e+01 2.120999999999999996e+00
4.064999999999999858e+01 2.174999999999999822e+00
4.222999999999999687e+01 2.230999999999999872e+00
4.388000000000000256e+01 2.290999999999999925e+00
4.557999999999999829e+01 2.354000000000000092e+00
4.735999999999999943e+01 2.419000000000000039e+00
4.920000000000000284e+01 2.486000000000000210e+00
5.111999999999999744e+01 2.555000000000000160e+00
5.310999999999999943e+01 2.625000000000000000e+00
5.517999999999999972e+01 2.697000000000000064e+00
5.732000000000000028e+01 2.770000000000000018e+00
5.956000000000000227e+01 2.842999999999999972e+00
6.186999999999999744e+01 2.918000000000000149e+00
6.428000000000000114e+01 2.992999999999999883e+00
6.679000000000000625e+01 3.068999999999999950e+00
6.939000000000000057e+01 3.145000000000000018e+00
7.209000000000000341e+01 3.221999999999999975e+00
7.490000000000000568e+01 3.298999999999999932e+00
7.781000000000000227e+01 3.376999999999999780e+00
8.084000000000000341e+01 3.455999999999999961e+00
8.398999999999999488e+01 3.536000000000000032e+00
8.726000000000000512e+01 3.616000000000000103e+00
9.065999999999999659e+01 3.697000000000000064e+00
9.418999999999999773e+01 3.778000000000000025e+00
9.784999999999999432e+01 3.861000000000000210e+00
1.017000000000000028e+02 3.943999999999999950e+00
1.055999999999999943e+02 4.027999999999999581e+00
1.097000000000000028e+02 4.113000000000000433e+00
1.140000000000000000e+02 4.200000000000000178e+00
1.184000000000000057e+02 4.286999999999999922e+00
1.230999999999999943e+02 4.375000000000000000e+00
1.277999999999999972e+02 4.464999999999999858e+00
1.328000000000000114e+02 4.556000000000000050e+00
1.380000000000000000e+02 4.647999999999999687e+00
1.434000000000000057e+02 4.740999999999999659e+00
1.489000000000000057e+02 4.834999999999999964e+00
1.546999999999999886e+02 4.931000000000000050e+00
1.608000000000000114e+02 5.027999999999999581e+00
1.670000000000000000e+02 5.126000000000000334e+00
1.735000000000000000e+02 5.225999999999999979e+00
1.803000000000000114e+02 5.326999999999999957e+00
1.873000000000000114e+02 5.429000000000000270e+00
1.945999999999999943e+02 5.533000000000000362e+00
2.021999999999999886e+02 5.637999999999999901e+00
2.100999999999999943e+02 5.743999999999999773e+00
2.181999999999999886e+02 5.852999999999999758e+00
2.266999999999999886e+02 5.961999999999999744e+00
2.355999999999999943e+02 6.073000000000000398e+00
2.446999999999999886e+02 6.185999999999999943e+00
2.543000000000000114e+02 6.299999999999999822e+00
2.641999999999999886e+02 6.415000000000000036e+00
2.743999999999999773e+02 6.533000000000000362e+00
2.851000000000000227e+02 6.652000000000000135e+00
2.961999999999999886e+02 6.772000000000000242e+00
3.078000000000000114e+02 6.894000000000000128e+00
3.196999999999999886e+02 7.017999999999999794e+00
3.321999999999999886e+02 7.144000000000000128e+00
3.451000000000000227e+02 7.272000000000000242e+00
3.586000000000000227e+02 7.400999999999999801e+00
3.725000000000000000e+02 7.532000000000000028e+00
3.870000000000000000e+02 7.666000000000000369e+00
4.021000000000000227e+02 7.801000000000000156e+00
4.178000000000000114e+02 7.939000000000000057e+00
4.340000000000000000e+02 8.079000000000000625e+00
4.508999999999999773e+02 8.221000000000000085e+00
4.685000000000000000e+02 8.365000000000000213e+00
4.866999999999999886e+02 8.512000000000000455e+00
5.056999999999999886e+02 8.662000000000000810e+00
5.252999999999999545e+02 8.814000000000000057e+00
5.457999999999999545e+02 8.970000000000000639e+00
5.671000000000000227e+02 9.128000000000000114e+00
5.891000000000000227e+02 9.288999999999999702e+00
6.121000000000000227e+02 9.452999999999999403e+00
6.358999999999999773e+02 9.621000000000000441e+00
6.607000000000000455e+02 9.792999999999999261e+00
6.863999999999999773e+02 9.967999999999999972e+00
7.131000000000000227e+02 1.015000000000000036e+01
7.408999999999999773e+02 1.033000000000000007e+01
7.697000000000000455e+02 1.051999999999999957e+01
7.997000000000000455e+02 1.071000000000000085e+01
8.307999999999999545e+02 1.091000000000000014e+01
8.632000000000000455e+02 1.110999999999999943e+01
8.967999999999999545e+02 1.131000000000000050e+01
9.317000000000000455e+02 1.152999999999999936e+01
9.680000000000000000e+02 1.175000000000000000e+01
1.006000000000000000e+03 1.197000000000000064e+01
1.045000000000000000e+03 1.219999999999999929e+01
1.085000000000000000e+03 1.243999999999999950e+01
1.128000000000000000e+03 1.267999999999999972e+01
1.172000000000000000e+03 1.293999999999999950e+01
1.217000000000000000e+03 1.319999999999999929e+01
1.265000000000000000e+03 1.346000000000000085e+01
1.314000000000000000e+03 1.374000000000000021e+01
1.365000000000000000e+03 1.402999999999999936e+01
1.418000000000000000e+03 1.432000000000000028e+01
1.473000000000000000e+03 1.463000000000000078e+01
1.531000000000000000e+03 1.494999999999999929e+01
1.590000000000000000e+03 1.527999999999999936e+01
1.652000000000000000e+03 1.561999999999999922e+01
1.717000000000000000e+03 1.597000000000000064e+01
1.783000000000000000e+03 1.633999999999999986e+01
1.853000000000000000e+03 1.671999999999999886e+01
1.925000000000000000e+03 1.712000000000000099e+01
2.000000000000000000e+03 1.753000000000000114e+01
-----------------------


Mobility *N (1/m/V/s)
COMMENT: generated by bolsig_convert.py
-----------------------
1.000000000000000000e+00 2.053999999999999870e+24
1.038999999999999924e+00 2.050000000000000046e+24
1.078999999999999959e+00 2.045999999999999954e+24
1.120999999999999996e+00 2.042999999999999885e+24
1.165000000000000036e+00 2.040000000000000084e+24
1.209999999999999964e+00 2.038000000000000038e+24
1.258000000000000007e+00 2.035999999999999992e+24
1.306999999999999940e+00 2.034999999999999969e+24
1.356999999999999984e+00 2.033999999999999945e+24
1.409999999999999920e+00 2.032999999999999922e+24
1.465000000000000080e+00 2.032999999999999922e+24
1.522000000000000020e+00 2.033999999999999945e+24
1.580999999999999961e+00 2.034999999999999969e+24
1.643000000000000016e+00 2.035999999999999992e+24
1.707000000000000073e+00 2.039000000000000061e+24
1.772999999999999909e+00 2.042000000000000130e+24
1.842999999999999972e+00 2.046999999999999977e+24
1.913999999999999924e+00 2.052000000000000092e+24
1.989000000000000101e+00 2.060000000000000008e+24
2.065999999999999837e+00 2.069999999999999971e+24
2.146999999999999797e+00 2.081999999999999979e+24
2.229999999999999982e+00 2.099000000000000103e+24
2.317000000000000171e+00 2.118000000000000004e+24
2.407000000000000028e+00 2.140999999999999998e+24
2.500999999999999890e+00 2.166000000000000038e+24
2.597999999999999865e+00 2.188000000000000008e+24
2.700000000000000178e+00 2.207999999999999933e+24
2.805000000000000160e+00 2.224000000000000034e+24
2.914000000000000146e+00 2.237000000000000065e+24
3.027000000000000135e+00 2.248000000000000050e+24
3.145000000000000018e+00 2.259000000000000036e+24
3.267999999999999794e+00 2.267999999999999975e+24
3.395000000000000018e+00 2.275999999999999891e+24
3.527000000000000135e+00 2.284000000000000075e+24
3.664000000000000146e+00 2.291999999999999992e+24
3.806999999999999940e+00 2.298999999999999885e+24
3.955000000000000071e+00 2.307000000000000069e+24
4.108999999999999986e+00 2.313999999999999962e+24
4.269000000000000128e+00 3.044999999999999914e+24
4.434999999999999609e+00 3.026000000000000013e+24
4.607999999999999652e+00 3.006000000000000088e+24
4.788000000000000256e+00 2.984000000000000117e+24
4.974000000000000199e+00 2.961000000000000124e+24
5.168000000000000149e+00 2.937000000000000107e+24
5.368999999999999773e+00 2.912000000000000067e+24
5.578000000000000291e+00 2.884999999999999981e+24
5.794999999999999929e+00 2.857999999999999895e+24
6.020999999999999908e+00 2.828999999999999763e+24
6.254999999999999893e+00 2.800000000000000168e+24
6.498999999999999666e+00 2.768999999999999990e+24
6.751999999999999780e+00 2.737999999999999811e+24
7.014000000000000234e+00 2.705000000000000124e+24
7.288000000000000256e+00 2.671999999999999899e+24
7.570999999999999730e+00 2.638000000000000189e+24
7.865999999999999659e+00 2.602999999999999918e+24
8.172000000000000597e+00 2.568000000000000185e+24
8.490000000000000213e+00 2.531999999999999891e+24
8.820999999999999730e+00 2.495000000000000111e+24
9.164999999999999147e+00 2.457999999999999794e+24
9.521000000000000796e+00 2.421000000000000015e+24
9.891999999999999460e+00 2.382999999999999943e+24
1.027999999999999936e+01 2.344999999999999872e+24
1.067999999999999972e+01 2.307000000000000069e+24
1.108999999999999986e+01 2.267999999999999975e+24
1.151999999999999957e+01 2.229999999999999904e+24
1.197000000000000064e+01 2.191000000000000078e+24
1.243999999999999950e+01 2.153000000000000006e+24
1.291999999999999993e+01 2.114999999999999935e+24
1.342999999999999972e+01 2.077000000000000132e+24
1.394999999999999929e+01 2.039000000000000061e+24
1.449000000000000021e+01 2.002000000000000013e+24
1.506000000000000050e+01 1.964999999999999964e+24
1.564000000000000057e+01 1.928999999999999939e+24
1.625000000000000000e+01 1.893999999999999937e+24
1.689000000000000057e+01 1.858999999999999935e+24
1.753999999999999915e+01 1.823999999999999933e+24
1.823000000000000043e+01 1.790999999999999977e+24
1.894000000000000128e+01 1.758000000000000021e+24
1.967000000000000171e+01 1.726000000000000088e+24
2.044000000000000128e+01 1.694999999999999910e+24
2.123000000000000043e+01 1.664000000000000000e+24
2.205999999999999872e+01 1.634999999999999868e+24
2.292000000000000171e+01 1.606000000000000004e+24
2.380999999999999872e+01 1.577999999999999895e+24
2.473999999999999844e+01 1.551000000000000078e+24
2.569999999999999929e+01 1.523999999999999992e+24
2.669999999999999929e+01 1.497999999999999929e+24
2.773999999999999844e+01 1.472000000000000134e+24
2.882000000000000028e+01 1.447000000000000094e+24
2.994999999999999929e+01 1.422000000000000055e+24
3.110999999999999943e+01 1.397000000000000015e+24
3.232000000000000028e+01 1.372999999999999998e+24
3.357999999999999829e+01 1.348999999999999981e+24
3.489000000000000057e+01 1.324999999999999964e+24
3.625000000000000000e+01 1.301999999999999971e+24
3.765999999999999659e+01 1.278999999999999977e+24
3.913000000000000256e+01 1.255999999999999983e+24
4.064999999999999858e+01 1.235000000000000036e+24
4.222999999999999687e+01 1.214000000000000088e+24
4.388000000000000256e+01 1.193000000000000006e+24
4.557999999999999829e+01 1.173999999999999971e+24
4.735999999999999943e+01 1.154999999999999935e+24
4.920000000000000284e+01 1.137000000000000057e+24
5.111999999999999744e+01 1.120000000000000067e+24
5.310999999999999943e+01 1.102999999999999943e+24
5.517999999999999972e+01 1.088000000000000000e+24
5.732000000000000028e+01 1.073000000000000057e+24
5.956000000000000227e+01 1.057999999999999979e+24
6.186999999999999744e+01 1.044000000000000059e+24
6.428000000000000114e+01 1.031000000000000027e+24
6.679000000000000625e+01 1.017999999999999996e+24
6.939000000000000057e+01 1.005999999999999987e+24
7.209000000000000341e+01 9.934999999999999675e+23
7.490000000000000568e+01 9.816999999999999906e+23
7.781000000000000227e+01 9.701000000000000451e+23
8.084000000000000341e+01 9.587999999999999455e+23
8.398999999999999488e+01 9.476000000000000629e+23
8.726000000000000512e+01 9.367000000000000262e+23
9.065999999999999659e+01 9.257999999999999895e+23
9.418999999999999773e+01 9.150999999999999843e+23
9.784999999999999432e+01 9.043999999999999790e+23
1.017000000000000028e+02 8.938000000000000566e+23
1.055999999999999943e+02 8.832999999999999486e+23
1.097000000000000028e+02 8.727999999999999748e+23
1.140000000000000000e+02 8.623999999999999497e+23
1.184000000000000057e+02 8.520000000000000587e+23
1.230999999999999943e+02 8.416999999999999822e+23
1.277999999999999972e+02 8.314000000000000398e+23
1.328000000000000114e+02 8.210999999999999633e+23
1.380000000000000000e+02 8.108000000000000210e+23
1.434000000000000057e+02 8.006000000000000273e+23
1.489000000000000057e+02 7.904999999999999822e+23
1.546999999999999886e+02 7.802999999999999885e+23
1.608000000000000114e+02 7.701999999999999434e+23
1.670000000000000000e+02 7.601999999999999811e+23
1.735000000000000000e+02 7.502000000000000189e+23
1.803000000000000114e+02 7.403000000000000052e+23
1.873000000000000114e+02 7.303999999999999916e+23
1.945999999999999943e+02 7.206000000000000608e+23
2.021999999999999886e+02 7.108999999999999444e+23
2.100999999999999943e+02 7.013000000000000451e+23
2.181999999999999886e+02 6.917000000000000115e+23
2.266999999999999886e+02 6.822000000000000608e+23
2.355999999999999943e+02 6.728000000000000587e+23
2.446999999999999886e+02 6.635000000000000052e+23
2.543000000000000114e+02 6.543000000000000346e+23
2.641999999999999886e+02 6.452999999999999612e+23
2.743999999999999773e+02 6.363000000000000220e+23
2.851000000000000227e+02 6.274000000000000315e+23
2.961999999999999886e+02 6.185999999999999895e+23
3.078000000000000114e+02 6.099000000000000304e+23
3.196999999999999886e+02 6.013999999999999685e+23
3.321999999999999886e+02 5.928999999999999738e+23
3.451000000000000227e+02 5.846000000000000105e+23
3.586000000000000227e+02 5.763999999999999958e+23
3.725000000000000000e+02 5.682999999999999969e+23
3.870000000000000000e+02 5.604000000000000294e+23
4.021000000000000227e+02 5.524999999999999948e+23
4.178000000000000114e+02 5.447999999999999916e+23
4.340000000000000000e+02 5.372000000000000042e+23
4.508999999999999773e+02 5.297000000000000325e+23
4.685000000000000000e+02 5.223000000000000094e+23
4.866999999999999886e+02 5.150000000000000021e+23
5.056999999999999886e+02 5.079000000000000262e+23
5.252999999999999545e+02 5.007999999999999832e+23
5.457999999999999545e+02 4.938999999999999717e+23
5.671000000000000227e+02 4.870000000000000273e+23
5.891000000000000227e+02 4.802999999999999801e+23
6.121000000000000227e+02 4.736000000000000000e+23
6.358999999999999773e+02 4.670999999999999843e+23
6.607000000000000455e+02 4.606999999999999843e+23
6.863999999999999773e+02 4.544000000000000000e+23
7.131000000000000227e+02 4.481000000000000157e+23
7.408999999999999773e+02 4.419999999999999958e+23
7.697000000000000455e+02 4.358999999999999759e+23
7.997000000000000455e+02 4.298999999999999717e+23
8.307999999999999545e+02 4.240999999999999990e+23
8.632000000000000455e+02 4.183000000000000262e+23
8.967999999999999545e+02 4.124999999999999864e+23
9.317000000000000455e+02 4.068999999999999780e+23
9.680000000000000000e+02 4.013999999999999853e+23
1.006000000000000000e+03 3.958999999999999927e+23
1.045000000000000000e+03 3.905000000000000157e+23
1.085000000000000000e+03 3.850999999999999717e+23
1.128000000000000000e+03 3.799000000000000262e+23
1.172000000000000000e+03 3.747000000000000136e+23
1.217000000000000000e+03 3.696000000000000168e+23
1.265000000000000000e+03 3.645000000000000199e+23
1.314000000000000000e+03 3.594999999999999717e+23
1.365000000000000000e+03 3.546000000000000063e+23
1.418000000000000000e+03 3.497999999999999895e+23
1.473000000000000000e+03 3.449999999999999727e+23
1.531000000000000000e+03 3.402999999999999717e+23
1.590000000000000000e+03 3.355999999999999706e+23
1.652000000000000000e+03 3.309999999999999853e+23
1.717000000000000000e+03 3.265000000000000157e+23
1.783000000000000000e+03 3.219999999999999790e+23
1.853000000000000000e+03 3.175000000000000094e+23
1.925000000000000000e+03 3.132000000000000042e+23
2.000000000000000000e+03 3.088999999999999990e+23
-----------------------


Diffusion coefficient *N (1/m/s)
COMMENT: generated by bolsig_convert.py
-----------------------
1.000000000000000000e+00 2.051000000000000052e+22
1.038999999999999924e+00 2.113000000000000157e+22
1.078999999999999959e+00 2.179000000000000052e+22
1.120999999999999996e+00 2.249999999999999895e+22
1.165000000000000036e+00 2.324999999999999948e+22
1.209999999999999964e+00 2.406999999999999843e+22
1.258000000000000007e+00 2.494000000000000105e+22
1.306999999999999940e+00 2.588999999999999948e+22
1.356999999999999984e+00 2.691999999999999790e+22
1.409999999999999920e+00 2.804999999999999948e+22
1.465000000000000080e+00 2.929999999999999895e+22
1.522000000000000020e+00 3.068999999999999948e+22
1.580999999999999961e+00 3.224000000000000000e+22
1.643000000000000016e+00 3.398000000000000105e+22
1.707000000000000073e+00 3.596999999999999948e+22
1.772999999999999909e+00 3.825000000000000157e+22
1.842999999999999972e+00 4.091000000000000052e+22
1.913999999999999924e+00 4.402999999999999633e+22
1.989000000000000101e+00 4.775999999999999581e+22
2.065999999999999837e+00 5.223999999999999581e+22
2.146999999999999797e+00 5.768999999999999738e+22
2.229999999999999982e+00 6.430999999999999843e+22
2.317000000000000171e+00 7.218000000000000315e+22
2.407000000000000028e+00 8.104999999999999738e+22
2.500999999999999890e+00 9.017000000000000577e+22
2.597999999999999865e+00 9.861000000000000786e+22
2.700000000000000178e+00 1.057999999999999979e+23
2.805000000000000160e+00 1.117000000000000031e+23
2.914000000000000146e+00 1.166000000000000021e+23
3.027000000000000135e+00 1.209000000000000073e+23
3.145000000000000018e+00 1.246000000000000021e+23
3.267999999999999794e+00 1.279000000000000010e+23
3.395000000000000018e+00 1.310000000000000021e+23
3.527000000000000135e+00 1.339000000000000052e+23
3.664000000000000146e+00 1.366999999999999927e+23
3.806999999999999940e+00 1.394999999999999969e+23
3.955000000000000071e+00 1.422000000000000021e+23
4.108999999999999986e+00 1.449000000000000073e+23
4.269000000000000128e+00 2.306000000000000046e+24
4.434999999999999609e+00 2.333999999999999887e+24
4.607999999999999652e+00 2.360999999999999973e+24
4.788000000000000256e+00 2.387000000000000036e+24
4.974000000000000199e+00 2.412000000000000075e+24
5.168000000000000149e+00 2.436999999999999847e+24
5.368999999999999773e+00 2.461999999999999887e+24
5.578000000000000291e+00 2.484999999999999880e+24
5.794999999999999929e+00 2.508999999999999897e+24
6.020999999999999908e+00 2.530999999999999868e+24
6.254999999999999893e+00 2.553999999999999862e+24
6.498999999999999666e+00 2.574999999999999809e+24
6.751999999999999780e+00 2.595999999999999757e+24
7.014000000000000234e+00 2.617000000000000241e+24
7.288000000000000256e+00 2.637000000000000166e+24
7.570999999999999730e+00 2.656000000000000067e+24
7.865999999999999659e+00 2.674999999999999969e+24
8.172000000000000597e+00 2.692999999999999847e+24
8.490000000000000213e+00 2.710000000000000239e+24
8.820999999999999730e+00 2.727000000000000094e+24
9.164999999999999147e+00 2.742999999999999927e+24
9.521000000000000796e+00 2.758999999999999759e+24
9.891999999999999460e+00 2.774000000000000105e+24
1.027999999999999936e+01 2.787999999999999891e+24
1.067999999999999972e+01 2.801000000000000191e+24
1.108999999999999986e+01 2.813999999999999954e+24
1.151999999999999957e+01 2.825000000000000208e+24
1.197000000000000064e+01 2.835999999999999925e+24
1.243999999999999950e+01 2.846000000000000155e+24
1.291999999999999993e+01 2.855999999999999849e+24
1.342999999999999972e+01 2.864000000000000034e+24
1.394999999999999929e+01 2.872000000000000218e+24
1.449000000000000021e+01 2.878999999999999843e+24
1.506000000000000050e+01 2.883999999999999958e+24
1.564000000000000057e+01 2.889000000000000073e+24
1.625000000000000000e+01 2.894000000000000189e+24
1.689000000000000057e+01 2.897000000000000258e+24
1.753999999999999915e+01 2.898999999999999767e+24
1.823000000000000043e+01 2.900999999999999813e+24
1.894000000000000128e+01 2.900999999999999813e+24
1.967000000000000171e+01 2.900999999999999813e+24
2.044000000000000128e+01 2.900999999999999813e+24
2.123000000000000043e+01 2.898999999999999767e+24
2.205999999999999872e+01 2.897000000000000258e+24
2.292000000000000171e+01 2.894000000000000189e+24
2.380999999999999872e+01 2.890000000000000096e+24
2.473999999999999844e+01 2.886000000000000004e+24
2.569999999999999929e+01 2.880999999999999889e+24
2.669999999999999929e+01 2.875999999999999774e+24
2.773999999999999844e+01 2.871000000000000195e+24
2.882000000000000028e+01 2.865000000000000057e+24
2.994999999999999929e+01 2.858999999999999918e+24
3.110999999999999943e+01 2.851999999999999757e+24
3.232000000000000028e+01 2.846000000000000155e+24
3.357999999999999829e+01 2.840000000000000017e+24
3.489000000000000057e+01 2.833999999999999878e+24
3.625000000000000000e+01 2.827999999999999740e+24
3.765999999999999659e+01 2.823000000000000161e+24
3.913000000000000256e+01 2.818000000000000046e+24
4.064999999999999858e+01 2.813999999999999954e+24
4.222999999999999687e+01 2.810999999999999885e+24
4.388000000000000256e+01 2.807999999999999815e+24
4.557999999999999829e+01 2.805999999999999769e+24
4.735999999999999943e+01 2.804999999999999746e+24
4.920000000000000284e+01 2.804999999999999746e+24
5.111999999999999744e+01 2.806999999999999792e+24
5.310999999999999943e+01 2.807999999999999815e+24
5.517999999999999972e+01 2.810999999999999885e+24
5.732000000000000028e+01 2.814999999999999977e+24
5.956000000000000227e+01 2.819000000000000069e+24
6.186999999999999744e+01 2.824000000000000185e+24
6.428000000000000114e+01 2.829999999999999786e+24
6.679000000000000625e+01 2.836999999999999948e+24
6.939000000000000057e+01 2.844000000000000109e+24
7.209000000000000341e+01 2.851999999999999757e+24
7.490000000000000568e+01 2.859999999999999941e+24
7.781000000000000227e+01 2.869000000000000149e+24
8.084000000000000341e+01 2.878999999999999843e+24
8.398999999999999488e+01 2.889000000000000073e+24
8.726000000000000512e+01 2.899999999999999790e+24
9.065999999999999659e+01 2.911000000000000044e+24
9.418999999999999773e+01 2.922999999999999784e+24
9.784999999999999432e+01 2.934000000000000038e+24
1.017000000000000028e+02 2.945999999999999778e+24
1.055999999999999943e+02 2.959000000000000078e+24
1.097000000000000028e+02 2.971999999999999841e+24
1.140000000000000000e+02 2.985000000000000141e+24
1.184000000000000057e+02 2.997999999999999904e+24
1.230999999999999943e+02 3.011000000000000203e+24
1.277999999999999972e+02 3.024999999999999990e+24
1.328000000000000114e+02 3.038999999999999776e+24
1.380000000000000000e+02 3.053000000000000099e+24
1.434000000000000057e+02 3.066999999999999885e+24
1.489000000000000057e+02 3.081000000000000208e+24
1.546999999999999886e+02 3.094999999999999994e+24
1.608000000000000114e+02 3.109999999999999803e+24
1.670000000000000000e+02 3.124000000000000126e+24
1.735000000000000000e+02 3.137999999999999912e+24
1.803000000000000114e+02 3.153000000000000258e+24
1.873000000000000114e+02 3.167000000000000044e+24
1.945999999999999943e+02 3.181999999999999853e+24
2.021999999999999886e+02 3.196000000000000176e+24
2.100999999999999943e+02 3.210999999999999985e+24
2.181999999999999886e+02 3.224999999999999771e+24
2.266999999999999886e+02 3.239000000000000094e+24
2.355999999999999943e+02 3.253999999999999904e+24
2.446999999999999886e+02 3.268000000000000226e+24
2.543000000000000114e+02 3.282000000000000013e+24
2.641999999999999886e+02 3.296999999999999822e+24
2.743999999999999773e+02 3.311000000000000145e+24
2.851000000000000227e+02 3.324999999999999931e+24
2.961999999999999886e+02 3.339000000000000254e+24
3.078000000000000114e+02 3.353000000000000040e+24
3.196999999999999886e+02 3.366999999999999826e+24
3.321999999999999886e+02 3.381000000000000149e+24
3.451000000000000227e+02 3.394999999999999935e+24
3.586000000000000227e+02 3.408000000000000235e+24
3.725000000000000000e+02 3.422000000000000021e+24
3.870000000000000000e+02 3.434999999999999784e+24
4.021000000000000227e+02 3.449000000000000107e+24
4.178000000000000114e+02 3.461999999999999870e+24
4.340000000000000000e+02 3.476000000000000193e+24
4.508999999999999773e+02 3.488999999999999956e+24
4.685000000000000000e+02 3.502999999999999742e+24
4.866999999999999886e+02 3.516000000000000042e+24
5.056999999999999886e+02 3.528999999999999805e+24
5.252999999999999545e+02 3.542000000000000105e+24
5.457999999999999545e+02 3.555999999999999891e+24
5.671000000000000227e+02 3.569000000000000191e+24
5.891000000000000227e+02 3.581999999999999954e+24
6.121000000000000227e+02 3.595000000000000254e+24
6.358999999999999773e+02 3.609000000000000040e+24
6.607000000000000455e+02 3.621999999999999803e+24
6.863999999999999773e+02 3.636000000000000126e+24
7.131000000000000227e+02 3.648999999999999889e+24
7.408999999999999773e+02 3.663000000000000212e+24
7.697000000000000455e+02 3.676999999999999998e+24
7.997000000000000455e+02 3.690999999999999784e+24
8.307999999999999545e+02 3.705000000000000107e+24
8.632000000000000455e+02 3.718999999999999893e+24
8.967999999999999545e+02 3.733000000000000216e+24
9.317000000000000455e+02 3.748000000000000025e+24
9.680000000000000000e+02 3.762999999999999834e+24
1.006000000000000000e+03 3.778000000000000180e+24
1.045000000000000000e+03 3.792999999999999990e+24
1.085000000000000000e+03 3.808999999999999822e+24
1.128000000000000000e+03 3.825000000000000191e+24
1.172000000000000000e+03 3.842000000000000046e+24
1.217000000000000000e+03 3.858999999999999901e+24
1.265000000000000000e+03 3.875999999999999757e+24
1.314000000000000000e+03 3.895000000000000195e+24
1.365000000000000000e+03 3.913000000000000073e+24
1.418000000000000000e+03 3.932999999999999998e+24
1.473000000000000000e+03 3.951999999999999899e+24
1.531000000000000000e+03 3.972999999999999847e+24
1.590000000000000000e+03 3.994999999999999818e+24
1.652000000000000000e+03 4.016999999999999788e+24
1.717000000000000000e+03 4.039999999999999782e+24
1.783000000000000000e+03 4.063999999999999799e+24
1.853000000000000000e+03 4.089999999999999862e+24
1.925000000000000000e+03 4.115999999999999925e+24
2.000000000000000000e+03 4.144000000000000034e+24
-----------------------


Townsend ioniz. coef. alpha/N (m2)
COMMENT: generated by bolsig_convert.py
-----------------------
1.000000000000000000e+00 0.000000000000000000e+00
1.038999999999999924e+00 0.000000000000000000e+00
1.078999999999999959e+00 0.000000000000000000e+00
1.120999999999999996e+00 0.000000000000000000e+00
1.165000000000000036e+00 0.000000000000000000e+00
1.209999999999999964e+00 0.000000000000000000e+00
1.258000000000000007e+00 0.000000000000000000e+00
1.306999999999999940e+00 0.000000000000000000e+00
1.356999999999999984e+00 0.000000000000000000e+00
1.409999999999999920e+00 0.000000000000000000e+00
1.465000000000000080e+00 0.000000000000000000e+00
1.522000000000000020e+00 0.000000000000000000e+00
1.580999999999999961e+00 0.000000000000000000e+00
1.643000000000000016e+00 0.000000000000000000e+00
1.707000000000000073e+00 0.000000000000000000e+00
1.772999999999999909e+00 0.000000000000000000e+00
1.842999999999999972e+00 0.000000000000000000e+00
1.913999999999999924e+00 0.000000000000000000e+00
1.989000000000000101e+00 0.000000000000000000e+00
2.065999999999999837e+00 0.000000000000000000e+00
2.146999999999999797e+00 0.000000000000000000e+00
2.229999999999999982e+00 0.000000000000000000e+00
2.317000000000000171e+00 0.000000000000000000e+00
2.407000000000000028e+00 0.000000000000000000e+00
2.500999999999999890e+00 0.000000000000000000e+00
2.597999999999999865e+00 0.000000000000000000e+00
2.700000000000000178e+00 0.000000000000000000e+00
2.805000000000000160e+00 0.000000000000000000e+00
2.914000000000000146e+00 0.000000000000000000e+00
3.027000000000000135e+00 0.000000000000000000e+00
3.145000000000000018e+00 0.000000000000000000e+00
3.267999999999999794e+00 0.000000000000000000e+00
3.395000000000000018e+00 0.000000000000000000e+00
3.527000000000000135e+00 0.000000000000000000e+00
3.664000000000000146e+00 0.000000000000000000e+00
3.806999999999999940e+00 0.000000000000000000e+00
3.955000000000000071e+00 0.000000000000000000e+00
4.108999999999999986e+00 0.000000000000000000e+00
4.269000000000000128e+00 0.000000000000000000e+00
4.434999999999999609e+00 0.000000000000000000e+00
4.607999999999999652e+00 0.000000000000000000e+00
4.788000000000000256e+00 0.000000000000000000e+00
4.974000000000000199e+00 0.000000000000000000e+00
5.168000000000000149e+00 0.000000000000000000e+00
5.368999999999999773e+00 0.000000000000000000e+00
5.578000000000000291e+00 0.000000000000000000e+00
5.794999999999999929e+00 0.000000000000000000e+00
6.020999999999999908e+00 0.000000000000000000e+00
6.254999999999999893e+00 0.000000000000000000e+00
6.498999999999999666e+00 0.000000000000000000e+00
6.751999999999999780e+00 0.000000000000000000e+00
7.014000000000000234e+00 0.000000000000000000e+00
7.288000000000000256e+00 0.000000000000000000e+00
7.570999999999999730e+00 0.000000000000000000e+00
7.865999999999999659e+00 0.000000000000000000e+00
8.172000000000000597e+00 0.000000000000000000e+00
8.490000000000000213e+00 0.000000000000000000e+00
8.820999999999999730e+00 0.000000000000000000e+00
9.164999999999999147e+00 0.000000000000000000e+00
9.521000000000000796e+00 0.000000000000000000e+00
9.891999999999999460e+00 0.000000000000000000e+00
1.027999999999999936e+01 0.000000000000000000e+00
1.067999999999999972e+01 0.000000000000000000e+00
1.108999999999999986e+01 0.000000000000000000e+00
1.151999999999999957e+01 0.000000000000000000e+00
1.197000000000000064e+01 0.000000000000000000e+00
1.243999999999999950e+01 0.000000000000000000e+00
1.291999999999999993e+01 0.000000000000000000e+00
1.342999999999999972e+01 0.000000000000000000e+00
1.394999999999999929e+01 0.000000000000000000e+00
1.449000000000000021e+01 0.000000000000000000e+00
1.506000000000000050e+01 0.000000000000000000e+00
1.564000000000000057e+01 0.000000000000000000e+00
1.625000000000000000e+01 0.000000000000000000e+00
1.689000000000000057e+01 0.000000000000000000e+00
1.753999999999999915e+01 0.000000000000000000e+00
1.823000000000000043e+01 0.000000000000000000e+00
1.894000000000000128e+01 0.000000000000000000e+00
1.967000000000000171e+01 0.000000000000000000e+00
2.044000000000000128e+01 0.000000000000000000e+00
2.123000000000000043e+01 0.000000000000000000e+00
2.205999999999999872e+01 1.035999999999999984e-32
2.292000000000000171e+01 4.003999999999999942e-32
2.380999999999999872e+01 1.442999999999999924e-31
2.473999999999999844e+01 4.861000000000000188e-31
2.569999999999999929e+01 1.533000000000000002e-30
2.669999999999999929e+01 4.540000000000000098e-30
2.773999999999999844e+01 1.371999999999999890e-29
2.882000000000000028e+01 3.638999999999999995e-29
2.994999999999999929e+01 9.135000000000000341e-29
3.110999999999999943e+01 2.176000000000000181e-28
3.232000000000000028e+01 4.928000000000000411e-28
3.357999999999999829e+01 1.065999999999999988e-27
3.489000000000000057e+01 2.202999999999999875e-27
3.625000000000000000e+01 4.377000000000000292e-27
3.765999999999999659e+01 8.347999999999999552e-27
3.913000000000000256e+01 1.534999999999999959e-26
4.064999999999999858e+01 2.729999999999999732e-26
4.222999999999999687e+01 4.702000000000000233e-26
4.388000000000000256e+01 7.865999999999999999e-26
4.557999999999999829e+01 1.280000000000000049e-25
4.735999999999999943e+01 2.031999999999999986e-25
4.920000000000000284e+01 3.149999999999999806e-25
5.111999999999999744e+01 4.780000000000000241e-25
5.310999999999999943e+01 7.102000000000000095e-25
5.517999999999999972e+01 1.035000000000000008e-24
5.732000000000000028e+01 1.482000000000000028e-24
5.956000000000000227e+01 2.087000000000000152e-24
6.186999999999999744e+01 2.895000000000000068e-24
6.428000000000000114e+01 3.955999999999999819e-24
6.679000000000000625e+01 5.332000000000000332e-24
6.939000000000000057e+01 7.097000000000000661e-24
7.209000000000000341e+01 9.333999999999999653e-24
7.490000000000000568e+01 1.214000000000000016e-23
7.781000000000000227e+01 1.562000000000000059e-23
8.084000000000000341e+01 1.989999999999999876e-23
8.398999999999999488e+01 2.511000000000000054e-23
8.726000000000000512e+01 3.141000000000000253e-23
9.065999999999999659e+01 3.895999999999999842e-23
9.418999999999999773e+01 4.795000000000000199e-23
9.784999999999999432e+01 5.856999999999999470e-23
1.017000000000000028e+02 7.103999999999999869e-23
1.055999999999999943e+02 8.557999999999999499e-23
1.097000000000000028e+02 1.024999999999999985e-22
1.140000000000000000e+02 1.219000000000000038e-22
1.184000000000000057e+02 1.443000000000000109e-22
1.230999999999999943e+02 1.698000000000000027e-22
1.277999999999999972e+02 1.986999999999999980e-22
1.328000000000000114e+02 2.314999999999999815e-22
1.380000000000000000e+02 2.684000000000000129e-22
1.434000000000000057e+02 3.098000000000000001e-22
1.489000000000000057e+02 3.560000000000000088e-22
1.546999999999999886e+02 4.074999999999999769e-22
1.608000000000000114e+02 4.645999999999999702e-22
1.670000000000000000e+02 5.277000000000000142e-22
1.735000000000000000e+02 5.971999999999999930e-22
1.803000000000000114e+02 6.736000000000000324e-22
1.873000000000000114e+02 7.572999999999999695e-22
1.945999999999999943e+02 8.486999999999999238e-22
2.021999999999999886e+02 9.483000000000000209e-22
2.100999999999999943e+02 1.056999999999999942e-21
2.181999999999999886e+02 1.174000000000000011e-21
2.266999999999999886e+02 1.300999999999999962e-21
2.355999999999999943e+02 1.437999999999999981e-21
2.446999999999999886e+02 1.585000000000000069e-21
2.543000000000000114e+02 1.744000000000000164e-21
2.641999999999999886e+02 1.912999999999999951e-21
2.743999999999999773e+02 2.095000000000000185e-21
2.851000000000000227e+02 2.290000000000000114e-21
2.961999999999999886e+02 2.497000000000000049e-21
3.078000000000000114e+02 2.718000000000000118e-21
3.196999999999999886e+02 2.952999999999999945e-21
3.321999999999999886e+02 3.201999999999999906e-21
3.451000000000000227e+02 3.465999999999999687e-21
3.586000000000000227e+02 3.746000000000000105e-21
3.725000000000000000e+02 4.042000000000000031e-21
3.870000000000000000e+02 4.354000000000000218e-21
4.021000000000000227e+02 4.684000000000000039e-21
4.178000000000000114e+02 5.031000000000000183e-21
4.340000000000000000e+02 5.395999999999999962e-21
4.508999999999999773e+02 5.780000000000000192e-21
4.685000000000000000e+02 6.182000000000000055e-21
4.866999999999999886e+02 6.604999999999999744e-21
5.056999999999999886e+02 7.046999999999999882e-21
5.252999999999999545e+02 7.509999999999999845e-21
5.457999999999999545e+02 7.994000000000000385e-21
5.671000000000000227e+02 8.499999999999999308e-21
5.891000000000000227e+02 9.027999999999999623e-21
6.121000000000000227e+02 9.577999999999999826e-21
6.358999999999999773e+02 1.014999999999999992e-20
6.607000000000000455e+02 1.075000000000000028e-20
6.863999999999999773e+02 1.137000000000000040e-20
7.131000000000000227e+02 1.201999999999999940e-20
7.408999999999999773e+02 1.268999999999999968e-20
7.697000000000000455e+02 1.337999999999999971e-20
7.997000000000000455e+02 1.409999999999999864e-20
8.307999999999999545e+02 1.484999999999999946e-20
8.632000000000000455e+02 1.563000000000000068e-20
8.967999999999999545e+02 1.643000000000000016e-20
9.317000000000000455e+02 1.726000000000000003e-20
9.680000000000000000e+02 1.812000000000000029e-20
1.006000000000000000e+03 1.899999999999999881e-20
1.045000000000000000e+03 1.991999999999999986e-20
1.085000000000000000e+03 2.085999999999999917e-20
1.128000000000000000e+03 2.184000000000000100e-20
1.172000000000000000e+03 2.284000000000000110e-20
1.217000000000000000e+03 2.386999999999999858e-20
1.265000000000000000e+03 2.493999999999999859e-20
1.314000000000000000e+03 2.602999999999999987e-20
1.365000000000000000e+03 2.715999999999999766e-20
1.418000000000000000e+03 2.830999999999999973e-20
1.473000000000000000e+03 2.949999999999999831e-20
1.531000000000000000e+03 3.071000000000000116e-20
1.590000000000000000e+03 3.196000000000000053e-20
1.652000000000000000e+03 3.323999999999999728e-20
1.717000000000000000e+03 3.454999999999999744e-20
1.783000000000000000e+03 3.588000000000000187e-20
1.853000000000000000e+03 3.725000000000000281e-20
1.925000000000000000e+03 3.865000000000000114e-20
2.000000000000000000e+03 4.006999999999999772e-20
-----------------------


Townsend attach. coef. eta/N (m2)
COMMENT: generated by bolsig_convert.py
-----------------------
1.000000000000000000e+00 1.678000000000000046e-18
1.038999999999999924e+00 1.656000000000000086e-18
1.078999999999999959e+00 1.634999999999999967e-18
1.120999999999999996e+00 1.614000000000000040e-18
1.165000000000000036e+00 1.592999999999999921e-18
1.209999999999999964e+00 1.571999999999999994e-18
1.258000000000000007e+00 1.551999999999999908e-18
1.306999999999999940e+00 1.532000000000000014e-18
1.356999999999999984e+00 1.512999999999999961e-18
1.409999999999999920e+00 1.493999999999999908e-18
1.465000000000000080e+00 1.475000000000000048e-18
1.522000000000000020e+00 1.455999999999999995e-18
1.580999999999999961e+00 1.436999999999999942e-18
1.643000000000000016e+00 1.418000000000000081e-18
1.707000000000000073e+00 1.399000000000000028e-18
1.772999999999999909e+00 1.381000000000000009e-18
1.842999999999999972e+00 1.360999999999999922e-18
1.913999999999999924e+00 1.341000000000000029e-18
1.989000000000000101e+00 1.320999999999999943e-18
2.065999999999999837e+00 1.298999999999999983e-18
2.146999999999999797e+00 1.274999999999999956e-18
2.229999999999999982e+00 1.248000000000000023e-18
2.317000000000000171e+00 1.217999999999999990e-18
2.407000000000000028e+00 1.184000000000000017e-18
2.500999999999999890e+00 1.146999999999999944e-18
2.597999999999999865e+00 1.109000000000000031e-18
2.700000000000000178e+00 1.070000000000000084e-18
2.805000000000000160e+00 1.033000000000000012e-18
2.914000000000000146e+00 9.963000000000000450e-19
3.027000000000000135e+00 9.609999999999999324e-19
3.145000000000000018e+00 9.269999999999999592e-19
3.267999999999999794e+00 8.940999999999999263e-19
3.395000000000000018e+00 8.623000000000000262e-19
3.527000000000000135e+00 8.314999999999999667e-19
3.664000000000000146e+00 8.017000000000000366e-19
3.806999999999999940e+00 7.729000000000000435e-19
3.955000000000000071e+00 7.449999999999999840e-19
4.108999999999999986e+00 7.179999999999999543e-19
4.269000000000000128e+00 2.975000000000000059e-19
4.434999999999999609e+00 2.823999999999999861e-19
4.607999999999999652e+00 2.679999999999999895e-19
4.788000000000000256e+00 2.544000000000000195e-19
4.974000000000000199e+00 2.414999999999999764e-19
5.168000000000000149e+00 2.292000000000000015e-19
5.368999999999999773e+00 2.176000000000000015e-19
5.578000000000000291e+00 2.065999999999999975e-19
5.794999999999999929e+00 1.961999999999999893e-19
6.020999999999999908e+00 1.862999999999999977e-19
6.254999999999999893e+00 1.768999999999999986e-19
6.498999999999999666e+00 1.680999999999999953e-19
6.751999999999999780e+00 1.597000000000000053e-19
7.014000000000000234e+00 1.518000000000000079e-19
7.288000000000000256e+00 1.442999999999999997e-19
7.570999999999999730e+00 1.372000000000000047e-19
7.865999999999999659e+00 1.304999999999999989e-19
8.172000000000000597e+00 1.243000000000000098e-19
8.490000000000000213e+00 1.183000000000000032e-19
8.820999999999999730e+00 1.127000000000000099e-19
9.164999999999999147e+00 1.075000000000000058e-19
9.521000000000000796e+00 1.024999999999999963e-19
9.891999999999999460e+00 9.786000000000000352e-20
1.027999999999999936e+01 9.349000000000000530e-20
1.067999999999999972e+01 8.939000000000000160e-20
1.108999999999999986e+01 8.553999999999999416e-20
1.151999999999999957e+01 8.193000000000000191e-20
1.197000000000000064e+01 7.856000000000000077e-20
1.243999999999999950e+01 7.539999999999999939e-20
1.291999999999999993e+01 7.244999999999999775e-20
1.342999999999999972e+01 6.968999999999999761e-20
1.394999999999999929e+01 6.711999999999999895e-20
1.449000000000000021e+01 6.470999999999999839e-20
1.506000000000000050e+01 6.247000000000000107e-20
1.564000000000000057e+01 6.039000000000000183e-20
1.625000000000000000e+01 5.843999999999999728e-20
1.689000000000000057e+01 5.661999999999999946e-20
1.753999999999999915e+01 5.492999999999999631e-20
1.823000000000000043e+01 5.335000000000000164e-20
1.894000000000000128e+01 5.186999999999999825e-20
1.967000000000000171e+01 5.048999999999999818e-20
2.044000000000000128e+01 4.917999999999999802e-20
2.123000000000000043e+01 4.796000000000000206e-20
2.205999999999999872e+01 4.679000000000000174e-20
2.292000000000000171e+01 4.568000000000000220e-20
2.380999999999999872e+01 4.461999999999999831e-20
2.473999999999999844e+01 4.360000000000000297e-20
2.569999999999999929e+01 4.260999999999999899e-20
2.669999999999999929e+01 4.163000000000000016e-20
2.773999999999999844e+01 4.066999999999999959e-20
2.882000000000000028e+01 3.971999999999999814e-20
2.994999999999999929e+01 3.875999999999999757e-20
3.110999999999999943e+01 3.779999999999999699e-20
3.232000000000000028e+01 3.682999999999999729e-20
3.357999999999999829e+01 3.583999999999999933e-20
3.489000000000000057e+01 3.484000000000000225e-20
3.625000000000000000e+01 3.382000000000000089e-20
3.765999999999999659e+01 3.279000000000000040e-20
3.913000000000000256e+01 3.174000000000000165e-20
4.064999999999999858e+01 3.067999999999999776e-20
4.222999999999999687e+01 2.961999999999999988e-20
4.388000000000000256e+01 2.855000000000000288e-20
4.557999999999999829e+01 2.747999999999999986e-20
4.735999999999999943e+01 2.641999999999999898e-20
4.920000000000000284e+01 2.537000000000000023e-20
5.111999999999999744e+01 2.433000000000000061e-20
5.310999999999999943e+01 2.332000000000000139e-20
5.517999999999999972e+01 2.232000000000000129e-20
5.732000000000000028e+01 2.136000000000000072e-20
5.956000000000000227e+01 2.040999999999999927e-20
6.186999999999999744e+01 1.950000000000000036e-20
6.428000000000000114e+01 1.861999999999999883e-20
6.679000000000000625e+01 1.777000000000000071e-20
6.939000000000000057e+01 1.694999999999999997e-20
7.209000000000000341e+01 1.615999999999999962e-20
7.490000000000000568e+01 1.540999999999999880e-20
7.781000000000000227e+01 1.469000000000000137e-20
8.084000000000000341e+01 1.398999999999999920e-20
8.398999999999999488e+01 1.332999999999999956e-20
8.726000000000000512e+01 1.270000000000000031e-20
9.065999999999999659e+01 1.208999999999999932e-20
9.418999999999999773e+01 1.151999999999999936e-20
9.784999999999999432e+01 1.096000000000000002e-20
1.017000000000000028e+02 1.044000000000000022e-20
1.055999999999999943e+02 9.935000000000000604e-21
1.097000000000000028e+02 9.455999999999999628e-21
1.140000000000000000e+02 8.999000000000000045e-21
1.184000000000000057e+02 8.562999999999999534e-21
1.230999999999999943e+02 8.147999999999999599e-21
1.277999999999999972e+02 7.752000000000000115e-21
1.328000000000000114e+02 7.374000000000000266e-21
1.380000000000000000e+02 7.014999999999999362e-21
1.434000000000000057e+02 6.672000000000000223e-21
1.489000000000000057e+02 6.344999999999999839e-21
1.546999999999999886e+02 6.033999999999999716e-21
1.608000000000000114e+02 5.736999999999999727e-21
1.670000000000000000e+02 5.454999999999999935e-21
1.735000000000000000e+02 5.186000000000000213e-21
1.803000000000000114e+02 4.929999999999999809e-21
1.873000000000000114e+02 4.687000000000000228e-21
1.945999999999999943e+02 4.453999999999999776e-21
2.021999999999999886e+02 4.234000000000000146e-21
2.100999999999999943e+02 4.023999999999999644e-21
2.181999999999999886e+02 3.822999999999999713e-21
2.266999999999999886e+02 3.632999999999999724e-21
2.355999999999999943e+02 3.452000000000000306e-21
2.446999999999999886e+02 3.278999999999999889e-21
2.543000000000000114e+02 3.115000000000000042e-21
2.641999999999999886e+02 2.958999999999999949e-21
2.743999999999999773e+02 2.809999999999999923e-21
2.851000000000000227e+02 2.669000000000000026e-21
2.961999999999999886e+02 2.534999999999999821e-21
3.078000000000000114e+02 2.406999999999999995e-21
3.196999999999999886e+02 2.285000000000000173e-21
3.321999999999999886e+02 2.170000000000000042e-21
3.451000000000000227e+02 2.059999999999999851e-21
3.586000000000000227e+02 1.954999999999999976e-21
3.725000000000000000e+02 1.856000000000000105e-21
3.870000000000000000e+02 1.762000000000000174e-21
4.021000000000000227e+02 1.671999999999999933e-21
4.178000000000000114e+02 1.587000000000000007e-21
4.340000000000000000e+02 1.505999999999999959e-21
4.508999999999999773e+02 1.428999999999999976e-21
4.685000000000000000e+02 1.356000000000000057e-21
4.866999999999999886e+02 1.287000000000000016e-21
5.056999999999999886e+02 1.220999999999999977e-21
5.252999999999999545e+02 1.157999999999999939e-21
5.457999999999999545e+02 1.098999999999999967e-21
5.671000000000000227e+02 1.041999999999999933e-21
5.891000000000000227e+02 9.882999999999999194e-22
6.121000000000000227e+02 9.375000000000000896e-22
6.358999999999999773e+02 8.891000000000000357e-22
6.607000000000000455e+02 8.431000000000000395e-22
6.863999999999999773e+02 7.995000000000000072e-22
7.131000000000000227e+02 7.581000000000000201e-22
7.408999999999999773e+02 7.187999999999999778e-22
7.697000000000000455e+02 6.814999999999999681e-22
7.997000000000000455e+02 6.460999999999999846e-22
8.307999999999999545e+02 6.125000000000000209e-22
8.632000000000000455e+02 5.805999999999999768e-22
8.967999999999999545e+02 5.503000000000000340e-22
9.317000000000000455e+02 5.214999999999999980e-22
9.680000000000000000e+02 4.941999999999999628e-22
1.006000000000000000e+03 4.683000000000000163e-22
1.045000000000000000e+03 4.436999999999999640e-22
1.085000000000000000e+03 4.203999999999999940e-22
1.128000000000000000e+03 3.981999999999999996e-22
1.172000000000000000e+03 3.771999999999999870e-22
1.217000000000000000e+03 3.571999999999999907e-22
1.265000000000000000e+03 3.382000000000000107e-22
1.314000000000000000e+03 3.202000000000000000e-22
1.365000000000000000e+03 3.030999999999999992e-22
1.418000000000000000e+03 2.869000000000000083e-22
1.473000000000000000e+03 2.715000000000000211e-22
1.531000000000000000e+03 2.567999999999999841e-22
1.590000000000000000e+03 2.430000000000000041e-22
1.652000000000000000e+03 2.298000000000000150e-22
1.717000000000000000e+03 2.172000000000000169e-22
1.783000000000000000e+03 2.053999999999999988e-22
1.853000000000000000e+03 1.940999999999999890e-22
1.925000000000000000e+03 1.833999999999999935e-22
2.000000000000000000e+03 1.732000000000000063e-22
-----------------------


C3 C4F7N Ionization 14.00 eV
COMMENT: generated by bolsig_convert.py
-----------------------
1.000000000000000000e+00 0.000000000000000000e+00
1.038999999999999924e+00 0.000000000000000000e+00
1.078999999999999959e+00 0.000000000000000000e+00
1.120999999999999996e+00 0.000000000000000000e+00
1.165000000000000036e+00 0.000000000000000000e+00
1.209999999999999964e+00 0.000000000000000000e+00
1.258000000000000007e+00 0.000000000000000000e+00
1.306999999999999940e+00 0.000000000000000000e+00
1.356999999999999984e+00 0.000000000000000000e+00
1.409999999999999920e+00 0.000000000000000000e+00
1.465000000000000080e+00 0.000000000000000000e+00
1.522000000000000020e+00 0.000000000000000000e+00
1.580999999999999961e+00 0.000000000000000000e+00
1.643000000000000016e+00 0.000000000000000000e+00
1.707000000000000073e+00 0.000000000000000000e+00
1.772999999999999909e+00 0.000000000000000000e+00
1.842999999999999972e+00 0.000000000000000000e+00
1.913999999999999924e+00 0.000000000000000000e+00
1.989000000000000101e+00 0.000000000000000000e+00
2.065999999999999837e+00 0.000000000000000000e+00
2.146999999999999797e+00 0.000000000000000000e+00
2.229999999999999982e+00 0.000000000000000000e+00
2.317000000000000171e+00 0.000000000000000000e+00
2.407000000000000028e+00 0.000000000000000000e+00
2.500999999999999890e+00 0.000000000000000000e+00
2.597999999999999865e+00 0.000000000000000000e+00
2.700000000000000178e+00 0.000000000000000000e+00
2.805000000000000160e+00 0.000000000000000000e+00
2.914000000000000146e+00 0.000000000000000000e+00
3.027000000000000135e+00 0.000000000000000000e+00
3.145000000000000018e+00 0.000000000000000000e+00
3.267999999999999794e+00 0.000000000000000000e+00
3.395000000000000018e+00 0.000000000000000000e+00
3.527000000000000135e+00 0.000000000000000000e+00
3.664000000000000146e+00 0.000000000000000000e+00
3.806999999999999940e+00 0.000000000000000000e+00
3.955000000000000071e+00 0.000000000000000000e+00
4.108999999999999986e+00 0.000000000000000000e+00
4.269000000000000128e+00 0.000000000000000000e+00
4.434999999999999609e+00 0.000000000000000000e+00
4.607999999999999652e+00 0.000000000000000000e+00
4.788000000000000256e+00 0.000000000000000000e+00
4.974000000000000199e+00 0.000000000000000000e+00
5.168000000000000149e+00 0.000000000000000000e+00
5.368999999999999773e+00 0.000000000000000000e+00
5.578000000000000291e+00 0.000000000000000000e+00
5.794999999999999929e+00 0.000000000000000000e+00
6.020999999999999908e+00 0.000000000000000000e+00
6.254999999999999893e+00 0.000000000000000000e+00
6.498999999999999666e+00 0.000000000000000000e+00
6.751999999999999780e+00 0.000000000000000000e+00
7.014000000000000234e+00 0.000000000000000000e+00
7.288000000000000256e+00 0.000000000000000000e+00
7.570999999999999730e+00 0.000000000000000000e+00
7.865999999999999659e+00 0.000000000000000000e+00
8.172000000000000597e+00 0.000000000000000000e+00
8.490000000000000213e+00 0.000000000000000000e+00
8.820999999999999730e+00 0.000000000000000000e+00
9.164999999999999147e+00 0.000000000000000000e+00
9.521000000000000796e+00 0.000000000000000000e+00
9.891999999999999460e+00 0.000000000000000000e+00
1.027999999999999936e+01 0.000000000000000000e+00
1.067999999999999972e+01 0.000000000000000000e+00
1.108999999999999986e+01 0.000000000000000000e+00
1.151999999999999957e+01 0.000000000000000000e+00
1.197000000000000064e+01 0.000000000000000000e+00
1.243999999999999950e+01 0.000000000000000000e+00
1.291999999999999993e+01 0.000000000000000000e+00
1.342999999999999972e+01 0.000000000000000000e+00
1.394999999999999929e+01 0.000000000000000000e+00
1.449000000000000021e+01 0.000000000000000000e+00
1.506000000000000050e+01 0.000000000000000000e+00
1.564000000000000057e+01 0.000000000000000000e+00
1.625000000000000000e+01 0.000000000000000000e+00
1.689000000000000057e+01 0.000000000000000000e+00
1.753999999999999915e+01 0.000000000000000000e+00
1.823000000000000043e+01 0.000000000000000000e+00
1.894000000000000128e+01 0.000000000000000000e+00
1.967000000000000171e+01 0.000000000000000000e+00
2.044000000000000128e+01 0.000000000000000000e+00
2.123000000000000043e+01 0.000000000000000000e+00
2.205999999999999872e+01 5.515000000000000179e-30
2.292000000000000171e+01 2.221999999999999961e-29
2.380999999999999872e+01 8.340999999999999882e-29
2.473999999999999844e+01 2.923999999999999907e-28
2.569999999999999929e+01 9.586999999999999818e-28
2.669999999999999929e+01 2.948000000000000134e-27
2.773999999999999844e+01 2.032999999999999926e-26
2.882000000000000028e+01 5.965999999999999638e-26
2.994999999999999929e+01 1.656999999999999900e-25
3.110999999999999943e+01 4.367999999999999571e-25
3.232000000000000028e+01 1.095000000000000022e-24
3.357999999999999829e+01 2.617000000000000121e-24
3.489000000000000057e+01 5.982000000000000328e-24
3.625000000000000000e+01 1.322000000000000004e-23
3.765999999999999659e+01 2.786999999999999713e-23
3.913000000000000256e+01 5.665000000000000013e-23
4.064999999999999858e+01 1.112999999999999912e-22
4.222999999999999687e+01 2.115999999999999916e-22
4.388000000000000256e+01 3.905999999999999887e-22
4.557999999999999829e+01 7.014000000000000051e-22
4.735999999999999943e+01 1.226999999999999980e-21
4.920000000000000284e+01 2.095999999999999872e-21
5.111999999999999744e+01 3.504999999999999899e-21
5.310999999999999943e+01 5.732000000000000163e-21
5.517999999999999972e+01 9.191999999999999471e-21
5.732000000000000028e+01 1.446999999999999949e-20
5.956000000000000227e+01 2.239000000000000121e-20
6.186999999999999744e+01 3.410000000000000055e-20
6.428000000000000114e+01 5.113000000000000257e-20
6.679000000000000625e+01 7.557000000000000262e-20
6.939000000000000057e+01 1.101999999999999991e-19
7.209000000000000341e+01 1.585999999999999929e-19
7.490000000000000568e+01 2.255999999999999782e-19
7.781000000000000227e+01 3.170999999999999825e-19
8.084000000000000341e+01 4.407999999999999964e-19
8.398999999999999488e+01 6.065000000000000083e-19
8.726000000000000512e+01 8.261999999999999833e-19
9.065999999999999659e+01 1.115000000000000037e-18
9.418999999999999773e+01 1.491000000000000001e-18
9.784999999999999432e+01 1.976999999999999957e-18
1.017000000000000028e+02 2.600000000000000032e-18
1.055999999999999943e+02 3.392000000000000132e-18
1.097000000000000028e+02 4.393999999999999884e-18
1.140000000000000000e+02 5.649999999999999981e-18
1.184000000000000057e+02 7.214000000000000287e-18
1.230999999999999943e+02 9.151000000000000072e-18
1.277999999999999972e+02 1.154000000000000022e-17
1.328000000000000114e+02 1.444999999999999938e-17
1.380000000000000000e+02 1.799999999999999975e-17
1.434000000000000057e+02 2.229999999999999998e-17
1.489000000000000057e+02 2.746999999999999943e-17
1.546999999999999886e+02 3.366000000000000116e-17
1.608000000000000114e+02 4.105000000000000267e-17
1.670000000000000000e+02 4.982000000000000145e-17
1.735000000000000000e+02 6.016999999999999954e-17
1.803000000000000114e+02 7.235999999999999399e-17
1.873000000000000114e+02 8.664000000000000121e-17
1.945999999999999943e+02 1.032999999999999973e-16
2.021999999999999886e+02 1.227000000000000019e-16
2.100999999999999943e+02 1.451000000000000060e-16
2.181999999999999886e+02 1.709999999999999930e-16
2.266999999999999886e+02 2.008000000000000039e-16
2.355999999999999943e+02 2.350000000000000222e-16
2.446999999999999886e+02 2.740000000000000150e-16
2.543000000000000114e+02 3.184999999999999985e-16
2.641999999999999886e+02 3.691000000000000220e-16
2.743999999999999773e+02 4.263999999999999867e-16
2.851000000000000227e+02 4.911000000000000323e-16
2.961999999999999886e+02 5.639999999999999941e-16
3.078000000000000114e+02 6.460000000000000447e-16
3.196999999999999886e+02 7.379000000000000194e-16
3.321999999999999886e+02 8.407999999999999757e-16
3.451000000000000227e+02 9.555999999999999873e-16
3.586000000000000227e+02 1.083000000000000046e-15
3.725000000000000000e+02 1.226000000000000003e-15
3.870000000000000000e+02 1.382999999999999990e-15
4.021000000000000227e+02 1.558000000000000073e-15
4.178000000000000114e+02 1.751000000000000054e-15
4.340000000000000000e+02 1.963000000000000146e-15
4.508999999999999773e+02 2.197999999999999823e-15
4.685000000000000000e+02 2.454999999999999857e-15
4.866999999999999886e+02 2.737999999999999920e-15
5.056999999999999886e+02 3.047000000000000011e-15
5.252999999999999545e+02 3.386000000000000194e-15
5.457999999999999545e+02 3.754999999999999682e-15
5.671000000000000227e+02 4.158999999999999936e-15
5.891000000000000227e+02 4.598000000000000167e-15
6.121000000000000227e+02 5.075999999999999651e-15
6.358999999999999773e+02 5.595000000000000393e-15
6.607000000000000455e+02 6.159000000000000092e-15
6.863999999999999773e+02 6.769000000000000143e-15
7.131000000000000227e+02 7.429999999999999643e-15
7.408999999999999773e+02 8.144999999999999625e-15
7.697000000000000455e+02 8.916000000000000518e-15
7.997000000000000455e+02 9.747999999999999838e-15
8.307999999999999545e+02 1.063999999999999934e-14
8.632000000000000455e+02 1.161000000000000051e-14
8.967999999999999545e+02 1.265000000000000006e-14
9.317000000000000455e+02 1.375999999999999955e-14
9.680000000000000000e+02 1.496000000000000012e-14
1.006000000000000000e+03 1.623999999999999883e-14
1.045000000000000000e+03 1.762000000000000153e-14
1.085000000000000000e+03 1.909000000000000057e-14
1.128000000000000000e+03 2.066000000000000045e-14
1.172000000000000000e+03 2.233999999999999935e-14
1.217000000000000000e+03 2.413000000000000043e-14
1.265000000000000000e+03 2.603999999999999873e-14
1.314000000000000000e+03 2.807000000000000055e-14
1.365000000000000000e+03 3.023999999999999913e-14
1.418000000000000000e+03 3.253999999999999943e-14
1.473000000000000000e+03 3.498999999999999782e-14
1.531000000000000000e+03 3.758000000000000244e-14
1.590000000000000000e+03 4.034000000000000153e-14
1.652000000000000000e+03 4.324999999999999873e-14
1.717000000000000000e+03 4.634000000000000121e-14
1.783000000000000000e+03 4.959999999999999817e-14
1.853000000000000000e+03 5.304999999999999862e-14
1.925000000000000000e+03 5.669000000000000255e-14
2.000000000000000000e+03 6.052999999999999553e-14
-----------------------


C4 C4F7N Attachment
COMMENT: generated by bolsig_convert.py
-----------------------
1.000000000000000000e+00 2.298000000000000028e-14
1.038999999999999924e+00 2.352000000000000038e-14
1.078999999999999959e+00 2.406999999999999866e-14
1.120999999999999996e+00 2.465000000000000099e-14
1.165000000000000036e+00 2.524000000000000150e-14
1.209999999999999964e+00 2.585999999999999975e-14
1.258000000000000007e+00 2.650000000000000068e-14
1.306999999999999940e+00 2.716000000000000115e-14
1.356999999999999984e+00 2.784000000000000115e-14
1.409999999999999920e+00 2.855000000000000204e-14
1.465000000000000080e+00 2.928000000000000246e-14
1.522000000000000020e+00 3.003999999999999746e-14
1.580999999999999961e+00 3.082000000000000146e-14
1.643000000000000016e+00 3.163000000000000002e-14
1.707000000000000073e+00 3.246999999999999947e-14
1.772999999999999909e+00 3.333000000000000162e-14
1.842999999999999972e+00 3.421999999999999833e-14
1.913999999999999924e+00 3.514000000000000223e-14
1.989000000000000101e+00 3.606999999999999802e-14
2.065999999999999837e+00 3.702000000000000281e-14
2.146999999999999797e+00 3.797999999999999947e-14
2.229999999999999982e+00 3.894000000000000245e-14
2.317000000000000171e+00 3.985000000000000185e-14
2.407000000000000028e+00 4.069000000000000130e-14
2.500999999999999890e+00 4.142000000000000173e-14
2.597999999999999865e+00 4.202999999999999862e-14
2.700000000000000178e+00 4.251999999999999830e-14
2.805000000000000160e+00 4.293999999999999803e-14
2.914000000000000146e+00 4.328999999999999780e-14
3.027000000000000135e+00 4.361000000000000300e-14
3.145000000000000018e+00 4.390000000000000101e-14
3.267999999999999794e+00 4.417000000000000263e-14
3.395000000000000018e+00 4.442000000000000157e-14
3.527000000000000135e+00 4.464999999999999781e-14
3.664000000000000146e+00 4.488000000000000036e-14
3.806999999999999940e+00 4.509999999999999842e-14
3.955000000000000071e+00 4.532000000000000278e-14
4.108999999999999986e+00 4.551999999999999814e-14
4.269000000000000128e+00 2.577999999999999845e-14
4.434999999999999609e+00 2.526000000000000104e-14
4.607999999999999652e+00 2.474999999999999867e-14
4.788000000000000256e+00 2.423000000000000126e-14
4.974000000000000199e+00 2.371000000000000070e-14
5.168000000000000149e+00 2.319000000000000014e-14
5.368999999999999773e+00 2.268000000000000093e-14
5.578000000000000291e+00 2.216999999999999856e-14
5.794999999999999929e+00 2.165999999999999934e-14
6.020999999999999908e+00 2.115000000000000012e-14
6.254999999999999893e+00 2.066000000000000045e-14
6.498999999999999666e+00 2.015999999999999942e-14
6.751999999999999780e+00 1.968000000000000109e-14
7.014000000000000234e+00 1.919999999999999960e-14
7.288000000000000256e+00 1.872999999999999946e-14
7.570999999999999730e+00 1.827000000000000066e-14
7.865999999999999659e+00 1.782000000000000005e-14
8.172000000000000597e+00 1.738999999999999898e-14
8.490000000000000213e+00 1.696000000000000107e-14
8.820999999999999730e+00 1.654000000000000134e-14
9.164999999999999147e+00 1.614000000000000115e-14
9.521000000000000796e+00 1.574999999999999915e-14
9.891999999999999460e+00 1.537999999999999985e-14
1.027999999999999936e+01 1.501999999999999873e-14
1.067999999999999972e+01 1.468000000000000030e-14
1.108999999999999986e+01 1.435000000000000007e-14
1.151999999999999957e+01 1.403999999999999937e-14
1.197000000000000064e+01 1.374000000000000002e-14
1.243999999999999950e+01 1.346000000000000020e-14
1.291999999999999993e+01 1.319999999999999992e-14
1.342999999999999972e+01 1.296000000000000075e-14
1.394999999999999929e+01 1.272999999999999978e-14
1.449000000000000021e+01 1.251999999999999992e-14
1.506000000000000050e+01 1.232999999999999959e-14
1.564000000000000057e+01 1.215000000000000061e-14
1.625000000000000000e+01 1.198999999999999959e-14
1.689000000000000057e+01 1.184999999999999968e-14
1.753999999999999915e+01 1.171999999999999954e-14
1.823000000000000043e+01 1.161000000000000051e-14
1.894000000000000128e+01 1.150999999999999968e-14
1.967000000000000171e+01 1.142999999999999995e-14
2.044000000000000128e+01 1.136000000000000000e-14
2.123000000000000043e+01 1.129999999999999981e-14
2.205999999999999872e+01 1.124999999999999940e-14
2.292000000000000171e+01 1.121000000000000032e-14
2.380999999999999872e+01 1.117999999999999944e-14
2.473999999999999844e+01 1.115000000000000014e-14
2.569999999999999929e+01 1.113000000000000060e-14
2.669999999999999929e+01 1.109999999999999972e-14
2.773999999999999844e+01 1.107000000000000041e-14
2.882000000000000028e+01 1.103999999999999953e-14
2.994999999999999929e+01 1.100000000000000046e-14
3.110999999999999943e+01 1.095000000000000004e-14
3.232000000000000028e+01 1.088999999999999986e-14
3.357999999999999829e+01 1.081999999999999990e-14
3.489000000000000057e+01 1.074000000000000018e-14
3.625000000000000000e+01 1.063999999999999934e-14
3.765999999999999659e+01 1.052000000000000055e-14
3.913000000000000256e+01 1.040000000000000018e-14
4.064999999999999858e+01 1.026000000000000027e-14
4.222999999999999687e+01 1.012000000000000036e-14
4.388000000000000256e+01 9.959999999999999338e-15
4.557999999999999829e+01 9.797000000000000437e-15
4.735999999999999943e+01 9.628999999999999284e-15
4.920000000000000284e+01 9.454999999999999218e-15
5.111999999999999744e+01 9.278999999999999514e-15
5.310999999999999943e+01 9.101000000000000171e-15
5.517999999999999972e+01 8.921999999999999432e-15
5.732000000000000028e+01 8.743000000000000270e-15
5.956000000000000227e+01 8.564999999999999350e-15
6.186999999999999744e+01 8.387999999999999827e-15
6.428000000000000114e+01 8.212999999999999941e-15
6.679000000000000625e+01 8.039999999999999694e-15
6.939000000000000057e+01 7.869000000000000662e-15
7.209000000000000341e+01 7.700999999999999510e-15
7.490000000000000568e+01 7.534999999999999574e-15
7.781000000000000227e+01 7.372000000000000672e-15
8.084000000000000341e+01 7.210999999999999831e-15
8.398999999999999488e+01 7.053000000000000025e-15
8.726000000000000512e+01 6.896999999999999856e-15
9.065999999999999659e+01 6.743000000000000115e-15
9.418999999999999773e+01 6.591999999999999831e-15
9.784999999999999432e+01 6.442999999999999973e-15
1.017000000000000028e+02 6.295999999999999754e-15
1.055999999999999943e+02 6.151999999999999781e-15
1.097000000000000028e+02 6.010000000000000234e-15
1.140000000000000000e+02 5.868999999999999718e-15
1.184000000000000057e+02 5.731000000000000237e-15
1.230999999999999943e+02 5.595000000000000393e-15
1.277999999999999972e+02 5.461000000000000188e-15
1.328000000000000114e+02 5.328999999999999621e-15
1.380000000000000000e+02 5.199000000000000269e-15
1.434000000000000057e+02 5.070999999999999767e-15
1.489000000000000057e+02 4.946000000000000300e-15
1.546999999999999886e+02 4.821999999999999863e-15
1.608000000000000114e+02 4.700999999999999671e-15
1.670000000000000000e+02 4.581999999999999907e-15
1.735000000000000000e+02 4.463999999999999962e-15
1.803000000000000114e+02 4.350000000000000082e-15
1.873000000000000114e+02 4.237000000000000020e-15
1.945999999999999943e+02 4.126000000000000386e-15
2.021999999999999886e+02 4.018000000000000209e-15
2.100999999999999943e+02 3.911999999999999670e-15
2.181999999999999886e+02 3.808000000000000346e-15
2.266999999999999886e+02 3.705999999999999872e-15
2.355999999999999943e+02 3.606999999999999644e-15
2.446999999999999886e+02 3.509999999999999843e-15
2.543000000000000114e+02 3.413999999999999861e-15
2.641999999999999886e+02 3.321000000000000124e-15
2.743999999999999773e+02 3.230999999999999845e-15
2.851000000000000227e+02 3.142000000000000174e-15
2.961999999999999886e+02 3.055000000000000141e-15
3.078000000000000114e+02 2.970999999999999959e-15
3.196999999999999886e+02 2.887999999999999991e-15
3.321999999999999886e+02 2.807999999999999874e-15
3.451000000000000227e+02 2.730000000000000185e-15
3.586000000000000227e+02 2.652999999999999919e-15
3.725000000000000000e+02 2.578999999999999900e-15
3.870000000000000000e+02 2.506999999999999914e-15
4.021000000000000227e+02 2.436000000000000140e-15
4.178000000000000114e+02 2.367000000000000005e-15
4.340000000000000000e+02 2.301000000000000116e-15
4.508999999999999773e+02 2.234999999999999832e-15
4.685000000000000000e+02 2.172000000000000189e-15
4.866999999999999886e+02 2.109999999999999971e-15
5.056999999999999886e+02 2.050000000000000179e-15
5.252999999999999545e+02 1.992000000000000025e-15
5.457999999999999545e+02 1.935000000000000085e-15
5.671000000000000227e+02 1.880000000000000178e-15
5.891000000000000227e+02 1.826000000000000089e-15
6.121000000000000227e+02 1.774000000000000033e-15
6.358999999999999773e+02 1.722999999999999993e-15
6.607000000000000455e+02 1.673999999999999986e-15
6.863999999999999773e+02 1.625999999999999995e-15
7.131000000000000227e+02 1.579000000000000020e-15
7.408999999999999773e+02 1.533000000000000061e-15
7.697000000000000455e+02 1.488999999999999938e-15
7.997000000000000455e+02 1.446000000000000028e-15
8.307999999999999545e+02 1.403999999999999937e-15
8.632000000000000455e+02 1.363000000000000060e-15
8.967999999999999545e+02 1.324000000000000018e-15
9.317000000000000455e+02 1.284999999999999976e-15
9.680000000000000000e+02 1.247999999999999966e-15
1.006000000000000000e+03 1.210999999999999956e-15
1.045000000000000000e+03 1.174999999999999963e-15
1.085000000000000000e+03 1.141000000000000002e-15
1.128000000000000000e+03 1.107000000000000041e-15
1.172000000000000000e+03 1.074000000000000097e-15
1.217000000000000000e+03 1.041999999999999971e-15
1.265000000000000000e+03 1.011000000000000059e-15
1.314000000000000000e+03 9.802000000000000321e-16
1.365000000000000000e+03 9.504999999999999636e-16
1.418000000000000000e+03 9.216000000000000265e-16
1.473000000000000000e+03 8.934000000000000810e-16
1.531000000000000000e+03 8.659000000000000286e-16
1.590000000000000000e+03 8.390999999999999678e-16
1.652000000000000000e+03 8.128999999999999562e-16
1.717000000000000000e+03 7.874000000000000349e-16
1.783000000000000000e+03 7.624999999999999656e-16
1.853000000000000000e+03 7.382000000000000440e-16
1.925000000000000000e+03 7.144999999999999745e-16
2.000000000000000000e+03 6.913000000000000116e-16
-----------------------


C5 CO2 Attachment
COMMENT: generated by bolsig_convert.py
-----------------------
1.000000000000000000e+00 0.000000000000000000e+00
1.038999999999999924e+00 0.000000000000000000e+00
1.078999999999999959e+00 0.000000000000000000e+00
1.120999999999999996e+00 0.000000000000000000e+00
1.165000000000000036e+00 0.000000000000000000e+00
1.209999999999999964e+00 0.000000000000000000e+00
1.258000000000000007e+00 0.000000000000000000e+00
1.306999999999999940e+00 0.000000000000000000e+00
1.356999999999999984e+00 0.000000000000000000e+00
1.409999999999999920e+00 0.000000000000000000e+00
1.465000000000000080e+00 0.000000000000000000e+00
1.522000000000000020e+00 0.000000000000000000e+00
1.580999999999999961e+00 0.000000000000000000e+00
1.643000000000000016e+00 0.000000000000000000e+00
1.707000000000000073e+00 0.000000000000000000e+00
1.772999999999999909e+00 0.000000000000000000e+00
1.842999999999999972e+00 0.000000000000000000e+00
1.913999999999999924e+00 0.000000000000000000e+00
1.989000000000000101e+00 0.000000000000000000e+00
2.065999999999999837e+00 0.000000000000000000e+00
2.146999999999999797e+00 0.000000000000000000e+00
2.229999999999999982e+00 0.000000000000000000e+00
2.317000000000000171e+00 0.000000000000000000e+00
2.407000000000000028e+00 0.000000000000000000e+00
2.500999999999999890e+00 0.000000000000000000e+00
2.597999999999999865e+00 0.000000000000000000e+00
2.700000000000000178e+00 0.000000000000000000e+00
2.805000000000000160e+00 0.000000000000000000e+00
2.914000000000000146e+00 0.000000000000000000e+00
3.027000000000000135e+00 0.000000000000000000e+00
3.145000000000000018e+00 0.000000000000000000e+00
3.267999999999999794e+00 0.000000000000000000e+00
3.395000000000000018e+00 0.000000000000000000e+00
3.527000000000000135e+00 0.000000000000000000e+00
3.664000000000000146e+00 0.000000000000000000e+00
3.806999999999999940e+00 0.000000000000000000e+00
3.955000000000000071e+00 0.000000000000000000e+00
4.108999999999999986e+00 0.000000000000000000e+00
4.269000000000000128e+00 0.000000000000000000e+00
4.434999999999999609e+00 0.000000000000000000e+00
4.607999999999999652e+00 0.000000000000000000e+00
4.788000000000000256e+00 0.000000000000000000e+00
4.974000000000000199e+00 3.375999999999999780e-36
5.168000000000000149e+00 1.193000000000000004e-35
5.368999999999999773e+00 4.140999999999999840e-35
5.578000000000000291e+00 1.406999999999999936e-34
5.794999999999999929e+00 4.668000000000000122e-34
6.020999999999999908e+00 1.510999999999999959e-33
6.254999999999999893e+00 4.763000000000000274e-33
6.498999999999999666e+00 1.461000000000000025e-32
6.751999999999999780e+00 4.355999999999999787e-32
7.014000000000000234e+00 1.261999999999999916e-31
7.288000000000000256e+00 3.547999999999999977e-31
7.570999999999999730e+00 9.688000000000000471e-31
7.865999999999999659e+00 2.568000000000000018e-30
8.172000000000000597e+00 5.438999999999999584e-29
8.490000000000000213e+00 1.453999999999999953e-28
8.820999999999999730e+00 3.786000000000000035e-28
9.164999999999999147e+00 9.593000000000000547e-28
9.521000000000000796e+00 2.366999999999999956e-27
9.891999999999999460e+00 5.691999999999999869e-27
1.027999999999999936e+01 1.334000000000000069e-26
1.067999999999999972e+01 3.048000000000000209e-26
1.108999999999999986e+01 6.896000000000000449e-26
1.151999999999999957e+01 1.501000000000000112e-25
1.197000000000000064e+01 3.191000000000000149e-25
1.243999999999999950e+01 6.687000000000000352e-25
1.291999999999999993e+01 1.358000000000000012e-24
1.342999999999999972e+01 2.720999999999999826e-24
1.394999999999999929e+01 5.294000000000000072e-24
1.449000000000000021e+01 1.015000000000000028e-23
1.506000000000000050e+01 1.895999999999999921e-23
1.564000000000000057e+01 3.475999999999999709e-23
1.625000000000000000e+01 6.257000000000000100e-23
1.689000000000000057e+01 1.112000000000000084e-22
1.753999999999999915e+01 1.933000000000000089e-22
1.823000000000000043e+01 3.307000000000000063e-22
1.894000000000000128e+01 5.593000000000000393e-22
1.967000000000000171e+01 9.280000000000000526e-22
2.044000000000000128e+01 1.517000000000000091e-21
2.123000000000000043e+01 2.444000000000000080e-21
2.205999999999999872e+01 3.889000000000000128e-21
2.292000000000000171e+01 6.079000000000000307e-21
2.380999999999999872e+01 9.355000000000000007e-21
2.473999999999999844e+01 1.415999999999999943e-20
2.569999999999999929e+01 2.108000000000000105e-20
2.669999999999999929e+01 3.083000000000000274e-20
2.773999999999999844e+01 4.432000000000000039e-20
2.882000000000000028e+01 6.245000000000000281e-20
2.994999999999999929e+01 8.635000000000000179e-20
3.110999999999999943e+01 1.171000000000000115e-19
3.232000000000000028e+01 1.558999999999999996e-19
3.357999999999999829e+01 2.038000000000000008e-19
3.489000000000000057e+01 2.616000000000000178e-19
3.625000000000000000e+01 3.300999999999999807e-19
3.765999999999999659e+01 4.097000000000000232e-19
3.913000000000000256e+01 5.006999999999999627e-19
4.064999999999999858e+01 6.030999999999999918e-19
4.222999999999999687e+01 7.166000000000000041e-19
4.388000000000000256e+01 8.407999999999999865e-19
4.557999999999999829e+01 9.750000000000000120e-19
4.735999999999999943e+01 1.118999999999999978e-18
4.920000000000000284e+01 1.271000000000000016e-18
5.111999999999999744e+01 1.430999999999999935e-18
5.310999999999999943e+01 1.597000000000000053e-18
5.517999999999999972e+01 1.768999999999999986e-18
5.732000000000000028e+01 1.945000000000000051e-18
5.956000000000000227e+01 2.126000000000000089e-18
6.186999999999999744e+01 2.308999999999999809e-18
6.428000000000000114e+01 2.494999999999999820e-18
6.679000000000000625e+01 2.682000000000000058e-18
6.939000000000000057e+01 2.870000000000000136e-18
7.209000000000000341e+01 3.059000000000000055e-18
7.490000000000000568e+01 3.245999999999999907e-18
7.781000000000000227e+01 3.433000000000000145e-18
8.084000000000000341e+01 3.618000000000000316e-18
8.398999999999999488e+01 3.801000000000000035e-18
8.726000000000000512e+01 3.982000000000000074e-18
9.065999999999999659e+01 4.160999999999999661e-18
9.418999999999999773e+01 4.335999999999999885e-18
9.784999999999999432e+01 4.508000000000000202e-18
1.017000000000000028e+02 4.675999999999999617e-18
1.055999999999999943e+02 4.839999999999999668e-18
1.097000000000000028e+02 5.000000000000000358e-18
1.140000000000000000e+02 5.156000000000000144e-18
1.184000000000000057e+02 5.307000000000000342e-18
1.230999999999999943e+02 5.453000000000000181e-18
1.277999999999999972e+02 5.593999999999999662e-18
1.328000000000000114e+02 5.730000000000000325e-18
1.380000000000000000e+02 5.860999999999999859e-18
1.434000000000000057e+02 5.986000000000000350e-18
1.489000000000000057e+02 6.105000000000000256e-18
1.546999999999999886e+02 6.218999999999999803e-18
1.608000000000000114e+02 6.327000000000000307e-18
1.670000000000000000e+02 6.429000000000000227e-18
1.735000000000000000e+02 6.525000000000000332e-18
1.803000000000000114e+02 6.614999999999999853e-18
1.873000000000000114e+02 6.699000000000000331e-18
1.945999999999999943e+02 6.777000000000000224e-18
2.021999999999999886e+02 6.849000000000000303e-18
2.100999999999999943e+02 6.914000000000000342e-18
2.181999999999999886e+02 6.974000000000000023e-18
2.266999999999999886e+02 7.027999999999999890e-18
2.355999999999999943e+02 7.074999999999999717e-18
2.446999999999999886e+02 7.116999999999999955e-18
2.543000000000000114e+02 7.152000000000000154e-18
2.641999999999999886e+02 7.182000000000000765e-18
2.743999999999999773e+02 7.207000000000000247e-18
2.851000000000000227e+02 7.225999999999999915e-18
2.961999999999999886e+02 7.238999999999999768e-18
3.078000000000000114e+02 7.247000000000000034e-18
3.196999999999999886e+02 7.250000000000000711e-18
3.321999999999999886e+02 7.248000000000000260e-18
3.451000000000000227e+02 7.241000000000000220e-18
3.586000000000000227e+02 7.229000000000000592e-18
3.725000000000000000e+02 7.213000000000000061e-18
3.870000000000000000e+02 7.191999999999999941e-18
4.021000000000000227e+02 7.167000000000000460e-18
4.178000000000000114e+02 7.138000000000000075e-18
4.340000000000000000e+02 7.105000000000000327e-18
4.508999999999999773e+02 7.068999999999999903e-18
4.685000000000000000e+02 7.027999999999999890e-18
4.866999999999999886e+02 6.984000000000000740e-18
5.056999999999999886e+02 6.937000000000000143e-18
5.252999999999999545e+02 6.886999999999999638e-18
5.457999999999999545e+02 6.832999999999999772e-18
5.671000000000000227e+02 6.775999999999999998e-18
5.891000000000000227e+02 6.716999999999999773e-18
6.121000000000000227e+02 6.654000000000000185e-18
6.358999999999999773e+02 6.590000000000000371e-18
6.607000000000000455e+02 6.521999999999999655e-18
6.863999999999999773e+02 6.452000000000000027e-18
7.131000000000000227e+02 6.379999999999999948e-18
7.408999999999999773e+02 6.306000000000000188e-18
7.697000000000000455e+02 6.228999999999999750e-18
7.997000000000000455e+02 6.149999999999999631e-18
8.307999999999999545e+02 6.068999999999999831e-18
8.632000000000000455e+02 5.986999999999999805e-18
8.967999999999999545e+02 5.901999999999999872e-18
9.317000000000000455e+02 5.815999999999999714e-18
9.680000000000000000e+02 5.729000000000000099e-18
1.006000000000000000e+03 5.640000000000000034e-18
1.045000000000000000e+03 5.549000000000000287e-18
1.085000000000000000e+03 5.457000000000000314e-18
1.128000000000000000e+03 5.364000000000000116e-18
1.172000000000000000e+03 5.269000000000000236e-18
1.217000000000000000e+03 5.174000000000000356e-18
1.265000000000000000e+03 5.077000000000000025e-18
1.314000000000000000e+03 4.980999999999999920e-18
1.365000000000000000e+03 4.881999999999999907e-18
1.418000000000000000e+03 4.784000000000000120e-18
1.473000000000000000e+03 4.685000000000000108e-18
1.531000000000000000e+03 4.584999999999999870e-18
1.590000000000000000e+03 4.484999999999999631e-18
1.652000000000000000e+03 4.383999999999999938e-18
1.717000000000000000e+03 4.283999999999999699e-18
1.783000000000000000e+03 4.183000000000000006e-18
1.853000000000000000e+03 4.082999999999999767e-18
1.925000000000000000e+03 3.983000000000000300e-18
2.000000000000000000e+03 3.881999999999999836e-18
-----------------------


C20 CO2 Ionization 13.80 eV
COMMENT: generated by bolsig_convert.py
-----------------------
1.000000000000000000e+00 0.000000000000000000e+00
1.038999999999999924e+00 0.000000000000000000e+00
1.078999999999999959e+00 0.000000000000000000e+00
1.120999999999999996e+00 0.000000000000000000e+00
1.165000000000000036e+00 0.000000000000000000e+00
1.209999999999999964e+00 0.000000000000000000e+00
1.258000000000000007e+00 0.000000000000000000e+00
1.306999999999999940e+00 0.000000000000000000e+00
1.356999999999999984e+00 0.000000000000000000e+00
1.409999999999999920e+00 0.000000000000000000e+00
1.465000000000000080e+00 0.000000000000000000e+00
1.522000000000000020e+00 0.000000000000000000e+00
1.580999999999999961e+00 0.000000000000000000e+00
1.643000000000000016e+00 0.000000000000000000e+00
1.707000000000000073e+00 0.000000000000000000e+00
1.772999999999999909e+00 0.000000000000000000e+00
1.842999999999999972e+00 0.000000000000000000e+00
1.913999999999999924e+00 0.000000000000000000e+00
1.989000000000000101e+00 0.000000000000000000e+00
2.065999999999999837e+00 0.000000000000000000e+00
2.146999999999999797e+00 0.000000000000000000e+00
2.229999999999999982e+00 0.000000000000000000e+00
2.317000000000000171e+00 0.000000000000000000e+00
2.407000000000000028e+00 0.000000000000000000e+00
2.500999999999999890e+00 0.000000000000000000e+00
2.597999999999999865e+00 0.000000000000000000e+00
2.700000000000000178e+00 0.000000000000000000e+00
2.805000000000000160e+00 0.000000000000000000e+00
2.914000000000000146e+00 0.000000000000000000e+00
3.027000000000000135e+00 0.000000000000000000e+00
3.145000000000000018e+00 0.000000000000000000e+00
3.267999999999999794e+00 0.000000000000000000e+00
3.395000000000000018e+00 0.000000000000000000e+00
3.527000000000000135e+00 0.000000000000000000e+00
3.664000000000000146e+00 0.000000000000000000e+00
3.806999999999999940e+00 0.000000000000000000e+00
3.955000000000000071e+00 0.000000000000000000e+00
4.108999999999999986e+00 0.000000000000000000e+00
4.269000000000000128e+00 0.000000000000000000e+00
4.434999999999999609e+00 0.000000000000000000e+00
4.607999999999999652e+00 0.000000000000000000e+00
4.788000000000000256e+00 0.000000000000000000e+00
4.974000000000000199e+00 0.000000000000000000e+00
5.168000000000000149e+00 0.000000000000000000e+00
5.368999999999999773e+00 0.000000000000000000e+00
5.578000000000000291e+00 0.000000000000000000e+00
5.794999999999999929e+00 0.000000000000000000e+00
6.020999999999999908e+00 0.000000000000000000e+00
6.254999999999999893e+00 0.000000000000000000e+00
6.498999999999999666e+00 0.000000000000000000e+00
6.751999999999999780e+00 0.000000000000000000e+00
7.014000000000000234e+00 0.000000000000000000e+00
7.288000000000000256e+00 0.000000000000000000e+00
7.570999999999999730e+00 0.000000000000000000e+00
7.865999999999999659e+00 0.000000000000000000e+00
8.172000000000000597e+00 0.000000000000000000e+00
8.490000000000000213e+00 0.000000000000000000e+00
8.820999999999999730e+00 0.000000000000000000e+00
9.164999999999999147e+00 0.000000000000000000e+00
9.521000000000000796e+00 0.000000000000000000e+00
9.891999999999999460e+00 0.000000000000000000e+00
1.027999999999999936e+01 0.000000000000000000e+00
1.067999999999999972e+01 0.000000000000000000e+00
1.108999999999999986e+01 0.000000000000000000e+00
1.151999999999999957e+01 0.000000000000000000e+00
1.197000000000000064e+01 0.000000000000000000e+00
1.243999999999999950e+01 0.000000000000000000e+00
1.291999999999999993e+01 0.000000000000000000e+00
1.342999999999999972e+01 0.000000000000000000e+00
1.394999999999999929e+01 0.000000000000000000e+00
1.449000000000000021e+01 0.000000000000000000e+00
1.506000000000000050e+01 0.000000000000000000e+00
1.564000000000000057e+01 0.000000000000000000e+00
1.625000000000000000e+01 0.000000000000000000e+00
1.689000000000000057e+01 0.000000000000000000e+00
1.753999999999999915e+01 0.000000000000000000e+00
1.823000000000000043e+01 0.000000000000000000e+00
1.894000000000000128e+01 0.000000000000000000e+00
1.967000000000000171e+01 0.000000000000000000e+00
2.044000000000000128e+01 0.000000000000000000e+00
2.123000000000000043e+01 0.000000000000000000e+00
2.205999999999999872e+01 4.386999999999999833e-28
2.292000000000000171e+01 1.729999999999999909e-27
2.380999999999999872e+01 6.363999999999999746e-27
2.473999999999999844e+01 2.188000000000000061e-26
2.569999999999999929e+01 7.047999999999999789e-26
2.669999999999999929e+01 2.130999999999999936e-25
2.773999999999999844e+01 6.553999999999999810e-25
2.882000000000000028e+01 1.774000000000000120e-24
2.994999999999999929e+01 4.545999999999999986e-24
3.110999999999999943e+01 1.104999999999999994e-23
3.232000000000000028e+01 2.553999999999999895e-23
3.357999999999999829e+01 5.632000000000000511e-23
3.489000000000000057e+01 1.187999999999999957e-22
3.625000000000000000e+01 2.405999999999999932e-22
3.765999999999999659e+01 4.679999999999999974e-22
3.913000000000000256e+01 8.779000000000000791e-22
4.064999999999999858e+01 1.591999999999999948e-21
4.222999999999999687e+01 2.797999999999999915e-21
4.388000000000000256e+01 4.775999999999999843e-21
4.557999999999999829e+01 7.935999999999999724e-21
4.735999999999999943e+01 1.285999999999999991e-20
4.920000000000000284e+01 2.036000000000000062e-20
5.111999999999999744e+01 3.157999999999999754e-20
5.310999999999999943e+01 4.795000000000000293e-20
5.517999999999999972e+01 7.146999999999999892e-20
5.732000000000000028e+01 1.046999999999999971e-19
5.956000000000000227e+01 1.507999999999999988e-19
6.186999999999999744e+01 2.140000000000000024e-19
6.428000000000000114e+01 2.994000000000000208e-19
6.679000000000000625e+01 4.131999999999999950e-19
6.939000000000000057e+01 5.632000000000000153e-19
7.209000000000000341e+01 7.585000000000000469e-19
7.490000000000000568e+01 1.010000000000000018e-18
7.781000000000000227e+01 1.331000000000000082e-18
8.084000000000000341e+01 1.735999999999999853e-18
8.398999999999999488e+01 2.244000000000000154e-18
8.726000000000000512e+01 2.873999999999999884e-18
9.065999999999999659e+01 3.649999999999999837e-18
9.418999999999999773e+01 4.597999999999999723e-18
9.784999999999999432e+01 5.748999999999999993e-18
1.017000000000000028e+02 7.134999999999999397e-18
1.055999999999999943e+02 8.794999999999999809e-18
1.097000000000000028e+02 1.077000000000000047e-17
1.140000000000000000e+02 1.311000000000000034e-17
1.184000000000000057e+02 1.585000000000000117e-17
1.230999999999999943e+02 1.907000000000000099e-17
1.277999999999999972e+02 2.281000000000000112e-17
1.328000000000000114e+02 2.715000000000000113e-17
1.380000000000000000e+02 3.215000000000000226e-17
1.434000000000000057e+02 3.789999999999999709e-17
1.489000000000000057e+02 4.446999999999999834e-17
1.546999999999999886e+02 5.194999999999999859e-17
1.608000000000000114e+02 6.044000000000000195e-17
1.670000000000000000e+02 7.004000000000000017e-17
1.735000000000000000e+02 8.085999999999999653e-17
1.803000000000000114e+02 9.300999999999999427e-17
1.873000000000000114e+02 1.065999999999999967e-16
1.945999999999999943e+02 1.218000000000000021e-16
2.021999999999999886e+02 1.386999999999999907e-16
2.100999999999999943e+02 1.574999999999999955e-16
2.181999999999999886e+02 1.783000000000000081e-16
2.266999999999999886e+02 2.013000000000000120e-16
2.355999999999999943e+02 2.266000000000000238e-16
2.446999999999999886e+02 2.544999999999999939e-16
2.543000000000000114e+02 2.850999999999999883e-16
2.641999999999999886e+02 3.185999999999999903e-16
2.743999999999999773e+02 3.551999999999999835e-16
2.851000000000000227e+02 3.951999999999999925e-16
2.961999999999999886e+02 4.388000000000000009e-16
3.078000000000000114e+02 4.861999999999999921e-16
3.196999999999999886e+02 5.377000000000000401e-16
3.321999999999999886e+02 5.936000000000000215e-16
3.451000000000000227e+02 6.541999999999999610e-16
3.586000000000000227e+02 7.197000000000000392e-16
3.725000000000000000e+02 7.905000000000000261e-16
3.870000000000000000e+02 8.669000000000000448e-16
4.021000000000000227e+02 9.493000000000000624e-16
4.178000000000000114e+02 1.037999999999999906e-15
4.340000000000000000e+02 1.134000000000000086e-15
4.508999999999999773e+02 1.235999999999999968e-15
4.685000000000000000e+02 1.345999999999999981e-15
4.866999999999999886e+02 1.464999999999999942e-15
5.056999999999999886e+02 1.591000000000000018e-15
5.252999999999999545e+02 1.727000000000000058e-15
5.457999999999999545e+02 1.872000000000000048e-15
5.671000000000000227e+02 2.027999999999999822e-15
5.891000000000000227e+02 2.194000000000000152e-15
6.121000000000000227e+02 2.371000000000000070e-15
6.358999999999999773e+02 2.560000000000000183e-15
6.607000000000000455e+02 2.761999999999999916e-15
6.863999999999999773e+02 2.977000000000000057e-15
7.131000000000000227e+02 3.206000000000000031e-15
7.408999999999999773e+02 3.450000000000000051e-15
7.697000000000000455e+02 3.709000000000000118e-15
7.997000000000000455e+02 3.984999999999999870e-15
8.307999999999999545e+02 4.277999999999999701e-15
8.632000000000000455e+02 4.589000000000000218e-15
8.967999999999999545e+02 4.918999999999999664e-15
9.317000000000000455e+02 5.269000000000000224e-15
9.680000000000000000e+02 5.640999999999999958e-15
1.006000000000000000e+03 6.034999999999999654e-15
1.045000000000000000e+03 6.451999999999999922e-15
1.085000000000000000e+03 6.892999999999999791e-15
1.128000000000000000e+03 7.360999999999999507e-15
1.172000000000000000e+03 7.855000000000000040e-15
1.217000000000000000e+03 8.378000000000000059e-15
1.265000000000000000e+03 8.929999999999999562e-15
1.314000000000000000e+03 9.513999999999999585e-15
1.365000000000000000e+03 1.013000000000000013e-14
1.418000000000000000e+03 1.077999999999999925e-14
1.473000000000000000e+03 1.147000000000000060e-14
1.531000000000000000e+03 1.218999999999999968e-14
1.590000000000000000e+03 1.294999999999999941e-14
1.652000000000000000e+03 1.374999999999999979e-14
1.717000000000000000e+03 1.459999999999999900e-14
1.783000000000000000e+03 1.548999999999999887e-14
1.853000000000000000e+03 1.642000000000000097e-14
1.925000000000000000e+03 1.740999999999999852e-14
2.000000000000000000e+03 1.844000000000000145e-14
-----------------------
