

Mean energy (eV)
COMMENT: generated by bolsig_convert.py
-----------------------
1.000000000000000000e+00 2.314000000000000085e-02
1.038999999999999924e+00 2.358000000000000027e-02
1.078999999999999959e+00 2.403999999999999887e-02
1.120999999999999996e+00 2.452000000000000013e-02
1.165000000000000036e+00 2.503000000000000017e-02
1.209999999999999964e+00 2.557999999999999857e-02
1.258000000000000007e+00 2.614999999999999963e-02
1.306999999999999940e+00 2.675999999999999907e-02
1.356999999999999984e+00 2.741999999999999993e-02
1.409999999999999920e+00 2.811999999999999916e-02
1.465000000000000080e+00 2.888999999999999901e-02
1.522000000000000020e+00 2.971999999999999989e-02
1.580999999999999961e+00 3.062000000000000138e-02
1.643000000000000016e+00 3.162000000000000227e-02
1.707000000000000073e+00 3.271999999999999909e-02
1.772999999999999909e+00 3.395000000000000101e-02
1.842999999999999972e+00 3.531999999999999723e-02
1.913999999999999924e+00 3.685999999999999693e-02
1.989000000000000101e+00 3.860000000000000236e-02
2.065999999999999837e+00 4.055999999999999883e-02
2.146999999999999797e+00 4.279000000000000165e-02
2.229999999999999982e+00 4.528999999999999693e-02
2.317000000000000171e+00 4.809000000000000080e-02
2.407000000000000028e+00 5.117000000000000021e-02
2.500999999999999890e+00 5.446999999999999759e-02
2.597999999999999865e+00 5.790000000000000008e-02
2.700000000000000178e+00 6.135999999999999788e-02
2.805000000000000160e+00 6.474000000000000588e-02
2.914000000000000146e+00 6.794999999999999651e-02
3.027000000000000135e+00 7.094999999999999918e-02
3.145000000000000018e+00 7.373999999999999999e-02
3.267999999999999794e+00 7.632999999999999508e-02
3.395000000000000018e+00 7.872999999999999443e-02
3.527000000000000135e+00 8.100000000000000255e-02
3.664000000000000146e+00 8.314000000000000556e-02
3.806999999999999940e+00 8.516999999999999571e-02
3.955000000000000071e+00 8.713999999999999524e-02
4.108999999999999986e+00 8.906000000000000028e-02
4.269000000000000128e+00 4.202000000000000179e-01
4.434999999999999609e+00 4.573999999999999733e-01
4.607999999999999652e+00 4.935999999999999832e-01
4.788000000000000256e+00 5.288000000000000478e-01
4.974000000000000199e+00 5.629999999999999449e-01
5.168000000000000149e+00 5.963000000000000522e-01
5.368999999999999773e+00 6.288000000000000256e-01
5.578000000000000291e+00 6.605999999999999650e-01
5.794999999999999929e+00 6.915999999999999925e-01
6.020999999999999908e+00 7.219999999999999751e-01
6.254999999999999893e+00 7.519000000000000128e-01
6.498999999999999666e+00 7.812000000000000055e-01
6.751999999999999780e+00 8.098999999999999533e-01
7.014000000000000234e+00 8.380999999999999561e-01
7.288000000000000256e+00 8.659000000000000030e-01
7.570999999999999730e+00 8.931999999999999940e-01
7.865999999999999659e+00 9.200000000000000400e-01
8.172000000000000597e+00 9.464000000000000190e-01
8.490000000000000213e+00 9.724000000000000421e-01
8.820999999999999730e+00 9.979000000000000092e-01
9.164999999999999147e+00 1.022999999999999909e+00
9.521000000000000796e+00 1.048000000000000043e+00
9.891999999999999460e+00 1.072000000000000064e+00
1.027999999999999936e+01 1.096000000000000085e+00
1.067999999999999972e+01 1.118999999999999995e+00
1.108999999999999986e+01 1.143000000000000016e+00
1.151999999999999957e+01 1.165000000000000036e+00
1.197000000000000064e+01 1.187000000000000055e+00
1.243999999999999950e+01 1.209000000000000075e+00
1.291999999999999993e+01 1.229999999999999982e+00
1.342999999999999972e+01 1.250999999999999890e+00
1.394999999999999929e+01 1.272000000000000020e+00
1.449000000000000021e+01 1.292000000000000037e+00
1.506000000000000050e+01 1.310999999999999943e+00
1.564000000000000057e+01 1.330000000000000071e+00
1.625000000000000000e+01 1.348999999999999977e+00
1.689000000000000057e+01 1.368000000000000105e+00
1.753999999999999915e+01 1.385999999999999899e+00
1.823000000000000043e+01 1.403999999999999915e+00
1.894000000000000128e+01 1.421999999999999931e+00
1.967000000000000171e+01 1.439000000000000057e+00
2.044000000000000128e+01 1.455999999999999961e+00
2.123000000000000043e+01 1.473999999999999977e+00
2.205999999999999872e+01 1.491999999999999993e+00
2.292000000000000171e+01 1.508999999999999897e+00
2.380999999999999872e+01 1.528000000000000025e+00
2.473999999999999844e+01 1.546000000000000041e+00
2.569999999999999929e+01 1.566000000000000059e+00
2.669999999999999929e+01 1.586000000000000076e+00
2.773999999999999844e+01 1.608000000000000096e+00
2.882000000000000028e+01 1.631000000000000005e+00
2.994999999999999929e+01 1.657000000000000028e+00
3.110999999999999943e+01 1.683999999999999941e+00
3.232000000000000028e+01 1.713999999999999968e+00
3.357999999999999829e+01 1.745999999999999996e+00
3.489000000000000057e+01 1.780999999999999917e+00
3.625000000000000000e+01 1.820000000000000062e+00
3.765999999999999659e+01 1.862000000000000099e+00
3.913000000000000256e+01 1.907000000000000028e+00
4.064999999999999858e+01 1.955999999999999961e+00
4.222999999999999687e+01 2.008999999999999897e+00
4.388000000000000256e+01 2.064000000000000057e+00
4.557999999999999829e+01 2.123000000000000220e+00
4.735999999999999943e+01 2.185000000000000053e+00
4.920000000000000284e+01 2.250000000000000000e+00
5.111999999999999744e+01 2.317000000000000171e+00
5.310999999999999943e+01 2.387000000000000011e+00
5.517999999999999972e+01 2.458000000000000185e+00
5.732000000000000028e+01 2.532000000000000028e+00
5.956000000000000227e+01 2.608000000000000096e+00
6.186999999999999744e+01 2.685000000000000053e+00
6.428000000000000114e+01 2.762999999999999901e+00
6.679000000000000625e+01 2.842999999999999972e+00
6.939000000000000057e+01 2.923999999999999932e+00
7.209000000000000341e+01 3.005999999999999783e+00
7.490000000000000568e+01 3.088999999999999968e+00
7.781000000000000227e+01 3.173000000000000043e+00
8.084000000000000341e+01 3.258000000000000007e+00
8.398999999999999488e+01 3.343999999999999861e+00
8.726000000000000512e+01 3.430000000000000160e+00
9.065999999999999659e+01 3.517999999999999794e+00
9.418999999999999773e+01 3.605999999999999872e+00
9.784999999999999432e+01 3.694999999999999840e+00
1.017000000000000028e+02 3.785000000000000142e+00
1.055999999999999943e+02 3.875999999999999890e+00
1.097000000000000028e+02 3.967999999999999972e+00
1.140000000000000000e+02 4.060999999999999943e+00
1.184000000000000057e+02 4.155999999999999694e+00
1.230999999999999943e+02 4.251000000000000334e+00
1.277999999999999972e+02 4.347000000000000419e+00
1.328000000000000114e+02 4.443999999999999950e+00
1.380000000000000000e+02 4.543000000000000149e+00
1.434000000000000057e+02 4.642999999999999794e+00
1.489000000000000057e+02 4.743999999999999773e+00
1.546999999999999886e+02 4.846000000000000085e+00
1.608000000000000114e+02 4.948999999999999844e+00
1.670000000000000000e+02 5.054000000000000270e+00
1.735000000000000000e+02 5.160000000000000142e+00
1.803000000000000114e+02 5.267999999999999794e+00
1.873000000000000114e+02 5.376999999999999780e+00
1.945999999999999943e+02 5.487000000000000099e+00
2.021999999999999886e+02 5.599000000000000199e+00
2.100999999999999943e+02 5.713000000000000078e+00
2.181999999999999886e+02 5.828000000000000291e+00
2.266999999999999886e+02 5.943999999999999950e+00
2.355999999999999943e+02 6.062000000000000277e+00
2.446999999999999886e+02 6.182000000000000384e+00
2.543000000000000114e+02 6.304000000000000270e+00
2.641999999999999886e+02 6.426999999999999602e+00
2.743999999999999773e+02 6.551999999999999602e+00
2.851000000000000227e+02 6.679000000000000270e+00
2.961999999999999886e+02 6.807999999999999829e+00
3.078000000000000114e+02 6.937999999999999723e+00
3.196999999999999886e+02 7.070999999999999730e+00
3.321999999999999886e+02 7.206000000000000405e+00
3.451000000000000227e+02 7.342999999999999972e+00
3.586000000000000227e+02 7.482000000000000206e+00
3.725000000000000000e+02 7.623000000000000220e+00
3.870000000000000000e+02 7.766000000000000014e+00
4.021000000000000227e+02 7.911999999999999922e+00
4.178000000000000114e+02 8.060999999999999943e+00
4.340000000000000000e+02 8.211999999999999744e+00
4.508999999999999773e+02 8.365999999999999659e+00
4.685000000000000000e+02 8.522000000000000242e+00
4.866999999999999886e+02 8.682000000000000384e+00
5.056999999999999886e+02 8.843999999999999417e+00
5.252999999999999545e+02 9.009000000000000341e+00
5.457999999999999545e+02 9.178000000000000824e+00
5.671000000000000227e+02 9.351000000000000867e+00
5.891000000000000227e+02 9.525999999999999801e+00
6.121000000000000227e+02 9.705999999999999517e+00
6.358999999999999773e+02 9.888999999999999346e+00
6.607000000000000455e+02 1.008000000000000007e+01
6.863999999999999773e+02 1.026999999999999957e+01
7.131000000000000227e+02 1.046000000000000085e+01
7.408999999999999773e+02 1.066000000000000014e+01
7.697000000000000455e+02 1.086999999999999922e+01
7.997000000000000455e+02 1.108000000000000007e+01
8.307999999999999545e+02 1.130000000000000071e+01
8.632000000000000455e+02 1.151999999999999957e+01
8.967999999999999545e+02 1.175000000000000000e+01
9.317000000000000455e+02 1.198000000000000043e+01
9.680000000000000000e+02 1.222000000000000064e+01
1.006000000000000000e+03 1.247000000000000064e+01
1.045000000000000000e+03 1.272000000000000064e+01
1.085000000000000000e+03 1.299000000000000021e+01
1.128000000000000000e+03 1.325999999999999979e+01
1.172000000000000000e+03 1.353999999999999915e+01
1.217000000000000000e+03 1.383000000000000007e+01
1.265000000000000000e+03 1.411999999999999922e+01
1.314000000000000000e+03 1.442999999999999972e+01
1.365000000000000000e+03 1.475000000000000000e+01
1.418000000000000000e+03 1.508000000000000007e+01
1.473000000000000000e+03 1.541999999999999993e+01
1.531000000000000000e+03 1.577999999999999936e+01
1.590000000000000000e+03 1.614000000000000057e+01
1.652000000000000000e+03 1.651999999999999957e+01
1.717000000000000000e+03 1.692000000000000171e+01
1.783000000000000000e+03 1.732999999999999829e+01
1.853000000000000000e+03 1.775000000000000000e+01
1.925000000000000000e+03 1.819999999999999929e+01
2.000000000000000000e+03 1.866000000000000014e+01
-----------------------


Mobility *N (1/m/V/s)
COMMENT: generated by bolsig_convert.py
-----------------------
1.000000000000000000e+00 1.920000000000000000e+24
1.038999999999999924e+00 1.918999999999999977e+24
1.078999999999999959e+00 1.917999999999999954e+24
1.120999999999999996e+00 1.917999999999999954e+24
1.165000000000000036e+00 1.917999999999999954e+24
1.209999999999999964e+00 1.917999999999999954e+24
1.258000000000000007e+00 1.917999999999999954e+24
1.306999999999999940e+00 1.918999999999999977e+24
1.356999999999999984e+00 1.920000000000000000e+24
1.409999999999999920e+00 1.921000000000000023e+24
1.465000000000000080e+00 1.922000000000000046e+24
1.522000000000000020e+00 1.924000000000000092e+24
1.580999999999999961e+00 1.925999999999999870e+24
1.643000000000000016e+00 1.927999999999999916e+24
1.707000000000000073e+00 1.930999999999999985e+24
1.772999999999999909e+00 1.935000000000000078e+24
1.842999999999999972e+00 1.938999999999999901e+24
1.913999999999999924e+00 1.942999999999999994e+24
1.989000000000000101e+00 1.949000000000000132e+24
2.065999999999999837e+00 1.956000000000000025e+24
2.146999999999999797e+00 1.962999999999999918e+24
2.229999999999999982e+00 1.972999999999999880e+24
2.317000000000000171e+00 1.983000000000000111e+24
2.407000000000000028e+00 1.995000000000000120e+24
2.500999999999999890e+00 2.007999999999999883e+24
2.597999999999999865e+00 2.021999999999999937e+24
2.700000000000000178e+00 2.035999999999999992e+24
2.805000000000000160e+00 2.051000000000000069e+24
2.914000000000000146e+00 2.065000000000000124e+24
3.027000000000000135e+00 2.077999999999999887e+24
3.145000000000000018e+00 2.089999999999999895e+24
3.267999999999999794e+00 2.101999999999999904e+24
3.395000000000000018e+00 2.113999999999999912e+24
3.527000000000000135e+00 2.124999999999999897e+24
3.664000000000000146e+00 2.135999999999999883e+24
3.806999999999999940e+00 2.146000000000000113e+24
3.955000000000000071e+00 2.156000000000000075e+24
4.108999999999999986e+00 2.167000000000000061e+24
4.269000000000000128e+00 2.917000000000000182e+24
4.434999999999999609e+00 2.977999999999999979e+24
4.607999999999999652e+00 3.031000000000000128e+24
4.788000000000000256e+00 3.077000000000000115e+24
4.974000000000000199e+00 3.115999999999999941e+24
5.168000000000000149e+00 3.148000000000000143e+24
5.368999999999999773e+00 3.174000000000000206e+24
5.578000000000000291e+00 3.194000000000000130e+24
5.794999999999999929e+00 3.208999999999999939e+24
6.020999999999999908e+00 3.219000000000000170e+24
6.254999999999999893e+00 3.223999999999999748e+24
6.498999999999999666e+00 3.223999999999999748e+24
6.751999999999999780e+00 3.220000000000000193e+24
7.014000000000000234e+00 3.212000000000000008e+24
7.288000000000000256e+00 3.199999999999999732e+24
7.570999999999999730e+00 3.184999999999999922e+24
7.865999999999999659e+00 3.166000000000000021e+24
8.172000000000000597e+00 3.145000000000000073e+24
8.490000000000000213e+00 3.120000000000000034e+24
8.820999999999999730e+00 3.092999999999999948e+24
9.164999999999999147e+00 3.062999999999999792e+24
9.521000000000000796e+00 3.032000000000000151e+24
9.891999999999999460e+00 2.997999999999999904e+24
1.027999999999999936e+01 2.963000000000000170e+24
1.067999999999999972e+01 2.925999999999999853e+24
1.108999999999999986e+01 2.888000000000000050e+24
1.151999999999999957e+01 2.849000000000000224e+24
1.197000000000000064e+01 2.808999999999999839e+24
1.243999999999999950e+01 2.767999999999999966e+24
1.291999999999999993e+01 2.727000000000000094e+24
1.342999999999999972e+01 2.686000000000000222e+24
1.394999999999999929e+01 2.644999999999999813e+24
1.449000000000000021e+01 2.602999999999999918e+24
1.506000000000000050e+01 2.562000000000000046e+24
1.564000000000000057e+01 2.521000000000000174e+24
1.625000000000000000e+01 2.480999999999999788e+24
1.689000000000000057e+01 2.440999999999999939e+24
1.753999999999999915e+01 2.402000000000000113e+24
1.823000000000000043e+01 2.364000000000000042e+24
1.894000000000000128e+01 2.325999999999999971e+24
1.967000000000000171e+01 2.288999999999999922e+24
2.044000000000000128e+01 2.252999999999999897e+24
2.123000000000000043e+01 2.216999999999999872e+24
2.205999999999999872e+01 2.181999999999999870e+24
2.292000000000000171e+01 2.147999999999999891e+24
2.380999999999999872e+01 2.113999999999999912e+24
2.473999999999999844e+01 2.080999999999999956e+24
2.569999999999999929e+01 2.046999999999999977e+24
2.669999999999999929e+01 2.014000000000000021e+24
2.773999999999999844e+01 1.981000000000000065e+24
2.882000000000000028e+01 1.948000000000000109e+24
2.994999999999999929e+01 1.914000000000000130e+24
3.110999999999999943e+01 1.880999999999999906e+24
3.232000000000000028e+01 1.846999999999999927e+24
3.357999999999999829e+01 1.812999999999999948e+24
3.489000000000000057e+01 1.777999999999999945e+24
3.625000000000000000e+01 1.742999999999999943e+24
3.765999999999999659e+01 1.708999999999999964e+24
3.913000000000000256e+01 1.673999999999999962e+24
4.064999999999999858e+01 1.638999999999999960e+24
4.222999999999999687e+01 1.604999999999999981e+24
4.388000000000000256e+01 1.571000000000000002e+24
4.557999999999999829e+01 1.538000000000000046e+24
4.735999999999999943e+01 1.506000000000000113e+24
4.920000000000000284e+01 1.473999999999999912e+24
5.111999999999999744e+01 1.443000000000000002e+24
5.310999999999999943e+01 1.413999999999999870e+24
5.517999999999999972e+01 1.385000000000000006e+24
5.732000000000000028e+01 1.356999999999999897e+24
5.956000000000000227e+01 1.331000000000000103e+24
6.186999999999999744e+01 1.305000000000000040e+24
6.428000000000000114e+01 1.280000000000000000e+24
6.679000000000000625e+01 1.257000000000000006e+24
6.939000000000000057e+01 1.234000000000000013e+24
7.209000000000000341e+01 1.212000000000000042e+24
7.490000000000000568e+01 1.190999999999999960e+24
7.781000000000000227e+01 1.171000000000000036e+24
8.084000000000000341e+01 1.150999999999999977e+24
8.398999999999999488e+01 1.131999999999999941e+24
8.726000000000000512e+01 1.113000000000000040e+24
9.065999999999999659e+01 1.096000000000000050e+24
9.418999999999999773e+01 1.078000000000000038e+24
9.784999999999999432e+01 1.061000000000000048e+24
1.017000000000000028e+02 1.044999999999999948e+24
1.055999999999999943e+02 1.028999999999999981e+24
1.097000000000000028e+02 1.013000000000000015e+24
1.140000000000000000e+02 9.976999999999999570e+23
1.184000000000000057e+02 9.826000000000000650e+23
1.230999999999999943e+02 9.678000000000000189e+23
1.277999999999999972e+02 9.532999999999999528e+23
1.328000000000000114e+02 9.390000000000000524e+23
1.380000000000000000e+02 9.249999999999999979e+23
1.434000000000000057e+02 9.111999999999999748e+23
1.489000000000000057e+02 8.977000000000000661e+23
1.546999999999999886e+02 8.842999999999999717e+23
1.608000000000000114e+02 8.711000000000000430e+23
1.670000000000000000e+02 8.581000000000000115e+23
1.735000000000000000e+02 8.453000000000000115e+23
1.803000000000000114e+02 8.327000000000000430e+23
1.873000000000000114e+02 8.202000000000000231e+23
1.945999999999999943e+02 8.079999999999999832e+23
2.021999999999999886e+02 7.959000000000000262e+23
2.100999999999999943e+02 7.839000000000000178e+23
2.181999999999999886e+02 7.721999999999999895e+23
2.266999999999999886e+02 7.606000000000000440e+23
2.355999999999999943e+02 7.491000000000000472e+23
2.446999999999999886e+02 7.377999999999999476e+23
2.543000000000000114e+02 7.267000000000000136e+23
2.641999999999999886e+02 7.157000000000000283e+23
2.743999999999999773e+02 7.048999999999999402e+23
2.851000000000000227e+02 6.943000000000000178e+23
2.961999999999999886e+02 6.838000000000000440e+23
3.078000000000000114e+02 6.734000000000000189e+23
3.196999999999999886e+02 6.632999999999999738e+23
3.321999999999999886e+02 6.532000000000000629e+23
3.451000000000000227e+02 6.433999999999999979e+23
3.586000000000000227e+02 6.337000000000000157e+23
3.725000000000000000e+02 6.240999999999999822e+23
3.870000000000000000e+02 6.146999999999999801e+23
4.021000000000000227e+02 6.054000000000000608e+23
4.178000000000000114e+02 5.962999999999999717e+23
4.340000000000000000e+02 5.873000000000000325e+23
4.508999999999999773e+02 5.784999999999999906e+23
4.685000000000000000e+02 5.698000000000000315e+23
4.866999999999999886e+02 5.612999999999999696e+23
5.056999999999999886e+02 5.528999999999999906e+23
5.252999999999999545e+02 5.446000000000000273e+23
5.457999999999999545e+02 5.365000000000000283e+23
5.671000000000000227e+02 5.285999999999999937e+23
5.891000000000000227e+02 5.207000000000000262e+23
6.121000000000000227e+02 5.130000000000000231e+23
6.358999999999999773e+02 5.053999999999999685e+23
6.607000000000000455e+02 4.978999999999999969e+23
6.863999999999999773e+02 4.904999999999999738e+23
7.131000000000000227e+02 4.832999999999999822e+23
7.408999999999999773e+02 4.760999999999999906e+23
7.697000000000000455e+02 4.691000000000000304e+23
7.997000000000000455e+02 4.622000000000000189e+23
8.307999999999999545e+02 4.554999999999999717e+23
8.632000000000000455e+02 4.487999999999999916e+23
8.967999999999999545e+02 4.422000000000000273e+23
9.317000000000000455e+02 4.358000000000000273e+23
9.680000000000000000e+02 4.294000000000000273e+23
1.006000000000000000e+03 4.231999999999999916e+23
1.045000000000000000e+03 4.170000000000000231e+23
1.085000000000000000e+03 4.110000000000000189e+23
1.128000000000000000e+03 4.050000000000000147e+23
1.172000000000000000e+03 3.991000000000000262e+23
1.217000000000000000e+03 3.934000000000000021e+23
1.265000000000000000e+03 3.876999999999999780e+23
1.314000000000000000e+03 3.820999999999999696e+23
1.365000000000000000e+03 3.765999999999999769e+23
1.418000000000000000e+03 3.712000000000000000e+23
1.473000000000000000e+03 3.658999999999999717e+23
1.531000000000000000e+03 3.606000000000000105e+23
1.590000000000000000e+03 3.553999999999999979e+23
1.652000000000000000e+03 3.504000000000000168e+23
1.717000000000000000e+03 3.453999999999999685e+23
1.783000000000000000e+03 3.403999999999999874e+23
1.853000000000000000e+03 3.355999999999999706e+23
1.925000000000000000e+03 3.308000000000000210e+23
2.000000000000000000e+03 3.261000000000000199e+23
-----------------------


Diffusion coefficient *N (1/m/s)
COMMENT: generated by bolsig_convert.py
-----------------------
1.000000000000000000e+00 2.923000000000000052e+22
1.038999999999999924e+00 2.980999999999999948e+22
1.078999999999999959e+00 3.041999999999999895e+22
1.120999999999999996e+00 3.105999999999999895e+22
1.165000000000000036e+00 3.172999999999999948e+22
1.209999999999999964e+00 3.244000000000000210e+22
1.258000000000000007e+00 3.320000000000000000e+22
1.306999999999999940e+00 3.401000000000000157e+22
1.356999999999999984e+00 3.488000000000000000e+22
1.409999999999999920e+00 3.582000000000000105e+22
1.465000000000000080e+00 3.683000000000000052e+22
1.522000000000000020e+00 3.794000000000000315e+22
1.580999999999999961e+00 3.915000000000000052e+22
1.643000000000000016e+00 4.048000000000000000e+22
1.707000000000000073e+00 4.195999999999999790e+22
1.772999999999999909e+00 4.359999999999999581e+22
1.842999999999999972e+00 4.542999999999999843e+22
1.913999999999999924e+00 4.749999999999999685e+22
1.989000000000000101e+00 4.984000000000000419e+22
2.065999999999999837e+00 5.249000000000000157e+22
2.146999999999999797e+00 5.549000000000000367e+22
2.229999999999999982e+00 5.888000000000000000e+22
2.317000000000000171e+00 6.268000000000000210e+22
2.407000000000000028e+00 6.686999999999999843e+22
2.500999999999999890e+00 7.138000000000000315e+22
2.597999999999999865e+00 7.609000000000000577e+22
2.700000000000000178e+00 8.087000000000000262e+22
2.805000000000000160e+00 8.556000000000000210e+22
2.914000000000000146e+00 9.006000000000000524e+22
3.027000000000000135e+00 9.431000000000000262e+22
3.145000000000000018e+00 9.829999999999999266e+22
3.267999999999999794e+00 1.021000000000000031e+23
3.395000000000000018e+00 1.056000000000000000e+23
3.527000000000000135e+00 1.089999999999999979e+23
3.664000000000000146e+00 1.121999999999999979e+23
3.806999999999999940e+00 1.152999999999999990e+23
3.955000000000000071e+00 1.184000000000000000e+23
4.108999999999999986e+00 1.215000000000000010e+23
4.269000000000000128e+00 1.083000000000000019e+24
4.434999999999999609e+00 1.185999999999999979e+24
4.607999999999999652e+00 1.286999999999999893e+24
4.788000000000000256e+00 1.382999999999999960e+24
4.974000000000000199e+00 1.475999999999999958e+24
5.168000000000000149e+00 1.565000000000000132e+24
5.368999999999999773e+00 1.650999999999999969e+24
5.578000000000000291e+00 1.732999999999999981e+24
5.794999999999999929e+00 1.812999999999999948e+24
6.020999999999999908e+00 1.889000000000000090e+24
6.254999999999999893e+00 1.962999999999999918e+24
6.498999999999999666e+00 2.033999999999999945e+24
6.751999999999999780e+00 2.101999999999999904e+24
7.014000000000000234e+00 2.168000000000000084e+24
7.288000000000000256e+00 2.230999999999999927e+24
7.570999999999999730e+00 2.290999999999999969e+24
7.865999999999999659e+00 2.348999999999999964e+24
8.172000000000000597e+00 2.403999999999999891e+24
8.490000000000000213e+00 2.456999999999999771e+24
8.820999999999999730e+00 2.507999999999999874e+24
9.164999999999999147e+00 2.555999999999999908e+24
9.521000000000000796e+00 2.601999999999999895e+24
9.891999999999999460e+00 2.645999999999999836e+24
1.027999999999999936e+01 2.687000000000000245e+24
1.067999999999999972e+01 2.726000000000000071e+24
1.108999999999999986e+01 2.761999999999999828e+24
1.151999999999999957e+01 2.797000000000000099e+24
1.197000000000000064e+01 2.828999999999999763e+24
1.243999999999999950e+01 2.858999999999999918e+24
1.291999999999999993e+01 2.887000000000000027e+24
1.342999999999999972e+01 2.913000000000000090e+24
1.394999999999999929e+01 2.937000000000000107e+24
1.449000000000000021e+01 2.959000000000000078e+24
1.506000000000000050e+01 2.979000000000000002e+24
1.564000000000000057e+01 2.997999999999999904e+24
1.625000000000000000e+01 3.013999999999999736e+24
1.689000000000000057e+01 3.029000000000000082e+24
1.753999999999999915e+01 3.042999999999999868e+24
1.823000000000000043e+01 3.055000000000000145e+24
1.894000000000000128e+01 3.065999999999999862e+24
1.967000000000000171e+01 3.075000000000000069e+24
2.044000000000000128e+01 3.083999999999999740e+24
2.123000000000000043e+01 3.090999999999999901e+24
2.205999999999999872e+01 3.098000000000000063e+24
2.292000000000000171e+01 3.104000000000000201e+24
2.380999999999999872e+01 3.108999999999999780e+24
2.473999999999999844e+01 3.113999999999999895e+24
2.569999999999999929e+01 3.117999999999999987e+24
2.669999999999999929e+01 3.122000000000000080e+24
2.773999999999999844e+01 3.125000000000000149e+24
2.882000000000000028e+01 3.128000000000000218e+24
2.994999999999999929e+01 3.130999999999999750e+24
3.110999999999999943e+01 3.132999999999999797e+24
3.232000000000000028e+01 3.135999999999999866e+24
3.357999999999999829e+01 3.137999999999999912e+24
3.489000000000000057e+01 3.139999999999999958e+24
3.625000000000000000e+01 3.140999999999999981e+24
3.765999999999999659e+01 3.143000000000000027e+24
3.913000000000000256e+01 3.145000000000000073e+24
4.064999999999999858e+01 3.147000000000000120e+24
4.222999999999999687e+01 3.148000000000000143e+24
4.388000000000000256e+01 3.150000000000000189e+24
4.557999999999999829e+01 3.152000000000000235e+24
4.735999999999999943e+01 3.153999999999999744e+24
4.920000000000000284e+01 3.156999999999999813e+24
5.111999999999999744e+01 3.159999999999999883e+24
5.310999999999999943e+01 3.163999999999999975e+24
5.517999999999999972e+01 3.167000000000000044e+24
5.732000000000000028e+01 3.172000000000000159e+24
5.956000000000000227e+01 3.176999999999999738e+24
6.186999999999999744e+01 3.182999999999999876e+24
6.428000000000000114e+01 3.190000000000000038e+24
6.679000000000000625e+01 3.197000000000000199e+24
6.939000000000000057e+01 3.204999999999999847e+24
7.209000000000000341e+01 3.213000000000000031e+24
7.490000000000000568e+01 3.222000000000000239e+24
7.781000000000000227e+01 3.231999999999999933e+24
8.084000000000000341e+01 3.242000000000000164e+24
8.398999999999999488e+01 3.251999999999999857e+24
8.726000000000000512e+01 3.264000000000000134e+24
9.065999999999999659e+01 3.274999999999999851e+24
9.418999999999999773e+01 3.287000000000000128e+24
9.784999999999999432e+01 3.298999999999999868e+24
1.017000000000000028e+02 3.312000000000000168e+24
1.055999999999999943e+02 3.324999999999999931e+24
1.097000000000000028e+02 3.338000000000000231e+24
1.140000000000000000e+02 3.352000000000000017e+24
1.184000000000000057e+02 3.365999999999999803e+24
1.230999999999999943e+02 3.380000000000000126e+24
1.277999999999999972e+02 3.393999999999999912e+24
1.328000000000000114e+02 3.409000000000000258e+24
1.380000000000000000e+02 3.424000000000000067e+24
1.434000000000000057e+02 3.438999999999999876e+24
1.489000000000000057e+02 3.454000000000000222e+24
1.546999999999999886e+02 3.469000000000000031e+24
1.608000000000000114e+02 3.483999999999999841e+24
1.670000000000000000e+02 3.500000000000000210e+24
1.735000000000000000e+02 3.515000000000000019e+24
1.803000000000000114e+02 3.529999999999999828e+24
1.873000000000000114e+02 3.546000000000000197e+24
1.945999999999999943e+02 3.561000000000000006e+24
2.021999999999999886e+02 3.576999999999999839e+24
2.100999999999999943e+02 3.592000000000000185e+24
2.181999999999999886e+02 3.606999999999999994e+24
2.266999999999999886e+02 3.622999999999999826e+24
2.355999999999999943e+02 3.638000000000000172e+24
2.446999999999999886e+02 3.652999999999999981e+24
2.543000000000000114e+02 3.667999999999999790e+24
2.641999999999999886e+02 3.684000000000000159e+24
2.743999999999999773e+02 3.698999999999999969e+24
2.851000000000000227e+02 3.713999999999999778e+24
2.961999999999999886e+02 3.728000000000000101e+24
3.078000000000000114e+02 3.742999999999999910e+24
3.196999999999999886e+02 3.758000000000000256e+24
3.321999999999999886e+02 3.773000000000000065e+24
3.451000000000000227e+02 3.786999999999999851e+24
3.586000000000000227e+02 3.802000000000000197e+24
3.725000000000000000e+02 3.815999999999999983e+24
3.870000000000000000e+02 3.830999999999999792e+24
4.021000000000000227e+02 3.845000000000000115e+24
4.178000000000000114e+02 3.858999999999999901e+24
4.340000000000000000e+02 3.873000000000000224e+24
4.508999999999999773e+02 3.887000000000000010e+24
4.685000000000000000e+02 3.900999999999999797e+24
4.866999999999999886e+02 3.915000000000000120e+24
5.056999999999999886e+02 3.929999999999999929e+24
5.252999999999999545e+02 3.944000000000000252e+24
5.457999999999999545e+02 3.958000000000000038e+24
5.671000000000000227e+02 3.971999999999999824e+24
5.891000000000000227e+02 3.986000000000000147e+24
6.121000000000000227e+02 3.999999999999999933e+24
6.358999999999999773e+02 4.014000000000000256e+24
6.607000000000000455e+02 4.029000000000000065e+24
6.863999999999999773e+02 4.042999999999999851e+24
7.131000000000000227e+02 4.057000000000000174e+24
7.408999999999999773e+02 4.071999999999999983e+24
7.697000000000000455e+02 4.086999999999999792e+24
7.997000000000000455e+02 4.102000000000000138e+24
8.307999999999999545e+02 4.116999999999999948e+24
8.632000000000000455e+02 4.131999999999999757e+24
8.967999999999999545e+02 4.148000000000000126e+24
9.317000000000000455e+02 4.163999999999999958e+24
9.680000000000000000e+02 4.179999999999999790e+24
1.006000000000000000e+03 4.197000000000000182e+24
1.045000000000000000e+03 4.214000000000000038e+24
1.085000000000000000e+03 4.231999999999999916e+24
1.128000000000000000e+03 4.249999999999999794e+24
1.172000000000000000e+03 4.269000000000000233e+24
1.217000000000000000e+03 4.288000000000000134e+24
1.265000000000000000e+03 4.308000000000000059e+24
1.314000000000000000e+03 4.329000000000000006e+24
1.365000000000000000e+03 4.350999999999999977e+24
1.418000000000000000e+03 4.372999999999999948e+24
1.473000000000000000e+03 4.396999999999999964e+24
1.531000000000000000e+03 4.422000000000000004e+24
1.590000000000000000e+03 4.447000000000000044e+24
1.652000000000000000e+03 4.474000000000000130e+24
1.717000000000000000e+03 4.502000000000000239e+24
1.783000000000000000e+03 4.530999999999999834e+24
1.853000000000000000e+03 4.562000000000000013e+24
1.925000000000000000e+03 4.594000000000000214e+24
2.000000000000000000e+03 4.627999999999999925e+24
-----------------------


Townsend ioniz. coef. alpha/N (m2)
COMMENT: generated by bolsig_convert.py
-----------------------
1.000000000000000000e+00 0.000000000000000000e+00
1.038999999999999924e+00 0.000000000000000000e+00
1.078999999999999959e+00 0.000000000000000000e+00
1.120999999999999996e+00 0.000000000000000000e+00
1.165000000000000036e+00 0.000000000000000000e+00
1.209999999999999964e+00 0.000000000000000000e+00
1.258000000000000007e+00 0.000000000000000000e+00
1.306999999999999940e+00 0.000000000000000000e+00
1.356999999999999984e+00 0.000000000000000000e+00
1.409999999999999920e+00 0.000000000000000000e+00
1.465000000000000080e+00 0.000000000000000000e+00
1.522000000000000020e+00 0.000000000000000000e+00
1.580999999999999961e+00 0.000000000000000000e+00
1.643000000000000016e+00 0.000000000000000000e+00
1.707000000000000073e+00 0.000000000000000000e+00
1.772999999999999909e+00 0.000000000000000000e+00
1.842999999999999972e+00 0.000000000000000000e+00
1.913999999999999924e+00 0.000000000000000000e+00
1.989000000000000101e+00 0.000000000000000000e+00
2.065999999999999837e+00 0.000000000000000000e+00
2.146999999999999797e+00 0.000000000000000000e+00
2.229999999999999982e+00 0.000000000000000000e+00
2.317000000000000171e+00 0.000000000000000000e+00
2.407000000000000028e+00 0.000000000000000000e+00
2.500999999999999890e+00 0.000000000000000000e+00
2.597999999999999865e+00 0.000000000000000000e+00
2.700000000000000178e+00 0.000000000000000000e+00
2.805000000000000160e+00 0.000000000000000000e+00
2.914000000000000146e+00 0.000000000000000000e+00
3.027000000000000135e+00 0.000000000000000000e+00
3.145000000000000018e+00 0.000000000000000000e+00
3.267999999999999794e+00 0.000000000000000000e+00
3.395000000000000018e+00 0.000000000000000000e+00
3.527000000000000135e+00 0.000000000000000000e+00
3.664000000000000146e+00 0.000000000000000000e+00
3.806999999999999940e+00 0.000000000000000000e+00
3.955000000000000071e+00 0.000000000000000000e+00
4.108999999999999986e+00 0.000000000000000000e+00
4.269000000000000128e+00 0.000000000000000000e+00
4.434999999999999609e+00 0.000000000000000000e+00
4.607999999999999652e+00 0.000000000000000000e+00
4.788000000000000256e+00 0.000000000000000000e+00
4.974000000000000199e+00 0.000000000000000000e+00
5.168000000000000149e+00 0.000000000000000000e+00
5.368999999999999773e+00 0.000000000000000000e+00
5.578000000000000291e+00 0.000000000000000000e+00
5.794999999999999929e+00 0.000000000000000000e+00
6.020999999999999908e+00 0.000000000000000000e+00
6.254999999999999893e+00 0.000000000000000000e+00
6.498999999999999666e+00 0.000000000000000000e+00
6.751999999999999780e+00 0.000000000000000000e+00
7.014000000000000234e+00 0.000000000000000000e+00
7.288000000000000256e+00 0.000000000000000000e+00
7.570999999999999730e+00 0.000000000000000000e+00
7.865999999999999659e+00 0.000000000000000000e+00
8.172000000000000597e+00 0.000000000000000000e+00
8.490000000000000213e+00 0.000000000000000000e+00
8.820999999999999730e+00 0.000000000000000000e+00
9.164999999999999147e+00 0.000000000000000000e+00
9.521000000000000796e+00 0.000000000000000000e+00
9.891999999999999460e+00 0.000000000000000000e+00
1.027999999999999936e+01 0.000000000000000000e+00
1.067999999999999972e+01 0.000000000000000000e+00
1.108999999999999986e+01 0.000000000000000000e+00
1.151999999999999957e+01 0.000000000000000000e+00
1.197000000000000064e+01 0.000000000000000000e+00
1.243999999999999950e+01 0.000000000000000000e+00
1.291999999999999993e+01 0.000000000000000000e+00
1.342999999999999972e+01 0.000000000000000000e+00
1.394999999999999929e+01 0.000000000000000000e+00
1.449000000000000021e+01 0.000000000000000000e+00
1.506000000000000050e+01 0.000000000000000000e+00
1.564000000000000057e+01 0.000000000000000000e+00
1.625000000000000000e+01 0.000000000000000000e+00
1.689000000000000057e+01 0.000000000000000000e+00
1.753999999999999915e+01 0.000000000000000000e+00
1.823000000000000043e+01 0.000000000000000000e+00
1.894000000000000128e+01 0.000000000000000000e+00
1.967000000000000171e+01 0.000000000000000000e+00
2.044000000000000128e+01 0.000000000000000000e+00
2.123000000000000043e+01 0.000000000000000000e+00
2.205999999999999872e+01 0.000000000000000000e+00
2.292000000000000171e+01 0.000000000000000000e+00
2.380999999999999872e+01 0.000000000000000000e+00
2.473999999999999844e+01 1.847999999999999923e-31
2.569999999999999929e+01 5.759999999999999884e-31
2.669999999999999929e+01 1.692999999999999945e-30
2.773999999999999844e+01 4.702999999999999775e-30
2.882000000000000028e+01 1.238999999999999935e-29
2.994999999999999929e+01 3.101000000000000006e-29
3.110999999999999943e+01 7.882000000000000152e-29
3.232000000000000028e+01 1.811000000000000067e-28
3.357999999999999829e+01 3.985999999999999828e-28
3.489000000000000057e+01 8.430999999999999834e-28
3.625000000000000000e+01 1.717000000000000003e-27
3.765999999999999659e+01 3.372000000000000124e-27
3.913000000000000256e+01 6.402000000000000298e-27
4.064999999999999858e+01 1.178999999999999933e-26
4.222999999999999687e+01 2.103000000000000015e-26
4.388000000000000256e+01 3.646999999999999776e-26
4.557999999999999829e+01 6.158000000000000013e-26
4.735999999999999943e+01 1.013999999999999999e-25
4.920000000000000284e+01 1.628999999999999979e-25
5.111999999999999744e+01 2.560000000000000099e-25
5.310999999999999943e+01 3.937999999999999870e-25
5.517999999999999972e+01 5.940999999999999709e-25
5.732000000000000028e+01 8.790999999999999905e-25
5.956000000000000227e+01 1.278000000000000055e-24
6.186999999999999744e+01 1.825999999999999973e-24
6.428000000000000114e+01 2.568999999999999889e-24
6.679000000000000625e+01 3.560999999999999652e-24
6.939000000000000057e+01 4.864999999999999633e-24
7.209000000000000341e+01 6.559999999999999793e-24
7.490000000000000568e+01 8.736000000000000244e-24
7.781000000000000227e+01 1.149000000000000016e-23
8.084000000000000341e+01 1.494999999999999992e-23
8.398999999999999488e+01 1.924999999999999876e-23
8.726000000000000512e+01 2.453000000000000144e-23
9.065999999999999659e+01 3.096999999999999937e-23
9.418999999999999773e+01 3.875000000000000159e-23
9.784999999999999432e+01 4.807000000000000018e-23
1.017000000000000028e+02 5.915000000000000554e-23
1.055999999999999943e+02 7.224000000000000411e-23
1.097000000000000028e+02 8.758000000000000403e-23
1.140000000000000000e+02 1.055000000000000003e-22
1.184000000000000057e+02 1.261999999999999939e-22
1.230999999999999943e+02 1.499999999999999955e-22
1.277999999999999972e+02 1.773000000000000071e-22
1.328000000000000114e+02 2.084000000000000006e-22
1.380000000000000000e+02 2.435999999999999950e-22
1.434000000000000057e+02 2.834000000000000219e-22
1.489000000000000057e+02 3.280000000000000235e-22
1.546999999999999886e+02 3.779999999999999906e-22
1.608000000000000114e+02 4.335999999999999831e-22
1.670000000000000000e+02 4.954000000000000388e-22
1.735000000000000000e+02 5.637000000000000357e-22
1.803000000000000114e+02 6.390000000000000054e-22
1.873000000000000114e+02 7.216999999999999733e-22
1.945999999999999943e+02 8.122999999999999710e-22
2.021999999999999886e+02 9.112999999999999361e-22
2.100999999999999943e+02 1.018999999999999982e-21
2.181999999999999886e+02 1.136000000000000051e-21
2.266999999999999886e+02 1.263000000000000002e-21
2.355999999999999943e+02 1.400000000000000021e-21
2.446999999999999886e+02 1.547999999999999984e-21
2.543000000000000114e+02 1.707000000000000079e-21
2.641999999999999886e+02 1.876999999999999930e-21
2.743999999999999773e+02 2.059999999999999851e-21
2.851000000000000227e+02 2.255000000000000155e-21
2.961999999999999886e+02 2.463999999999999841e-21
3.078000000000000114e+02 2.685999999999999974e-21
3.196999999999999886e+02 2.922999999999999927e-21
3.321999999999999886e+02 3.174000000000000015e-21
3.451000000000000227e+02 3.440000000000000299e-21
3.586000000000000227e+02 3.722000000000000091e-21
3.725000000000000000e+02 4.020000000000000144e-21
3.870000000000000000e+02 4.334999999999999768e-21
4.021000000000000227e+02 4.666999999999999715e-21
4.178000000000000114e+02 5.015999999999999986e-21
4.340000000000000000e+02 5.382999999999999892e-21
4.508999999999999773e+02 5.769000000000000248e-21
4.685000000000000000e+02 6.173000000000000238e-21
4.866999999999999886e+02 6.596999999999999990e-21
5.056999999999999886e+02 7.040999999999999503e-21
5.252999999999999545e+02 7.505000000000000281e-21
5.457999999999999545e+02 7.990000000000000132e-21
5.671000000000000227e+02 8.496000000000000560e-21
5.891000000000000227e+02 9.023000000000000059e-21
6.121000000000000227e+02 9.571999999999999447e-21
6.358999999999999773e+02 1.013999999999999928e-20
6.607000000000000455e+02 1.073999999999999964e-20
6.863999999999999773e+02 1.135000000000000063e-20
7.131000000000000227e+02 1.199000000000000051e-20
7.408999999999999773e+02 1.265999999999999928e-20
7.697000000000000455e+02 1.334999999999999932e-20
7.997000000000000455e+02 1.405999999999999912e-20
8.307999999999999545e+02 1.480000000000000081e-20
8.632000000000000455e+02 1.556000000000000077e-20
8.967999999999999545e+02 1.635000000000000111e-20
9.317000000000000455e+02 1.715999999999999971e-20
9.680000000000000000e+02 1.799999999999999871e-20
1.006000000000000000e+03 1.885999999999999897e-20
1.045000000000000000e+03 1.974999999999999963e-20
1.085000000000000000e+03 2.067000000000000068e-20
1.128000000000000000e+03 2.160999999999999999e-20
1.172000000000000000e+03 2.257999999999999969e-20
1.217000000000000000e+03 2.357999999999999979e-20
1.265000000000000000e+03 2.460000000000000115e-20
1.314000000000000000e+03 2.564999999999999989e-20
1.365000000000000000e+03 2.672999999999999903e-20
1.418000000000000000e+03 2.782999999999999944e-20
1.473000000000000000e+03 2.895999999999999723e-20
1.531000000000000000e+03 3.010999999999999930e-20
1.590000000000000000e+03 3.128999999999999875e-20
1.652000000000000000e+03 3.250000000000000160e-20
1.717000000000000000e+03 3.373000000000000271e-20
1.783000000000000000e+03 3.499000000000000121e-20
1.853000000000000000e+03 3.625999999999999883e-20
1.925000000000000000e+03 3.756999999999999899e-20
2.000000000000000000e+03 3.888999999999999827e-20
-----------------------


Townsend attach. coef. eta/N (m2)
COMMENT: generated by bolsig_convert.py
-----------------------
1.000000000000000000e+00 1.203000000000000070e-18
1.038999999999999924e+00 1.186000000000000083e-18
1.078999999999999959e+00 1.168999999999999904e-18
1.120999999999999996e+00 1.151999999999999918e-18
1.165000000000000036e+00 1.135999999999999964e-18
1.209999999999999964e+00 1.121000000000000044e-18
1.258000000000000007e+00 1.105000000000000091e-18
1.306999999999999940e+00 1.089999999999999978e-18
1.356999999999999984e+00 1.075000000000000058e-18
1.409999999999999920e+00 1.060999999999999978e-18
1.465000000000000080e+00 1.047000000000000091e-18
1.522000000000000020e+00 1.033000000000000012e-18
1.580999999999999961e+00 1.018999999999999932e-18
1.643000000000000016e+00 1.005000000000000045e-18
1.707000000000000073e+00 9.911999999999999720e-19
1.772999999999999909e+00 9.774000000000000917e-19
1.842999999999999972e+00 9.636000000000000187e-19
1.913999999999999924e+00 9.495000000000000321e-19
1.989000000000000101e+00 9.350999999999999392e-19
2.065999999999999837e+00 9.201000000000000191e-19
2.146999999999999797e+00 9.045000000000000790e-19
2.229999999999999982e+00 8.880000000000000127e-19
2.317000000000000171e+00 8.702999999999999066e-19
2.407000000000000028e+00 8.513999999999999532e-19
2.500999999999999890e+00 8.310999999999999534e-19
2.597999999999999865e+00 8.096000000000000100e-19
2.700000000000000178e+00 7.869000000000000268e-19
2.805000000000000160e+00 7.634000000000000170e-19
2.914000000000000146e+00 7.394999999999999940e-19
3.027000000000000135e+00 7.153999999999999643e-19
3.145000000000000018e+00 6.913000000000000309e-19
3.267999999999999794e+00 6.675000000000000112e-19
3.395000000000000018e+00 6.440000000000000014e-19
3.527000000000000135e+00 6.210000000000000082e-19
3.664000000000000146e+00 5.984000000000000283e-19
3.806999999999999940e+00 5.763999999999999721e-19
3.955000000000000071e+00 5.549000000000000287e-19
4.108999999999999986e+00 5.340000000000000089e-19
4.269000000000000128e+00 3.159999999999999941e-19
4.434999999999999609e+00 2.917000000000000059e-19
4.607999999999999652e+00 2.696999999999999978e-19
4.788000000000000256e+00 2.500000000000000179e-19
4.974000000000000199e+00 2.321000000000000014e-19
5.168000000000000149e+00 2.159999999999999966e-19
5.368999999999999773e+00 2.012999999999999901e-19
5.578000000000000291e+00 1.877999999999999993e-19
5.794999999999999929e+00 1.755000000000000002e-19
6.020999999999999908e+00 1.642000000000000103e-19
6.254999999999999893e+00 1.539000000000000054e-19
6.498999999999999666e+00 1.442999999999999997e-19
6.751999999999999780e+00 1.354999999999999964e-19
7.014000000000000234e+00 1.272999999999999890e-19
7.288000000000000256e+00 1.198000000000000048e-19
7.570999999999999730e+00 1.127999999999999891e-19
7.865999999999999659e+00 1.063000000000000020e-19
8.172000000000000597e+00 1.002999999999999954e-19
8.490000000000000213e+00 9.473999999999999865e-20
8.820999999999999730e+00 8.956999999999999794e-20
9.164999999999999147e+00 8.476999999999999508e-20
9.521000000000000796e+00 8.030000000000000557e-20
9.891999999999999460e+00 7.615000000000000021e-20
1.027999999999999936e+01 7.228999999999999966e-20
1.067999999999999972e+01 6.870000000000000567e-20
1.108999999999999986e+01 6.535000000000000279e-20
1.151999999999999957e+01 6.224000000000000306e-20
1.197000000000000064e+01 5.934999999999999620e-20
1.243999999999999950e+01 5.665000000000000286e-20
1.291999999999999993e+01 5.412999999999999985e-20
1.342999999999999972e+01 5.178999999999999920e-20
1.394999999999999929e+01 4.959999999999999752e-20
1.449000000000000021e+01 4.756000000000000082e-20
1.506000000000000050e+01 4.563999999999999967e-20
1.564000000000000057e+01 4.384999999999999923e-20
1.625000000000000000e+01 4.217000000000000123e-20
1.689000000000000057e+01 4.059000000000000054e-20
1.753999999999999915e+01 3.909999999999999802e-20
1.823000000000000043e+01 3.769999999999999969e-20
1.894000000000000128e+01 3.637000000000000128e-20
1.967000000000000171e+01 3.509999999999999764e-20
2.044000000000000128e+01 3.389000000000000080e-20
2.123000000000000043e+01 3.272999999999999961e-20
2.205999999999999872e+01 3.162000000000000007e-20
2.292000000000000171e+01 3.054999999999999705e-20
2.380999999999999872e+01 2.952000000000000258e-20
2.473999999999999844e+01 2.851999999999999948e-20
2.569999999999999929e+01 2.754999999999999978e-20
2.669999999999999929e+01 2.660000000000000134e-20
2.773999999999999844e+01 2.568000000000000029e-20
2.882000000000000028e+01 2.478000000000000050e-20
2.994999999999999929e+01 2.389999999999999898e-20
3.110999999999999943e+01 2.303999999999999871e-20
3.232000000000000028e+01 2.219999999999999972e-20
3.357999999999999829e+01 2.136999999999999985e-20
3.489000000000000057e+01 2.057000000000000037e-20
3.625000000000000000e+01 1.977000000000000090e-20
3.765999999999999659e+01 1.899999999999999881e-20
3.913000000000000256e+01 1.823999999999999886e-20
4.064999999999999858e+01 1.750000000000000017e-20
4.222999999999999687e+01 1.677000000000000061e-20
4.388000000000000256e+01 1.605999999999999931e-20
4.557999999999999829e+01 1.536999999999999927e-20
4.735999999999999943e+01 1.470000000000000050e-20
4.920000000000000284e+01 1.404000000000000086e-20
5.111999999999999744e+01 1.339999999999999948e-20
5.310999999999999943e+01 1.278999999999999999e-20
5.517999999999999972e+01 1.218999999999999963e-20
5.732000000000000028e+01 1.161000000000000054e-20
5.956000000000000227e+01 1.106000000000000034e-20
6.186999999999999744e+01 1.051999999999999926e-20
6.428000000000000114e+01 1.001000000000000008e-20
6.679000000000000625e+01 9.516000000000000416e-21
6.939000000000000057e+01 9.044999999999999947e-21
7.209000000000000341e+01 8.594000000000000743e-21
7.490000000000000568e+01 8.162999999999999796e-21
7.781000000000000227e+01 7.752999999999999426e-21
8.084000000000000341e+01 7.361999999999999506e-21
8.398999999999999488e+01 6.990000000000000036e-21
8.726000000000000512e+01 6.635000000000000138e-21
9.065999999999999659e+01 6.298999999999999937e-21
9.418999999999999773e+01 5.978999999999999997e-21
9.784999999999999432e+01 5.675000000000000317e-21
1.017000000000000028e+02 5.386000000000000082e-21
1.055999999999999943e+02 5.112000000000000043e-21
1.097000000000000028e+02 4.852000000000000139e-21
1.140000000000000000e+02 4.605000000000000305e-21
1.184000000000000057e+02 4.369999999999999726e-21
1.230999999999999943e+02 4.147999999999999969e-21
1.277999999999999972e+02 3.937000000000000157e-21
1.328000000000000114e+02 3.736000000000000225e-21
1.380000000000000000e+02 3.546000000000000237e-21
1.434000000000000057e+02 3.366000000000000129e-21
1.489000000000000057e+02 3.194999999999999839e-21
1.546999999999999886e+02 3.033000000000000118e-21
1.608000000000000114e+02 2.879000000000000152e-21
1.670000000000000000e+02 2.731999999999999876e-21
1.735000000000000000e+02 2.594000000000000170e-21
1.803000000000000114e+02 2.462000000000000091e-21
1.873000000000000114e+02 2.337000000000000079e-21
1.945999999999999943e+02 2.219000000000000134e-21
2.021999999999999886e+02 2.106000000000000129e-21
2.100999999999999943e+02 1.999000000000000128e-21
2.181999999999999886e+02 1.898000000000000130e-21
2.266999999999999886e+02 1.801000000000000010e-21
2.355999999999999943e+02 1.709999999999999893e-21
2.446999999999999886e+02 1.623000000000000029e-21
2.543000000000000114e+02 1.540999999999999917e-21
2.641999999999999886e+02 1.463000000000000059e-21
2.743999999999999773e+02 1.388000000000000014e-21
2.851000000000000227e+02 1.317999999999999909e-21
2.961999999999999886e+02 1.250999999999999995e-21
3.078000000000000114e+02 1.187000000000000082e-21
3.196999999999999886e+02 1.127000000000000046e-21
3.321999999999999886e+02 1.068999999999999949e-21
3.451000000000000227e+02 1.014999999999999916e-21
3.586000000000000227e+02 9.632000000000000235e-22
3.725000000000000000e+02 9.139999999999999189e-22
3.870000000000000000e+02 8.673999999999999788e-22
4.021000000000000227e+02 8.229999999999999899e-22
4.178000000000000114e+02 7.808999999999999585e-22
4.340000000000000000e+02 7.409999999999999723e-22
4.508999999999999773e+02 7.030000000000000123e-22
4.685000000000000000e+02 6.669999999999999908e-22
4.866999999999999886e+02 6.326999999999999829e-22
5.056999999999999886e+02 6.001999999999999948e-22
5.252999999999999545e+02 5.694000000000000203e-22
5.457999999999999545e+02 5.401000000000000467e-22
5.671000000000000227e+02 5.121999999999999736e-22
5.891000000000000227e+02 4.857999999999999954e-22
6.121000000000000227e+02 4.607000000000000055e-22
6.358999999999999773e+02 4.369000000000000039e-22
6.607000000000000455e+02 4.141999999999999778e-22
6.863999999999999773e+02 3.927999999999999869e-22
7.131000000000000227e+02 3.724000000000000124e-22
7.408999999999999773e+02 3.530000000000000070e-22
7.697000000000000455e+02 3.346999999999999773e-22
7.997000000000000455e+02 3.171999999999999982e-22
8.307999999999999545e+02 3.005999999999999820e-22
8.632000000000000455e+02 2.849000000000000228e-22
8.967999999999999545e+02 2.700000000000000202e-22
9.317000000000000455e+02 2.558000000000000148e-22
9.680000000000000000e+02 2.424000000000000131e-22
1.006000000000000000e+03 2.296000000000000023e-22
1.045000000000000000e+03 2.173999999999999825e-22
1.085000000000000000e+03 2.059000000000000070e-22
1.128000000000000000e+03 1.949999999999999989e-22
1.172000000000000000e+03 1.845999999999999990e-22
1.217000000000000000e+03 1.747000000000000071e-22
1.265000000000000000e+03 1.654000000000000063e-22
1.314000000000000000e+03 1.565000000000000073e-22
1.365000000000000000e+03 1.480000000000000100e-22
1.418000000000000000e+03 1.399999999999999974e-22
1.473000000000000000e+03 1.324000000000000101e-22
1.531000000000000000e+03 1.252000000000000011e-22
1.590000000000000000e+03 1.183000000000000111e-22
1.652000000000000000e+03 1.117999999999999994e-22
1.717000000000000000e+03 1.055999999999999949e-22
1.783000000000000000e+03 9.975000000000000079e-23
1.853000000000000000e+03 9.417999999999999856e-23
1.925000000000000000e+03 8.889999999999999588e-23
2.000000000000000000e+03 8.388000000000000495e-23
-----------------------


C3 C4F7N Ionization 14.00 eV
COMMENT: generated by bolsig_convert.py
-----------------------
1.000000000000000000e+00 0.000000000000000000e+00
1.038999999999999924e+00 0.000000000000000000e+00
1.078999999999999959e+00 0.000000000000000000e+00
1.120999999999999996e+00 0.000000000000000000e+00
1.165000000000000036e+00 0.000000000000000000e+00
1.209999999999999964e+00 0.000000000000000000e+00
1.258000000000000007e+00 0.000000000000000000e+00
1.306999999999999940e+00 0.000000000000000000e+00
1.356999999999999984e+00 0.000000000000000000e+00
1.409999999999999920e+00 0.000000000000000000e+00
1.465000000000000080e+00 0.000000000000000000e+00
1.522000000000000020e+00 0.000000000000000000e+00
1.580999999999999961e+00 0.000000000000000000e+00
1.643000000000000016e+00 0.000000000000000000e+00
1.707000000000000073e+00 0.000000000000000000e+00
1.772999999999999909e+00 0.000000000000000000e+00
1.842999999999999972e+00 0.000000000000000000e+00
1.913999999999999924e+00 0.000000000000000000e+00
1.989000000000000101e+00 0.000000000000000000e+00
2.065999999999999837e+00 0.000000000000000000e+00
2.146999999999999797e+00 0.000000000000000000e+00
2.229999999999999982e+00 0.000000000000000000e+00
2.317000000000000171e+00 0.000000000000000000e+00
2.407000000000000028e+00 0.000000000000000000e+00
2.500999999999999890e+00 0.000000000000000000e+00
2.597999999999999865e+00 0.000000000000000000e+00
2.700000000000000178e+00 0.000000000000000000e+00
2.805000000000000160e+00 0.000000000000000000e+00
2.914000000000000146e+00 0.000000000000000000e+00
3.027000000000000135e+00 0.000000000000000000e+00
3.145000000000000018e+00 0.000000000000000000e+00
3.267999999999999794e+00 0.000000000000000000e+00
3.395000000000000018e+00 0.000000000000000000e+00
3.527000000000000135e+00 0.000000000000000000e+00
3.664000000000000146e+00 0.000000000000000000e+00
3.806999999999999940e+00 0.000000000000000000e+00
3.955000000000000071e+00 0.000000000000000000e+00
4.108999999999999986e+00 0.000000000000000000e+00
4.269000000000000128e+00 0.000000000000000000e+00
4.434999999999999609e+00 0.000000000000000000e+00
4.607999999999999652e+00 0.000000000000000000e+00
4.788000000000000256e+00 0.000000000000000000e+00
4.974000000000000199e+00 0.000000000000000000e+00
5.168000000000000149e+00 0.000000000000000000e+00
5.368999999999999773e+00 0.000000000000000000e+00
5.578000000000000291e+00 0.000000000000000000e+00
5.794999999999999929e+00 0.000000000000000000e+00
6.020999999999999908e+00 0.000000000000000000e+00
6.254999999999999893e+00 0.000000000000000000e+00
6.498999999999999666e+00 0.000000000000000000e+00
6.751999999999999780e+00 0.000000000000000000e+00
7.014000000000000234e+00 0.000000000000000000e+00
7.288000000000000256e+00 0.000000000000000000e+00
7.570999999999999730e+00 0.000000000000000000e+00
7.865999999999999659e+00 0.000000000000000000e+00
8.172000000000000597e+00 0.000000000000000000e+00
8.490000000000000213e+00 0.000000000000000000e+00
8.820999999999999730e+00 0.000000000000000000e+00
9.164999999999999147e+00 0.000000000000000000e+00
9.521000000000000796e+00 0.000000000000000000e+00
9.891999999999999460e+00 0.000000000000000000e+00
1.027999999999999936e+01 0.000000000000000000e+00
1.067999999999999972e+01 0.000000000000000000e+00
1.108999999999999986e+01 0.000000000000000000e+00
1.151999999999999957e+01 0.000000000000000000e+00
1.197000000000000064e+01 0.000000000000000000e+00
1.243999999999999950e+01 0.000000000000000000e+00
1.291999999999999993e+01 0.000000000000000000e+00
1.342999999999999972e+01 0.000000000000000000e+00
1.394999999999999929e+01 0.000000000000000000e+00
1.449000000000000021e+01 0.000000000000000000e+00
1.506000000000000050e+01 0.000000000000000000e+00
1.564000000000000057e+01 0.000000000000000000e+00
1.625000000000000000e+01 0.000000000000000000e+00
1.689000000000000057e+01 0.000000000000000000e+00
1.753999999999999915e+01 0.000000000000000000e+00
1.823000000000000043e+01 0.000000000000000000e+00
1.894000000000000128e+01 0.000000000000000000e+00
1.967000000000000171e+01 0.000000000000000000e+00
2.044000000000000128e+01 0.000000000000000000e+00
2.123000000000000043e+01 0.000000000000000000e+00
2.205999999999999872e+01 0.000000000000000000e+00
2.292000000000000171e+01 0.000000000000000000e+00
2.380999999999999872e+01 0.000000000000000000e+00
2.473999999999999844e+01 1.691000000000000057e-28
2.569999999999999929e+01 5.555000000000000379e-28
2.669999999999999929e+01 1.719000000000000126e-27
2.773999999999999844e+01 5.019999999999999992e-27
2.882000000000000028e+01 1.388000000000000030e-26
2.994999999999999929e+01 3.641999999999999790e-26
3.110999999999999943e+01 2.035999999999999975e-25
3.232000000000000028e+01 5.177000000000000036e-25
3.357999999999999829e+01 1.259999999999999922e-24
3.489000000000000057e+01 2.944999999999999927e-24
3.625000000000000000e+01 6.618999999999999443e-24
3.765999999999999659e+01 1.432999999999999947e-23
3.913000000000000256e+01 2.997000000000000073e-23
4.064999999999999858e+01 6.132000000000000417e-23
4.222999999999999687e+01 1.205000000000000093e-22
4.388000000000000256e+01 2.298000000000000150e-22
4.557999999999999829e+01 4.266000000000000102e-22
4.735999999999999943e+01 7.712000000000000029e-22
4.920000000000000284e+01 1.359999999999999934e-21
5.111999999999999744e+01 2.344999999999999833e-21
5.310999999999999943e+01 3.953999999999999728e-21
5.517999999999999972e+01 6.535999999999999891e-21
5.732000000000000028e+01 1.059000000000000068e-20
5.956000000000000227e+01 1.683000000000000140e-20
6.186999999999999744e+01 2.630000000000000041e-20
6.428000000000000114e+01 4.043000000000000245e-20
6.679000000000000625e+01 6.119000000000000432e-20
6.939000000000000057e+01 9.124000000000000283e-20
7.209000000000000341e+01 1.342000000000000014e-19
7.490000000000000568e+01 1.947999999999999909e-19
7.781000000000000227e+01 2.790000000000000176e-19
8.084000000000000341e+01 3.950000000000000167e-19
8.398999999999999488e+01 5.529999999999999656e-19
8.726000000000000512e+01 7.655999999999999938e-19
9.065999999999999659e+01 1.048999999999999965e-18
9.418999999999999773e+01 1.424000000000000088e-18
9.784999999999999432e+01 1.913999999999999984e-18
1.017000000000000028e+02 2.549999999999999913e-18
1.055999999999999943e+02 3.368999999999999946e-18
1.097000000000000028e+02 4.413999999999999778e-18
1.140000000000000000e+02 5.737999999999999820e-18
1.184000000000000057e+02 7.404000000000000046e-18
1.230999999999999943e+02 9.484999999999999989e-18
1.277999999999999972e+02 1.206999999999999972e-17
1.328000000000000114e+02 1.525000000000000128e-17
1.380000000000000000e+02 1.915999999999999974e-17
1.434000000000000057e+02 2.391999999999999906e-17
1.489000000000000057e+02 2.969000000000000148e-17
1.546999999999999886e+02 3.664000000000000225e-17
1.608000000000000114e+02 4.497999999999999947e-17
1.670000000000000000e+02 5.492999999999999969e-17
1.735000000000000000e+02 6.674000000000000078e-17
1.803000000000000114e+02 8.070999999999999655e-17
1.873000000000000114e+02 9.715999999999999761e-17
1.945999999999999943e+02 1.164000000000000031e-16
2.021999999999999886e+02 1.388999999999999989e-16
2.100999999999999943e+02 1.651000000000000105e-16
2.181999999999999886e+02 1.954000000000000049e-16
2.266999999999999886e+02 2.304000000000000066e-16
2.355999999999999943e+02 2.705999999999999992e-16
2.446999999999999886e+02 3.167999999999999906e-16
2.543000000000000114e+02 3.694999999999999891e-16
2.641999999999999886e+02 4.294999999999999780e-16
2.743999999999999773e+02 4.976999999999999818e-16
2.851000000000000227e+02 5.749999999999999757e-16
2.961999999999999886e+02 6.621999999999999924e-16
3.078000000000000114e+02 7.603999999999999906e-16
3.196999999999999886e+02 8.707999999999999702e-16
3.321999999999999886e+02 9.943999999999999473e-16
3.451000000000000227e+02 1.133000000000000070e-15
3.586000000000000227e+02 1.287000000000000008e-15
3.725000000000000000e+02 1.458000000000000026e-15
3.870000000000000000e+02 1.648999999999999974e-15
4.021000000000000227e+02 1.859999999999999853e-15
4.178000000000000114e+02 2.092999999999999892e-15
4.340000000000000000e+02 2.351000000000000140e-15
4.508999999999999773e+02 2.635000000000000021e-15
4.685000000000000000e+02 2.946999999999999964e-15
4.866999999999999886e+02 3.288999999999999999e-15
5.056999999999999886e+02 3.664000000000000373e-15
5.252999999999999545e+02 4.075000000000000149e-15
5.457999999999999545e+02 4.523000000000000329e-15
5.671000000000000227e+02 5.013000000000000008e-15
5.891000000000000227e+02 5.544999999999999975e-15
6.121000000000000227e+02 6.124000000000000115e-15
6.358999999999999773e+02 6.752999999999999883e-15
6.607000000000000455e+02 7.434000000000000496e-15
6.863999999999999773e+02 8.172999999999999291e-15
7.131000000000000227e+02 8.971000000000000031e-15
7.408999999999999773e+02 9.834000000000000052e-15
7.697000000000000455e+02 1.075999999999999972e-14
7.997000000000000455e+02 1.176999999999999996e-14
8.307999999999999545e+02 1.285000000000000015e-14
8.632000000000000455e+02 1.401000000000000007e-14
8.967999999999999545e+02 1.525000000000000128e-14
9.317000000000000455e+02 1.658999999999999860e-14
9.680000000000000000e+02 1.801999999999999857e-14
1.006000000000000000e+03 1.956000000000000072e-14
1.045000000000000000e+03 2.120000000000000054e-14
1.085000000000000000e+03 2.294999999999999940e-14
1.128000000000000000e+03 2.481999999999999862e-14
1.172000000000000000e+03 2.681999999999999957e-14
1.217000000000000000e+03 2.894000000000000088e-14
1.265000000000000000e+03 3.120000000000000211e-14
1.314000000000000000e+03 3.361000000000000143e-14
1.365000000000000000e+03 3.616000000000000066e-14
1.418000000000000000e+03 3.888000000000000069e-14
1.473000000000000000e+03 4.174999999999999881e-14
1.531000000000000000e+03 4.478999999999999772e-14
1.590000000000000000e+03 4.801000000000000192e-14
1.652000000000000000e+03 5.141999999999999698e-14
1.717000000000000000e+03 5.502000000000000184e-14
1.783000000000000000e+03 5.881000000000000386e-14
1.853000000000000000e+03 6.280999999999999944e-14
1.925000000000000000e+03 6.700999999999999669e-14
2.000000000000000000e+03 7.143999999999999650e-14
-----------------------


C4 C4F7N Attachment
COMMENT: generated by bolsig_convert.py
-----------------------
1.000000000000000000e+00 2.886000000000000274e-14
1.038999999999999924e+00 2.954999999999999778e-14
1.078999999999999959e+00 3.024999999999999732e-14
1.120999999999999996e+00 3.097999999999999775e-14
1.165000000000000036e+00 3.173999999999999905e-14
1.209999999999999964e+00 3.252000000000000305e-14
1.258000000000000007e+00 3.333000000000000162e-14
1.306999999999999940e+00 3.416000000000000288e-14
1.356999999999999984e+00 3.502999999999999690e-14
1.409999999999999920e+00 3.591999999999999992e-14
1.465000000000000080e+00 3.683999999999999751e-14
1.522000000000000020e+00 3.780000000000000049e-14
1.580999999999999961e+00 3.877999999999999985e-14
1.643000000000000016e+00 3.979999999999999828e-14
1.707000000000000073e+00 4.083999999999999940e-14
1.772999999999999909e+00 4.191999999999999960e-14
1.842999999999999972e+00 4.302000000000000248e-14
1.913999999999999924e+00 4.414999999999999994e-14
1.989000000000000101e+00 4.530000000000000009e-14
2.065999999999999837e+00 4.647000000000000293e-14
2.146999999999999797e+00 4.764999999999999765e-14
2.229999999999999982e+00 4.882999999999999868e-14
2.317000000000000171e+00 4.997999999999999883e-14
2.407000000000000028e+00 5.111000000000000259e-14
2.500999999999999890e+00 5.217000000000000010e-14
2.597999999999999865e+00 5.317000000000000215e-14
2.700000000000000178e+00 5.406999999999999705e-14
2.805000000000000160e+00 5.488000000000000193e-14
2.914000000000000146e+00 5.561000000000000235e-14
3.027000000000000135e+00 5.625000000000000013e-14
3.145000000000000018e+00 5.681999999999999795e-14
3.267999999999999794e+00 5.732000000000000213e-14
3.395000000000000018e+00 5.777000000000000274e-14
3.527000000000000135e+00 5.817000000000000609e-14
3.664000000000000146e+00 5.853999999999999593e-14
3.806999999999999940e+00 5.887000000000000563e-14
3.955000000000000071e+00 5.915999999999999732e-14
4.108999999999999986e+00 5.943000000000000526e-14
4.269000000000000128e+00 4.917999999999999845e-14
4.434999999999999609e+00 4.815000000000000183e-14
4.607999999999999652e+00 4.707999999999999982e-14
4.788000000000000256e+00 4.602000000000000232e-14
4.974000000000000199e+00 4.497000000000000301e-14
5.168000000000000149e+00 4.390999999999999920e-14
5.368999999999999773e+00 4.286999999999999807e-14
5.578000000000000291e+00 4.182999999999999695e-14
5.794999999999999929e+00 4.080000000000000033e-14
6.020999999999999908e+00 3.979000000000000009e-14
6.254999999999999893e+00 3.877999999999999985e-14
6.498999999999999666e+00 3.779000000000000230e-14
6.751999999999999780e+00 3.681000000000000294e-14
7.014000000000000234e+00 3.585999999999999816e-14
7.288000000000000256e+00 3.491999999999999787e-14
7.570999999999999730e+00 3.400000000000000028e-14
7.865999999999999659e+00 3.309999999999999906e-14
8.172000000000000597e+00 3.222000000000000054e-14
8.490000000000000213e+00 3.137000000000000290e-14
8.820999999999999730e+00 3.054999999999999983e-14
9.164999999999999147e+00 2.974999999999999945e-14
9.521000000000000796e+00 2.897000000000000177e-14
9.891999999999999460e+00 2.823000000000000000e-14
1.027999999999999936e+01 2.751000000000000092e-14
1.067999999999999972e+01 2.683000000000000091e-14
1.108999999999999986e+01 2.617000000000000044e-14
1.151999999999999957e+01 2.554000000000000086e-14
1.197000000000000064e+01 2.495000000000000034e-14
1.243999999999999950e+01 2.439000000000000071e-14
1.291999999999999993e+01 2.385000000000000061e-14
1.342999999999999972e+01 2.334999999999999959e-14
1.394999999999999929e+01 2.287000000000000125e-14
1.449000000000000021e+01 2.242999999999999884e-14
1.506000000000000050e+01 2.200999999999999911e-14
1.564000000000000057e+01 2.162000000000000027e-14
1.625000000000000000e+01 2.125999999999999915e-14
1.689000000000000057e+01 2.092000000000000073e-14
1.753999999999999915e+01 2.059999999999999868e-14
1.823000000000000043e+01 2.029999999999999933e-14
1.894000000000000128e+01 2.001999999999999951e-14
1.967000000000000171e+01 1.975999999999999923e-14
2.044000000000000128e+01 1.951000000000000030e-14
2.123000000000000043e+01 1.926999999999999955e-14
2.205999999999999872e+01 1.902999999999999881e-14
2.292000000000000171e+01 1.879999999999999941e-14
2.380999999999999872e+01 1.858000000000000136e-14
2.473999999999999844e+01 1.834999999999999880e-14
2.569999999999999929e+01 1.811999999999999940e-14
2.669999999999999929e+01 1.789000000000000001e-14
2.773999999999999844e+01 1.764000000000000107e-14
2.882000000000000028e+01 1.738999999999999898e-14
2.994999999999999929e+01 1.712999999999999870e-14
3.110999999999999943e+01 1.684999999999999888e-14
3.232000000000000028e+01 1.656000000000000088e-14
3.357999999999999829e+01 1.626000000000000152e-14
3.489000000000000057e+01 1.595000000000000083e-14
3.625000000000000000e+01 1.562000000000000059e-14
3.765999999999999659e+01 1.527999999999999901e-14
3.913000000000000256e+01 1.492999999999999924e-14
4.064999999999999858e+01 1.457000000000000128e-14
4.222999999999999687e+01 1.420000000000000039e-14
4.388000000000000256e+01 1.383999999999999928e-14
4.557999999999999829e+01 1.346000000000000020e-14
4.735999999999999943e+01 1.308999999999999932e-14
4.920000000000000284e+01 1.272000000000000001e-14
5.111999999999999744e+01 1.235000000000000070e-14
5.310999999999999943e+01 1.197999999999999982e-14
5.517999999999999972e+01 1.163000000000000005e-14
5.732000000000000028e+01 1.128000000000000028e-14
5.956000000000000227e+01 1.093000000000000051e-14
6.186999999999999744e+01 1.060000000000000027e-14
6.428000000000000114e+01 1.027000000000000004e-14
6.679000000000000625e+01 9.956999999999999881e-15
6.939000000000000057e+01 9.651000000000000036e-15
7.209000000000000341e+01 9.354999999999999960e-15
7.490000000000000568e+01 9.068999999999999651e-15
7.781000000000000227e+01 8.791999999999999292e-15
8.084000000000000341e+01 8.525000000000000278e-15
8.398999999999999488e+01 8.266999999999999635e-15
8.726000000000000512e+01 8.017000000000000701e-15
9.065999999999999659e+01 7.776000000000000137e-15
9.418999999999999773e+01 7.543999999999999523e-15
9.784999999999999432e+01 7.318999999999999219e-15
1.017000000000000028e+02 7.101000000000000016e-15
1.055999999999999943e+02 6.891000000000000153e-15
1.097000000000000028e+02 6.686999999999999994e-15
1.140000000000000000e+02 6.490000000000000145e-15
1.184000000000000057e+02 6.299999999999999819e-15
1.230999999999999943e+02 6.115000000000000166e-15
1.277999999999999972e+02 5.936000000000000215e-15
1.328000000000000114e+02 5.762000000000000149e-15
1.380000000000000000e+02 5.592999999999999966e-15
1.434000000000000057e+02 5.430000000000000276e-15
1.489000000000000057e+02 5.271999999999999681e-15
1.546999999999999886e+02 5.117999999999999939e-15
1.608000000000000114e+02 4.968000000000000263e-15
1.670000000000000000e+02 4.822999999999999682e-15
1.735000000000000000e+02 4.681999999999999954e-15
1.803000000000000114e+02 4.546000000000000111e-15
1.873000000000000114e+02 4.412999999999999725e-15
1.945999999999999943e+02 4.284000000000000192e-15
2.021999999999999886e+02 4.158000000000000117e-15
2.100999999999999943e+02 4.036000000000000107e-15
2.181999999999999886e+02 3.918000000000000162e-15
2.266999999999999886e+02 3.802999999999999673e-15
2.355999999999999943e+02 3.691000000000000220e-15
2.446999999999999886e+02 3.582000000000000224e-15
2.543000000000000114e+02 3.476999999999999898e-15
2.641999999999999886e+02 3.373999999999999999e-15
2.743999999999999773e+02 3.275000000000000166e-15
2.851000000000000227e+02 3.177999999999999970e-15
2.961999999999999886e+02 3.084000000000000020e-15
3.078000000000000114e+02 2.992999999999999922e-15
3.196999999999999886e+02 2.903999999999999856e-15
3.321999999999999886e+02 2.818000000000000037e-15
3.451000000000000227e+02 2.733999999999999855e-15
3.586000000000000227e+02 2.652999999999999919e-15
3.725000000000000000e+02 2.574000000000000016e-15
3.870000000000000000e+02 2.497000000000000146e-15
4.021000000000000227e+02 2.423000000000000126e-15
4.178000000000000114e+02 2.351000000000000140e-15
4.340000000000000000e+02 2.279999999999999972e-15
4.508999999999999773e+02 2.212000000000000050e-15
4.685000000000000000e+02 2.146000000000000161e-15
4.866999999999999886e+02 2.081000000000000091e-15
5.056999999999999886e+02 2.018999999999999873e-15
5.252999999999999545e+02 1.957999999999999867e-15
5.457999999999999545e+02 1.900000000000000108e-15
5.671000000000000227e+02 1.841999999999999955e-15
5.891000000000000227e+02 1.787000000000000047e-15
6.121000000000000227e+02 1.732999999999999958e-15
6.358999999999999773e+02 1.680999999999999902e-15
6.607000000000000455e+02 1.630000000000000060e-15
6.863999999999999773e+02 1.580000000000000036e-15
7.131000000000000227e+02 1.533000000000000061e-15
7.408999999999999773e+02 1.486000000000000086e-15
7.697000000000000455e+02 1.440999999999999947e-15
7.997000000000000455e+02 1.397000000000000021e-15
8.307999999999999545e+02 1.353999999999999914e-15
8.632000000000000455e+02 1.313000000000000036e-15
8.967999999999999545e+02 1.272999999999999978e-15
9.317000000000000455e+02 1.233999999999999936e-15
9.680000000000000000e+02 1.195999999999999910e-15
1.006000000000000000e+03 1.159000000000000098e-15
1.045000000000000000e+03 1.122999999999999907e-15
1.085000000000000000e+03 1.087999999999999930e-15
1.128000000000000000e+03 1.053999999999999969e-15
1.172000000000000000e+03 1.021000000000000025e-15
1.217000000000000000e+03 9.890000000000000962e-16
1.265000000000000000e+03 9.577999999999999047e-16
1.314000000000000000e+03 9.274000000000000419e-16
1.365000000000000000e+03 8.979000000000000555e-16
1.418000000000000000e+03 8.690999999999999623e-16
1.473000000000000000e+03 8.411000000000000003e-16
1.531000000000000000e+03 8.138000000000000300e-16
1.590000000000000000e+03 7.872999999999999938e-16
1.652000000000000000e+03 7.615000000000000479e-16
1.717000000000000000e+03 7.362999999999999540e-16
1.783000000000000000e+03 7.118000000000000489e-16
1.853000000000000000e+03 6.880000000000000369e-16
1.925000000000000000e+03 6.647000000000000330e-16
2.000000000000000000e+03 6.421000000000000207e-16
-----------------------


C5 CO2 Attachment
COMMENT: generated by bolsig_convert.py
-----------------------
1.000000000000000000e+00 0.000000000000000000e+00
1.038999999999999924e+00 0.000000000000000000e+00
1.078999999999999959e+00 0.000000000000000000e+00
1.120999999999999996e+00 0.000000000000000000e+00
1.165000000000000036e+00 0.000000000000000000e+00
1.209999999999999964e+00 0.000000000000000000e+00
1.258000000000000007e+00 0.000000000000000000e+00
1.306999999999999940e+00 0.000000000000000000e+00
1.356999999999999984e+00 0.000000000000000000e+00
1.409999999999999920e+00 0.000000000000000000e+00
1.465000000000000080e+00 0.000000000000000000e+00
1.522000000000000020e+00 0.000000000000000000e+00
1.580999999999999961e+00 0.000000000000000000e+00
1.643000000000000016e+00 0.000000000000000000e+00
1.707000000000000073e+00 0.000000000000000000e+00
1.772999999999999909e+00 0.000000000000000000e+00
1.842999999999999972e+00 0.000000000000000000e+00
1.913999999999999924e+00 0.000000000000000000e+00
1.989000000000000101e+00 0.000000000000000000e+00
2.065999999999999837e+00 0.000000000000000000e+00
2.146999999999999797e+00 0.000000000000000000e+00
2.229999999999999982e+00 0.000000000000000000e+00
2.317000000000000171e+00 0.000000000000000000e+00
2.407000000000000028e+00 0.000000000000000000e+00
2.500999999999999890e+00 0.000000000000000000e+00
2.597999999999999865e+00 0.000000000000000000e+00
2.700000000000000178e+00 0.000000000000000000e+00
2.805000000000000160e+00 0.000000000000000000e+00
2.914000000000000146e+00 0.000000000000000000e+00
3.027000000000000135e+00 0.000000000000000000e+00
3.145000000000000018e+00 0.000000000000000000e+00
3.267999999999999794e+00 0.000000000000000000e+00
3.395000000000000018e+00 0.000000000000000000e+00
3.527000000000000135e+00 0.000000000000000000e+00
3.664000000000000146e+00 0.000000000000000000e+00
3.806999999999999940e+00 0.000000000000000000e+00
3.955000000000000071e+00 0.000000000000000000e+00
4.108999999999999986e+00 0.000000000000000000e+00
4.269000000000000128e+00 0.000000000000000000e+00
4.434999999999999609e+00 0.000000000000000000e+00
4.607999999999999652e+00 0.000000000000000000e+00
4.788000000000000256e+00 0.000000000000000000e+00
4.974000000000000199e+00 0.000000000000000000e+00
5.168000000000000149e+00 0.000000000000000000e+00
5.368999999999999773e+00 0.000000000000000000e+00
5.578000000000000291e+00 0.000000000000000000e+00
5.794999999999999929e+00 1.114999999999999997e-33
6.020999999999999908e+00 3.785000000000000311e-33
6.254999999999999893e+00 1.247000000000000042e-32
6.498999999999999666e+00 3.989999999999999833e-32
6.751999999999999780e+00 1.238000000000000073e-31
7.014000000000000234e+00 3.723000000000000079e-31
7.288000000000000256e+00 1.085000000000000020e-30
7.570999999999999730e+00 3.067000000000000031e-30
7.865999999999999659e+00 8.398000000000000644e-30
8.172000000000000597e+00 2.228999999999999877e-29
8.490000000000000213e+00 5.738000000000000422e-29
8.820999999999999730e+00 1.433000000000000091e-28
9.164999999999999147e+00 8.449000000000000228e-28
9.521000000000000796e+00 2.092999999999999900e-27
9.891999999999999460e+00 5.048000000000000286e-27
1.027999999999999936e+01 1.185999999999999971e-26
1.067999999999999972e+01 2.713999999999999892e-26
1.108999999999999986e+01 6.055000000000000075e-26
1.151999999999999957e+01 1.316999999999999945e-25
1.197000000000000064e+01 2.833999999999999782e-25
1.243999999999999950e+01 5.879999999999999882e-25
1.291999999999999993e+01 1.191999999999999931e-24
1.342999999999999972e+01 2.381000000000000054e-24
1.394999999999999929e+01 4.616000000000000155e-24
1.449000000000000021e+01 8.819000000000000560e-24
1.506000000000000050e+01 1.640000000000000059e-23
1.564000000000000057e+01 3.001999999999999802e-23
1.625000000000000000e+01 5.361999999999999879e-23
1.689000000000000057e+01 9.400999999999999721e-23
1.753999999999999915e+01 1.617999999999999900e-22
1.823000000000000043e+01 2.745999999999999822e-22
1.894000000000000128e+01 4.563000000000000092e-22
1.967000000000000171e+01 7.454999999999999750e-22
2.044000000000000128e+01 1.201000000000000028e-21
2.123000000000000043e+01 1.898999999999999817e-21
2.205999999999999872e+01 2.954000000000000009e-21
2.292000000000000171e+01 4.522000000000000318e-21
2.380999999999999872e+01 6.815000000000000245e-21
2.473999999999999844e+01 1.011999999999999952e-20
2.569999999999999929e+01 1.477000000000000042e-20
2.669999999999999929e+01 2.122000000000000089e-20
2.773999999999999844e+01 3.000000000000000287e-20
2.882000000000000028e+01 4.175000000000000174e-20
2.994999999999999929e+01 5.719000000000000393e-20
3.110999999999999943e+01 7.719999999999999896e-20
3.232000000000000028e+01 1.024999999999999963e-19
3.357999999999999829e+01 1.340999999999999981e-19
3.489000000000000057e+01 1.729000000000000102e-19
3.625000000000000000e+01 2.197000000000000231e-19
3.765999999999999659e+01 2.753999999999999944e-19
3.913000000000000256e+01 3.404999999999999889e-19
4.064999999999999858e+01 4.156999999999999817e-19
4.222999999999999687e+01 5.013999999999999860e-19
4.388000000000000256e+01 5.977000000000000051e-19
4.557999999999999829e+01 7.045999999999999909e-19
4.735999999999999943e+01 8.221000000000000398e-19
4.920000000000000284e+01 9.497000000000000387e-19
5.111999999999999744e+01 1.087000000000000071e-18
5.310999999999999943e+01 1.233999999999999943e-18
5.517999999999999972e+01 1.388000000000000048e-18
5.732000000000000028e+01 1.551000000000000067e-18
5.956000000000000227e+01 1.720000000000000092e-18
6.186999999999999744e+01 1.896000000000000157e-18
6.428000000000000114e+01 2.076999999999999810e-18
6.679000000000000625e+01 2.261999999999999982e-18
6.939000000000000057e+01 2.450000000000000060e-18
7.209000000000000341e+01 2.641000000000000045e-18
7.490000000000000568e+01 2.834999999999999937e-18
7.781000000000000227e+01 3.028999999999999829e-18
8.084000000000000341e+01 3.223000000000000107e-18
8.398999999999999488e+01 3.416999999999999999e-18
8.726000000000000512e+01 3.610000000000000050e-18
9.065999999999999659e+01 3.802000000000000261e-18
9.418999999999999773e+01 3.990999999999999795e-18
9.784999999999999432e+01 4.177999999999999647e-18
1.017000000000000028e+02 4.361000000000000137e-18
1.055999999999999943e+02 4.540999999999999950e-18
1.097000000000000028e+02 4.716999999999999629e-18
1.140000000000000000e+02 4.888999999999999947e-18
1.184000000000000057e+02 5.055999999999999906e-18
1.230999999999999943e+02 5.218000000000000276e-18
1.277999999999999972e+02 5.375000000000000288e-18
1.328000000000000114e+02 5.525999999999999716e-18
1.380000000000000000e+02 5.671000000000000100e-18
1.434000000000000057e+02 5.809999999999999900e-18
1.489000000000000057e+02 5.942999999999999885e-18
1.546999999999999886e+02 6.070000000000000057e-18
1.608000000000000114e+02 6.190000000000000189e-18
1.670000000000000000e+02 6.303000000000000281e-18
1.735000000000000000e+02 6.409999999999999788e-18
1.803000000000000114e+02 6.508999999999999801e-18
1.873000000000000114e+02 6.601999999999999999e-18
1.945999999999999943e+02 6.688000000000000158e-18
2.021999999999999886e+02 6.767999999999999732e-18
2.100999999999999943e+02 6.839999999999999811e-18
2.181999999999999886e+02 6.904999999999999851e-18
2.266999999999999886e+02 6.963999999999999306e-18
2.355999999999999943e+02 7.016000000000000262e-18
2.446999999999999886e+02 7.060999999999999637e-18
2.543000000000000114e+02 7.099000000000000513e-18
2.641999999999999886e+02 7.131000000000000035e-18
2.743999999999999773e+02 7.156999999999999742e-18
2.851000000000000227e+02 7.175999999999999410e-18
2.961999999999999886e+02 7.189999999999999490e-18
3.078000000000000114e+02 7.196999999999999530e-18
3.196999999999999886e+02 7.198999999999999981e-18
3.321999999999999886e+02 7.195000000000000619e-18
3.451000000000000227e+02 7.186000000000000127e-18
3.586000000000000227e+02 7.172000000000000048e-18
3.725000000000000000e+02 7.153000000000000380e-18
3.870000000000000000e+02 7.128999999999999583e-18
4.021000000000000227e+02 7.100000000000000739e-18
4.178000000000000114e+02 7.066999999999999451e-18
4.340000000000000000e+02 7.029000000000000115e-18
4.508999999999999773e+02 6.988000000000000102e-18
4.685000000000000000e+02 6.942000000000000501e-18
4.866999999999999886e+02 6.893000000000000223e-18
5.056999999999999886e+02 6.839999999999999811e-18
5.252999999999999545e+02 6.784000000000000263e-18
5.457999999999999545e+02 6.725000000000000038e-18
5.671000000000000227e+02 6.661999999999999680e-18
5.891000000000000227e+02 6.596000000000000185e-18
6.121000000000000227e+02 6.528000000000000239e-18
6.358999999999999773e+02 6.456999999999999615e-18
6.607000000000000455e+02 6.382999999999999855e-18
6.863999999999999773e+02 6.306000000000000188e-18
7.131000000000000227e+02 6.228000000000000295e-18
7.408999999999999773e+02 6.146999999999999724e-18
7.697000000000000455e+02 6.064000000000000243e-18
7.997000000000000455e+02 5.979000000000000310e-18
8.307999999999999545e+02 5.891999999999999925e-18
8.632000000000000455e+02 5.802999999999999860e-18
8.967999999999999545e+02 5.713000000000000339e-18
9.317000000000000455e+02 5.621000000000000366e-18
9.680000000000000000e+02 5.528000000000000167e-18
1.006000000000000000e+03 5.433000000000000288e-18
1.045000000000000000e+03 5.337000000000000182e-18
1.085000000000000000e+03 5.239999999999999851e-18
1.128000000000000000e+03 5.142000000000000064e-18
1.172000000000000000e+03 5.043000000000000052e-18
1.217000000000000000e+03 4.944000000000000039e-18
1.265000000000000000e+03 4.843000000000000346e-18
1.314000000000000000e+03 4.741999999999999882e-18
1.365000000000000000e+03 4.641000000000000188e-18
1.418000000000000000e+03 4.539000000000000268e-18
1.473000000000000000e+03 4.437000000000000349e-18
1.531000000000000000e+03 4.334999999999999659e-18
1.590000000000000000e+03 4.232999999999999740e-18
1.652000000000000000e+03 4.130000000000000365e-18
1.717000000000000000e+03 4.027999999999999675e-18
1.783000000000000000e+03 3.925999999999999755e-18
1.853000000000000000e+03 3.825000000000000062e-18
1.925000000000000000e+03 3.724000000000000368e-18
2.000000000000000000e+03 3.624000000000000130e-18
-----------------------


C20 CO2 Ionization 13.80 eV
COMMENT: generated by bolsig_convert.py
-----------------------
1.000000000000000000e+00 0.000000000000000000e+00
1.038999999999999924e+00 0.000000000000000000e+00
1.078999999999999959e+00 0.000000000000000000e+00
1.120999999999999996e+00 0.000000000000000000e+00
1.165000000000000036e+00 0.000000000000000000e+00
1.209999999999999964e+00 0.000000000000000000e+00
1.258000000000000007e+00 0.000000000000000000e+00
1.306999999999999940e+00 0.000000000000000000e+00
1.356999999999999984e+00 0.000000000000000000e+00
1.409999999999999920e+00 0.000000000000000000e+00
1.465000000000000080e+00 0.000000000000000000e+00
1.522000000000000020e+00 0.000000000000000000e+00
1.580999999999999961e+00 0.000000000000000000e+00
1.643000000000000016e+00 0.000000000000000000e+00
1.707000000000000073e+00 0.000000000000000000e+00
1.772999999999999909e+00 0.000000000000000000e+00
1.842999999999999972e+00 0.000000000000000000e+00
1.913999999999999924e+00 0.000000000000000000e+00
1.989000000000000101e+00 0.000000000000000000e+00
2.065999999999999837e+00 0.000000000000000000e+00
2.146999999999999797e+00 0.000000000000000000e+00
2.229999999999999982e+00 0.000000000000000000e+00
2.317000000000000171e+00 0.000000000000000000e+00
2.407000000000000028e+00 0.000000000000000000e+00
2.500999999999999890e+00 0.000000000000000000e+00
2.597999999999999865e+00 0.000000000000000000e+00
2.700000000000000178e+00 0.000000000000000000e+00
2.805000000000000160e+00 0.000000000000000000e+00
2.914000000000000146e+00 0.000000000000000000e+00
3.027000000000000135e+00 0.000000000000000000e+00
3.145000000000000018e+00 0.000000000000000000e+00
3.267999999999999794e+00 0.000000000000000000e+00
3.395000000000000018e+00 0.000000000000000000e+00
3.527000000000000135e+00 0.000000000000000000e+00
3.664000000000000146e+00 0.000000000000000000e+00
3.806999999999999940e+00 0.000000000000000000e+00
3.955000000000000071e+00 0.000000000000000000e+00
4.108999999999999986e+00 0.000000000000000000e+00
4.269000000000000128e+00 0.000000000000000000e+00
4.434999999999999609e+00 0.000000000000000000e+00
4.607999999999999652e+00 0.000000000000000000e+00
4.788000000000000256e+00 0.000000000000000000e+00
4.974000000000000199e+00 0.000000000000000000e+00
5.168000000000000149e+00 0.000000000000000000e+00
5.368999999999999773e+00 0.000000000000000000e+00
5.578000000000000291e+00 0.000000000000000000e+00
5.794999999999999929e+00 0.000000000000000000e+00
6.020999999999999908e+00 0.000000000000000000e+00
6.254999999999999893e+00 0.000000000000000000e+00
6.498999999999999666e+00 0.000000000000000000e+00
6.751999999999999780e+00 0.000000000000000000e+00
7.014000000000000234e+00 0.000000000000000000e+00
7.288000000000000256e+00 0.000000000000000000e+00
7.570999999999999730e+00 0.000000000000000000e+00
7.865999999999999659e+00 0.000000000000000000e+00
8.172000000000000597e+00 0.000000000000000000e+00
8.490000000000000213e+00 0.000000000000000000e+00
8.820999999999999730e+00 0.000000000000000000e+00
9.164999999999999147e+00 0.000000000000000000e+00
9.521000000000000796e+00 0.000000000000000000e+00
9.891999999999999460e+00 0.000000000000000000e+00
1.027999999999999936e+01 0.000000000000000000e+00
1.067999999999999972e+01 0.000000000000000000e+00
1.108999999999999986e+01 0.000000000000000000e+00
1.151999999999999957e+01 0.000000000000000000e+00
1.197000000000000064e+01 0.000000000000000000e+00
1.243999999999999950e+01 0.000000000000000000e+00
1.291999999999999993e+01 0.000000000000000000e+00
1.342999999999999972e+01 0.000000000000000000e+00
1.394999999999999929e+01 0.000000000000000000e+00
1.449000000000000021e+01 0.000000000000000000e+00
1.506000000000000050e+01 0.000000000000000000e+00
1.564000000000000057e+01 0.000000000000000000e+00
1.625000000000000000e+01 0.000000000000000000e+00
1.689000000000000057e+01 0.000000000000000000e+00
1.753999999999999915e+01 0.000000000000000000e+00
1.823000000000000043e+01 0.000000000000000000e+00
1.894000000000000128e+01 0.000000000000000000e+00
1.967000000000000171e+01 0.000000000000000000e+00
2.044000000000000128e+01 0.000000000000000000e+00
2.123000000000000043e+01 0.000000000000000000e+00
2.205999999999999872e+01 0.000000000000000000e+00
2.292000000000000171e+01 0.000000000000000000e+00
2.380999999999999872e+01 0.000000000000000000e+00
2.473999999999999844e+01 1.032000000000000005e-26
2.569999999999999929e+01 3.288999999999999986e-26
2.669999999999999929e+01 9.879999999999999577e-26
2.773999999999999844e+01 2.804999999999999864e-25
2.882000000000000028e+01 7.546999999999999754e-25
2.994999999999999929e+01 1.928999999999999865e-24
3.110999999999999943e+01 4.994999999999999633e-24
3.232000000000000028e+01 1.169999999999999993e-23
3.357999999999999829e+01 2.626999999999999872e-23
3.489000000000000057e+01 5.659999999999999697e-23
3.625000000000000000e+01 1.172999999999999948e-22
3.765999999999999659e+01 2.345999999999999896e-22
3.913000000000000256e+01 4.532000000000000011e-22
4.064999999999999858e+01 8.485999999999999174e-22
4.222999999999999687e+01 1.538999999999999979e-21
4.388000000000000256e+01 2.713999999999999865e-21
4.557999999999999829e+01 4.655999999999999771e-21
4.735999999999999943e+01 7.789000000000000200e-21
4.920000000000000284e+01 1.272000000000000007e-20
5.111999999999999744e+01 2.033000000000000023e-20
5.310999999999999943e+01 3.178999999999999729e-20
5.517999999999999972e+01 4.878000000000000280e-20
5.732000000000000028e+01 7.342000000000000347e-20
5.956000000000000227e+01 1.085999999999999941e-19
6.186999999999999744e+01 1.579999999999999971e-19
6.428000000000000114e+01 2.263000000000000015e-19
6.679000000000000625e+01 3.195000000000000140e-19
6.939000000000000057e+01 4.448000000000000329e-19
7.209000000000000341e+01 6.112999999999999751e-19
7.490000000000000568e+01 8.300000000000000132e-19
7.781000000000000227e+01 1.114000000000000004e-18
8.084000000000000341e+01 1.477999999999999955e-18
8.398999999999999488e+01 1.940999999999999918e-18
8.726000000000000512e+01 2.523999999999999820e-18
9.065999999999999659e+01 3.252000000000000106e-18
9.418999999999999773e+01 4.153000000000000165e-18
9.784999999999999432e+01 5.259999999999999745e-18
1.017000000000000028e+02 6.607999999999999813e-18
1.055999999999999943e+02 8.239000000000000610e-18
1.097000000000000028e+02 1.019999999999999965e-17
1.140000000000000000e+02 1.253999999999999953e-17
1.184000000000000057e+02 1.531999999999999860e-17
1.230999999999999943e+02 1.859000000000000046e-17
1.277999999999999972e+02 2.244000000000000077e-17
1.328000000000000114e+02 2.691999999999999851e-17
1.380000000000000000e+02 3.212999999999999775e-17
1.434000000000000057e+02 3.816000000000000033e-17
1.489000000000000057e+02 4.509000000000000274e-17
1.546999999999999886e+02 5.303000000000000209e-17
1.608000000000000114e+02 6.210000000000000082e-17
1.670000000000000000e+02 7.241000000000000220e-17
1.735000000000000000e+02 8.408000000000000250e-17
1.803000000000000114e+02 9.726000000000000170e-17
1.873000000000000114e+02 1.121000000000000121e-16
1.945999999999999943e+02 1.287000000000000008e-16
2.021999999999999886e+02 1.472999999999999974e-16
2.100999999999999943e+02 1.679999999999999935e-16
2.181999999999999886e+02 1.910999999999999893e-16
2.266999999999999886e+02 2.167000000000000009e-16
2.355999999999999943e+02 2.449999999999999875e-16
2.446999999999999886e+02 2.761999999999999817e-16
2.543000000000000114e+02 3.106000000000000082e-16
2.641999999999999886e+02 3.484000000000000012e-16
2.743999999999999773e+02 3.898999999999999853e-16
2.851000000000000227e+02 4.352999999999999933e-16
2.961999999999999886e+02 4.848999999999999513e-16
3.078000000000000114e+02 5.391000000000000234e-16
3.196999999999999886e+02 5.980999999999999960e-16
3.321999999999999886e+02 6.621999999999999924e-16
3.451000000000000227e+02 7.317999999999999795e-16
3.586000000000000227e+02 8.073999999999999655e-16
3.725000000000000000e+02 8.890999999999999914e-16
3.870000000000000000e+02 9.775999999999999504e-16
4.021000000000000227e+02 1.073000000000000081e-15
4.178000000000000114e+02 1.175999999999999979e-15
4.340000000000000000e+02 1.287000000000000008e-15
4.508999999999999773e+02 1.406999999999999986e-15
4.685000000000000000e+02 1.535000000000000094e-15
4.866999999999999886e+02 1.672999999999999969e-15
5.056999999999999886e+02 1.820999999999999811e-15
5.252999999999999545e+02 1.979999999999999830e-15
5.457999999999999545e+02 2.149999999999999832e-15
5.671000000000000227e+02 2.332000000000000028e-15
5.891000000000000227e+02 2.526000000000000025e-15
6.121000000000000227e+02 2.733999999999999855e-15
6.358999999999999773e+02 2.955999999999999913e-15
6.607000000000000455e+02 3.191999999999999803e-15
6.863999999999999773e+02 3.443999999999999954e-15
7.131000000000000227e+02 3.713000000000000183e-15
7.408999999999999773e+02 3.998999999999999703e-15
7.697000000000000455e+02 4.302999999999999910e-15
7.997000000000000455e+02 4.625999999999999833e-15
8.307999999999999545e+02 4.969000000000000082e-15
8.632000000000000455e+02 5.332999999999999686e-15
8.967999999999999545e+02 5.719999999999999861e-15
9.317000000000000455e+02 6.128999999999999999e-15
9.680000000000000000e+02 6.564000000000000165e-15
1.006000000000000000e+03 7.023999999999999751e-15
1.045000000000000000e+03 7.511000000000000762e-15
1.085000000000000000e+03 8.026000000000000650e-15
1.128000000000000000e+03 8.570999999999999842e-15
1.172000000000000000e+03 9.145999999999999916e-15
1.217000000000000000e+03 9.755000000000000149e-15
1.265000000000000000e+03 1.040000000000000018e-14
1.314000000000000000e+03 1.107000000000000041e-14
1.365000000000000000e+03 1.178999999999999949e-14
1.418000000000000000e+03 1.253999999999999945e-14
1.473000000000000000e+03 1.333999999999999983e-14
1.531000000000000000e+03 1.416999999999999951e-14
1.590000000000000000e+03 1.504999999999999961e-14
1.652000000000000000e+03 1.597999999999999855e-14
1.717000000000000000e+03 1.694999999999999972e-14
1.783000000000000000e+03 1.797000000000000131e-14
1.853000000000000000e+03 1.905000000000000150e-14
1.925000000000000000e+03 2.017000000000000077e-14
2.000000000000000000e+03 2.135999999999999999e-14
-----------------------
