

Mean energy (eV)
COMMENT: generated by bolsig_convert.py
-----------------------
1.000000000000000000e+00 4.118999999999999745e-02
1.034999999999999920e+00 4.125999999999999807e-02
1.072000000000000064e+00 4.134000000000000175e-02
1.110000000000000098e+00 4.141999999999999849e-02
1.149000000000000021e+00 4.150000000000000216e-02
1.189999999999999947e+00 4.159000000000000197e-02
1.231999999999999984e+00 4.168000000000000177e-02
1.274999999999999911e+00 4.177999999999999770e-02
1.320000000000000062e+00 4.188000000000000056e-02
1.366999999999999993e+00 4.198999999999999955e-02
1.415000000000000036e+00 4.209999999999999853e-02
1.465000000000000080e+00 4.222999999999999671e-02
1.516999999999999904e+00 4.234999999999999876e-02
1.570000000000000062e+00 4.248999999999999999e-02
1.625999999999999890e+00 4.263000000000000123e-02
1.683000000000000052e+00 4.277999999999999858e-02
1.743000000000000105e+00 4.293999999999999900e-02
1.804000000000000048e+00 4.311000000000000248e-02
1.868000000000000105e+00 4.329000000000000209e-02
1.933999999999999941e+00 4.347000000000000169e-02
2.001999999999999780e+00 4.367000000000000048e-02
2.072999999999999954e+00 4.388000000000000234e-02
2.145999999999999908e+00 4.408999999999999725e-02
2.221999999999999975e+00 4.433000000000000135e-02
2.299999999999999822e+00 4.456999999999999851e-02
2.382000000000000117e+00 4.483000000000000179e-02
2.466000000000000192e+00 4.510000000000000120e-02
2.552999999999999936e+00 4.537999999999999673e-02
2.642999999999999794e+00 4.567999999999999838e-02
2.736000000000000210e+00 4.599999999999999922e-02
2.833000000000000185e+00 4.633999999999999925e-02
2.932999999999999829e+00 4.669000000000000233e-02
3.036999999999999922e+00 4.707000000000000073e-02
3.144000000000000128e+00 4.746000000000000218e-02
3.254999999999999893e+00 4.787999999999999895e-02
3.370000000000000107e+00 4.832999999999999796e-02
3.488999999999999879e+00 4.879000000000000004e-02
3.612000000000000099e+00 4.929000000000000048e-02
3.740000000000000213e+00 4.981000000000000011e-02
3.871999999999999886e+00 5.036999999999999811e-02
4.009000000000000341e+00 5.095000000000000223e-02
4.150000000000000355e+00 5.158000000000000085e-02
4.296999999999999709e+00 5.224000000000000171e-02
4.448999999999999844e+00 5.294000000000000095e-02
4.605999999999999872e+00 5.367999999999999855e-02
4.769000000000000128e+00 5.446999999999999759e-02
4.937000000000000277e+00 5.530999999999999805e-02
5.110999999999999766e+00 5.619999999999999996e-02
5.291999999999999815e+00 5.714999999999999941e-02
5.479000000000000092e+00 5.815000000000000030e-02
5.671999999999999709e+00 5.922999999999999793e-02
5.873000000000000220e+00 6.037000000000000005e-02
6.080000000000000071e+00 6.158000000000000279e-02
6.294999999999999929e+00 6.288000000000000533e-02
6.517000000000000348e+00 6.425999999999999768e-02
6.748000000000000220e+00 6.574000000000000676e-02
6.985999999999999766e+00 6.730999999999999484e-02
7.232999999999999652e+00 6.900000000000000577e-02
7.488000000000000433e+00 7.080999999999999794e-02
7.753000000000000114e+00 7.274999999999999523e-02
8.025999999999999801e+00 7.484000000000000374e-02
8.310000000000000497e+00 7.710000000000000187e-02
8.602999999999999758e+00 7.954999999999999571e-02
8.907000000000000028e+00 8.222000000000000142e-02
9.221999999999999531e+00 8.513999999999999346e-02
9.548000000000000043e+00 8.835999999999999410e-02
9.884999999999999787e+00 9.193999999999999395e-02
1.023000000000000043e+01 9.593999999999999750e-02
1.059999999999999964e+01 1.004000000000000031e-01
1.097000000000000064e+01 1.055999999999999994e-01
1.135999999999999943e+01 1.115000000000000019e-01
1.175999999999999979e+01 1.183000000000000024e-01
1.216999999999999993e+01 1.262000000000000066e-01
1.259999999999999964e+01 1.355000000000000093e-01
1.305000000000000071e+01 1.463000000000000134e-01
1.350999999999999979e+01 1.590999999999999914e-01
1.399000000000000021e+01 1.741999999999999937e-01
1.448000000000000043e+01 1.917999999999999983e-01
1.499000000000000021e+01 2.122999999999999887e-01
1.551999999999999957e+01 2.361999999999999933e-01
1.607000000000000028e+01 2.636000000000000010e-01
1.664000000000000057e+01 2.948999999999999955e-01
1.723000000000000043e+01 3.301000000000000045e-01
1.782999999999999829e+01 3.693000000000000171e-01
1.846000000000000085e+01 4.123999999999999888e-01
1.912000000000000099e+01 4.591999999999999971e-01
1.978999999999999915e+01 5.092999999999999750e-01
2.048999999999999844e+01 5.622000000000000330e-01
2.121000000000000085e+01 6.175000000000000488e-01
2.196000000000000085e+01 6.743999999999999995e-01
2.273999999999999844e+01 7.325000000000000400e-01
2.353999999999999915e+01 7.913000000000000034e-01
2.437000000000000099e+01 8.501999999999999558e-01
2.523999999999999844e+01 9.086999999999999522e-01
2.612999999999999901e+01 9.665000000000000258e-01
2.705000000000000071e+01 1.022999999999999909e+00
2.801000000000000156e+01 1.078999999999999959e+00
2.898999999999999844e+01 1.133999999999999897e+00
3.001999999999999957e+01 1.187999999999999945e+00
3.107999999999999829e+01 1.241000000000000103e+00
3.217999999999999972e+01 1.292999999999999927e+00
3.331000000000000227e+01 1.344999999999999973e+00
3.449000000000000199e+01 1.395999999999999908e+00
3.571000000000000085e+01 1.447000000000000064e+00
3.696999999999999886e+01 1.497999999999999998e+00
3.827000000000000313e+01 1.550999999999999934e+00
3.963000000000000256e+01 1.604000000000000092e+00
4.103000000000000114e+01 1.657999999999999918e+00
4.247999999999999687e+01 1.713999999999999968e+00
4.397999999999999687e+01 1.770999999999999908e+00
4.553000000000000114e+01 1.830000000000000071e+00
4.714000000000000057e+01 1.891000000000000014e+00
4.879999999999999716e+01 1.953999999999999959e+00
5.053000000000000114e+01 2.020000000000000018e+00
5.231000000000000227e+01 2.087000000000000188e+00
5.415999999999999659e+01 2.156000000000000139e+00
5.607000000000000028e+01 2.228000000000000203e+00
5.804999999999999716e+01 2.301000000000000156e+00
6.010000000000000142e+01 2.375999999999999890e+00
6.222999999999999687e+01 2.451999999999999957e+00
6.442000000000000171e+01 2.529999999999999805e+00
6.670000000000000284e+01 2.609999999999999876e+00
6.906000000000000227e+01 2.689999999999999947e+00
7.148999999999999488e+01 2.771999999999999797e+00
7.401999999999999602e+01 2.854999999999999982e+00
7.662999999999999545e+01 2.939000000000000057e+00
7.934000000000000341e+01 3.023000000000000131e+00
8.214000000000000057e+01 3.108999999999999986e+00
8.504000000000000625e+01 3.194999999999999840e+00
8.804999999999999716e+01 3.282000000000000028e+00
9.115999999999999659e+01 3.369000000000000217e+00
9.437999999999999545e+01 3.458000000000000185e+00
9.770999999999999375e+01 3.547000000000000153e+00
1.012000000000000028e+02 3.636000000000000121e+00
1.047000000000000028e+02 3.726999999999999869e+00
1.084000000000000057e+02 3.818000000000000060e+00
1.122999999999999972e+02 3.908999999999999808e+00
1.162000000000000028e+02 4.001999999999999780e+00
1.202999999999999972e+02 4.094999999999999751e+00
1.245999999999999943e+02 4.189000000000000057e+00
1.290000000000000000e+02 4.283999999999999808e+00
1.335000000000000000e+02 4.379999999999999893e+00
1.383000000000000114e+02 4.475999999999999979e+00
1.430999999999999943e+02 4.573999999999999844e+00
1.481999999999999886e+02 4.671999999999999709e+00
1.534000000000000057e+02 4.772000000000000242e+00
1.589000000000000057e+02 4.871999999999999886e+00
1.645000000000000000e+02 4.974000000000000199e+00
1.703000000000000114e+02 5.075999999999999623e+00
1.763000000000000114e+02 5.179999999999999716e+00
1.825000000000000000e+02 5.285000000000000142e+00
1.890000000000000000e+02 5.391000000000000014e+00
1.955999999999999943e+02 5.498000000000000220e+00
2.025999999999999943e+02 5.607000000000000206e+00
2.096999999999999886e+02 5.717999999999999972e+00
2.170999999999999943e+02 5.828999999999999737e+00
2.248000000000000114e+02 5.942000000000000171e+00
2.326999999999999886e+02 6.057000000000000384e+00
2.409000000000000057e+02 6.173000000000000043e+00
2.495000000000000000e+02 6.291000000000000369e+00
2.583000000000000114e+02 6.410999999999999588e+00
2.673999999999999773e+02 6.532000000000000028e+00
2.768000000000000114e+02 6.655000000000000249e+00
2.866000000000000227e+02 6.778999999999999915e+00
2.966999999999999886e+02 6.905999999999999694e+00
3.071999999999999886e+02 7.035000000000000142e+00
3.181000000000000227e+02 7.165000000000000036e+00
3.293000000000000114e+02 7.298000000000000043e+00
3.408999999999999773e+02 7.432000000000000384e+00
3.530000000000000000e+02 7.568999999999999950e+00
3.653999999999999773e+02 7.708000000000000185e+00
3.783000000000000114e+02 7.849999999999999645e+00
3.916999999999999886e+02 7.993999999999999773e+00
4.055000000000000000e+02 8.140000000000000568e+00
4.198999999999999773e+02 8.288000000000000256e+00
4.346999999999999886e+02 8.439999999999999503e+00
4.501000000000000227e+02 8.593999999999999417e+00
4.660000000000000000e+02 8.750999999999999446e+00
4.823999999999999773e+02 8.910000000000000142e+00
4.995000000000000000e+02 9.073000000000000398e+00
5.171000000000000227e+02 9.239000000000000767e+00
5.353999999999999773e+02 9.407999999999999474e+00
5.542999999999999545e+02 9.580000000000000071e+00
5.737999999999999545e+02 9.755000000000000782e+00
5.941000000000000227e+02 9.935000000000000497e+00
6.151000000000000227e+02 1.011999999999999922e+01
6.367999999999999545e+02 1.030000000000000071e+01
6.592999999999999545e+02 1.049000000000000021e+01
6.826000000000000227e+02 1.068999999999999950e+01
7.067000000000000455e+02 1.089000000000000057e+01
7.317000000000000455e+02 1.108999999999999986e+01
7.575000000000000000e+02 1.130000000000000071e+01
7.842999999999999545e+02 1.151999999999999957e+01
8.120000000000000000e+02 1.173000000000000043e+01
8.407000000000000455e+02 1.196000000000000085e+01
8.703999999999999773e+02 1.218999999999999950e+01
9.011000000000000227e+02 1.241999999999999993e+01
9.328999999999999773e+02 1.266999999999999993e+01
9.658999999999999773e+02 1.291000000000000014e+01
1.000000000000000000e+03 1.316999999999999993e+01
-----------------------


Mobility *N (1/m/V/s)
COMMENT: generated by bolsig_convert.py
-----------------------
1.000000000000000000e+00 1.765999999999999937e+24
1.034999999999999920e+00 1.765999999999999937e+24
1.072000000000000064e+00 1.765999999999999937e+24
1.110000000000000098e+00 1.765999999999999937e+24
1.149000000000000021e+00 1.766999999999999960e+24
1.189999999999999947e+00 1.766999999999999960e+24
1.231999999999999984e+00 1.766999999999999960e+24
1.274999999999999911e+00 1.767999999999999983e+24
1.320000000000000062e+00 1.767999999999999983e+24
1.366999999999999993e+00 1.767999999999999983e+24
1.415000000000000036e+00 1.769000000000000006e+24
1.465000000000000080e+00 1.769000000000000006e+24
1.516999999999999904e+00 1.770000000000000029e+24
1.570000000000000062e+00 1.770000000000000029e+24
1.625999999999999890e+00 1.771000000000000052e+24
1.683000000000000052e+00 1.771000000000000052e+24
1.743000000000000105e+00 1.772000000000000075e+24
1.804000000000000048e+00 1.772000000000000075e+24
1.868000000000000105e+00 1.773000000000000099e+24
1.933999999999999941e+00 1.774000000000000122e+24
2.001999999999999780e+00 1.774000000000000122e+24
2.072999999999999954e+00 1.774999999999999876e+24
2.145999999999999908e+00 1.775999999999999899e+24
2.221999999999999975e+00 1.776999999999999922e+24
2.299999999999999822e+00 1.777999999999999945e+24
2.382000000000000117e+00 1.778999999999999969e+24
2.466000000000000192e+00 1.779999999999999992e+24
2.552999999999999936e+00 1.781000000000000015e+24
2.642999999999999794e+00 1.783000000000000061e+24
2.736000000000000210e+00 1.784000000000000084e+24
2.833000000000000185e+00 1.786000000000000130e+24
2.932999999999999829e+00 1.786999999999999885e+24
3.036999999999999922e+00 1.788999999999999931e+24
3.144000000000000128e+00 1.790999999999999977e+24
3.254999999999999893e+00 1.793000000000000023e+24
3.370000000000000107e+00 1.795000000000000069e+24
3.488999999999999879e+00 1.797000000000000115e+24
3.612000000000000099e+00 1.798999999999999893e+24
3.740000000000000213e+00 1.801999999999999962e+24
3.871999999999999886e+00 1.805000000000000031e+24
4.009000000000000341e+00 1.808000000000000101e+24
4.150000000000000355e+00 1.810999999999999901e+24
4.296999999999999709e+00 1.813999999999999971e+24
4.448999999999999844e+00 1.818000000000000063e+24
4.605999999999999872e+00 1.821999999999999887e+24
4.769000000000000128e+00 1.827000000000000002e+24
4.937000000000000277e+00 1.832000000000000117e+24
5.110999999999999766e+00 1.836999999999999964e+24
5.291999999999999815e+00 1.842000000000000080e+24
5.479000000000000092e+00 1.847999999999999950e+24
5.671999999999999709e+00 1.855000000000000111e+24
5.873000000000000220e+00 1.862000000000000004e+24
6.080000000000000071e+00 1.869999999999999920e+24
6.294999999999999929e+00 1.878000000000000105e+24
6.517000000000000348e+00 1.888000000000000067e+24
6.748000000000000220e+00 1.898000000000000029e+24
6.985999999999999766e+00 1.907999999999999992e+24
7.232999999999999652e+00 1.920000000000000000e+24
7.488000000000000433e+00 1.933000000000000031e+24
7.753000000000000114e+00 1.947000000000000086e+24
8.025999999999999801e+00 1.961999999999999895e+24
8.310000000000000497e+00 1.979000000000000019e+24
8.602999999999999758e+00 1.996999999999999897e+24
8.907000000000000028e+00 2.016000000000000067e+24
9.221999999999999531e+00 2.038000000000000038e+24
9.548000000000000043e+00 2.061000000000000031e+24
9.884999999999999787e+00 2.087000000000000094e+24
1.023000000000000043e+01 2.114999999999999935e+24
1.059999999999999964e+01 2.146000000000000113e+24
1.097000000000000064e+01 2.179000000000000069e+24
1.135999999999999943e+01 2.216000000000000117e+24
1.175999999999999979e+01 2.254999999999999943e+24
1.216999999999999993e+01 2.298999999999999885e+24
1.259999999999999964e+01 2.345999999999999895e+24
1.305000000000000071e+01 2.395999999999999975e+24
1.350999999999999979e+01 2.451000000000000170e+24
1.399000000000000021e+01 2.507999999999999874e+24
1.448000000000000043e+01 2.570000000000000231e+24
1.499000000000000021e+01 2.633000000000000073e+24
1.551999999999999957e+01 2.698999999999999985e+24
1.607000000000000028e+01 2.765999999999999920e+24
1.664000000000000057e+01 2.831999999999999832e+24
1.723000000000000043e+01 2.897000000000000258e+24
1.782999999999999829e+01 2.959000000000000078e+24
1.846000000000000085e+01 3.016999999999999805e+24
1.912000000000000099e+01 3.067999999999999908e+24
1.978999999999999915e+01 3.111999999999999849e+24
2.048999999999999844e+01 3.148000000000000143e+24
2.121000000000000085e+01 3.175000000000000229e+24
2.196000000000000085e+01 3.192000000000000084e+24
2.273999999999999844e+01 3.199000000000000245e+24
2.353999999999999915e+01 3.197000000000000199e+24
2.437000000000000099e+01 3.184999999999999922e+24
2.523999999999999844e+01 3.164999999999999998e+24
2.612999999999999901e+01 3.136999999999999889e+24
2.705000000000000071e+01 3.101000000000000132e+24
2.801000000000000156e+01 3.060000000000000260e+24
2.898999999999999844e+01 3.013000000000000250e+24
3.001999999999999957e+01 2.961000000000000124e+24
3.107999999999999829e+01 2.904999999999999906e+24
3.217999999999999972e+01 2.846000000000000155e+24
3.331000000000000227e+01 2.784999999999999822e+24
3.449000000000000199e+01 2.721999999999999979e+24
3.571000000000000085e+01 2.658000000000000113e+24
3.696999999999999886e+01 2.593000000000000224e+24
3.827000000000000313e+01 2.526999999999999776e+24
3.963000000000000256e+01 2.460999999999999864e+24
4.103000000000000114e+01 2.395999999999999975e+24
4.247999999999999687e+01 2.331000000000000086e+24
4.397999999999999687e+01 2.266999999999999952e+24
4.553000000000000114e+01 2.205000000000000132e+24
4.714000000000000057e+01 2.143000000000000044e+24
4.879999999999999716e+01 2.083000000000000002e+24
5.053000000000000114e+01 2.025000000000000006e+24
5.231000000000000227e+01 1.969000000000000057e+24
5.415999999999999659e+01 1.914999999999999885e+24
5.607000000000000028e+01 1.863000000000000027e+24
5.804999999999999716e+01 1.812999999999999948e+24
6.010000000000000142e+01 1.764999999999999914e+24
6.222999999999999687e+01 1.718999999999999927e+24
6.442000000000000171e+01 1.676000000000000008e+24
6.670000000000000284e+01 1.634000000000000113e+24
6.906000000000000227e+01 1.593999999999999996e+24
7.148999999999999488e+01 1.555999999999999925e+24
7.401999999999999602e+01 1.519999999999999899e+24
7.662999999999999545e+01 1.485999999999999920e+24
7.934000000000000341e+01 1.452999999999999964e+24
8.214000000000000057e+01 1.422000000000000055e+24
8.504000000000000625e+01 1.392999999999999922e+24
8.804999999999999716e+01 1.364000000000000059e+24
9.115999999999999659e+01 1.336999999999999973e+24
9.437999999999999545e+01 1.310999999999999910e+24
9.770999999999999375e+01 1.285999999999999870e+24
1.012000000000000028e+02 1.262000000000000122e+24
1.047000000000000028e+02 1.239000000000000128e+24
1.084000000000000057e+02 1.216999999999999889e+24
1.122999999999999972e+02 1.195000000000000052e+24
1.162000000000000028e+02 1.174999999999999994e+24
1.202999999999999972e+02 1.154999999999999935e+24
1.245999999999999943e+02 1.135000000000000010e+24
1.290000000000000000e+02 1.116999999999999998e+24
1.335000000000000000e+02 1.097999999999999962e+24
1.383000000000000114e+02 1.080999999999999973e+24
1.430999999999999943e+02 1.062999999999999960e+24
1.481999999999999886e+02 1.045999999999999971e+24
1.534000000000000057e+02 1.030000000000000004e+24
1.589000000000000057e+02 1.014000000000000038e+24
1.645000000000000000e+02 9.981000000000000199e+23
1.703000000000000114e+02 9.827000000000000136e+23
1.763000000000000114e+02 9.675999999999999874e+23
1.825000000000000000e+02 9.527999999999999413e+23
1.890000000000000000e+02 9.383000000000000094e+23
1.955999999999999943e+02 9.241000000000000577e+23
2.025999999999999943e+02 9.101999999999999518e+23
2.096999999999999886e+02 8.965000000000000115e+23
2.170999999999999943e+02 8.829999999999999685e+23
2.248000000000000114e+02 8.698000000000000398e+23
2.326999999999999886e+02 8.567000000000000598e+23
2.409000000000000057e+02 8.440000000000000084e+23
2.495000000000000000e+02 8.314000000000000398e+23
2.583000000000000114e+02 8.189999999999999685e+23
2.673999999999999773e+02 8.066999999999999801e+23
2.768000000000000114e+02 7.946999999999999717e+23
2.866000000000000227e+02 7.828999999999999948e+23
2.966999999999999886e+02 7.711999999999999664e+23
3.071999999999999886e+02 7.596999999999999696e+23
3.181000000000000227e+02 7.484000000000000042e+23
3.293000000000000114e+02 7.372999999999999360e+23
3.408999999999999773e+02 7.262999999999999507e+23
3.530000000000000000e+02 7.154999999999999969e+23
3.653999999999999773e+02 7.048999999999999402e+23
3.783000000000000114e+02 6.943999999999999664e+23
3.916999999999999886e+02 6.841000000000000241e+23
4.055000000000000000e+02 6.739000000000000304e+23
4.198999999999999773e+02 6.638999999999999339e+23
4.346999999999999886e+02 6.540000000000000545e+23
4.501000000000000227e+02 6.442999999999999381e+23
4.660000000000000000e+02 6.347000000000000388e+23
4.823999999999999773e+02 6.253000000000000367e+23
4.995000000000000000e+02 6.161000000000000661e+23
5.171000000000000227e+02 6.068999999999999612e+23
5.353999999999999773e+02 5.979999999999999706e+23
5.542999999999999545e+02 5.890999999999999801e+23
5.737999999999999545e+02 5.804000000000000210e+23
5.941000000000000227e+02 5.719000000000000262e+23
6.151000000000000227e+02 5.634999999999999801e+23
6.367999999999999545e+02 5.552000000000000168e+23
6.592999999999999545e+02 5.470000000000000021e+23
6.826000000000000227e+02 5.390000000000000189e+23
7.067000000000000455e+02 5.312000000000000000e+23
7.317000000000000455e+02 5.233999999999999811e+23
7.575000000000000000e+02 5.157999999999999937e+23
7.842999999999999545e+02 5.083000000000000220e+23
8.120000000000000000e+02 5.008999999999999990e+23
8.407000000000000455e+02 4.937000000000000073e+23
8.703999999999999773e+02 4.866000000000000315e+23
9.011000000000000227e+02 4.796000000000000042e+23
9.328999999999999773e+02 4.726999999999999927e+23
9.658999999999999773e+02 4.658999999999999969e+23
1.000000000000000000e+03 4.593000000000000325e+23
-----------------------


Diffusion coefficient *N (1/m/s)
COMMENT: generated by bolsig_convert.py
-----------------------
1.000000000000000000e+00 4.839999999999999581e+22
1.034999999999999920e+00 4.850000000000000315e+22
1.072000000000000064e+00 4.859000000000000052e+22
1.110000000000000098e+00 4.867999999999999790e+22
1.149000000000000021e+00 4.878999999999999843e+22
1.189999999999999947e+00 4.889999999999999895e+22
1.231999999999999984e+00 4.900999999999999948e+22
1.274999999999999911e+00 4.913000000000000157e+22
1.320000000000000062e+00 4.925999999999999685e+22
1.366999999999999993e+00 4.940000000000000210e+22
1.415000000000000036e+00 4.953999999999999895e+22
1.465000000000000080e+00 4.968999999999999738e+22
1.516999999999999904e+00 4.984999999999999738e+22
1.570000000000000062e+00 5.001999999999999895e+22
1.625999999999999890e+00 5.020000000000000210e+22
1.683000000000000052e+00 5.038999999999999843e+22
1.743000000000000105e+00 5.058999999999999633e+22
1.804000000000000048e+00 5.080000000000000419e+22
1.868000000000000105e+00 5.101999999999999685e+22
1.933999999999999941e+00 5.126000000000000105e+22
2.001999999999999780e+00 5.150999999999999843e+22
2.072999999999999954e+00 5.177999999999999895e+22
2.145999999999999908e+00 5.206000000000000105e+22
2.221999999999999975e+00 5.234999999999999633e+22
2.299999999999999822e+00 5.266000000000000315e+22
2.382000000000000117e+00 5.299999999999999790e+22
2.466000000000000192e+00 5.335000000000000262e+22
2.552999999999999936e+00 5.372000000000000210e+22
2.642999999999999794e+00 5.410999999999999633e+22
2.736000000000000210e+00 5.453000000000000367e+22
2.833000000000000185e+00 5.496999999999999738e+22
2.932999999999999829e+00 5.543999999999999581e+22
3.036999999999999922e+00 5.592999999999999738e+22
3.144000000000000128e+00 5.645999999999999685e+22
3.254999999999999893e+00 5.702000000000000105e+22
3.370000000000000107e+00 5.762000000000000315e+22
3.488999999999999879e+00 5.825000000000000157e+22
3.612000000000000099e+00 5.891999999999999790e+22
3.740000000000000213e+00 5.964000000000000210e+22
3.871999999999999886e+00 6.040000000000000419e+22
4.009000000000000341e+00 6.120999999999999738e+22
4.150000000000000355e+00 6.208000000000000000e+22
4.296999999999999709e+00 6.301999999999999685e+22
4.448999999999999844e+00 6.401000000000000157e+22
4.605999999999999872e+00 6.507000000000000052e+22
4.769000000000000128e+00 6.621000000000000367e+22
4.937000000000000277e+00 6.744000000000000419e+22
5.110999999999999766e+00 6.875000000000000052e+22
5.291999999999999815e+00 7.015999999999999581e+22
5.479000000000000092e+00 7.168000000000000000e+22
5.671999999999999709e+00 7.331999999999999790e+22
5.873000000000000220e+00 7.508999999999999948e+22
6.080000000000000071e+00 7.700999999999999948e+22
6.294999999999999929e+00 7.907000000000000472e+22
6.517000000000000348e+00 8.133999999999999266e+22
6.748000000000000220e+00 8.378000000000000734e+22
6.985999999999999766e+00 8.645000000000000786e+22
7.232999999999999652e+00 8.936999999999999738e+22
7.488000000000000433e+00 9.256999999999999738e+22
7.753000000000000114e+00 9.612000000000000210e+22
8.025999999999999801e+00 9.999999999999999161e+22
8.310000000000000497e+00 1.043999999999999958e+23
8.602999999999999758e+00 1.092999999999999948e+23
8.907000000000000028e+00 1.148000000000000042e+23
9.221999999999999531e+00 1.211000000000000052e+23
9.548000000000000043e+00 1.282999999999999969e+23
9.884999999999999787e+00 1.365999999999999937e+23
1.023000000000000043e+01 1.461999999999999937e+23
1.059999999999999964e+01 1.575000000000000094e+23
1.097000000000000064e+01 1.707999999999999874e+23
1.135999999999999943e+01 1.865999999999999895e+23
1.175999999999999979e+01 2.053999999999999937e+23
1.216999999999999993e+01 2.279000000000000094e+23
1.259999999999999964e+01 2.548000000000000126e+23
1.305000000000000071e+01 2.868000000000000126e+23
1.350999999999999979e+01 3.249999999999999811e+23
1.399000000000000021e+01 3.701999999999999769e+23
1.448000000000000043e+01 4.234999999999999717e+23
1.499000000000000021e+01 4.857999999999999727e+23
1.551999999999999957e+01 5.578999999999999717e+23
1.607000000000000028e+01 6.405000000000000115e+23
1.664000000000000057e+01 7.340000000000000210e+23
1.723000000000000043e+01 8.385999999999999643e+23
1.782999999999999829e+01 9.535999999999999329e+23
1.846000000000000085e+01 1.078000000000000038e+24
1.912000000000000099e+01 1.212000000000000042e+24
1.978999999999999915e+01 1.353000000000000073e+24
2.048999999999999844e+01 1.498999999999999952e+24
2.121000000000000085e+01 1.647999999999999899e+24
2.196000000000000085e+01 1.798999999999999893e+24
2.273999999999999844e+01 1.949000000000000132e+24
2.353999999999999915e+01 2.097000000000000057e+24
2.437000000000000099e+01 2.240999999999999889e+24
2.523999999999999844e+01 2.379000000000000120e+24
2.612999999999999901e+01 2.510999999999999943e+24
2.705000000000000071e+01 2.636000000000000143e+24
2.801000000000000156e+01 2.754000000000000180e+24
2.898999999999999844e+01 2.863000000000000010e+24
3.001999999999999957e+01 2.964000000000000193e+24
3.107999999999999829e+01 3.057000000000000191e+24
3.217999999999999972e+01 3.142000000000000004e+24
3.331000000000000227e+01 3.220000000000000193e+24
3.449000000000000199e+01 3.291000000000000220e+24
3.571000000000000085e+01 3.355000000000000086e+24
3.696999999999999886e+01 3.412999999999999813e+24
3.827000000000000313e+01 3.464999999999999939e+24
3.963000000000000256e+01 3.510999999999999927e+24
4.103000000000000114e+01 3.551999999999999799e+24
4.247999999999999687e+01 3.588000000000000092e+24
4.397999999999999687e+01 3.619999999999999757e+24
4.553000000000000114e+01 3.648999999999999889e+24
4.714000000000000057e+01 3.673999999999999929e+24
4.879999999999999716e+01 3.696999999999999922e+24
5.053000000000000114e+01 3.715999999999999824e+24
5.231000000000000227e+01 3.734000000000000239e+24
5.415999999999999659e+01 3.750000000000000071e+24
5.607000000000000028e+01 3.763999999999999857e+24
5.804999999999999716e+01 3.776000000000000134e+24
6.010000000000000142e+01 3.787999999999999874e+24
6.222999999999999687e+01 3.798000000000000105e+24
6.442000000000000171e+01 3.807999999999999799e+24
6.670000000000000284e+01 3.817000000000000006e+24
6.906000000000000227e+01 3.826000000000000214e+24
7.148999999999999488e+01 3.834999999999999885e+24
7.401999999999999602e+01 3.844000000000000092e+24
7.662999999999999545e+01 3.851999999999999740e+24
7.934000000000000341e+01 3.860999999999999948e+24
8.214000000000000057e+01 3.870000000000000155e+24
8.504000000000000625e+01 3.879999999999999849e+24
8.804999999999999716e+01 3.889000000000000057e+24
9.115999999999999659e+01 3.898999999999999750e+24
9.437999999999999545e+01 3.908999999999999981e+24
9.770999999999999375e+01 3.919000000000000212e+24
1.012000000000000028e+02 3.929999999999999929e+24
1.047000000000000028e+02 3.940000000000000159e+24
1.084000000000000057e+02 3.950999999999999876e+24
1.122999999999999972e+02 3.963000000000000153e+24
1.162000000000000028e+02 3.973999999999999870e+24
1.202999999999999972e+02 3.986000000000000147e+24
1.245999999999999943e+02 3.997999999999999887e+24
1.290000000000000000e+02 4.010000000000000164e+24
1.335000000000000000e+02 4.021999999999999904e+24
1.383000000000000114e+02 4.035000000000000203e+24
1.430999999999999943e+02 4.047999999999999966e+24
1.481999999999999886e+02 4.060000000000000243e+24
1.534000000000000057e+02 4.073000000000000006e+24
1.589000000000000057e+02 4.085999999999999769e+24
1.645000000000000000e+02 4.100000000000000092e+24
1.703000000000000114e+02 4.112999999999999855e+24
1.763000000000000114e+02 4.126000000000000155e+24
1.825000000000000000e+02 4.138999999999999918e+24
1.890000000000000000e+02 4.153000000000000241e+24
1.955999999999999943e+02 4.166000000000000004e+24
2.025999999999999943e+02 4.179999999999999790e+24
2.096999999999999886e+02 4.193000000000000090e+24
2.170999999999999943e+02 4.206999999999999876e+24
2.248000000000000114e+02 4.220000000000000176e+24
2.326999999999999886e+02 4.233999999999999962e+24
2.409000000000000057e+02 4.247999999999999748e+24
2.495000000000000000e+02 4.261000000000000048e+24
2.583000000000000114e+02 4.274999999999999834e+24
2.673999999999999773e+02 4.288000000000000134e+24
2.768000000000000114e+02 4.300999999999999897e+24
2.866000000000000227e+02 4.315000000000000220e+24
2.966999999999999886e+02 4.327999999999999983e+24
3.071999999999999886e+02 4.340999999999999746e+24
3.181000000000000227e+02 4.354000000000000046e+24
3.293000000000000114e+02 4.366999999999999809e+24
3.408999999999999773e+02 4.380000000000000109e+24
3.530000000000000000e+02 4.392999999999999872e+24
3.653999999999999773e+02 4.406000000000000172e+24
3.783000000000000114e+02 4.418999999999999935e+24
3.916999999999999886e+02 4.431000000000000212e+24
4.055000000000000000e+02 4.443999999999999975e+24
4.198999999999999773e+02 4.456999999999999738e+24
4.346999999999999886e+02 4.470000000000000038e+24
4.501000000000000227e+02 4.481999999999999778e+24
4.660000000000000000e+02 4.495000000000000078e+24
4.823999999999999773e+02 4.507999999999999841e+24
4.995000000000000000e+02 4.520000000000000117e+24
5.171000000000000227e+02 4.531999999999999857e+24
5.353999999999999773e+02 4.545000000000000157e+24
5.542999999999999545e+02 4.557999999999999920e+24
5.737999999999999545e+02 4.571000000000000220e+24
5.941000000000000227e+02 4.583999999999999983e+24
6.151000000000000227e+02 4.596000000000000260e+24
6.367999999999999545e+02 4.610000000000000046e+24
6.592999999999999545e+02 4.622999999999999809e+24
6.826000000000000227e+02 4.637000000000000132e+24
7.067000000000000455e+02 4.649999999999999895e+24
7.317000000000000455e+02 4.664000000000000218e+24
7.575000000000000000e+02 4.678000000000000004e+24
7.842999999999999545e+02 4.691999999999999790e+24
8.120000000000000000e+02 4.707000000000000136e+24
8.407000000000000455e+02 4.721999999999999945e+24
8.703999999999999773e+02 4.736999999999999755e+24
9.011000000000000227e+02 4.753000000000000124e+24
9.328999999999999773e+02 4.768999999999999956e+24
9.658999999999999773e+02 4.784999999999999788e+24
1.000000000000000000e+03 4.802000000000000180e+24
-----------------------


Townsend ioniz. coef. alpha/N (m2)
COMMENT: generated by bolsig_convert.py
-----------------------
1.000000000000000000e+00 0.000000000000000000e+00
1.034999999999999920e+00 0.000000000000000000e+00
1.072000000000000064e+00 0.000000000000000000e+00
1.110000000000000098e+00 0.000000000000000000e+00
1.149000000000000021e+00 0.000000000000000000e+00
1.189999999999999947e+00 0.000000000000000000e+00
1.231999999999999984e+00 0.000000000000000000e+00
1.274999999999999911e+00 0.000000000000000000e+00
1.320000000000000062e+00 0.000000000000000000e+00
1.366999999999999993e+00 0.000000000000000000e+00
1.415000000000000036e+00 0.000000000000000000e+00
1.465000000000000080e+00 0.000000000000000000e+00
1.516999999999999904e+00 0.000000000000000000e+00
1.570000000000000062e+00 0.000000000000000000e+00
1.625999999999999890e+00 0.000000000000000000e+00
1.683000000000000052e+00 0.000000000000000000e+00
1.743000000000000105e+00 0.000000000000000000e+00
1.804000000000000048e+00 0.000000000000000000e+00
1.868000000000000105e+00 0.000000000000000000e+00
1.933999999999999941e+00 0.000000000000000000e+00
2.001999999999999780e+00 0.000000000000000000e+00
2.072999999999999954e+00 0.000000000000000000e+00
2.145999999999999908e+00 0.000000000000000000e+00
2.221999999999999975e+00 0.000000000000000000e+00
2.299999999999999822e+00 0.000000000000000000e+00
2.382000000000000117e+00 0.000000000000000000e+00
2.466000000000000192e+00 0.000000000000000000e+00
2.552999999999999936e+00 0.000000000000000000e+00
2.642999999999999794e+00 0.000000000000000000e+00
2.736000000000000210e+00 0.000000000000000000e+00
2.833000000000000185e+00 0.000000000000000000e+00
2.932999999999999829e+00 0.000000000000000000e+00
3.036999999999999922e+00 0.000000000000000000e+00
3.144000000000000128e+00 0.000000000000000000e+00
3.254999999999999893e+00 0.000000000000000000e+00
3.370000000000000107e+00 0.000000000000000000e+00
3.488999999999999879e+00 0.000000000000000000e+00
3.612000000000000099e+00 0.000000000000000000e+00
3.740000000000000213e+00 0.000000000000000000e+00
3.871999999999999886e+00 0.000000000000000000e+00
4.009000000000000341e+00 0.000000000000000000e+00
4.150000000000000355e+00 0.000000000000000000e+00
4.296999999999999709e+00 0.000000000000000000e+00
4.448999999999999844e+00 0.000000000000000000e+00
4.605999999999999872e+00 0.000000000000000000e+00
4.769000000000000128e+00 0.000000000000000000e+00
4.937000000000000277e+00 0.000000000000000000e+00
5.110999999999999766e+00 0.000000000000000000e+00
5.291999999999999815e+00 0.000000000000000000e+00
5.479000000000000092e+00 0.000000000000000000e+00
5.671999999999999709e+00 0.000000000000000000e+00
5.873000000000000220e+00 0.000000000000000000e+00
6.080000000000000071e+00 0.000000000000000000e+00
6.294999999999999929e+00 0.000000000000000000e+00
6.517000000000000348e+00 0.000000000000000000e+00
6.748000000000000220e+00 0.000000000000000000e+00
6.985999999999999766e+00 0.000000000000000000e+00
7.232999999999999652e+00 0.000000000000000000e+00
7.488000000000000433e+00 0.000000000000000000e+00
7.753000000000000114e+00 0.000000000000000000e+00
8.025999999999999801e+00 0.000000000000000000e+00
8.310000000000000497e+00 0.000000000000000000e+00
8.602999999999999758e+00 0.000000000000000000e+00
8.907000000000000028e+00 0.000000000000000000e+00
9.221999999999999531e+00 0.000000000000000000e+00
9.548000000000000043e+00 0.000000000000000000e+00
9.884999999999999787e+00 0.000000000000000000e+00
1.023000000000000043e+01 0.000000000000000000e+00
1.059999999999999964e+01 0.000000000000000000e+00
1.097000000000000064e+01 0.000000000000000000e+00
1.135999999999999943e+01 0.000000000000000000e+00
1.175999999999999979e+01 0.000000000000000000e+00
1.216999999999999993e+01 0.000000000000000000e+00
1.259999999999999964e+01 0.000000000000000000e+00
1.305000000000000071e+01 0.000000000000000000e+00
1.350999999999999979e+01 0.000000000000000000e+00
1.399000000000000021e+01 0.000000000000000000e+00
1.448000000000000043e+01 0.000000000000000000e+00
1.499000000000000021e+01 0.000000000000000000e+00
1.551999999999999957e+01 0.000000000000000000e+00
1.607000000000000028e+01 0.000000000000000000e+00
1.664000000000000057e+01 0.000000000000000000e+00
1.723000000000000043e+01 0.000000000000000000e+00
1.782999999999999829e+01 0.000000000000000000e+00
1.846000000000000085e+01 0.000000000000000000e+00
1.912000000000000099e+01 0.000000000000000000e+00
1.978999999999999915e+01 0.000000000000000000e+00
2.048999999999999844e+01 0.000000000000000000e+00
2.121000000000000085e+01 0.000000000000000000e+00
2.196000000000000085e+01 0.000000000000000000e+00
2.273999999999999844e+01 0.000000000000000000e+00
2.353999999999999915e+01 0.000000000000000000e+00
2.437000000000000099e+01 0.000000000000000000e+00
2.523999999999999844e+01 0.000000000000000000e+00
2.612999999999999901e+01 0.000000000000000000e+00
2.705000000000000071e+01 0.000000000000000000e+00
2.801000000000000156e+01 3.430999999999999841e-31
2.898999999999999844e+01 9.448000000000000731e-31
3.001999999999999957e+01 2.483000000000000081e-30
3.107999999999999829e+01 6.243999999999999652e-30
3.217999999999999972e+01 1.504999999999999985e-29
3.331000000000000227e+01 3.481000000000000038e-29
3.449000000000000199e+01 9.041000000000000501e-29
3.571000000000000085e+01 1.965999999999999996e-28
3.696999999999999886e+01 4.128000000000000344e-28
3.827000000000000313e+01 8.386999999999999270e-28
3.963000000000000256e+01 1.649999999999999992e-27
4.103000000000000114e+01 3.150000000000000050e-27
4.247999999999999687e+01 5.850999999999999821e-27
4.397999999999999687e+01 1.055000000000000026e-26
4.553000000000000114e+01 1.852999999999999862e-26
4.714000000000000057e+01 3.172999999999999855e-26
4.879999999999999716e+01 5.303000000000000138e-26
5.053000000000000114e+01 8.659000000000000279e-26
5.231000000000000227e+01 1.382999999999999987e-25
5.415999999999999659e+01 2.164999999999999839e-25
5.607000000000000028e+01 3.317999999999999789e-25
5.804999999999999716e+01 4.988999999999999650e-25
6.010000000000000142e+01 7.366000000000000266e-25
6.222999999999999687e+01 1.068999999999999912e-24
6.442000000000000171e+01 1.525000000000000090e-24
6.670000000000000284e+01 2.142999999999999994e-24
6.906000000000000227e+01 2.968000000000000045e-24
7.148999999999999488e+01 4.051000000000000101e-24
7.401999999999999602e+01 5.458000000000000342e-24
7.662999999999999545e+01 7.259999999999999281e-24
7.934000000000000341e+01 9.542000000000000534e-24
8.214000000000000057e+01 1.240000000000000016e-23
8.504000000000000625e+01 1.593999999999999968e-23
8.804999999999999716e+01 2.028999999999999875e-23
9.115999999999999659e+01 2.558000000000000031e-23
9.437999999999999545e+01 3.196000000000000208e-23
9.770999999999999375e+01 3.959000000000000068e-23
1.012000000000000028e+02 4.863999999999999746e-23
1.047000000000000028e+02 5.928999999999999560e-23
1.084000000000000057e+02 7.175999999999999959e-23
1.122999999999999972e+02 8.625000000000000449e-23
1.162000000000000028e+02 1.029999999999999949e-22
1.202999999999999972e+02 1.221999999999999993e-22
1.245999999999999943e+02 1.442000000000000046e-22
1.290000000000000000e+02 1.691000000000000054e-22
1.335000000000000000e+02 1.973000000000000034e-22
1.383000000000000114e+02 2.291000000000000177e-22
1.430999999999999943e+02 2.647000000000000139e-22
1.481999999999999886e+02 3.043999999999999874e-22
1.534000000000000057e+02 3.486000000000000107e-22
1.589000000000000057e+02 3.975000000000000023e-22
1.645000000000000000e+02 4.513999999999999812e-22
1.703000000000000114e+02 5.107999999999999790e-22
1.763000000000000114e+02 5.758999999999999615e-22
1.825000000000000000e+02 6.470000000000000416e-22
1.890000000000000000e+02 7.245999999999999688e-22
1.955999999999999943e+02 8.089000000000000379e-22
2.025999999999999943e+02 9.001999999999999859e-22
2.096999999999999886e+02 9.991000000000000387e-22
2.170999999999999943e+02 1.106000000000000034e-21
2.248000000000000114e+02 1.220999999999999977e-21
2.326999999999999886e+02 1.344000000000000050e-21
2.409000000000000057e+02 1.475999999999999941e-21
2.495000000000000000e+02 1.618000000000000089e-21
2.583000000000000114e+02 1.768999999999999865e-21
2.673999999999999773e+02 1.929999999999999899e-21
2.768000000000000114e+02 2.100999999999999813e-21
2.866000000000000227e+02 2.283000000000000047e-21
2.966999999999999886e+02 2.475999999999999849e-21
3.071999999999999886e+02 2.679999999999999970e-21
3.181000000000000227e+02 2.896000000000000099e-21
3.293000000000000114e+02 3.124999999999999923e-21
3.408999999999999773e+02 3.365000000000000066e-21
3.530000000000000000e+02 3.619000000000000343e-21
3.653999999999999773e+02 3.884999999999999875e-21
3.783000000000000114e+02 4.165000000000000293e-21
3.916999999999999886e+02 4.459000000000000092e-21
4.055000000000000000e+02 4.765999999999999962e-21
4.198999999999999773e+02 5.088000000000000029e-21
4.346999999999999886e+02 5.425000000000000293e-21
4.501000000000000227e+02 5.775999999999999938e-21
4.660000000000000000e+02 6.142999999999999844e-21
4.823999999999999773e+02 6.524999999999999947e-21
4.995000000000000000e+02 6.922999999999999558e-21
5.171000000000000227e+02 7.337000000000000181e-21
5.353999999999999773e+02 7.767000000000000312e-21
5.542999999999999545e+02 8.212999999999999952e-21
5.737999999999999545e+02 8.675999999999999915e-21
5.941000000000000227e+02 9.156000000000000201e-21
6.151000000000000227e+02 9.652999999999999307e-21
6.367999999999999545e+02 1.016999999999999968e-20
6.592999999999999545e+02 1.070000000000000012e-20
6.826000000000000227e+02 1.125000000000000032e-20
7.067000000000000455e+02 1.180999999999999965e-20
7.317000000000000455e+02 1.239999999999999938e-20
7.575000000000000000e+02 1.299999999999999974e-20
7.842999999999999545e+02 1.362000000000000136e-20
8.120000000000000000e+02 1.425999999999999974e-20
8.407000000000000455e+02 1.491000000000000025e-20
8.703999999999999773e+02 1.559000000000000116e-20
9.011000000000000227e+02 1.628000000000000120e-20
9.328999999999999773e+02 1.698999999999999949e-20
9.658999999999999773e+02 1.771999999999999905e-20
1.000000000000000000e+03 1.846999999999999987e-20
-----------------------


Townsend attach. coef. eta/N (m2)
COMMENT: generated by bolsig_convert.py
-----------------------
1.000000000000000000e+00 0.000000000000000000e+00
1.034999999999999920e+00 0.000000000000000000e+00
1.072000000000000064e+00 0.000000000000000000e+00
1.110000000000000098e+00 0.000000000000000000e+00
1.149000000000000021e+00 0.000000000000000000e+00
1.189999999999999947e+00 0.000000000000000000e+00
1.231999999999999984e+00 0.000000000000000000e+00
1.274999999999999911e+00 0.000000000000000000e+00
1.320000000000000062e+00 0.000000000000000000e+00
1.366999999999999993e+00 0.000000000000000000e+00
1.415000000000000036e+00 0.000000000000000000e+00
1.465000000000000080e+00 0.000000000000000000e+00
1.516999999999999904e+00 0.000000000000000000e+00
1.570000000000000062e+00 0.000000000000000000e+00
1.625999999999999890e+00 0.000000000000000000e+00
1.683000000000000052e+00 0.000000000000000000e+00
1.743000000000000105e+00 0.000000000000000000e+00
1.804000000000000048e+00 0.000000000000000000e+00
1.868000000000000105e+00 0.000000000000000000e+00
1.933999999999999941e+00 0.000000000000000000e+00
2.001999999999999780e+00 0.000000000000000000e+00
2.072999999999999954e+00 0.000000000000000000e+00
2.145999999999999908e+00 0.000000000000000000e+00
2.221999999999999975e+00 0.000000000000000000e+00
2.299999999999999822e+00 0.000000000000000000e+00
2.382000000000000117e+00 0.000000000000000000e+00
2.466000000000000192e+00 0.000000000000000000e+00
2.552999999999999936e+00 0.000000000000000000e+00
2.642999999999999794e+00 0.000000000000000000e+00
2.736000000000000210e+00 0.000000000000000000e+00
2.833000000000000185e+00 0.000000000000000000e+00
2.932999999999999829e+00 0.000000000000000000e+00
3.036999999999999922e+00 0.000000000000000000e+00
3.144000000000000128e+00 0.000000000000000000e+00
3.254999999999999893e+00 0.000000000000000000e+00
3.370000000000000107e+00 0.000000000000000000e+00
3.488999999999999879e+00 0.000000000000000000e+00
3.612000000000000099e+00 0.000000000000000000e+00
3.740000000000000213e+00 0.000000000000000000e+00
3.871999999999999886e+00 0.000000000000000000e+00
4.009000000000000341e+00 0.000000000000000000e+00
4.150000000000000355e+00 0.000000000000000000e+00
4.296999999999999709e+00 0.000000000000000000e+00
4.448999999999999844e+00 0.000000000000000000e+00
4.605999999999999872e+00 0.000000000000000000e+00
4.769000000000000128e+00 0.000000000000000000e+00
4.937000000000000277e+00 0.000000000000000000e+00
5.110999999999999766e+00 0.000000000000000000e+00
5.291999999999999815e+00 0.000000000000000000e+00
5.479000000000000092e+00 0.000000000000000000e+00
5.671999999999999709e+00 0.000000000000000000e+00
5.873000000000000220e+00 0.000000000000000000e+00
6.080000000000000071e+00 0.000000000000000000e+00
6.294999999999999929e+00 0.000000000000000000e+00
6.517000000000000348e+00 0.000000000000000000e+00
6.748000000000000220e+00 0.000000000000000000e+00
6.985999999999999766e+00 0.000000000000000000e+00
7.232999999999999652e+00 0.000000000000000000e+00
7.488000000000000433e+00 0.000000000000000000e+00
7.753000000000000114e+00 0.000000000000000000e+00
8.025999999999999801e+00 0.000000000000000000e+00
8.310000000000000497e+00 0.000000000000000000e+00
8.602999999999999758e+00 0.000000000000000000e+00
8.907000000000000028e+00 0.000000000000000000e+00
9.221999999999999531e+00 0.000000000000000000e+00
9.548000000000000043e+00 2.491000000000000087e-36
9.884999999999999787e+00 7.873000000000000372e-36
1.023000000000000043e+01 2.389999999999999889e-35
1.059999999999999964e+01 6.972999999999999924e-35
1.097000000000000064e+01 1.954999999999999860e-34
1.135999999999999943e+01 5.274999999999999731e-34
1.175999999999999979e+01 1.368999999999999935e-33
1.216999999999999993e+01 3.422000000000000146e-33
1.259999999999999964e+01 1.468999999999999954e-31
1.305000000000000071e+01 3.689000000000000174e-31
1.350999999999999979e+01 8.943000000000000549e-31
1.399000000000000021e+01 2.094000000000000006e-30
1.448000000000000043e+01 4.738000000000000059e-30
1.499000000000000021e+01 1.037000000000000002e-29
1.551999999999999957e+01 2.242999999999999991e-29
1.607000000000000028e+01 4.610999999999999852e-29
1.664000000000000057e+01 9.186999999999999560e-29
1.723000000000000043e+01 1.781000000000000008e-28
1.782999999999999829e+01 3.353999999999999999e-28
1.846000000000000085e+01 6.116999999999999921e-28
1.912000000000000099e+01 1.085999999999999967e-27
1.978999999999999915e+01 1.881999999999999966e-27
2.048999999999999844e+01 3.172999999999999855e-27
2.121000000000000085e+01 5.221999999999999908e-27
2.196000000000000085e+01 8.413000000000000516e-27
2.273999999999999844e+01 1.324000000000000097e-26
2.353999999999999915e+01 2.039999999999999964e-26
2.437000000000000099e+01 3.088999999999999978e-26
2.523999999999999844e+01 4.581000000000000116e-26
2.612999999999999901e+01 6.674000000000000159e-26
2.705000000000000071e+01 9.562999999999999556e-26
2.801000000000000156e+01 1.349000000000000083e-25
2.898999999999999844e+01 1.873999999999999975e-25
3.001999999999999957e+01 2.564000000000000087e-25
3.107999999999999829e+01 3.460999999999999843e-25
3.217999999999999972e+01 4.610999999999999802e-25
3.331000000000000227e+01 6.064000000000000279e-25
3.449000000000000199e+01 7.882999999999999721e-25
3.571000000000000085e+01 1.012000000000000073e-24
3.696999999999999886e+01 1.284000000000000038e-24
3.827000000000000313e+01 1.612000000000000028e-24
3.963000000000000256e+01 2.001999999999999842e-24
4.103000000000000114e+01 2.460000000000000014e-24
4.247999999999999687e+01 2.991000000000000164e-24
4.397999999999999687e+01 3.601999999999999720e-24
4.553000000000000114e+01 4.295000000000000145e-24
4.714000000000000057e+01 5.072000000000000333e-24
4.879999999999999716e+01 5.936000000000000091e-24
5.053000000000000114e+01 6.884000000000000345e-24
5.231000000000000227e+01 7.915000000000000181e-24
5.415999999999999659e+01 9.025999999999999791e-24
5.607000000000000028e+01 1.020999999999999938e-23
5.804999999999999716e+01 1.145000000000000027e-23
6.010000000000000142e+01 1.275000000000000027e-23
6.222999999999999687e+01 1.409000000000000015e-23
6.442000000000000171e+01 1.546000000000000104e-23
6.670000000000000284e+01 1.685999999999999855e-23
6.906000000000000227e+01 1.827000000000000080e-23
7.148999999999999488e+01 1.968000000000000011e-23
7.401999999999999602e+01 2.108000000000000056e-23
7.662999999999999545e+01 2.246000000000000033e-23
7.934000000000000341e+01 2.381000000000000054e-23
8.214000000000000057e+01 2.511999999999999941e-23
8.504000000000000625e+01 2.638999999999999985e-23
8.804999999999999716e+01 2.760000000000000120e-23
9.115999999999999659e+01 2.874999999999999758e-23
9.437999999999999545e+01 2.984000000000000074e-23
9.770999999999999375e+01 3.085999999999999711e-23
1.012000000000000028e+02 3.180999999999999846e-23
1.047000000000000028e+02 3.268999999999999891e-23
1.084000000000000057e+02 3.349000000000000252e-23
1.122999999999999972e+02 3.421999999999999935e-23
1.162000000000000028e+02 3.488000000000000116e-23
1.202999999999999972e+02 3.546000000000000025e-23
1.245999999999999943e+02 3.596999999999999844e-23
1.290000000000000000e+02 3.641000000000000160e-23
1.335000000000000000e+02 3.677000000000000205e-23
1.383000000000000114e+02 3.706999999999999753e-23
1.430999999999999943e+02 3.729999999999999798e-23
1.481999999999999886e+02 3.745999999999999753e-23
1.534000000000000057e+02 3.755999999999999798e-23
1.589000000000000057e+02 3.761000000000000114e-23
1.645000000000000000e+02 3.758999999999999753e-23
1.703000000000000114e+02 3.752999999999999843e-23
1.763000000000000114e+02 3.739999999999999843e-23
1.825000000000000000e+02 3.723999999999999889e-23
1.890000000000000000e+02 3.702000000000000024e-23
1.955999999999999943e+02 3.676000000000000024e-23
2.025999999999999943e+02 3.645999999999999889e-23
2.096999999999999886e+02 3.612000000000000206e-23
2.170999999999999943e+02 3.574999999999999980e-23
2.248000000000000114e+02 3.534999999999999799e-23
2.326999999999999886e+02 3.491000000000000071e-23
2.409000000000000057e+02 3.444999999999999981e-23
2.495000000000000000e+02 3.395999999999999936e-23
2.583000000000000114e+02 3.345000000000000117e-23
2.673999999999999773e+02 3.290999999999999755e-23
2.768000000000000114e+02 3.235999999999999801e-23
2.866000000000000227e+02 3.180000000000000253e-23
2.966999999999999886e+02 3.121000000000000163e-23
3.071999999999999886e+02 3.062000000000000073e-23
3.181000000000000227e+02 3.001999999999999802e-23
3.293000000000000114e+02 2.939999999999999757e-23
3.408999999999999773e+02 2.877999999999999712e-23
3.530000000000000000e+02 2.815000000000000074e-23
3.653999999999999773e+02 2.751999999999999849e-23
3.783000000000000114e+02 2.689000000000000211e-23
3.916999999999999886e+02 2.625000000000000098e-23
4.055000000000000000e+02 2.561999999999999872e-23
4.198999999999999773e+02 2.498000000000000054e-23
4.346999999999999886e+02 2.435000000000000122e-23
4.501000000000000227e+02 2.371999999999999896e-23
4.660000000000000000e+02 2.308999999999999964e-23
4.823999999999999773e+02 2.246000000000000033e-23
4.995000000000000000e+02 2.184999999999999875e-23
5.171000000000000227e+02 2.123000000000000124e-23
5.353999999999999773e+02 2.063000000000000147e-23
5.542999999999999545e+02 2.002999999999999876e-23
5.737999999999999545e+02 1.944000000000000079e-23
5.941000000000000227e+02 1.884999999999999989e-23
6.151000000000000227e+02 1.827999999999999967e-23
6.367999999999999545e+02 1.770999999999999945e-23
6.592999999999999545e+02 1.715000000000000103e-23
6.826000000000000227e+02 1.659999999999999855e-23
7.067000000000000455e+02 1.606999999999999968e-23
7.317000000000000455e+02 1.554000000000000082e-23
7.575000000000000000e+02 1.502000000000000082e-23
7.842999999999999545e+02 1.450999999999999969e-23
8.120000000000000000e+02 1.401000000000000037e-23
8.407000000000000455e+02 1.351999999999999992e-23
8.703999999999999773e+02 1.303999999999999981e-23
9.011000000000000227e+02 1.258000000000000038e-23
9.328999999999999773e+02 1.211999999999999948e-23
9.658999999999999773e+02 1.167000000000000039e-23
1.000000000000000000e+03 1.124000000000000050e-23
-----------------------


C1 CO2 Attachment
COMMENT: generated by bolsig_convert.py
-----------------------
1.000000000000000000e+00 0.000000000000000000e+00
1.034999999999999920e+00 0.000000000000000000e+00
1.072000000000000064e+00 0.000000000000000000e+00
1.110000000000000098e+00 0.000000000000000000e+00
1.149000000000000021e+00 0.000000000000000000e+00
1.189999999999999947e+00 0.000000000000000000e+00
1.231999999999999984e+00 0.000000000000000000e+00
1.274999999999999911e+00 0.000000000000000000e+00
1.320000000000000062e+00 0.000000000000000000e+00
1.366999999999999993e+00 0.000000000000000000e+00
1.415000000000000036e+00 0.000000000000000000e+00
1.465000000000000080e+00 0.000000000000000000e+00
1.516999999999999904e+00 0.000000000000000000e+00
1.570000000000000062e+00 0.000000000000000000e+00
1.625999999999999890e+00 0.000000000000000000e+00
1.683000000000000052e+00 0.000000000000000000e+00
1.743000000000000105e+00 0.000000000000000000e+00
1.804000000000000048e+00 0.000000000000000000e+00
1.868000000000000105e+00 0.000000000000000000e+00
1.933999999999999941e+00 0.000000000000000000e+00
2.001999999999999780e+00 0.000000000000000000e+00
2.072999999999999954e+00 0.000000000000000000e+00
2.145999999999999908e+00 0.000000000000000000e+00
2.221999999999999975e+00 0.000000000000000000e+00
2.299999999999999822e+00 0.000000000000000000e+00
2.382000000000000117e+00 0.000000000000000000e+00
2.466000000000000192e+00 0.000000000000000000e+00
2.552999999999999936e+00 0.000000000000000000e+00
2.642999999999999794e+00 0.000000000000000000e+00
2.736000000000000210e+00 0.000000000000000000e+00
2.833000000000000185e+00 0.000000000000000000e+00
2.932999999999999829e+00 0.000000000000000000e+00
3.036999999999999922e+00 0.000000000000000000e+00
3.144000000000000128e+00 0.000000000000000000e+00
3.254999999999999893e+00 0.000000000000000000e+00
3.370000000000000107e+00 0.000000000000000000e+00
3.488999999999999879e+00 0.000000000000000000e+00
3.612000000000000099e+00 0.000000000000000000e+00
3.740000000000000213e+00 0.000000000000000000e+00
3.871999999999999886e+00 0.000000000000000000e+00
4.009000000000000341e+00 0.000000000000000000e+00
4.150000000000000355e+00 0.000000000000000000e+00
4.296999999999999709e+00 0.000000000000000000e+00
4.448999999999999844e+00 0.000000000000000000e+00
4.605999999999999872e+00 0.000000000000000000e+00
4.769000000000000128e+00 0.000000000000000000e+00
4.937000000000000277e+00 0.000000000000000000e+00
5.110999999999999766e+00 0.000000000000000000e+00
5.291999999999999815e+00 0.000000000000000000e+00
5.479000000000000092e+00 0.000000000000000000e+00
5.671999999999999709e+00 0.000000000000000000e+00
5.873000000000000220e+00 0.000000000000000000e+00
6.080000000000000071e+00 0.000000000000000000e+00
6.294999999999999929e+00 0.000000000000000000e+00
6.517000000000000348e+00 0.000000000000000000e+00
6.748000000000000220e+00 0.000000000000000000e+00
6.985999999999999766e+00 0.000000000000000000e+00
7.232999999999999652e+00 0.000000000000000000e+00
7.488000000000000433e+00 0.000000000000000000e+00
7.753000000000000114e+00 0.000000000000000000e+00
8.025999999999999801e+00 0.000000000000000000e+00
8.310000000000000497e+00 0.000000000000000000e+00
8.602999999999999758e+00 0.000000000000000000e+00
8.907000000000000028e+00 0.000000000000000000e+00
9.221999999999999531e+00 0.000000000000000000e+00
9.548000000000000043e+00 4.902000000000000202e-32
9.884999999999999787e+00 1.623999999999999932e-31
1.023000000000000043e+01 5.173999999999999878e-31
1.059999999999999964e+01 1.585000000000000062e-30
1.097000000000000064e+01 4.673999999999999661e-30
1.135999999999999943e+01 1.327000000000000027e-29
1.175999999999999979e+01 3.630999999999999770e-29
1.216999999999999993e+01 9.576999999999999873e-29
1.259999999999999964e+01 4.343999999999999869e-27
1.305000000000000071e+01 1.154000000000000004e-26
1.350999999999999979e+01 2.961000000000000111e-26
1.399000000000000021e+01 7.346999999999999631e-26
1.448000000000000043e+01 1.763000000000000059e-25
1.499000000000000021e+01 4.092999999999999891e-25
1.551999999999999957e+01 9.397000000000000026e-25
1.607000000000000028e+01 2.048999999999999892e-24
1.664000000000000057e+01 4.328999999999999682e-24
1.723000000000000043e+01 8.887999999999999814e-24
1.782999999999999829e+01 1.770000000000000058e-23
1.846000000000000085e+01 3.407000000000000162e-23
1.912000000000000099e+01 6.367999999999999602e-23
1.978999999999999915e+01 1.159000000000000002e-22
2.048999999999999844e+01 2.047000000000000016e-22
2.121000000000000085e+01 3.517000000000000188e-22
2.196000000000000085e+01 5.897999999999999949e-22
2.273999999999999844e+01 9.630000000000000108e-22
2.353999999999999915e+01 1.535999999999999977e-21
2.437000000000000099e+01 2.398000000000000178e-21
2.523999999999999844e+01 3.658999999999999865e-21
2.612999999999999901e+01 5.470000000000000132e-21
2.705000000000000071e+01 8.020999999999999837e-21
2.801000000000000156e+01 1.156000000000000038e-20
2.898999999999999844e+01 1.636999999999999937e-20
3.001999999999999957e+01 2.278999999999999944e-20
3.107999999999999829e+01 3.125000000000000224e-20
3.217999999999999972e+01 4.223000000000000202e-20
3.331000000000000227e+01 5.626999999999999987e-20
3.449000000000000199e+01 7.400999999999999417e-20
3.571000000000000085e+01 9.604999999999999880e-20
3.696999999999999886e+01 1.230999999999999940e-19
3.827000000000000313e+01 1.560000000000000029e-19
3.963000000000000256e+01 1.953000000000000075e-19
4.103000000000000114e+01 2.417999999999999864e-19
4.247999999999999687e+01 2.962000000000000109e-19
4.397999999999999687e+01 3.590999999999999805e-19
4.553000000000000114e+01 4.311000000000000114e-19
4.714000000000000057e+01 5.123999999999999659e-19
4.879999999999999716e+01 6.036000000000000084e-19
5.053000000000000114e+01 7.044999999999999876e-19
5.231000000000000227e+01 8.153000000000000066e-19
5.415999999999999659e+01 9.362000000000000721e-19
5.607000000000000028e+01 1.065999999999999951e-18
5.804999999999999716e+01 1.204999999999999944e-18
6.010000000000000142e+01 1.352000000000000009e-18
6.222999999999999687e+01 1.506999999999999955e-18
6.442000000000000171e+01 1.668999999999999940e-18
6.670000000000000284e+01 1.838000000000000158e-18
6.906000000000000227e+01 2.012000000000000156e-18
7.148999999999999488e+01 2.189999999999999902e-18
7.401999999999999602e+01 2.373000000000000007e-18
7.662999999999999545e+01 2.558000000000000178e-18
7.934000000000000341e+01 2.745999999999999871e-18
8.214000000000000057e+01 2.935000000000000175e-18
8.504000000000000625e+01 3.124999999999999935e-18
8.804999999999999716e+01 3.315000000000000079e-18
9.115999999999999659e+01 3.503999999999999998e-18
9.437999999999999545e+01 3.692000000000000076e-18
9.770999999999999375e+01 3.877999999999999703e-18
1.012000000000000028e+02 4.061000000000000193e-18
1.047000000000000028e+02 4.242000000000000231e-18
1.084000000000000057e+02 4.420000000000000362e-18
1.122999999999999972e+02 4.593000000000000135e-18
1.162000000000000028e+02 4.763000000000000001e-18
1.202999999999999972e+02 4.928000000000000279e-18
1.245999999999999943e+02 5.088000000000000198e-18
1.290000000000000000e+02 5.242999999999999758e-18
1.335000000000000000e+02 5.392999999999999730e-18
1.383000000000000114e+02 5.538000000000000114e-18
1.430999999999999943e+02 5.676999999999999914e-18
1.481999999999999886e+02 5.808999999999999674e-18
1.534000000000000057e+02 5.935999999999999845e-18
1.589000000000000057e+02 6.057000000000000203e-18
1.645000000000000000e+02 6.170999999999999750e-18
1.703000000000000114e+02 6.279000000000000254e-18
1.763000000000000114e+02 6.381000000000000174e-18
1.825000000000000000e+02 6.474999999999999828e-18
1.890000000000000000e+02 6.563999999999999893e-18
1.955999999999999943e+02 6.645999999999999919e-18
2.025999999999999943e+02 6.722000000000000131e-18
2.096999999999999886e+02 6.791000000000000303e-18
2.170999999999999943e+02 6.853999999999999891e-18
2.248000000000000114e+02 6.910000000000000209e-18
2.326999999999999886e+02 6.961000000000000169e-18
2.409000000000000057e+02 7.004999999999999319e-18
2.495000000000000000e+02 7.043000000000000195e-18
2.583000000000000114e+02 7.073999999999999491e-18
2.673999999999999773e+02 7.100000000000000739e-18
2.768000000000000114e+02 7.120000000000000633e-18
2.866000000000000227e+02 7.134000000000000712e-18
2.966999999999999886e+02 7.142999999999999663e-18
3.071999999999999886e+02 7.147000000000000566e-18
3.181000000000000227e+02 7.145000000000000114e-18
3.293000000000000114e+02 7.138000000000000075e-18
3.408999999999999773e+02 7.127000000000000672e-18
3.530000000000000000e+02 7.109999999999999915e-18
3.653999999999999773e+02 7.088999999999999796e-18
3.783000000000000114e+02 7.064000000000000314e-18
3.916999999999999886e+02 7.033999999999999704e-18
4.055000000000000000e+02 7.000999999999999956e-18
4.198999999999999773e+02 6.963000000000000621e-18
4.346999999999999886e+02 6.921999999999999837e-18
4.501000000000000227e+02 6.876999999999999692e-18
4.660000000000000000e+02 6.828000000000000183e-18
4.823999999999999773e+02 6.777000000000000224e-18
4.995000000000000000e+02 6.722000000000000131e-18
5.171000000000000227e+02 6.664000000000000132e-18
5.353999999999999773e+02 6.603000000000000225e-18
5.542999999999999545e+02 6.539999999999999867e-18
5.737999999999999545e+02 6.474000000000000372e-18
5.941000000000000227e+02 6.405999999999999656e-18
6.151000000000000227e+02 6.334999999999999802e-18
6.367999999999999545e+02 6.262000000000000268e-18
6.592999999999999545e+02 6.187000000000000282e-18
6.826000000000000227e+02 6.109999999999999844e-18
7.067000000000000455e+02 6.030999999999999725e-18
7.317000000000000455e+02 5.949999999999999925e-18
7.575000000000000000e+02 5.867999999999999899e-18
7.842999999999999545e+02 5.784000000000000192e-18
8.120000000000000000e+02 5.699000000000000259e-18
8.407000000000000455e+02 5.611999999999999875e-18
8.703999999999999773e+02 5.524000000000000035e-18
9.011000000000000227e+02 5.434999999999999969e-18
9.328999999999999773e+02 5.344999999999999678e-18
9.658999999999999773e+02 5.253999999999999931e-18
1.000000000000000000e+03 5.161999999999999958e-18
-----------------------


C16 CO2 Ionization 13.80 eV
COMMENT: generated by bolsig_convert.py
-----------------------
1.000000000000000000e+00 0.000000000000000000e+00
1.034999999999999920e+00 0.000000000000000000e+00
1.072000000000000064e+00 0.000000000000000000e+00
1.110000000000000098e+00 0.000000000000000000e+00
1.149000000000000021e+00 0.000000000000000000e+00
1.189999999999999947e+00 0.000000000000000000e+00
1.231999999999999984e+00 0.000000000000000000e+00
1.274999999999999911e+00 0.000000000000000000e+00
1.320000000000000062e+00 0.000000000000000000e+00
1.366999999999999993e+00 0.000000000000000000e+00
1.415000000000000036e+00 0.000000000000000000e+00
1.465000000000000080e+00 0.000000000000000000e+00
1.516999999999999904e+00 0.000000000000000000e+00
1.570000000000000062e+00 0.000000000000000000e+00
1.625999999999999890e+00 0.000000000000000000e+00
1.683000000000000052e+00 0.000000000000000000e+00
1.743000000000000105e+00 0.000000000000000000e+00
1.804000000000000048e+00 0.000000000000000000e+00
1.868000000000000105e+00 0.000000000000000000e+00
1.933999999999999941e+00 0.000000000000000000e+00
2.001999999999999780e+00 0.000000000000000000e+00
2.072999999999999954e+00 0.000000000000000000e+00
2.145999999999999908e+00 0.000000000000000000e+00
2.221999999999999975e+00 0.000000000000000000e+00
2.299999999999999822e+00 0.000000000000000000e+00
2.382000000000000117e+00 0.000000000000000000e+00
2.466000000000000192e+00 0.000000000000000000e+00
2.552999999999999936e+00 0.000000000000000000e+00
2.642999999999999794e+00 0.000000000000000000e+00
2.736000000000000210e+00 0.000000000000000000e+00
2.833000000000000185e+00 0.000000000000000000e+00
2.932999999999999829e+00 0.000000000000000000e+00
3.036999999999999922e+00 0.000000000000000000e+00
3.144000000000000128e+00 0.000000000000000000e+00
3.254999999999999893e+00 0.000000000000000000e+00
3.370000000000000107e+00 0.000000000000000000e+00
3.488999999999999879e+00 0.000000000000000000e+00
3.612000000000000099e+00 0.000000000000000000e+00
3.740000000000000213e+00 0.000000000000000000e+00
3.871999999999999886e+00 0.000000000000000000e+00
4.009000000000000341e+00 0.000000000000000000e+00
4.150000000000000355e+00 0.000000000000000000e+00
4.296999999999999709e+00 0.000000000000000000e+00
4.448999999999999844e+00 0.000000000000000000e+00
4.605999999999999872e+00 0.000000000000000000e+00
4.769000000000000128e+00 0.000000000000000000e+00
4.937000000000000277e+00 0.000000000000000000e+00
5.110999999999999766e+00 0.000000000000000000e+00
5.291999999999999815e+00 0.000000000000000000e+00
5.479000000000000092e+00 0.000000000000000000e+00
5.671999999999999709e+00 0.000000000000000000e+00
5.873000000000000220e+00 0.000000000000000000e+00
6.080000000000000071e+00 0.000000000000000000e+00
6.294999999999999929e+00 0.000000000000000000e+00
6.517000000000000348e+00 0.000000000000000000e+00
6.748000000000000220e+00 0.000000000000000000e+00
6.985999999999999766e+00 0.000000000000000000e+00
7.232999999999999652e+00 0.000000000000000000e+00
7.488000000000000433e+00 0.000000000000000000e+00
7.753000000000000114e+00 0.000000000000000000e+00
8.025999999999999801e+00 0.000000000000000000e+00
8.310000000000000497e+00 0.000000000000000000e+00
8.602999999999999758e+00 0.000000000000000000e+00
8.907000000000000028e+00 0.000000000000000000e+00
9.221999999999999531e+00 0.000000000000000000e+00
9.548000000000000043e+00 0.000000000000000000e+00
9.884999999999999787e+00 0.000000000000000000e+00
1.023000000000000043e+01 0.000000000000000000e+00
1.059999999999999964e+01 0.000000000000000000e+00
1.097000000000000064e+01 0.000000000000000000e+00
1.135999999999999943e+01 0.000000000000000000e+00
1.175999999999999979e+01 0.000000000000000000e+00
1.216999999999999993e+01 0.000000000000000000e+00
1.259999999999999964e+01 0.000000000000000000e+00
1.305000000000000071e+01 0.000000000000000000e+00
1.350999999999999979e+01 0.000000000000000000e+00
1.399000000000000021e+01 0.000000000000000000e+00
1.448000000000000043e+01 0.000000000000000000e+00
1.499000000000000021e+01 0.000000000000000000e+00
1.551999999999999957e+01 0.000000000000000000e+00
1.607000000000000028e+01 0.000000000000000000e+00
1.664000000000000057e+01 0.000000000000000000e+00
1.723000000000000043e+01 0.000000000000000000e+00
1.782999999999999829e+01 0.000000000000000000e+00
1.846000000000000085e+01 0.000000000000000000e+00
1.912000000000000099e+01 0.000000000000000000e+00
1.978999999999999915e+01 0.000000000000000000e+00
2.048999999999999844e+01 0.000000000000000000e+00
2.121000000000000085e+01 0.000000000000000000e+00
2.196000000000000085e+01 0.000000000000000000e+00
2.273999999999999844e+01 0.000000000000000000e+00
2.353999999999999915e+01 0.000000000000000000e+00
2.437000000000000099e+01 0.000000000000000000e+00
2.523999999999999844e+01 0.000000000000000000e+00
2.612999999999999901e+01 0.000000000000000000e+00
2.705000000000000071e+01 0.000000000000000000e+00
2.801000000000000156e+01 2.940000000000000285e-26
2.898999999999999844e+01 8.252000000000000513e-26
3.001999999999999957e+01 2.207000000000000180e-25
3.107999999999999829e+01 5.636999999999999652e-25
3.217999999999999972e+01 1.377999999999999955e-24
3.331000000000000227e+01 3.230000000000000038e-24
3.449000000000000199e+01 8.488999999999999658e-24
3.571000000000000085e+01 1.866000000000000080e-23
3.696999999999999886e+01 3.956999999999999706e-23
3.827000000000000313e+01 8.111999999999999954e-23
3.963000000000000256e+01 1.610000000000000099e-22
4.103000000000000114e+01 3.096999999999999937e-22
4.247999999999999687e+01 5.792999999999999886e-22
4.397999999999999687e+01 1.052000000000000001e-21
4.553000000000000114e+01 1.859999999999999982e-21
4.714000000000000057e+01 3.206000000000000159e-21
4.879999999999999716e+01 5.391999999999999709e-21
5.053000000000000114e+01 8.861999999999999650e-21
5.231000000000000227e+01 1.425000000000000061e-20
5.415999999999999659e+01 2.246000000000000112e-20
5.607000000000000028e+01 3.465999999999999988e-20
5.804999999999999716e+01 5.251000000000000264e-20
6.010000000000000142e+01 7.814000000000000127e-20
6.222999999999999687e+01 1.142999999999999908e-19
6.442000000000000171e+01 1.647000000000000028e-19
6.670000000000000284e+01 2.336000000000000031e-19
6.906000000000000227e+01 3.267000000000000123e-19
7.148999999999999488e+01 4.508000000000000395e-19
7.401999999999999602e+01 6.141999999999999751e-19
7.662999999999999545e+01 8.268000000000000032e-19
7.934000000000000341e+01 1.099999999999999925e-18
8.214000000000000057e+01 1.448999999999999955e-18
8.504000000000000625e+01 1.887999999999999892e-18
8.804999999999999716e+01 2.438000000000000047e-18
9.115999999999999659e+01 3.117999999999999895e-18
9.437999999999999545e+01 3.953999999999999915e-18
9.770999999999999375e+01 4.975000000000000106e-18
1.012000000000000028e+02 6.210000000000000082e-18
1.047000000000000028e+02 7.694999999999999499e-18
1.084000000000000057e+02 9.468999999999999458e-18
1.122999999999999972e+02 1.158000000000000001e-17
1.162000000000000028e+02 1.406000000000000068e-17
1.202999999999999972e+02 1.698000000000000055e-17
1.245999999999999943e+02 2.039000000000000013e-17
1.290000000000000000e+02 2.435999999999999980e-17
1.335000000000000000e+02 2.895000000000000080e-17
1.383000000000000114e+02 3.422999999999999736e-17
1.430999999999999943e+02 4.028999999999999747e-17
1.481999999999999886e+02 4.721000000000000070e-17
1.534000000000000057e+02 5.507999999999999966e-17
1.589000000000000057e+02 6.401000000000000376e-17
1.645000000000000000e+02 7.409999999999999860e-17
1.703000000000000114e+02 8.546999999999999896e-17
1.763000000000000114e+02 9.823999999999999495e-17
1.825000000000000000e+02 1.125000000000000038e-16
1.890000000000000000e+02 1.284999999999999926e-16
1.955999999999999943e+02 1.461999999999999894e-16
2.025999999999999943e+02 1.660000000000000103e-16
2.096999999999999886e+02 1.877999999999999899e-16
2.170999999999999943e+02 2.119999999999999936e-16
2.248000000000000114e+02 2.386000000000000215e-16
2.326999999999999886e+02 2.679000000000000243e-16
2.409000000000000057e+02 3.001999999999999773e-16
2.495000000000000000e+02 3.353999999999999872e-16
2.583000000000000114e+02 3.741000000000000047e-16
2.673999999999999773e+02 4.161999999999999886e-16
2.768000000000000114e+02 4.621999999999999966e-16
2.866000000000000227e+02 5.122000000000000202e-16
2.966999999999999886e+02 5.665999999999999772e-16
3.071999999999999886e+02 6.256000000000000485e-16
3.181000000000000227e+02 6.894999999999999627e-16
3.293000000000000114e+02 7.586000000000000403e-16
3.408999999999999773e+02 8.332999999999999525e-16
3.530000000000000000e+02 9.138999999999999211e-16
3.653999999999999773e+02 1.001000000000000094e-15
3.783000000000000114e+02 1.094000000000000027e-15
3.916999999999999886e+02 1.195000000000000091e-15
4.055000000000000000e+02 1.303000000000000071e-15
4.198999999999999773e+02 1.417999999999999967e-15
4.346999999999999886e+02 1.542000000000000010e-15
4.501000000000000227e+02 1.675000000000000002e-15
4.660000000000000000e+02 1.817000000000000140e-15
4.823999999999999773e+02 1.968000000000000030e-15
4.995000000000000000e+02 2.129999999999999901e-15
5.171000000000000227e+02 2.303000000000000149e-15
5.353999999999999773e+02 2.486000000000000164e-15
5.542999999999999545e+02 2.682000000000000193e-15
5.737999999999999545e+02 2.890000000000000023e-15
5.941000000000000227e+02 3.110999999999999867e-15
6.151000000000000227e+02 3.345000000000000120e-15
6.367999999999999545e+02 3.595000000000000238e-15
6.592999999999999545e+02 3.858999999999999795e-15
6.826000000000000227e+02 4.137999999999999792e-15
7.067000000000000455e+02 4.433999999999999869e-15
7.317000000000000455e+02 4.747999999999999844e-15
7.575000000000000000e+02 5.078999999999999897e-15
7.842999999999999545e+02 5.428999999999999668e-15
8.120000000000000000e+02 5.798999999999999764e-15
8.407000000000000455e+02 6.189000000000000185e-15
8.703999999999999773e+02 6.600999999999999780e-15
9.011000000000000227e+02 7.035000000000000127e-15
9.328999999999999773e+02 7.492999999999999286e-15
9.658999999999999773e+02 7.975000000000000413e-15
1.000000000000000000e+03 8.482000000000000171e-15
-----------------------
