field_vs_length
---------------
0.000000000000000000e+00 2.500000000000000000e+06
1.001251564455569429e-04 2.500000000000000000e+06
2.002503128911138858e-04 2.500000000000000000e+06
3.003754693366708422e-04 2.500000000000000000e+06
4.005006257822277716e-04 2.500000000000000000e+06
5.006257822277847009e-04 2.500000000000000000e+06
6.007509386733416844e-04 2.500000000000000000e+06
7.008760951188985596e-04 2.500000000000000000e+06
8.010012515644555431e-04 2.500000000000000000e+06
9.011264080100125267e-04 2.500000000000000000e+06
1.001251564455569402e-03 2.500000000000000000e+06
1.101376720901126385e-03 2.500000000000000000e+06
1.201501877346683369e-03 2.500000000000000000e+06
1.301627033792240352e-03 2.500000000000000000e+06
1.401752190237797119e-03 2.500000000000000000e+06
1.501877346683354103e-03 2.500000000000000000e+06
1.602002503128911086e-03 2.500000000000000000e+06
1.702127659574468070e-03 2.500000000000000000e+06
1.802252816020025053e-03 2.500000000000000000e+06
1.902377972465581820e-03 2.500000000000000000e+06
2.002503128911138804e-03 2.500000000000000000e+06
2.102628285356695787e-03 2.500000000000000000e+06
2.202753441802252771e-03 2.500000000000000000e+06
2.302878598247809754e-03 2.500000000000000000e+06
2.403003754693366738e-03 2.500000000000000000e+06
2.503128911138923721e-03 2.500000000000000000e+06
2.603254067584480705e-03 2.500000000000000000e+06
2.703379224030037255e-03 2.500000000000000000e+06
2.803504380475594238e-03 2.500000000000000000e+06
2.903629536921151222e-03 2.500000000000000000e+06
3.003754693366708205e-03 2.500000000000000000e+06
3.103879849812265189e-03 2.500000000000000000e+06
3.204005006257822172e-03 2.500000000000000000e+06
3.304130162703379156e-03 2.500000000000000000e+06
3.404255319148936140e-03 2.500000000000000000e+06
3.504380475594493123e-03 2.500000000000000000e+06
3.604505632040050107e-03 2.500000000000000000e+06
3.704630788485607090e-03 2.500000000000000000e+06
3.804755944931163640e-03 2.500000000000000000e+06
3.904881101376720624e-03 2.500000000000000000e+06
4.005006257822277607e-03 2.500000000000000000e+06
4.105131414267835024e-03 2.500000000000000000e+06
4.205256570713391574e-03 2.500000000000000000e+06
4.305381727158948124e-03 2.500000000000000000e+06
4.405506883604505541e-03 2.500000000000000000e+06
4.505632040050062091e-03 2.500000000000000000e+06
4.605757196495619508e-03 2.500000000000000000e+06
4.705882352941176058e-03 2.500000000000000000e+06
4.806007509386733476e-03 2.500000000000000000e+06
4.906132665832290025e-03 2.500000000000000000e+06
5.006257822277847443e-03 2.500000000000000000e+06
5.106382978723403993e-03 2.500000000000000000e+06
5.206508135168961410e-03 2.500000000000000000e+06
5.306633291614517960e-03 2.500000000000000000e+06
5.406758448060074509e-03 2.500000000000000000e+06
5.506883604505631927e-03 2.500000000000000000e+06
5.607008760951188477e-03 2.500000000000000000e+06
5.707133917396745894e-03 2.500000000000000000e+06
5.807259073842302444e-03 2.500000000000000000e+06
5.907384230287859861e-03 2.500000000000000000e+06
6.007509386733416411e-03 2.500000000000000000e+06
6.107634543178973828e-03 2.500000000000000000e+06
6.207759699624530378e-03 2.500000000000000000e+06
6.307884856070087795e-03 2.500000000000000000e+06
6.408010012515644345e-03 2.500000000000000000e+06
6.508135168961200895e-03 2.500000000000000000e+06
6.608260325406758312e-03 2.500000000000000000e+06
6.708385481852314862e-03 2.500000000000000000e+06
6.808510638297872279e-03 2.500000000000000000e+06
6.908635794743428829e-03 2.500000000000000000e+06
7.008760951188986246e-03 2.500000000000000000e+06
7.108886107634542796e-03 2.500000000000000000e+06
7.209011264080100213e-03 2.500000000000000000e+06
7.309136420525656763e-03 2.500000000000000000e+06
7.409261576971214180e-03 2.500000000000000000e+06
7.509386733416770730e-03 2.500000000000000000e+06
7.609511889862327280e-03 2.500000000000000000e+06
7.709637046307884697e-03 2.500000000000000000e+06
7.809762202753441247e-03 2.500000000000000000e+06
7.909887359198997797e-03 2.500000000000000000e+06
8.010012515644555214e-03 2.500000000000000000e+06
8.110137672090112632e-03 2.500000000000000000e+06
8.210262828535670049e-03 2.500000000000000000e+06
8.310387984981225731e-03 2.500000000000000000e+06
8.410513141426783149e-03 2.500000000000000000e+06
8.510638297872340566e-03 2.500000000000000000e+06
8.610763454317896248e-03 2.500000000000000000e+06
8.710888610763453666e-03 2.500000000000000000e+06
8.811013767209011083e-03 2.500000000000000000e+06
8.911138923654568500e-03 2.500000000000000000e+06
9.011264080100124182e-03 2.500000000000000000e+06
9.111389236545681600e-03 2.500000000000000000e+06
9.211514392991239017e-03 2.500000000000000000e+06
9.311639549436796434e-03 2.500000000000000000e+06
9.411764705882352117e-03 2.500000000000000000e+06
9.511889862327909534e-03 2.500000000000000000e+06
9.612015018773466951e-03 2.500000000000000000e+06
9.712140175219022634e-03 2.500000000000000000e+06
9.812265331664580051e-03 2.500000000000000000e+06
9.912390488110137468e-03 2.500000000000000000e+06
1.001251564455569489e-02 2.500000000000000000e+06
1.011264080100125057e-02 2.500000000000000000e+06
1.021276595744680799e-02 2.500000000000000000e+06
1.031289111389236540e-02 2.500000000000000000e+06
1.041301627033792282e-02 2.500000000000000000e+06
1.051314142678347850e-02 2.500000000000000000e+06
1.061326658322903592e-02 2.500000000000000000e+06
1.071339173967459334e-02 2.500000000000000000e+06
1.081351689612014902e-02 2.500000000000000000e+06
1.091364205256570644e-02 2.500000000000000000e+06
1.101376720901126385e-02 2.500000000000000000e+06
1.111389236545682127e-02 2.500000000000000000e+06
1.121401752190237695e-02 2.500000000000000000e+06
1.131414267834793437e-02 2.500000000000000000e+06
1.141426783479349179e-02 2.500000000000000000e+06
1.151439299123904920e-02 2.500000000000000000e+06
1.161451814768460489e-02 2.500000000000000000e+06
1.171464330413016230e-02 2.500000000000000000e+06
1.181476846057571972e-02 2.500000000000000000e+06
1.191489361702127540e-02 2.500000000000000000e+06
1.201501877346683282e-02 2.500000000000000000e+06
1.211514392991239024e-02 2.500000000000000000e+06
1.221526908635794766e-02 2.500000000000000000e+06
1.231539424280350334e-02 2.500000000000000000e+06
1.241551939924906076e-02 2.500000000000000000e+06
1.251564455569461817e-02 2.500000000000000000e+06
1.261576971214017559e-02 2.500000000000000000e+06
1.271589486858573127e-02 2.500000000000000000e+06
1.281602002503128869e-02 2.500000000000000000e+06
1.291614518147684611e-02 2.500000000000000000e+06
1.301627033792240179e-02 2.500000000000000000e+06
1.311639549436795921e-02 2.500000000000000000e+06
1.321652065081351662e-02 2.500000000000000000e+06
1.331664580725907404e-02 2.500000000000000000e+06
1.341677096370462972e-02 2.500000000000000000e+06
1.351689612015018714e-02 2.500000000000000000e+06
1.361702127659574456e-02 2.500000000000000000e+06
1.371714643304130198e-02 2.500000000000000000e+06
1.381727158948685766e-02 2.500000000000000000e+06
1.391739674593241508e-02 2.500000000000000000e+06
1.401752190237797249e-02 2.500000000000000000e+06
1.411764705882352818e-02 2.500000000000000000e+06
1.421777221526908559e-02 2.500000000000000000e+06
1.431789737171464301e-02 2.500000000000000000e+06
1.441802252816020043e-02 2.500000000000000000e+06
1.451814768460575611e-02 2.500000000000000000e+06
1.461827284105131353e-02 2.500000000000000000e+06
1.471839799749687094e-02 2.500000000000000000e+06
1.481852315394242836e-02 2.500000000000000000e+06
1.491864831038798404e-02 2.500000000000000000e+06
1.501877346683354146e-02 2.500000000000000000e+06
1.511889862327909888e-02 2.500000000000000000e+06
1.521902377972465456e-02 2.500000000000000000e+06
1.531914893617021198e-02 2.500000000000000000e+06
1.541927409261576939e-02 2.500000000000000000e+06
1.551939924906132681e-02 2.500000000000000000e+06
1.561952440550688249e-02 2.500000000000000000e+06
1.571964956195244165e-02 2.500000000000000000e+06
1.581977471839799559e-02 2.500000000000000000e+06
1.591989987484355301e-02 2.500000000000000000e+06
1.602002503128911043e-02 2.500000000000000000e+06
1.612015018773466785e-02 2.500000000000000000e+06
1.622027534418022526e-02 2.500000000000000000e+06
1.632040050062578268e-02 2.500000000000000000e+06
1.642052565707134010e-02 2.500000000000000000e+06
1.652065081351689405e-02 2.500000000000000000e+06
1.662077596996245146e-02 2.500000000000000000e+06
1.672090112640800888e-02 2.500000000000000000e+06
1.682102628285356630e-02 2.500000000000000000e+06
1.692115143929912371e-02 2.500000000000000000e+06
1.702127659574468113e-02 2.500000000000000000e+06
1.712140175219023855e-02 2.500000000000000000e+06
1.722152690863579250e-02 2.500000000000000000e+06
1.732165206508134991e-02 2.500000000000000000e+06
1.742177722152690733e-02 2.500000000000000000e+06
1.752190237797246475e-02 2.500000000000000000e+06
1.762202753441802217e-02 2.500000000000000000e+06
1.772215269086357958e-02 2.500000000000000000e+06
1.782227784730913700e-02 2.500000000000000000e+06
1.792240300375469442e-02 2.500000000000000000e+06
1.802252816020024836e-02 2.500000000000000000e+06
1.812265331664580578e-02 2.500000000000000000e+06
1.822277847309136320e-02 2.500000000000000000e+06
1.832290362953692062e-02 2.500000000000000000e+06
1.842302878598247803e-02 2.500000000000000000e+06
1.852315394242803545e-02 2.500000000000000000e+06
1.862327909887359287e-02 2.500000000000000000e+06
1.872340425531914682e-02 2.500000000000000000e+06
1.882352941176470423e-02 2.500000000000000000e+06
1.892365456821026165e-02 2.500000000000000000e+06
1.902377972465581907e-02 2.500000000000000000e+06
1.912390488110137649e-02 2.500000000000000000e+06
1.922403003754693390e-02 2.500000000000000000e+06
1.932415519399249132e-02 2.500000000000000000e+06
1.942428035043804527e-02 2.500000000000000000e+06
1.952440550688360268e-02 2.500000000000000000e+06
1.962453066332916010e-02 2.500000000000000000e+06
1.972465581977471752e-02 2.500000000000000000e+06
1.982478097622027494e-02 2.500000000000000000e+06
1.992490613266583235e-02 2.500000000000000000e+06
2.002503128911138977e-02 2.497332222377638333e+06
2.012515644555694719e-02 2.486705519267323427e+06
2.022528160200250114e-02 2.476149513296534773e+06
2.032540675844805855e-02 2.465663734132612124e+06
2.042553191489361597e-02 2.455247714571917430e+06
2.052565707133917339e-02 2.444900990519014187e+06
2.062578222778473080e-02 2.434623100965994410e+06
2.072590738423028822e-02 2.424413587971934117e+06
2.082603254067584564e-02 2.414271996642489452e+06
2.092615769712139959e-02 2.404197875109631568e+06
2.102628285356695700e-02 2.394190774511508178e+06
2.112640801001251442e-02 2.384250248972450383e+06
2.122653316645807184e-02 2.374375855583100580e+06
2.132665832290362926e-02 2.364567154380681459e+06
2.142678347934918667e-02 2.354823708329392597e+06
2.152690863579474409e-02 2.345145083300936501e+06
2.162703379224029804e-02 2.335530848055177368e+06
2.172715894868585546e-02 2.325980574220925570e+06
2.182728410513141287e-02 2.316493836276851594e+06
2.192740926157697029e-02 2.307070211532526650e+06
2.202753441802252771e-02 2.297709280109589919e+06
2.212765957446808512e-02 2.288410624923039228e+06
2.222778473091364254e-02 2.279173831662648357e+06
2.232790988735919996e-02 2.269998488774504978e+06
2.242803504380475391e-02 2.260884187442678027e+06
2.252816020025031132e-02 2.251830521570998244e+06
2.262828535669586874e-02 2.242837087764965370e+06
2.272841051314142616e-02 2.233903485313775018e+06
2.282853566958698358e-02 2.225029316172464751e+06
2.292866082603254099e-02 2.216214184944178909e+06
2.302878598247809841e-02 2.207457698862550780e+06
2.312891113892365236e-02 2.198759467774201185e+06
2.322903629536920977e-02 2.190119104121358134e+06
2.332916145181476719e-02 2.181536222924586385e+06
2.342928660826032461e-02 2.173010441765634343e+06
2.352941176470588203e-02 2.164541380770397373e+06
2.362953692115143944e-02 2.156128662591988221e+06
2.372966207759699686e-02 2.147771912393928505e+06
2.382978723404255081e-02 2.139470757833443582e+06
2.392991239048810823e-02 2.131224829044874758e+06
2.403003754693366564e-02 2.123033758623198140e+06
2.413016270337922306e-02 2.114897181607657112e+06
2.423028785982478048e-02 2.106814735465497710e+06
2.433041301627033789e-02 2.098786060075818561e+06
2.443053817271589531e-02 2.090810797713523265e+06
2.453066332916145273e-02 2.082888593033383135e+06
2.463078848560700668e-02 2.075019093054203782e+06
2.473091364205256409e-02 2.067201947143097175e+06
2.483103879849812151e-02 2.059436806999859866e+06
2.493116395494367893e-02 2.051723326641453663e+06
2.503128911138923635e-02 2.044061162386590848e+06
2.513141426783479376e-02 2.036449972840419039e+06
2.523153942428035118e-02 2.028889418879312463e+06
2.533166458072590513e-02 2.021379163635760779e+06
2.543178973717146255e-02 2.013918872483358718e+06
2.553191489361701996e-02 2.006508213021899108e+06
2.563204005006257738e-02 1.999146855062559713e+06
2.573216520650813480e-02 1.991834470613193465e+06
2.583229036295369221e-02 1.984570733863712754e+06
2.593241551939924963e-02 1.977355321171574062e+06
2.603254067584480358e-02 1.970187911047356902e+06
2.613266583229036100e-02 1.963068184140439378e+06
2.623279098873591841e-02 1.955995823224770604e+06
2.633291614518147583e-02 1.948970513184735086e+06
2.643304130162703325e-02 1.941991941001112340e+06
2.653316645807259067e-02 1.935059795737131499e+06
2.663329161451814808e-02 1.928173768524615094e+06
2.673341677096370203e-02 1.921333552550219465e+06
2.683354192740925945e-02 1.914538843041762244e+06
2.693366708385481686e-02 1.907789337254644837e+06
2.703379224030037428e-02 1.901084734458361752e+06
2.713391739674593170e-02 1.894424735923102591e+06
2.723404255319148912e-02 1.887809044906440889e+06
2.733416770963704653e-02 1.881237366640113061e+06
2.743429286608260395e-02 1.874709408316884190e+06
2.753441802252815790e-02 1.868224879077502992e+06
2.763454317897371532e-02 1.861783489997739904e+06
2.773466833541927273e-02 1.855384954075516202e+06
2.783479349186483015e-02 1.849028986218115781e+06
2.793491864831038757e-02 1.842715303229481913e+06
2.803504380475594499e-02 1.836443623797598528e+06
2.813516896120150240e-02 1.830213668481958564e+06
2.823529411764705635e-02 1.824025159701111494e+06
2.833541927409261377e-02 1.817877821720294189e+06
2.843554443053817118e-02 1.811771380639149109e+06
2.853566958698372860e-02 1.805705564379516058e+06
2.863579474342928602e-02 1.799680102673312649e+06
2.873591989987484344e-02 1.793694727050490910e+06
2.883604505632040085e-02 1.787749170827075373e+06
2.893617021276595480e-02 1.781843169093281496e+06
2.903629536921151222e-02 1.775976458701710915e+06
2.913642052565706964e-02 1.770148778255627956e+06
2.923654568210262705e-02 1.764359868097313214e+06
2.933667083854818447e-02 1.758609470296492102e+06
2.943679599499374189e-02 1.752897328638845123e+06
2.953692115143929930e-02 1.747223188614589628e+06
2.963704630788485672e-02 1.741586797407142352e+06
2.973717146433041067e-02 1.735987903881853214e+06
2.983729662077596809e-02 1.730426258574815467e+06
2.993742177722152550e-02 1.724901613681752235e+06
3.003754693366708292e-02 1.719413723046973813e+06
3.013767209011264034e-02 1.713962342152411584e+06
3.023779724655819776e-02 1.708547228106722003e+06
3.033792240300375517e-02 1.703168139634463936e+06
3.043804755944930912e-02 1.697824837065349799e+06
3.053817271589486654e-02 1.692517082323566079e+06
3.063829787234042396e-02 1.687244638917165808e+06
3.073842302878598137e-02 1.682007271927531809e+06
3.083854818523153879e-02 1.676804747998908162e+06
3.093867334167709621e-02 1.671636835328005021e+06
3.103879849812265362e-02 1.666503303653668612e+06
3.113892365456820757e-02 1.661403924246623181e+06
3.123904881101376499e-02 1.656338469899277901e+06
3.133917396745932588e-02 1.651306714915605262e+06
3.143929912390488329e-02 1.646308435101084411e+06
3.153942428035043377e-02 1.641343407752711326e+06
3.163954943679599119e-02 1.636411411649076268e+06
3.173967459324154861e-02 1.631512227040508296e+06
3.183979974968710602e-02 1.626645635639281943e+06
3.193992490613266344e-02 1.621811420609893277e+06
3.204005006257822086e-02 1.617009366559397429e+06
3.214017521902377827e-02 1.612239259527812013e+06
3.224030037546933569e-02 1.607500886978583410e+06
3.234042553191489311e-02 1.602794037789117545e+06
3.244055068836045053e-02 1.598118502241373062e+06
3.254067584480600794e-02 1.593474072012517136e+06
3.264080100125156536e-02 1.588860540165642509e+06
3.274092615769712278e-02 1.584277701140549034e+06
3.284105131414268020e-02 1.579725350744583644e+06
3.294117647058823761e-02 1.575203286143541802e+06
3.304130162703378809e-02 1.570711305852631805e+06
3.314142678347934551e-02 1.566249209727494977e+06
3.324155193992490293e-02 1.561816798955290578e+06
3.334167709637046034e-02 1.557413876045835670e+06
3.344180225281601776e-02 1.553040244822807144e+06
3.354192740926157518e-02 1.548695710414999630e+06
3.364205256570713259e-02 1.544380079247643705e+06
3.374217772215269001e-02 1.540093159033780452e+06
3.384230287859824743e-02 1.535834758765694220e+06
3.394242803504380485e-02 1.531604688706402667e+06
3.404255319148936226e-02 1.527402760381201282e+06
3.414267834793491968e-02 1.523228786569266813e+06
3.424280350438047710e-02 1.519082581295316108e+06
3.434292866082603451e-02 1.514963959821318742e+06
3.444305381727158499e-02 1.510872738638265990e+06
3.454317897371714241e-02 1.506808735457994044e+06
3.464330413016269983e-02 1.502771769205062883e+06
3.474342928660825724e-02 1.498761660008688690e+06
3.484355444305381466e-02 1.494778229194727959e+06
3.494367959949937208e-02 1.490821299277717248e+06
3.504380475594492950e-02 1.486890693952966016e+06
3.514392991239048691e-02 1.482986238088699058e+06
3.524405506883604433e-02 1.479107757718255743e+06
3.534418022528160175e-02 1.475255080032337923e+06
3.544430538172715917e-02 1.471428033371309051e+06
3.554443053817271658e-02 1.467626447217547568e+06
3.564455569461827400e-02 1.463850152187847998e+06
3.574468085106383142e-02 1.460098980025874451e+06
3.584480600750938883e-02 1.456372763594664400e+06
3.594493116395493931e-02 1.452671336869180202e+06
3.604505632040049673e-02 1.448994534928912995e+06
3.614518147684605415e-02 1.445342193950534100e+06
3.624530663329161156e-02 1.441714151200595777e+06
3.634543178973716898e-02 1.438110245028280420e+06
3.644555694618272640e-02 1.434530314858198166e+06
3.654568210262828382e-02 1.430974201183232013e+06
3.664580725907384123e-02 1.427441745557431132e+06
3.674593241551939865e-02 1.423932790588951437e+06
3.684605757196495607e-02 1.420447179933041800e+06
3.694618272841051348e-02 1.416984758285078686e+06
3.704630788485607090e-02 1.413545371373647358e+06
3.714643304130162832e-02 1.410128865953665925e+06
3.724655819774718574e-02 1.406735089799559209e+06
3.734668335419274315e-02 1.403363891698476160e+06
3.744680851063829363e-02 1.400015121443550801e+06
3.754693366708385105e-02 1.396688629827210912e+06
3.764705882352940847e-02 1.393384268634530483e+06
3.774718397997496588e-02 1.390101890636624303e+06
3.784730913642052330e-02 1.386841349584089126e+06
3.794743429286608072e-02 1.383602500200487440e+06
3.804755944931163814e-02 1.380385198175873607e+06
3.814768460575719555e-02 1.377189300160364714e+06
3.824780976220275297e-02 1.374014663757754024e+06
3.834793491864831039e-02 1.370861147519165184e+06
3.844806007509386780e-02 1.367728610936749959e+06
3.854818523153942522e-02 1.364616914437429281e+06
3.864831038798498264e-02 1.361525919376672478e+06
3.874843554443054006e-02 1.358455488032320747e+06
3.884856070087609053e-02 1.355405483598451829e+06
3.894868585732164795e-02 1.352375770179281943e+06
3.904881101376720537e-02 1.349366212783113122e+06
3.914893617021276279e-02 1.346376677316318033e+06
3.924906132665832020e-02 1.343407030577364378e+06
3.934918648310387762e-02 1.340457140250880970e+06
3.944931163954943504e-02 1.337526874901761999e+06
3.954943679599499246e-02 1.334616103969310643e+06
3.964956195244054987e-02 1.331724697761421790e+06
3.974968710888610729e-02 1.328852527448803885e+06
3.984981226533166471e-02 1.325999465059238486e+06
3.994993742177722212e-02 1.323165383471878245e+06
4.005006257822277954e-02 1.320350156411583768e+06
4.015018773466833696e-02 1.317553658443295630e+06
4.025031289111389438e-02 1.314775764966447139e+06
4.035043804755944485e-02 1.312016352209412027e+06
4.045056320400500227e-02 1.309275297223989619e+06
4.055068836045055969e-02 1.306552477879926562e+06
4.065081351689611711e-02 1.303847772859475575e+06
4.075093867334167452e-02 1.301161061651990283e+06
4.085106382978723194e-02 1.298492224548554979e+06
4.095118898623278936e-02 1.295841142636650940e+06
4.105131414267834677e-02 1.293207697794859763e+06
4.115143929912390419e-02 1.290591772687597666e+06
4.125156445556946161e-02 1.287993250759889837e+06
4.135168961201501903e-02 1.285412016232175753e+06
4.145181476846057644e-02 1.282847954095151741e+06
4.155193992490613386e-02 1.280300950104644988e+06
4.165206508135169128e-02 1.277770890776525252e+06
4.175219023779724176e-02 1.275257663381647319e+06
4.185231539424279917e-02 1.272761155940827215e+06
4.195244055068835659e-02 1.270281257219855674e+06
4.205256570713391401e-02 1.267817856724539539e+06
4.215269086357947143e-02 1.265370844695779495e+06
4.225281602002502884e-02 1.262940112104679924e+06
4.235294117647058626e-02 1.260525550647690194e+06
4.245306633291614368e-02 1.258127052741779946e+06
4.255319148936170109e-02 1.255744511519645108e+06
4.265331664580725851e-02 1.253377820824946743e+06
4.275344180225281593e-02 1.251026875207580160e+06
4.285356695869837335e-02 1.248691569918978494e+06
4.295369211514393076e-02 1.246371800907443278e+06
4.305381727158948818e-02 1.244067464813509258e+06
4.315394242803504560e-02 1.241778458965339698e+06
4.325406758448059608e-02 1.239504681374151492e+06
4.335419274092615349e-02 1.237246030729669379e+06
4.345431789737171091e-02 1.235002406395614613e+06
4.355444305381726833e-02 1.232773708405219018e+06
4.365456821026282574e-02 1.230559837456771638e+06
4.375469336670838316e-02 1.228360694909194252e+06
4.385481852315394058e-02 1.226176182777646231e+06
4.395494367959949800e-02 1.224006203729158267e+06
4.405506883604505541e-02 1.221850661078297300e+06
4.415519399249061283e-02 1.219709458782855887e+06
4.425531914893617025e-02 1.217582501439575106e+06
4.435544430538172767e-02 1.215469694279893534e+06
4.445556946182728508e-02 1.213370943165723933e+06
4.455569461827284250e-02 1.211286154585259035e+06
4.465581977471839992e-02 1.209215235648805741e+06
4.475594493116395040e-02 1.207158094084645389e+06
4.485607008760950781e-02 1.205114638234922895e+06
4.495619524405506523e-02 1.203084777051563375e+06
4.505632040050062265e-02 1.201068420092214830e+06
4.515644555694618006e-02 1.199065477516218089e+06
4.525657071339173748e-02 1.197075860080604907e+06
4.535669586983729490e-02 1.195099479136120528e+06
4.545682102628285232e-02 1.193136246623274870e+06
4.555694618272840973e-02 1.191186075068417704e+06
4.565707133917396715e-02 1.189248877579842694e+06
4.575719649561952457e-02 1.187324567843914730e+06
4.585732165206508198e-02 1.185413060121224495e+06
4.595744680851063940e-02 1.183514269242768409e+06
4.605757196495619682e-02 1.181628110606153496e+06
4.615769712140174730e-02 1.179754500171828549e+06
4.625782227784730471e-02 1.177893354459338356e+06
4.635794743429286213e-02 1.176044590543605620e+06
4.645807259073841955e-02 1.174208126051235478e+06
4.655819774718397697e-02 1.172383879156844923e+06
4.665832290362953438e-02 1.170571768579417840e+06
4.675844806007509180e-02 1.168771713578682626e+06
4.685857321652064922e-02 1.166983633951515425e+06
4.695869837296620664e-02 1.165207450028365944e+06
4.705882352941176405e-02 1.163443082669708412e+06
4.715894868585732147e-02 1.161690453262514668e+06
4.725907384230287889e-02 1.159949483716752380e+06
4.735919899874843630e-02 1.158220096461904468e+06
4.745932415519399372e-02 1.156502214443514589e+06
4.755944931163955114e-02 1.154795761119751958e+06
4.765957446808510162e-02 1.153100660458002472e+06
4.775969962453065903e-02 1.151416836931480095e+06
4.785982478097621645e-02 1.149744215515862219e+06
4.795994993742177387e-02 1.148082721685946686e+06
4.806007509386733129e-02 1.146432281412331387e+06
4.816020025031288870e-02 1.144792821158115752e+06
4.826032540675844612e-02 1.143164267875623424e+06
4.836045056320400354e-02 1.141546549003149383e+06
4.846057571964956096e-02 1.139939592461724998e+06
4.856070087609511837e-02 1.138343326651907759e+06
4.866082603254067579e-02 1.136757680450590793e+06
4.876095118898623321e-02 1.135182583207832882e+06
4.886107634543179062e-02 1.133617964743712451e+06
4.896120150187734804e-02 1.132063755345199257e+06
4.906132665832290546e-02 1.130519885763048427e+06
4.916145181476845594e-02 1.128986287208715687e+06
4.926157697121401335e-02 1.127462891351291444e+06
4.936170212765957077e-02 1.125949630314457230e+06
4.946182728410512819e-02 1.124446436673460528e+06
4.956195244055068561e-02 1.122953243452111259e+06
4.966207759699624302e-02 1.121469984119797358e+06
4.976220275344180044e-02 1.119996592588520376e+06
4.986232790988735786e-02 1.118533003209950635e+06
4.996245306633291527e-02 1.117079150772502879e+06
5.006257822277847269e-02 1.115634970498430077e+06
5.016270337922403011e-02 1.114200398040937493e+06
5.026282853566958753e-02 1.112775369481315603e+06
5.036295369211514494e-02 1.111359821326092351e+06
5.046307884856070236e-02 1.109953690504203318e+06
5.056320400500625284e-02 1.108556914364182856e+06
5.066332916145181026e-02 1.107169430671371287e+06
5.076345431789736767e-02 1.105791177605142817e+06
5.086357947434292509e-02 1.104422093756150687e+06
5.096370463078848251e-02 1.103062118123591179e+06
5.106382978723403993e-02 1.101711190112486016e+06
5.116395494367959734e-02 1.100369249530981295e+06
5.126408010012515476e-02 1.099036236587666906e+06
5.136420525657071218e-02 1.097712091888912255e+06
5.146433041301626959e-02 1.096396756436218740e+06
5.156445556946182701e-02 1.095090171623592963e+06
5.166458072590738443e-02 1.093792279234933667e+06
5.176470588235294185e-02 1.092503021441438701e+06
5.186483103879849926e-02 1.091222340799028752e+06
5.196495619524405668e-02 1.089950180245787138e+06
5.206508135168960716e-02 1.088686483099417761e+06
5.216520650813516458e-02 1.087431193054719130e+06
5.226533166458072199e-02 1.086184254181076540e+06
5.236545682102627941e-02 1.084945610919969156e+06
5.246558197747183683e-02 1.083715208082495024e+06
5.256570713391739424e-02 1.082492990846911911e+06
5.266583229036295166e-02 1.081278904756194446e+06
5.276595744680850908e-02 1.080072895715608029e+06
5.286608260325406650e-02 1.078874909990299260e+06
5.296620775969962391e-02 1.077684894202899653e+06
5.306633291614518133e-02 1.076502795331150061e+06
5.316645807259073875e-02 1.075328560705536045e+06
5.326658322903629617e-02 1.074162138006942347e+06
5.336670838548185358e-02 1.073003475264321081e+06
5.346683354192740406e-02 1.071852520852376474e+06
5.356695869837296148e-02 1.070709223489264958e+06
5.366708385481851890e-02 1.069573532234309707e+06
5.376720901126407631e-02 1.068445396485730540e+06
5.386733416770963373e-02 1.067324765978390817e+06
5.396745932415519115e-02 1.066211590781556442e+06
5.406758448060074856e-02 1.065105821296671405e+06
5.416770963704630598e-02 1.064007408255148446e+06
5.426783479349186340e-02 1.062916302716173232e+06
5.436795994993742082e-02 1.061832456064524362e+06
5.446808510638297823e-02 1.060755820008406416e+06
5.456821026282853565e-02 1.059686346577299060e+06
5.466833541927409307e-02 1.058623988119819434e+06
5.476846057571965048e-02 1.057568697301598499e+06
5.486858573216520790e-02 1.056520427103172988e+06
5.496871088861075838e-02 1.055479130817889934e+06
5.506883604505631580e-02 1.054444762049824931e+06
5.516896120150187321e-02 1.053417274711715756e+06
5.526908635794743063e-02 1.052396623022909043e+06
5.536921151439298805e-02 1.051382761507319985e+06
5.546933667083854547e-02 1.050375644991406240e+06
5.556946182728410288e-02 1.049375228602154879e+06
5.566958698372966030e-02 1.048381467765083886e+06
5.576971214017521772e-02 1.047394318202255177e+06
5.586983729662077514e-02 1.046413735930302297e+06
5.596996245306633255e-02 1.045439677258470445e+06
5.607008760951188997e-02 1.044472098786670016e+06
5.617021276595744739e-02 1.043510957403542590e+06
5.627033792240300480e-02 1.042556210284540430e+06
5.637046307884856222e-02 1.041607814890017849e+06
5.647058823529411270e-02 1.040665728963336442e+06
5.657071339173967012e-02 1.039729910528981942e+06
5.667083854818522753e-02 1.038800317890694016e+06
5.677096370463078495e-02 1.037876909629608504e+06
5.687108886107634237e-02 1.036959644602411659e+06
5.697121401752189979e-02 1.036048481939507648e+06
5.707133917396745720e-02 1.035143381043196772e+06
5.717146433041301462e-02 1.034244301585867302e+06
5.727158948685857204e-02 1.033351203508198028e+06
5.737171464330412946e-02 1.032464047017373960e+06
5.747183979974968687e-02 1.031582792585312854e+06
5.757196495619524429e-02 1.030707400946904090e+06
5.767209011264080171e-02 1.029837833098259522e+06
5.777221526908635912e-02 1.028974050294975052e+06
5.787234042553190960e-02 1.028116014050405240e+06
5.797246558197746702e-02 1.027263686133947107e+06
5.807259073842302444e-02 1.026417028569338145e+06
5.817271589486858185e-02 1.025576003632963286e+06
5.827284105131413927e-02 1.024740573852174915e+06
5.837296620775969669e-02 1.023910702003622195e+06
5.847309136420525411e-02 1.023086351111593423e+06
5.857321652065081152e-02 1.022267484446368413e+06
5.867334167709636894e-02 1.021454065522581455e+06
5.877346683354192636e-02 1.020646058097596280e+06
5.887359198998748377e-02 1.019843426169890910e+06
5.897371714643304119e-02 1.019046133977453457e+06
5.907384230287859861e-02 1.018254145996189211e+06
5.917396745932415603e-02 1.017467426938337390e+06
5.927409261576971344e-02 1.016685941750898957e+06
5.937421777221526392e-02 1.015909655614074785e+06
5.947434292866082134e-02 1.015138533939714427e+06
5.957446808510637876e-02 1.014372542369774776e+06
5.967459324155193617e-02 1.013611646774789318e+06
5.977471839799749359e-02 1.012855813252347405e+06
5.987484355444305101e-02 1.012105008125583758e+06
5.997496871088860843e-02 1.011359197941678111e+06
6.007509386733416584e-02 1.010618349470364163e+06
6.017521902377972326e-02 1.009882429702449590e+06
6.027534418022528068e-02 1.009151405848344904e+06
6.037546933667083809e-02 1.008425245336602908e+06
6.047559449311639551e-02 1.007703915812466643e+06
6.057571964956195293e-02 1.006987385136428755e+06
6.067584480600751035e-02 1.006275621382798650e+06
6.077596996245306776e-02 1.005568592838280834e+06
6.087609511889861824e-02 1.004866268000560929e+06
6.097622027534417566e-02 1.004168615576902987e+06
6.107634543178973308e-02 1.003475604482754716e+06
6.117647058823529049e-02 1.002787203840362490e+06
6.127659574468084791e-02 1.002103382977395668e+06
6.137672090112640533e-02 1.001424111425580108e+06
6.147684605757196274e-02 1.000749358919340069e+06
6.157697121401752016e-02 1.000079095394450705e+06
6.167709637046307758e-02 9.994132909866971895e+05
6.177722152690863500e-02 9.987519160305452533e+05
6.187734668335419241e-02 9.980949410578190582e+05
6.197747183979974983e-02 9.974423367963876808e+05
6.207759699624530725e-02 9.967940741688616108e+05
6.217772215269086467e-02 9.961501242912969319e+05
6.227784730913641514e-02 9.955104584719080012e+05
6.237797246558197256e-02 9.948750482097896747e+05
6.247809762202752998e-02 9.942438651936469832e+05
6.257822277847309433e-02 9.936168813005338889e+05
6.267834793491865175e-02 9.929940685945999576e+05
6.277847309136420917e-02 9.923753993258463452e+05
6.287859824780976659e-02 9.917608459288884187e+05
6.297872340425532400e-02 9.911503810217282735e+05
6.307884856070086754e-02 9.905439774045345839e+05
6.317897371714642496e-02 9.899416080584302545e+05
6.327909887359198238e-02 9.893432461442890344e+05
6.337922403003753979e-02 9.887488650015396997e+05
6.347934918648309721e-02 9.881584381469778018e+05
6.357947434292865463e-02 9.875719392735860310e+05
6.367959949937421205e-02 9.869893422493615653e+05
6.377972465581976946e-02 9.864106211161527317e+05
6.387984981226532688e-02 9.858357500885011395e+05
6.397997496871088430e-02 9.852647035524937091e+05
6.408010012515644171e-02 9.846974560646213358e+05
6.418022528160199913e-02 9.841339823506446555e+05
6.428035043804755655e-02 9.835742573044686578e+05
6.438047559449311397e-02 9.830182559870234691e+05
6.448060075093867138e-02 9.824659536251535174e+05
6.458072590738422880e-02 9.819173256105134496e+05
6.468085106382978622e-02 9.813723474984723143e+05
6.478097622027534364e-02 9.808309950070234481e+05
6.488110137672090105e-02 9.802932440157034434e+05
6.498122653316645847e-02 9.797590705645169364e+05
6.508135168961201589e-02 9.792284508528690785e+05
6.518147684605757330e-02 9.787013612385054585e+05
6.528160200250313072e-02 9.781777782364583109e+05
6.538172715894868814e-02 9.776576785180000588e+05
6.548185231539424556e-02 9.771410389096043073e+05
6.558197747183980297e-02 9.766278363919130061e+05
6.568210262828536039e-02 9.761180480987109477e+05
6.578222778473091781e-02 9.756116513159066672e+05
6.588235294117647523e-02 9.751086234805206768e+05
6.598247809762201876e-02 9.746089421796804527e+05
6.608260325406757618e-02 9.741125851496206596e+05
6.618272841051313360e-02 9.736195302746926900e+05
6.628285356695869102e-02 9.731297555863779271e+05
6.638297872340424843e-02 9.726432392623100895e+05
6.648310387984980585e-02 9.721599596253018826e+05
6.658322903629536327e-02 9.716798951423799153e+05
6.668335419274092069e-02 9.712030244238247396e+05
6.678347934918647810e-02 9.707293262222182238e+05
6.688360450563203552e-02 9.702587794314965140e+05
6.698372966207759294e-02 9.697913630860099802e+05
6.708385481852315035e-02 9.693270563595888671e+05
6.718397997496870777e-02 9.688658385646151146e+05
6.728410513141426519e-02 9.684076891511012800e+05
6.738423028785982261e-02 9.679525877057743492e+05
6.748435544430538002e-02 9.675005139511661837e+05
6.758448060075093744e-02 9.670514477447103709e+05
6.768460575719649486e-02 9.666053690778446617e+05
6.778473091364205227e-02 9.661622580751193454e+05
6.788485607008760969e-02 9.657220949933117954e+05
6.798498122653316711e-02 9.652848602205466013e+05
6.808510638297872453e-02 9.648505342754219892e+05
6.818523153942428194e-02 9.644190978061417118e+05
6.828535669586983936e-02 9.639905315896527609e+05
6.838548185231539678e-02 9.635648165307890158e+05
6.848560700876095420e-02 9.631419336614202475e+05
6.858573216520651161e-02 9.627218641396069434e+05
6.868585732165206903e-02 9.623045892487611854e+05
6.878598247809762645e-02 9.618900903968121856e+05
6.888610763454316999e-02 9.614783491153782234e+05
6.898623279098872740e-02 9.610693470589438220e+05
6.908635794743428482e-02 9.606630660040420480e+05
6.918648310387984224e-02 9.602594878484428627e+05
6.928660826032539966e-02 9.598585946103462484e+05
6.938673341677095707e-02 9.594603684275813866e+05
6.948685857321651449e-02 9.590647915568103781e+05
6.958698372966207191e-02 9.586718463727380149e+05
6.968710888610762932e-02 9.582815153673263267e+05
6.978723404255318674e-02 9.578937811490145978e+05
6.988735919899874416e-02 9.575086264419440413e+05
6.998748435544430158e-02 9.571260340851888759e+05
7.008760951188985899e-02 9.567459870319906622e+05
7.018773466833541641e-02 9.563684683489999734e+05
7.028785982478097383e-02 9.559934612155206269e+05
7.038798498122653124e-02 9.556209489227612503e+05
7.048811013767208866e-02 9.552509148730904562e+05
7.058823529411764608e-02 9.548833425792969065e+05
7.068836045056320350e-02 9.545182156638555462e+05
7.078848560700876091e-02 9.541555178581970977e+05
7.088861076345431833e-02 9.537952330019836081e+05
7.098873591989987575e-02 9.534373450423885370e+05
7.108886107634543317e-02 9.530818380333809182e+05
7.118898623279099058e-02 9.527286961350155761e+05
7.128911138923654800e-02 9.523779036127269501e+05
7.138923654568210542e-02 9.520294448366279248e+05
7.148936170212766283e-02 9.516833042808140162e+05
7.158948685857322025e-02 9.513394665226708166e+05
7.168961201501877767e-02 9.509979162421872607e+05
7.178973717146432121e-02 9.506586382212733151e+05
7.188986232790987863e-02 9.503216173430811614e+05
7.198998748435543604e-02 9.499868385913323145e+05
7.209011264080099346e-02 9.496542870496483520e+05
7.219023779724655088e-02 9.493239479008859489e+05
7.229036295369210829e-02 9.489958064264773857e+05
7.239048811013766571e-02 9.486698480057740817e+05
7.249061326658322313e-02 9.483460581153957173e+05
7.259073842302878055e-02 9.480244223285826156e+05
7.269086357947433796e-02 9.477049263145532459e+05
7.279098873591989538e-02 9.473875558378659189e+05
7.289111389236545280e-02 9.470722967577836243e+05
7.299123904881101021e-02 9.467591350276452722e+05
7.309136420525656763e-02 9.464480566942386795e+05
7.319148936170212505e-02 9.461390478971794946e+05
7.329161451814768247e-02 9.458320948682934977e+05
7.339173967459323988e-02 9.455271839310032083e+05
7.349186483103879730e-02 9.452243014997183345e+05
7.359198998748435472e-02 9.449234340792305302e+05
7.369211514392991214e-02 9.446245682641121093e+05
7.379224030037546955e-02 9.443276907381189521e+05
7.389236545682102697e-02 9.440327882735966705e+05
7.399249061326658439e-02 9.437398477308921283e+05
7.409261576971214180e-02 9.434488560577668250e+05
7.419274092615769922e-02 9.431598002888164483e+05
7.429286608260325664e-02 9.428726675448922906e+05
7.439299123904881406e-02 9.425874450325281359e+05
7.449311639549437147e-02 9.423041200433697086e+05
7.459324155193992889e-02 9.420226799536087783e+05
7.469336670838548631e-02 9.417431122234204086e+05
7.479349186483102985e-02 9.414654043964046286e+05
7.489361702127658726e-02 9.411895440990308998e+05
7.499374217772214468e-02 9.409155190400872380e+05
7.509386733416770210e-02 9.406433170101324795e+05
7.519399249061325952e-02 9.403729258809519233e+05
7.529411764705881693e-02 9.401043336050176295e+05
7.539424280350437435e-02 9.398375282149509294e+05
7.549436795994993177e-02 9.395724978229897097e+05
7.559449311639548919e-02 9.393092306204583729e+05
7.569461827284104660e-02 9.390477148772419896e+05
7.579474342928660402e-02 9.387879389412635937e+05
7.589486858573216144e-02 9.385298912379647372e+05
7.599499374217771885e-02 9.382735602697901195e+05
7.609511889862327627e-02 9.380189346156751271e+05
7.619524405506883369e-02 9.377660029305370990e+05
7.629536921151439111e-02 9.375147539447696181e+05
7.639549436795994852e-02 9.372651764637406450e+05
7.649561952440550594e-02 9.370172593672932126e+05
7.659574468085106336e-02 9.367709916092508938e+05
7.669586983729662077e-02 9.365263622169246664e+05
7.679599499374217819e-02 9.362833602906244341e+05
7.689612015018773561e-02 9.360419750031736912e+05
7.699624530663329303e-02 9.358021955994262826e+05
7.709637046307885044e-02 9.355640113957882859e+05
7.719649561952440786e-02 9.353274117797407089e+05
7.729662077596996528e-02 9.350923862093678908e+05
7.739674593241552270e-02 9.348589242128870683e+05
7.749687108886108011e-02 9.346270153881818987e+05
7.759699624530663753e-02 9.343966494023391278e+05
7.769712140175218107e-02 9.341678159911880502e+05
7.779724655819773849e-02 9.339405049588432303e+05
7.789737171464329590e-02 9.337147061772504821e+05
7.799749687108885332e-02 9.334904095857349457e+05
7.809762202753441074e-02 9.332676051905537024e+05
7.819774718397996816e-02 9.330462830644495552e+05
7.829787234042552557e-02 9.328264333462095819e+05
7.839799749687108299e-02 9.326080462402252015e+05
7.849812265331664041e-02 9.323911120160558494e+05
7.859824780976219782e-02 9.321756210079953307e+05
7.869837296620775524e-02 9.319615636146416655e+05
7.879849812265331266e-02 9.317489302984686801e+05
7.889862327909887008e-02 9.315377115854010917e+05
7.899874843554442749e-02 9.313278980643929681e+05
7.909887359198998491e-02 9.311194803870078176e+05
7.919899874843554233e-02 9.309124492670020554e+05
7.929912390488109974e-02 9.307067954799119616e+05
7.939924906132665716e-02 9.305025098626415711e+05
7.949937421777221458e-02 9.302995833130555693e+05
7.959949937421777200e-02 9.300980067895726534e+05
7.969962453066332941e-02 9.298977713107635500e+05
7.979974968710888683e-02 9.296988679549503140e+05
7.989987484355444425e-02 9.295012878598088864e+05
8.000000000000000167e-02 9.293050222219746793e+05
---------------
