field_vs_length
---------------
0.000000000000000000e+00 2.500000000000000000e+06
1.001251564455569429e-04 2.500000000000000000e+06
2.002503128911138858e-04 2.500000000000000000e+06
3.003754693366708422e-04 2.500000000000000000e+06
4.005006257822277716e-04 2.500000000000000000e+06
5.006257822277847009e-04 2.500000000000000000e+06
6.007509386733416844e-04 2.500000000000000000e+06
7.008760951188985596e-04 2.500000000000000000e+06
8.010012515644555431e-04 2.500000000000000000e+06
9.011264080100125267e-04 2.500000000000000000e+06
1.001251564455569402e-03 2.500000000000000000e+06
1.101376720901126385e-03 2.500000000000000000e+06
1.201501877346683369e-03 2.500000000000000000e+06
1.301627033792240352e-03 2.500000000000000000e+06
1.401752190237797119e-03 2.500000000000000000e+06
1.501877346683354103e-03 2.500000000000000000e+06
1.602002503128911086e-03 2.500000000000000000e+06
1.702127659574468070e-03 2.500000000000000000e+06
1.802252816020025053e-03 2.500000000000000000e+06
1.902377972465581820e-03 2.500000000000000000e+06
2.002503128911138804e-03 2.500000000000000000e+06
2.102628285356695787e-03 2.500000000000000000e+06
2.202753441802252771e-03 2.500000000000000000e+06
2.302878598247809754e-03 2.500000000000000000e+06
2.403003754693366738e-03 2.500000000000000000e+06
2.503128911138923721e-03 2.500000000000000000e+06
2.603254067584480705e-03 2.500000000000000000e+06
2.703379224030037255e-03 2.500000000000000000e+06
2.803504380475594238e-03 2.500000000000000000e+06
2.903629536921151222e-03 2.500000000000000000e+06
3.003754693366708205e-03 2.500000000000000000e+06
3.103879849812265189e-03 2.500000000000000000e+06
3.204005006257822172e-03 2.500000000000000000e+06
3.304130162703379156e-03 2.500000000000000000e+06
3.404255319148936140e-03 2.500000000000000000e+06
3.504380475594493123e-03 2.500000000000000000e+06
3.604505632040050107e-03 2.500000000000000000e+06
3.704630788485607090e-03 2.500000000000000000e+06
3.804755944931163640e-03 2.500000000000000000e+06
3.904881101376720624e-03 2.500000000000000000e+06
4.005006257822277607e-03 2.500000000000000000e+06
4.105131414267835024e-03 2.500000000000000000e+06
4.205256570713391574e-03 2.500000000000000000e+06
4.305381727158948124e-03 2.500000000000000000e+06
4.405506883604505541e-03 2.500000000000000000e+06
4.505632040050062091e-03 2.500000000000000000e+06
4.605757196495619508e-03 2.500000000000000000e+06
4.705882352941176058e-03 2.500000000000000000e+06
4.806007509386733476e-03 2.500000000000000000e+06
4.906132665832290025e-03 2.500000000000000000e+06
5.006257822277847443e-03 2.500000000000000000e+06
5.106382978723403993e-03 2.500000000000000000e+06
5.206508135168961410e-03 2.500000000000000000e+06
5.306633291614517960e-03 2.500000000000000000e+06
5.406758448060074509e-03 2.500000000000000000e+06
5.506883604505631927e-03 2.500000000000000000e+06
5.607008760951188477e-03 2.500000000000000000e+06
5.707133917396745894e-03 2.500000000000000000e+06
5.807259073842302444e-03 2.500000000000000000e+06
5.907384230287859861e-03 2.500000000000000000e+06
6.007509386733416411e-03 2.500000000000000000e+06
6.107634543178973828e-03 2.500000000000000000e+06
6.207759699624530378e-03 2.500000000000000000e+06
6.307884856070087795e-03 2.500000000000000000e+06
6.408010012515644345e-03 2.500000000000000000e+06
6.508135168961200895e-03 2.500000000000000000e+06
6.608260325406758312e-03 2.500000000000000000e+06
6.708385481852314862e-03 2.500000000000000000e+06
6.808510638297872279e-03 2.500000000000000000e+06
6.908635794743428829e-03 2.500000000000000000e+06
7.008760951188986246e-03 2.500000000000000000e+06
7.108886107634542796e-03 2.500000000000000000e+06
7.209011264080100213e-03 2.500000000000000000e+06
7.309136420525656763e-03 2.500000000000000000e+06
7.409261576971214180e-03 2.500000000000000000e+06
7.509386733416770730e-03 2.500000000000000000e+06
7.609511889862327280e-03 2.500000000000000000e+06
7.709637046307884697e-03 2.500000000000000000e+06
7.809762202753441247e-03 2.500000000000000000e+06
7.909887359198997797e-03 2.500000000000000000e+06
8.010012515644555214e-03 2.500000000000000000e+06
8.110137672090112632e-03 2.500000000000000000e+06
8.210262828535670049e-03 2.500000000000000000e+06
8.310387984981225731e-03 2.500000000000000000e+06
8.410513141426783149e-03 2.500000000000000000e+06
8.510638297872340566e-03 2.500000000000000000e+06
8.610763454317896248e-03 2.500000000000000000e+06
8.710888610763453666e-03 2.500000000000000000e+06
8.811013767209011083e-03 2.500000000000000000e+06
8.911138923654568500e-03 2.500000000000000000e+06
9.011264080100124182e-03 2.500000000000000000e+06
9.111389236545681600e-03 2.500000000000000000e+06
9.211514392991239017e-03 2.500000000000000000e+06
9.311639549436796434e-03 2.500000000000000000e+06
9.411764705882352117e-03 2.500000000000000000e+06
9.511889862327909534e-03 2.500000000000000000e+06
9.612015018773466951e-03 2.500000000000000000e+06
9.712140175219022634e-03 2.500000000000000000e+06
9.812265331664580051e-03 2.500000000000000000e+06
9.912390488110137468e-03 2.500000000000000000e+06
1.001251564455569489e-02 2.500000000000000000e+06
1.011264080100125057e-02 2.500000000000000000e+06
1.021276595744680799e-02 2.500000000000000000e+06
1.031289111389236540e-02 2.500000000000000000e+06
1.041301627033792282e-02 2.500000000000000000e+06
1.051314142678347850e-02 2.500000000000000000e+06
1.061326658322903592e-02 2.500000000000000000e+06
1.071339173967459334e-02 2.500000000000000000e+06
1.081351689612014902e-02 2.500000000000000000e+06
1.091364205256570644e-02 2.500000000000000000e+06
1.101376720901126385e-02 2.500000000000000000e+06
1.111389236545682127e-02 2.500000000000000000e+06
1.121401752190237695e-02 2.500000000000000000e+06
1.131414267834793437e-02 2.500000000000000000e+06
1.141426783479349179e-02 2.500000000000000000e+06
1.151439299123904920e-02 2.500000000000000000e+06
1.161451814768460489e-02 2.500000000000000000e+06
1.171464330413016230e-02 2.500000000000000000e+06
1.181476846057571972e-02 2.500000000000000000e+06
1.191489361702127540e-02 2.500000000000000000e+06
1.201501877346683282e-02 2.500000000000000000e+06
1.211514392991239024e-02 2.500000000000000000e+06
1.221526908635794766e-02 2.500000000000000000e+06
1.231539424280350334e-02 2.500000000000000000e+06
1.241551939924906076e-02 2.500000000000000000e+06
1.251564455569461817e-02 2.500000000000000000e+06
1.261576971214017559e-02 2.500000000000000000e+06
1.271589486858573127e-02 2.500000000000000000e+06
1.281602002503128869e-02 2.500000000000000000e+06
1.291614518147684611e-02 2.500000000000000000e+06
1.301627033792240179e-02 2.500000000000000000e+06
1.311639549436795921e-02 2.500000000000000000e+06
1.321652065081351662e-02 2.500000000000000000e+06
1.331664580725907404e-02 2.500000000000000000e+06
1.341677096370462972e-02 2.500000000000000000e+06
1.351689612015018714e-02 2.500000000000000000e+06
1.361702127659574456e-02 2.500000000000000000e+06
1.371714643304130198e-02 2.500000000000000000e+06
1.381727158948685766e-02 2.500000000000000000e+06
1.391739674593241508e-02 2.500000000000000000e+06
1.401752190237797249e-02 2.500000000000000000e+06
1.411764705882352818e-02 2.500000000000000000e+06
1.421777221526908559e-02 2.500000000000000000e+06
1.431789737171464301e-02 2.500000000000000000e+06
1.441802252816020043e-02 2.500000000000000000e+06
1.451814768460575611e-02 2.500000000000000000e+06
1.461827284105131353e-02 2.500000000000000000e+06
1.471839799749687094e-02 2.500000000000000000e+06
1.481852315394242836e-02 2.500000000000000000e+06
1.491864831038798404e-02 2.500000000000000000e+06
1.501877346683354146e-02 2.500000000000000000e+06
1.511889862327909888e-02 2.500000000000000000e+06
1.521902377972465456e-02 2.500000000000000000e+06
1.531914893617021198e-02 2.500000000000000000e+06
1.541927409261576939e-02 2.500000000000000000e+06
1.551939924906132681e-02 2.500000000000000000e+06
1.561952440550688249e-02 2.500000000000000000e+06
1.571964956195244165e-02 2.500000000000000000e+06
1.581977471839799559e-02 2.500000000000000000e+06
1.591989987484355301e-02 2.500000000000000000e+06
1.602002503128911043e-02 2.500000000000000000e+06
1.612015018773466785e-02 2.500000000000000000e+06
1.622027534418022526e-02 2.500000000000000000e+06
1.632040050062578268e-02 2.500000000000000000e+06
1.642052565707134010e-02 2.500000000000000000e+06
1.652065081351689405e-02 2.500000000000000000e+06
1.662077596996245146e-02 2.500000000000000000e+06
1.672090112640800888e-02 2.500000000000000000e+06
1.682102628285356630e-02 2.500000000000000000e+06
1.692115143929912371e-02 2.500000000000000000e+06
1.702127659574468113e-02 2.500000000000000000e+06
1.712140175219023855e-02 2.500000000000000000e+06
1.722152690863579250e-02 2.500000000000000000e+06
1.732165206508134991e-02 2.500000000000000000e+06
1.742177722152690733e-02 2.500000000000000000e+06
1.752190237797246475e-02 2.500000000000000000e+06
1.762202753441802217e-02 2.500000000000000000e+06
1.772215269086357958e-02 2.500000000000000000e+06
1.782227784730913700e-02 2.500000000000000000e+06
1.792240300375469442e-02 2.500000000000000000e+06
1.802252816020024836e-02 2.500000000000000000e+06
1.812265331664580578e-02 2.500000000000000000e+06
1.822277847309136320e-02 2.500000000000000000e+06
1.832290362953692062e-02 2.500000000000000000e+06
1.842302878598247803e-02 2.500000000000000000e+06
1.852315394242803545e-02 2.500000000000000000e+06
1.862327909887359287e-02 2.500000000000000000e+06
1.872340425531914682e-02 2.500000000000000000e+06
1.882352941176470423e-02 2.500000000000000000e+06
1.892365456821026165e-02 2.500000000000000000e+06
1.902377972465581907e-02 2.500000000000000000e+06
1.912390488110137649e-02 2.500000000000000000e+06
1.922403003754693390e-02 2.500000000000000000e+06
1.932415519399249132e-02 2.500000000000000000e+06
1.942428035043804527e-02 2.500000000000000000e+06
1.952440550688360268e-02 2.500000000000000000e+06
1.962453066332916010e-02 2.500000000000000000e+06
1.972465581977471752e-02 2.500000000000000000e+06
1.982478097622027494e-02 2.500000000000000000e+06
1.992490613266583235e-02 2.500000000000000000e+06
2.002503128911138977e-02 2.497832430681831203e+06
2.012515644555694719e-02 2.489198234404699877e+06
2.022528160200250114e-02 2.480621479553434532e+06
2.032540675844805855e-02 2.472101783982747234e+06
2.042553191489361597e-02 2.463638768089682795e+06
2.052565707133917339e-02 2.455232054796699435e+06
2.062578222778473080e-02 2.446881269534870517e+06
2.072590738423028822e-02 2.438586040227196179e+06
2.082603254067584564e-02 2.430345997272022534e+06
2.092615769712139959e-02 2.422160773526575416e+06
2.102628285356695700e-02 2.414030004290600307e+06
2.112640801001251442e-02 2.405953327290115878e+06
2.122653316645807184e-02 2.397930382661269046e+06
2.132665832290362926e-02 2.389960812934303656e+06
2.142678347934918667e-02 2.382044263017631136e+06
2.152690863579474409e-02 2.374180380182011053e+06
2.162703379224029804e-02 2.366368814044831321e+06
2.172715894868585546e-02 2.358609216554502025e+06
2.182728410513141287e-02 2.350901241974941455e+06
2.192740926157697029e-02 2.343244546870177612e+06
2.202753441802252771e-02 2.335638790089041926e+06
2.212765957446808512e-02 2.328083632749969605e+06
2.222778473091364254e-02 2.320578738225901499e+06
2.232790988735919996e-02 2.313123772129285149e+06
2.242803504380475391e-02 2.305718402297176421e+06
2.252816020025031132e-02 2.298362298776436131e+06
2.262828535669586874e-02 2.291055133809034247e+06
2.272841051314142616e-02 2.283796581817442086e+06
2.282853566958698358e-02 2.276586319390127901e+06
2.292866082603254099e-02 2.269424025267145596e+06
2.302878598247809841e-02 2.262309380325822160e+06
2.312891113892365236e-02 2.255242067566538230e+06
2.322903629536920977e-02 2.248221772098603658e+06
2.332916145181476719e-02 2.241248181126226205e+06
2.342928660826032461e-02 2.234320983934578020e+06
2.352941176470588203e-02 2.227439871875947807e+06
2.362953692115143944e-02 2.220604538355990313e+06
2.372966207759699686e-02 2.213814678820067085e+06
2.382978723404255081e-02 2.207069990739672910e+06
2.392991239048810823e-02 2.200370173598960508e+06
2.403003754693366564e-02 2.193714928881348576e+06
2.413016270337922306e-02 2.187103960056221113e+06
2.423028785982478048e-02 2.180536972565717064e+06
2.433041301627033789e-02 2.174013673811602406e+06
2.443053817271589531e-02 2.167533773142237682e+06
2.453066332916145273e-02 2.161096981839623768e+06
2.463078848560700668e-02 2.154703013106540777e+06
2.473091364205256409e-02 2.148351582053766586e+06
2.483103879849812151e-02 2.142042405687386170e+06
2.493116395494367893e-02 2.135775202896181028e+06
2.503128911138923635e-02 2.129549694439105224e+06
2.513141426783479376e-02 2.123365602932840586e+06
2.523153942428035118e-02 2.117222652839441318e+06
2.533166458072590513e-02 2.111120570454055443e+06
2.543178973717146255e-02 2.105059083892729133e+06
2.553191489361701996e-02 2.099037923080292996e+06
2.563204005006257738e-02 2.093056819738329854e+06
2.573216520650813480e-02 2.087115507373219822e+06
2.583229036295369221e-02 2.081213721264266642e+06
2.593241551939924963e-02 2.075351198451903882e+06
2.603254067584480358e-02 2.069527677725977264e+06
2.613266583229036100e-02 2.063742899614106864e+06
2.623279098873591841e-02 2.057996606370125897e+06
2.633291614518147583e-02 2.052288541962597053e+06
2.643304130162703325e-02 2.046618452063403791e+06
2.653316645807259067e-02 2.040986084036419168e+06
2.663329161451814808e-02 2.035391186926249648e+06
2.673341677096370203e-02 2.029833511447053403e+06
2.683354192740925945e-02 2.024312809971431736e+06
2.693366708385481686e-02 2.018828836519398959e+06
2.703379224030037428e-02 2.013381346747418866e+06
2.713391739674593170e-02 2.007970097937520826e+06
2.723404255319148912e-02 2.002594848986483179e+06
2.733416770963704653e-02 1.997255360395091819e+06
2.743429286608260395e-02 1.991951394257468637e+06
2.753441802252815790e-02 1.986682714250471210e+06
2.763454317897371532e-02 1.981449085623163730e+06
2.773466833541927273e-02 1.976250275186357088e+06
2.783479349186483015e-02 1.971086051302219275e+06
2.793491864831038757e-02 1.965956183873953996e+06
2.803504380475594499e-02 1.960860444335548673e+06
2.813516896120150240e-02 1.955798605641591363e+06
2.823529411764705635e-02 1.950770442257153103e+06
2.833541927409261377e-02 1.945775730147739174e+06
2.843554443053817118e-02 1.940814246769308578e+06
2.853566958698372860e-02 1.935885771058356855e+06
2.863579474342928602e-02 1.930990083422066411e+06
2.873591989987484344e-02 1.926126965728523908e+06
2.883604505632040085e-02 1.921296201296998654e+06
2.893617021276595480e-02 1.916497574888291303e+06
2.903629536921151222e-02 1.911730872695140075e+06
2.913642052565706964e-02 1.906995882332697976e+06
2.923654568210262705e-02 1.902292392829067074e+06
2.933667083854818447e-02 1.897620194615899818e+06
2.943679599499374189e-02 1.892979079519061372e+06
2.953692115143929930e-02 1.888368840749354102e+06
2.963704630788485672e-02 1.883789272893303307e+06
2.973717146433041067e-02 1.879240171904005576e+06
2.983729662077596809e-02 1.874721335092037451e+06
2.993742177722152550e-02 1.870232561116423691e+06
3.003754693366708292e-02 1.865773649975666311e+06
3.013767209011264034e-02 1.861344402998834383e+06
3.023779724655819776e-02 1.856944622836711816e+06
3.033792240300375517e-02 1.852574113453001715e+06
3.043804755944930912e-02 1.848232680115596857e+06
3.053817271589486654e-02 1.843920129387897439e+06
3.063829787234042396e-02 1.839636269120197278e+06
3.073842302878598137e-02 1.835380908441119594e+06
3.083854818523153879e-02 1.831153857749112882e+06
3.093867334167709621e-02 1.826954928704004036e+06
3.103879849812265362e-02 1.822783934218605980e+06
3.113892365456820757e-02 1.818640688450381393e+06
3.123904881101376499e-02 1.814525006793163251e+06
3.133917396745932588e-02 1.810436705868929159e+06
3.143929912390488329e-02 1.806375603519631084e+06
3.153942428035043377e-02 1.802341518799077952e+06
3.163954943679599119e-02 1.798334271964874584e+06
3.173967459324154861e-02 1.794353684470412787e+06
3.183979974968710602e-02 1.790399578956916463e+06
3.193992490613266344e-02 1.786471779245538171e+06
3.204005006257822086e-02 1.782570110329510644e+06
3.214017521902377827e-02 1.778694398366347421e+06
3.224030037546933569e-02 1.774844470670099137e+06
3.234042553191489311e-02 1.771020155703658238e+06
3.244055068836045053e-02 1.767221283071115613e+06
3.254067584480600794e-02 1.763447683510170085e+06
3.264080100125156536e-02 1.759699188884584699e+06
3.274092615769712278e-02 1.755975632176696323e+06
3.284105131414268020e-02 1.752276847479974385e+06
3.294117647058823761e-02 1.748602669991627801e+06
3.304130162703378809e-02 1.744952936005263356e+06
3.314142678347934551e-02 1.741327482903589727e+06
3.324155193992490293e-02 1.737726149151173653e+06
3.334167709637046034e-02 1.734148774287241511e+06
3.344180225281601776e-02 1.730595198918530950e+06
3.354192740926157518e-02 1.727065264712187229e+06
3.364205256570713259e-02 1.723558814388710540e+06
3.374217772215269001e-02 1.720075691714946646e+06
3.384230287859824743e-02 1.716615741497126641e+06
3.394242803504380485e-02 1.713178809573952109e+06
3.404255319148936226e-02 1.709764742809725925e+06
3.414267834793491968e-02 1.706373389087529387e+06
3.424280350438047710e-02 1.703004597302444279e+06
3.434292866082603451e-02 1.699658217354821507e+06
3.444305381727158499e-02 1.696334100143590942e+06
3.454317897371714241e-02 1.693032097559620161e+06
3.464330413016269983e-02 1.689752062479113694e+06
3.474342928660825724e-02 1.686493848757059546e+06
3.484355444305381466e-02 1.683257311220716452e+06
3.494367959949937208e-02 1.680042305663145380e+06
3.504380475594492950e-02 1.676848688836784801e+06
3.514392991239048691e-02 1.673676318447067868e+06
3.524405506883604433e-02 1.670525053146082908e+06
3.534418022528160175e-02 1.667394752526274649e+06
3.544430538172715917e-02 1.664285277114188531e+06
3.554443053817271658e-02 1.661196488364257384e+06
3.564455569461827400e-02 1.658128248652626527e+06
3.574468085106383142e-02 1.655080421271023108e+06
3.584480600750938883e-02 1.652052870420664782e+06
3.594493116395493931e-02 1.649045461206208915e+06
3.604505632040049673e-02 1.646058059629741823e+06
3.614518147684605415e-02 1.643090532584809000e+06
3.624530663329161156e-02 1.640142747850484215e+06
3.634543178973716898e-02 1.637214574085477740e+06
3.644555694618272640e-02 1.634305880822286010e+06
3.654568210262828382e-02 1.631416538461375982e+06
3.664580725907384123e-02 1.628546418265412794e+06
3.674593241551939865e-02 1.625695392353523057e+06
3.684605757196495607e-02 1.622863333695596317e+06
3.694618272841051348e-02 1.620050116106626578e+06
3.704630788485607090e-02 1.617255614241088275e+06
3.714643304130162832e-02 1.614479703587353695e+06
3.724655819774718574e-02 1.611722260462141829e+06
3.734668335419274315e-02 1.608983162005011924e+06
3.744680851063829363e-02 1.606262286172884982e+06
3.754693366708385105e-02 1.603559511734608794e+06
3.764705882352940847e-02 1.600874718265556032e+06
3.774718397997496588e-02 1.598207786142257042e+06
3.784730913642052330e-02 1.595558596537072444e+06
3.794743429286608072e-02 1.592927031412896002e+06
3.804755944931163814e-02 1.590312973517897306e+06
3.814768460575719555e-02 1.587716306380296359e+06
3.824780976220275297e-02 1.585136914303175174e+06
3.834793491864831039e-02 1.582574682359321741e+06
3.844806007509386780e-02 1.580029496386109386e+06
3.854818523153942522e-02 1.577501242980411276e+06
3.864831038798498264e-02 1.574989809493546374e+06
3.874843554443054006e-02 1.572495084026260767e+06
3.884856070087609053e-02 1.570016955423742067e+06
3.894868585732164795e-02 1.567555313270666637e+06
3.904881101376720537e-02 1.565110047886279412e+06
3.914893617021276279e-02 1.562681050319508417e+06
3.924906132665832020e-02 1.560268212344108615e+06
3.934918648310387762e-02 1.557871426453840919e+06
3.944931163954943504e-02 1.555490585857681697e+06
3.954943679599499246e-02 1.553125584475064883e+06
3.964956195244054987e-02 1.550776316931155277e+06
3.974968710888610729e-02 1.548442678552153055e+06
3.984981226533166471e-02 1.546124565360631328e+06
3.994993742177722212e-02 1.543821874070901191e+06
4.005006257822277954e-02 1.541534502084411681e+06
4.015018773466833696e-02 1.539262347485177685e+06
4.025031289111389438e-02 1.537005309035238344e+06
4.035043804755944485e-02 1.534763286170147359e+06
4.045056320400500227e-02 1.532536178994491464e+06
4.055068836045055969e-02 1.530323888277440332e+06
4.065081351689611711e-02 1.528126315448323963e+06
4.075093867334167452e-02 1.525943362592241960e+06
4.085106382978723194e-02 1.523774932445700746e+06
4.095118898623278936e-02 1.521620928392278962e+06
4.105131414267834677e-02 1.519481254458323587e+06
4.115143929912390419e-02 1.517355815308673074e+06
4.125156445556946161e-02 1.515244516242410522e+06
4.135168961201501903e-02 1.513147263188642915e+06
4.145181476846057644e-02 1.511063962702310644e+06
4.155193992490613386e-02 1.508994521960024023e+06
4.165206508135169128e-02 1.506938848755926825e+06
4.175219023779724176e-02 1.504896851497588446e+06
4.185231539424279917e-02 1.502868439201922156e+06
4.195244055068835659e-02 1.500853521491132677e+06
4.205256570713391401e-02 1.498852008588688448e+06
4.215269086357947143e-02 1.496863811315320898e+06
4.225281602002502884e-02 1.494888841085052583e+06
4.235294117647058626e-02 1.492927009901248384e+06
4.245306633291614368e-02 1.490978230352696264e+06
4.255319148936170109e-02 1.489042415609711781e+06
4.265331664580725851e-02 1.487119479420269141e+06
4.275344180225281593e-02 1.485209336106159026e+06
4.285356695869837335e-02 1.483311900559170172e+06
4.295369211514393076e-02 1.481427088237297721e+06
4.305381727158948818e-02 1.479554815160976257e+06
4.315394242803504560e-02 1.477694997909338679e+06
4.325406758448059608e-02 1.475847553616498131e+06
4.335419274092615349e-02 1.474012399967856472e+06
4.345431789737171091e-02 1.472189455196436960e+06
4.355444305381726833e-02 1.470378638079240452e+06
4.365456821026282574e-02 1.468579867933626985e+06
4.375469336670838316e-02 1.466793064613720402e+06
4.385481852315394058e-02 1.465018148506837431e+06
4.395494367959949800e-02 1.463255040529941209e+06
4.405506883604505541e-02 1.461503662126116455e+06
4.415519399249061283e-02 1.459763935261070263e+06
4.425531914893617025e-02 1.458035782419654774e+06
4.435544430538172767e-02 1.456319126602413598e+06
4.445556946182728508e-02 1.454613891322150826e+06
4.455569461827284250e-02 1.452920000600522850e+06
4.465581977471839992e-02 1.451237378964654636e+06
4.475594493116395040e-02 1.449565951443774393e+06
4.485607008760950781e-02 1.447905643565874780e+06
4.495619524405506523e-02 1.446256381354395300e+06
4.505632040050062265e-02 1.444618091324924491e+06
4.515644555694618006e-02 1.442990700481927255e+06
4.525657071339173748e-02 1.441374136315491516e+06
4.535669586983729490e-02 1.439768326798097929e+06
4.545682102628285232e-02 1.438173200381410774e+06
4.555694618272840973e-02 1.436588685993089341e+06
4.565707133917396715e-02 1.435014713033622131e+06
4.575719649561952457e-02 1.433451211373180617e+06
4.585732165206508198e-02 1.431898111348494887e+06
4.595744680851063940e-02 1.430355343759749318e+06
4.605757196495619682e-02 1.428822839867499657e+06
4.615769712140174730e-02 1.427300531389610609e+06
4.625782227784730471e-02 1.425788350498212501e+06
4.635794743429286213e-02 1.424286229816679610e+06
4.645807259073841955e-02 1.422794102416628739e+06
4.655819774718397697e-02 1.421311901814936660e+06
4.665832290362953438e-02 1.419839561970776878e+06
4.675844806007509180e-02 1.418377017282679677e+06
4.685857321652064922e-02 1.416924202585606370e+06
4.695869837296620664e-02 1.415481053148047300e+06
4.705882352941176405e-02 1.414047504669137998e+06
4.715894868585732147e-02 1.412623493275793269e+06
4.725907384230287889e-02 1.411208955519861309e+06
4.735919899874843630e-02 1.409803828375297366e+06
4.745932415519399372e-02 1.408408049235355575e+06
4.755944931163955114e-02 1.407021555909798481e+06
4.765957446808510162e-02 1.405644286622127052e+06
4.775969962453065903e-02 1.404276180006827461e+06
4.785982478097621645e-02 1.402917175106638111e+06
4.795994993742177387e-02 1.401567211369831581e+06
4.806007509386733129e-02 1.400226228647519369e+06
4.816020025031288870e-02 1.398894167190968990e+06
4.826032540675844612e-02 1.397570967648943886e+06
4.836045056320400354e-02 1.396256571065058699e+06
4.846057571964956096e-02 1.394950918875151547e+06
4.856070087609511837e-02 1.393653952904675156e+06
4.866082603254067579e-02 1.392365615366104990e+06
4.876095118898623321e-02 1.391085848856364377e+06
4.886107634543179062e-02 1.389814596354266396e+06
4.896120150187734804e-02 1.388551801217974396e+06
4.906132665832290546e-02 1.387297407182476949e+06
4.916145181476845594e-02 1.386051358357081423e+06
4.926157697121401335e-02 1.384813599222924327e+06
4.936170212765957077e-02 1.383584074630496558e+06
4.946182728410512819e-02 1.382362729797186796e+06
4.956195244055068561e-02 1.381149510304840514e+06
4.966207759699624302e-02 1.379944362097335514e+06
4.976220275344180044e-02 1.378747231478172820e+06
4.986232790988735786e-02 1.377558065108084818e+06
4.996245306633291527e-02 1.376376810002658516e+06
5.006257822277847269e-02 1.375203413529974408e+06
5.016270337922403011e-02 1.374037823408261640e+06
5.026282853566958753e-02 1.372879987703569001e+06
5.036295369211514494e-02 1.371729854827450123e+06
5.046307884856070236e-02 1.370587373534665210e+06
5.056320400500625284e-02 1.369452492920898600e+06
5.066332916145181026e-02 1.368325162420489127e+06
5.076345431789736767e-02 1.367205331804178655e+06
5.086357947434292509e-02 1.366092951176872477e+06
5.096370463078848251e-02 1.364987970975417877e+06
5.106382978723403993e-02 1.363890341966394801e+06
5.116395494367959734e-02 1.362800015243922360e+06
5.126408010012515476e-02 1.361716942227479303e+06
5.136420525657071218e-02 1.360641074659741018e+06
5.146433041301626959e-02 1.359572364604427712e+06
5.156445556946182701e-02 1.358510764444169356e+06
5.166458072590738443e-02 1.357456226878383430e+06
5.176470588235294185e-02 1.356408704921168974e+06
5.186483103879849926e-02 1.355368151899210876e+06
5.196495619524405668e-02 1.354334521449702093e+06
5.206508135168960716e-02 1.353307767518276814e+06
5.216520650813516458e-02 1.352287844356959220e+06
5.226533166458072199e-02 1.351274706522124587e+06
5.236545682102627941e-02 1.350268308872474823e+06
5.246558197747183683e-02 1.349268606567027280e+06
5.256570713391739424e-02 1.348275555063115899e+06
5.266583229036295166e-02 1.347289110114407958e+06
5.276595744680850908e-02 1.346309227768931538e+06
5.286608260325406650e-02 1.345335864367118105e+06
5.296620775969962391e-02 1.344368976539856056e+06
5.306633291614518133e-02 1.343408521206559381e+06
5.316645807259073875e-02 1.342454455573248211e+06
5.326658322903629617e-02 1.341506737130640540e+06
5.336670838548185358e-02 1.340565323652260937e+06
5.346683354192740406e-02 1.339630173192556016e+06
5.356695869837296148e-02 1.338701244085027836e+06
5.366708385481851890e-02 1.337778494940376608e+06
5.376720901126407631e-02 1.336861884644655976e+06
5.386733416770963373e-02 1.335951372357442509e+06
5.396745932415519115e-02 1.335046917510014493e+06
5.406758448060074856e-02 1.334148479803545401e+06
5.416770963704630598e-02 1.333256019207308069e+06
5.426783479349186340e-02 1.332369495956890751e+06
5.436795994993742082e-02 1.331488870552426204e+06
5.446808510638297823e-02 1.330614103756830329e+06
5.456821026282853565e-02 1.329745156594055472e+06
5.466833541927409307e-02 1.328881990347353276e+06
5.476846057571965048e-02 1.328024566557548707e+06
5.486858573216520790e-02 1.327172847021328053e+06
5.496871088861075838e-02 1.326326793789535528e+06
5.506883604505631580e-02 1.325486369165482698e+06
5.516896120150187321e-02 1.324651535703269066e+06
5.526908635794743063e-02 1.323822256206113612e+06
5.536921151439298805e-02 1.322998493724697502e+06
5.546933667083854547e-02 1.322180211555517511e+06
5.556946182728410288e-02 1.321367373239250854e+06
5.566958698372966030e-02 1.320559942559130723e+06
5.576971214017521772e-02 1.319757883539332310e+06
5.586983729662077514e-02 1.318961160443370696e+06
5.596996245306633255e-02 1.318169737772507127e+06
5.607008760951188997e-02 1.317383580264169257e+06
5.617021276595744739e-02 1.316602652890378376e+06
5.627033792240300480e-02 1.315826920856188983e+06
5.637046307884856222e-02 1.315056349598139524e+06
5.647058823529411270e-02 1.314290904782710830e+06
5.657071339173967012e-02 1.313530552304797806e+06
5.667083854818522753e-02 1.312775258286188822e+06
5.677096370463078495e-02 1.312024989074056968e+06
5.687108886107634237e-02 1.311279711239459459e+06
5.697121401752189979e-02 1.310539391575849848e+06
5.707133917396745720e-02 1.309803997097597457e+06
5.717146433041301462e-02 1.309073495038517052e+06
5.727158948685857204e-02 1.308347852850410854e+06
5.737171464330412946e-02 1.307627038201616379e+06
5.747183979974968687e-02 1.306911018975566607e+06
5.757196495619524429e-02 1.306199763269359479e+06
5.767209011264080171e-02 1.305493239392335759e+06
5.777221526908635912e-02 1.304791415864667157e+06
5.787234042553190960e-02 1.304094261415954214e+06
5.797246558197746702e-02 1.303401744983832119e+06
5.807259073842302444e-02 1.302713835712587228e+06
5.817271589486858185e-02 1.302030502951782662e+06
5.827284105131413927e-02 1.301351716254892061e+06
5.837296620775969669e-02 1.300677445377942873e+06
5.847309136420525411e-02 1.300007660278169671e+06
5.857321652065081152e-02 1.299342331112674205e+06
5.867334167709636894e-02 1.298681428237097338e+06
5.877346683354192636e-02 1.298024922204297036e+06
5.887359198998748377e-02 1.297372783763036365e+06
5.897371714643304119e-02 1.296724983856681036e+06
5.907384230287859861e-02 1.296081493621903704e+06
5.917396745932415603e-02 1.295442284387399210e+06
5.927409261576971344e-02 1.294807327672605403e+06
5.937421777221526392e-02 1.294176595186435850e+06
5.947434292866082134e-02 1.293550058826017892e+06
5.957446808510637876e-02 1.292927690675442107e+06
5.967459324155193617e-02 1.292309463004516205e+06
5.977471839799749359e-02 1.291695348267532187e+06
5.987484355444305101e-02 1.291085319102036767e+06
5.997496871088860843e-02 1.290479348327613436e+06
6.007509386733416584e-02 1.289877408944670809e+06
6.017521902377972326e-02 1.289279474133240292e+06
6.027534418022528068e-02 1.288685517251780257e+06
6.037546933667083809e-02 1.288095511835989775e+06
6.047559449311639551e-02 1.287509431597629096e+06
6.057571964956195293e-02 1.286927250423348276e+06
6.067584480600751035e-02 1.286348942373523954e+06
6.077596996245306776e-02 1.285774481681103120e+06
6.087609511889861824e-02 1.285203842750455718e+06
6.097622027534417566e-02 1.284637000156233786e+06
6.107634543178973308e-02 1.284073928642238257e+06
6.117647058823529049e-02 1.283514603120294400e+06
6.127659574468084791e-02 1.282958998669133987e+06
6.137672090112640533e-02 1.282407090533283772e+06
6.147684605757196274e-02 1.281858854121963959e+06
6.157697121401752016e-02 1.281314265007991111e+06
6.167709637046307758e-02 1.280773298926691525e+06
6.177722152690863500e-02 1.280235931774818106e+06
6.187734668335419241e-02 1.279702139609477948e+06
6.197747183979974983e-02 1.279171898647065042e+06
6.207759699624530725e-02 1.278645185262199957e+06
6.217772215269086467e-02 1.278121975986678619e+06
6.227784730913641514e-02 1.277602247508425266e+06
6.237797246558197256e-02 1.277085976670454256e+06
6.247809762202752998e-02 1.276573140469838167e+06
6.257822277847309433e-02 1.276063716056683799e+06
6.267834793491865175e-02 1.275557680733112385e+06
6.277847309136420917e-02 1.275055011952250032e+06
6.287859824780976659e-02 1.274555687317221891e+06
6.297872340425532400e-02 1.274059684580154251e+06
6.307884856070086754e-02 1.273566981641184306e+06
6.317897371714642496e-02 1.273077556547474582e+06
6.327909887359198238e-02 1.272591387492234819e+06
6.337922403003753979e-02 1.272108452813751064e+06
6.347934918648309721e-02 1.271628730994419428e+06
6.357947434292865463e-02 1.271152200659788679e+06
6.367959949937421205e-02 1.270678840577606345e+06
6.377972465581976946e-02 1.270208629656874109e+06
6.387984981226532688e-02 1.269741546946907183e+06
6.397997496871088430e-02 1.269277571636401117e+06
6.408010012515644171e-02 1.268816683052504901e+06
6.418022528160199913e-02 1.268358860659898724e+06
6.428035043804755655e-02 1.267904084059880814e+06
6.438047559449311397e-02 1.267452332989456598e+06
6.448060075093867138e-02 1.267003587320437189e+06
6.458072590738422880e-02 1.266557827058542287e+06
6.468085106382978622e-02 1.266115032342508668e+06
6.478097622027534364e-02 1.265675183443206595e+06
6.488110137672090105e-02 1.265238260762759019e+06
6.498122653316645847e-02 1.264804244833670091e+06
6.508135168961201589e-02 1.264373116317956243e+06
6.518147684605757330e-02 1.263944856006285641e+06
6.528160200250313072e-02 1.263519444817122305e+06
6.538172715894868814e-02 1.263096863795875106e+06
6.548185231539424556e-02 1.262677094114053529e+06
6.558197747183980297e-02 1.262260117068429478e+06
6.568210262828536039e-02 1.261845914080202579e+06
6.578222778473091781e-02 1.261434466694174102e+06
6.588235294117647523e-02 1.261025756577923195e+06
6.598247809762201876e-02 1.260619765520990361e+06
6.608260325406757618e-02 1.260216475434066728e+06
6.618272841051313360e-02 1.259815868348187767e+06
6.628285356695869102e-02 1.259417926413932117e+06
6.638297872340424843e-02 1.259022631900626933e+06
6.648310387984980585e-02 1.258629967195557896e+06
6.658322903629536327e-02 1.258239914803183638e+06
6.668335419274092069e-02 1.257852457344357623e+06
6.678347934918647810e-02 1.257467577555552358e+06
6.688360450563203552e-02 1.257085258288090816e+06
6.698372966207759294e-02 1.256705482507382985e+06
6.708385481852315035e-02 1.256328233292165911e+06
6.718397997496870777e-02 1.255953493833749788e+06
6.728410513141426519e-02 1.255581247435269877e+06
6.738423028785982261e-02 1.255211477510941681e+06
6.748435544430538002e-02 1.254844167585322401e+06
6.758448060075093744e-02 1.254479301292577060e+06
6.768460575719649486e-02 1.254116862375748809e+06
6.778473091364205227e-02 1.253756834686034592e+06
6.788485607008760969e-02 1.253399202182065928e+06
6.798498122653316711e-02 1.253043948929194128e+06
6.808510638297872453e-02 1.252691059098780388e+06
6.818523153942428194e-02 1.252340516967490083e+06
6.828535669586983936e-02 1.251992306916592875e+06
6.838548185231539678e-02 1.251646413431266090e+06
6.848560700876095420e-02 1.251302821099903900e+06
6.858573216520651161e-02 1.250961514613430714e+06
6.868585732165206903e-02 1.250622478764618514e+06
6.878598247809762645e-02 1.250285698447409784e+06
6.888610763454316999e-02 1.249951158656244865e+06
6.898623279098872740e-02 1.249618844485391863e+06
6.908635794743428482e-02 1.249288741128284251e+06
6.918648310387984224e-02 1.248960833876859862e+06
6.928660826032539966e-02 1.248635108120906400e+06
6.938673341677095707e-02 1.248311549347409746e+06
6.948685857321651449e-02 1.247990143139908323e+06
6.958698372966207191e-02 1.247670875177849550e+06
6.968710888610762932e-02 1.247353731235952582e+06
6.978723404255318674e-02 1.247038697183574317e+06
6.988735919899874416e-02 1.246725758984079584e+06
6.998748435544430158e-02 1.246414902694215998e+06
7.008760951188985899e-02 1.246106114463492529e+06
7.018773466833541641e-02 1.245799380533562507e+06
7.028785982478097383e-02 1.245494687237610575e+06
7.038798498122653124e-02 1.245192020999743603e+06
7.048811013767208866e-02 1.244891368334386032e+06
7.058823529411764608e-02 1.244592715845678700e+06
7.068836045056320350e-02 1.244296050226882566e+06
7.078848560700876091e-02 1.244001358259785222e+06
7.088861076345431833e-02 1.243708626814111602e+06
7.098873591989987575e-02 1.243417842846940737e+06
7.108886107634543317e-02 1.243128993402122054e+06
7.118898623279099058e-02 1.242842065609700046e+06
7.128911138923654800e-02 1.242557046685340581e+06
7.138923654568210542e-02 1.242273923929760233e+06
7.148936170212766283e-02 1.241992684728161432e+06
7.158948685857322025e-02 1.241713316549669951e+06
7.168961201501877767e-02 1.241435806946777273e+06
7.178973717146432121e-02 1.241160143554784590e+06
7.188986232790987863e-02 1.240886314091253560e+06
7.198998748435543604e-02 1.240614306355457520e+06
7.209011264080099346e-02 1.240344108227839228e+06
7.219023779724655088e-02 1.240075707669469761e+06
7.229036295369210829e-02 1.239809092721512774e+06
7.239048811013766571e-02 1.239544251504691551e+06
7.249061326658322313e-02 1.239281172218759079e+06
7.259073842302878055e-02 1.239019843141973251e+06
7.269086357947433796e-02 1.238760252630574629e+06
7.279098873591989538e-02 1.238502389118266059e+06
7.289111389236545280e-02 1.238246241115699289e+06
7.299123904881101021e-02 1.237991797209961805e+06
7.309136420525656763e-02 1.237739046064068796e+06
7.319148936170212505e-02 1.237487976416458376e+06
7.329161451814768247e-02 1.237238577080488438e+06
7.339173967459323988e-02 1.236990836943940260e+06
7.349186483103879730e-02 1.236744744968521176e+06
7.359198998748435472e-02 1.236500290189374704e+06
7.369211514392991214e-02 1.236257461714591132e+06
7.379224030037546955e-02 1.236016248724721605e+06
7.389236545682102697e-02 1.235776640472297324e+06
7.399249061326658439e-02 1.235538626281349920e+06
7.409261576971214180e-02 1.235302195546935545e+06
7.419274092615769922e-02 1.235067337734663393e+06
7.429286608260325664e-02 1.234834042380224913e+06
7.439299123904881406e-02 1.234602299088929081e+06
7.449311639549437147e-02 1.234372097535237903e+06
7.459324155193992889e-02 1.234143427462307038e+06
7.469336670838548631e-02 1.233916278681529220e+06
7.479349186483102985e-02 1.233690641072078841e+06
7.489361702127658726e-02 1.233466504580462584e+06
7.499374217772214468e-02 1.233243859220070997e+06
7.509386733416770210e-02 1.233022695070732618e+06
7.519399249061325952e-02 1.232803002278273460e+06
7.529411764705881693e-02 1.232584771054076729e+06
7.539424280350437435e-02 1.232367991674647667e+06
7.549436795994993177e-02 1.232152654481179081e+06
7.559449311639548919e-02 1.231938749879122479e+06
7.569461827284104660e-02 1.231726268337759189e+06
7.579474342928660402e-02 1.231515200389776612e+06
7.589486858573216144e-02 1.231305536630846327e+06
7.599499374217771885e-02 1.231097267719204538e+06
7.609511889862327627e-02 1.230890384375235997e+06
7.619524405506883369e-02 1.230684877381061437e+06
7.629536921151439111e-02 1.230480737580125453e+06
7.639549436795994852e-02 1.230277955876789289e+06
7.649561952440550594e-02 1.230076523235925706e+06
7.659574468085106336e-02 1.229876430682516424e+06
7.669586983729662077e-02 1.229677669301251182e+06
7.679599499374217819e-02 1.229480230236132396e+06
7.689612015018773561e-02 1.229284104690078646e+06
7.699624530663329303e-02 1.229089283924533986e+06
7.709637046307885044e-02 1.228895759259077953e+06
7.719649561952440786e-02 1.228703522071039304e+06
7.729662077596996528e-02 1.228512563795111375e+06
7.739674593241552270e-02 1.228322875922970707e+06
7.749687108886108011e-02 1.228134450002897764e+06
7.759699624530663753e-02 1.227947277639400447e+06
7.769712140175218107e-02 1.227761350492840167e+06
7.779724655819773849e-02 1.227576660279060248e+06
7.789737171464329590e-02 1.227393198769015959e+06
7.799749687108885332e-02 1.227210957788409665e+06
7.809762202753441074e-02 1.227029929217324825e+06
7.819774718397996816e-02 1.226850104989865329e+06
7.829787234042552557e-02 1.226671477093795314e+06
7.839799749687108299e-02 1.226494037570182933e+06
7.849812265331664041e-02 1.226317778513045283e+06
7.859824780976219782e-02 1.226142692068996141e+06
7.869837296620775524e-02 1.225968770436896477e+06
7.879849812265331266e-02 1.225796005867505679e+06
7.889862327909887008e-02 1.225624390663138358e+06
7.899874843554442749e-02 1.225453917177319294e+06
7.909887359198998491e-02 1.225284577814443735e+06
7.919899874843554233e-02 1.225116365029439097e+06
7.929912390488109974e-02 1.224949271327428520e+06
7.939924906132665716e-02 1.224783289263396291e+06
7.949937421777221458e-02 1.224618411441857694e+06
7.959949937421777200e-02 1.224454630516527686e+06
7.969962453066332941e-02 1.224291939189995406e+06
7.979974968710888683e-02 1.224130330213397043e+06
7.989987484355444425e-02 1.223969796386094764e+06
8.000000000000000167e-02 1.223810330555354478e+06
---------------
