field_vs_length
---------------
0.000000000000000000e+00 2.500000000000000000e+06
1.001251564455569429e-04 2.500000000000000000e+06
2.002503128911138858e-04 2.500000000000000000e+06
3.003754693366708422e-04 2.500000000000000000e+06
4.005006257822277716e-04 2.500000000000000000e+06
5.006257822277847009e-04 2.500000000000000000e+06
6.007509386733416844e-04 2.500000000000000000e+06
7.008760951188985596e-04 2.500000000000000000e+06
8.010012515644555431e-04 2.500000000000000000e+06
9.011264080100125267e-04 2.500000000000000000e+06
1.001251564455569402e-03 2.500000000000000000e+06
1.101376720901126385e-03 2.500000000000000000e+06
1.201501877346683369e-03 2.500000000000000000e+06
1.301627033792240352e-03 2.500000000000000000e+06
1.401752190237797119e-03 2.500000000000000000e+06
1.501877346683354103e-03 2.500000000000000000e+06
1.602002503128911086e-03 2.500000000000000000e+06
1.702127659574468070e-03 2.500000000000000000e+06
1.802252816020025053e-03 2.500000000000000000e+06
1.902377972465581820e-03 2.500000000000000000e+06
2.002503128911138804e-03 2.500000000000000000e+06
2.102628285356695787e-03 2.500000000000000000e+06
2.202753441802252771e-03 2.500000000000000000e+06
2.302878598247809754e-03 2.500000000000000000e+06
2.403003754693366738e-03 2.500000000000000000e+06
2.503128911138923721e-03 2.500000000000000000e+06
2.603254067584480705e-03 2.500000000000000000e+06
2.703379224030037255e-03 2.500000000000000000e+06
2.803504380475594238e-03 2.500000000000000000e+06
2.903629536921151222e-03 2.500000000000000000e+06
3.003754693366708205e-03 2.500000000000000000e+06
3.103879849812265189e-03 2.500000000000000000e+06
3.204005006257822172e-03 2.500000000000000000e+06
3.304130162703379156e-03 2.500000000000000000e+06
3.404255319148936140e-03 2.500000000000000000e+06
3.504380475594493123e-03 2.500000000000000000e+06
3.604505632040050107e-03 2.500000000000000000e+06
3.704630788485607090e-03 2.500000000000000000e+06
3.804755944931163640e-03 2.500000000000000000e+06
3.904881101376720624e-03 2.500000000000000000e+06
4.005006257822277607e-03 2.500000000000000000e+06
4.105131414267835024e-03 2.500000000000000000e+06
4.205256570713391574e-03 2.500000000000000000e+06
4.305381727158948124e-03 2.500000000000000000e+06
4.405506883604505541e-03 2.500000000000000000e+06
4.505632040050062091e-03 2.500000000000000000e+06
4.605757196495619508e-03 2.500000000000000000e+06
4.705882352941176058e-03 2.500000000000000000e+06
4.806007509386733476e-03 2.500000000000000000e+06
4.906132665832290025e-03 2.500000000000000000e+06
5.006257822277847443e-03 2.500000000000000000e+06
5.106382978723403993e-03 2.500000000000000000e+06
5.206508135168961410e-03 2.500000000000000000e+06
5.306633291614517960e-03 2.500000000000000000e+06
5.406758448060074509e-03 2.500000000000000000e+06
5.506883604505631927e-03 2.500000000000000000e+06
5.607008760951188477e-03 2.500000000000000000e+06
5.707133917396745894e-03 2.500000000000000000e+06
5.807259073842302444e-03 2.500000000000000000e+06
5.907384230287859861e-03 2.500000000000000000e+06
6.007509386733416411e-03 2.500000000000000000e+06
6.107634543178973828e-03 2.500000000000000000e+06
6.207759699624530378e-03 2.500000000000000000e+06
6.307884856070087795e-03 2.500000000000000000e+06
6.408010012515644345e-03 2.500000000000000000e+06
6.508135168961200895e-03 2.500000000000000000e+06
6.608260325406758312e-03 2.500000000000000000e+06
6.708385481852314862e-03 2.500000000000000000e+06
6.808510638297872279e-03 2.500000000000000000e+06
6.908635794743428829e-03 2.500000000000000000e+06
7.008760951188986246e-03 2.500000000000000000e+06
7.108886107634542796e-03 2.500000000000000000e+06
7.209011264080100213e-03 2.500000000000000000e+06
7.309136420525656763e-03 2.500000000000000000e+06
7.409261576971214180e-03 2.500000000000000000e+06
7.509386733416770730e-03 2.500000000000000000e+06
7.609511889862327280e-03 2.500000000000000000e+06
7.709637046307884697e-03 2.500000000000000000e+06
7.809762202753441247e-03 2.500000000000000000e+06
7.909887359198997797e-03 2.500000000000000000e+06
8.010012515644555214e-03 2.500000000000000000e+06
8.110137672090112632e-03 2.500000000000000000e+06
8.210262828535670049e-03 2.500000000000000000e+06
8.310387984981225731e-03 2.500000000000000000e+06
8.410513141426783149e-03 2.500000000000000000e+06
8.510638297872340566e-03 2.500000000000000000e+06
8.610763454317896248e-03 2.500000000000000000e+06
8.710888610763453666e-03 2.500000000000000000e+06
8.811013767209011083e-03 2.500000000000000000e+06
8.911138923654568500e-03 2.500000000000000000e+06
9.011264080100124182e-03 2.500000000000000000e+06
9.111389236545681600e-03 2.500000000000000000e+06
9.211514392991239017e-03 2.500000000000000000e+06
9.311639549436796434e-03 2.500000000000000000e+06
9.411764705882352117e-03 2.500000000000000000e+06
9.511889862327909534e-03 2.500000000000000000e+06
9.612015018773466951e-03 2.500000000000000000e+06
9.712140175219022634e-03 2.500000000000000000e+06
9.812265331664580051e-03 2.500000000000000000e+06
9.912390488110137468e-03 2.500000000000000000e+06
1.001251564455569489e-02 2.500000000000000000e+06
1.011264080100125057e-02 2.500000000000000000e+06
1.021276595744680799e-02 2.500000000000000000e+06
1.031289111389236540e-02 2.500000000000000000e+06
1.041301627033792282e-02 2.500000000000000000e+06
1.051314142678347850e-02 2.500000000000000000e+06
1.061326658322903592e-02 2.500000000000000000e+06
1.071339173967459334e-02 2.500000000000000000e+06
1.081351689612014902e-02 2.500000000000000000e+06
1.091364205256570644e-02 2.500000000000000000e+06
1.101376720901126385e-02 2.500000000000000000e+06
1.111389236545682127e-02 2.500000000000000000e+06
1.121401752190237695e-02 2.500000000000000000e+06
1.131414267834793437e-02 2.500000000000000000e+06
1.141426783479349179e-02 2.500000000000000000e+06
1.151439299123904920e-02 2.500000000000000000e+06
1.161451814768460489e-02 2.500000000000000000e+06
1.171464330413016230e-02 2.500000000000000000e+06
1.181476846057571972e-02 2.500000000000000000e+06
1.191489361702127540e-02 2.500000000000000000e+06
1.201501877346683282e-02 2.500000000000000000e+06
1.211514392991239024e-02 2.500000000000000000e+06
1.221526908635794766e-02 2.500000000000000000e+06
1.231539424280350334e-02 2.500000000000000000e+06
1.241551939924906076e-02 2.500000000000000000e+06
1.251564455569461817e-02 2.500000000000000000e+06
1.261576971214017559e-02 2.500000000000000000e+06
1.271589486858573127e-02 2.500000000000000000e+06
1.281602002503128869e-02 2.500000000000000000e+06
1.291614518147684611e-02 2.500000000000000000e+06
1.301627033792240179e-02 2.500000000000000000e+06
1.311639549436795921e-02 2.500000000000000000e+06
1.321652065081351662e-02 2.500000000000000000e+06
1.331664580725907404e-02 2.500000000000000000e+06
1.341677096370462972e-02 2.500000000000000000e+06
1.351689612015018714e-02 2.500000000000000000e+06
1.361702127659574456e-02 2.500000000000000000e+06
1.371714643304130198e-02 2.500000000000000000e+06
1.381727158948685766e-02 2.500000000000000000e+06
1.391739674593241508e-02 2.500000000000000000e+06
1.401752190237797249e-02 2.500000000000000000e+06
1.411764705882352818e-02 2.500000000000000000e+06
1.421777221526908559e-02 2.500000000000000000e+06
1.431789737171464301e-02 2.500000000000000000e+06
1.441802252816020043e-02 2.500000000000000000e+06
1.451814768460575611e-02 2.500000000000000000e+06
1.461827284105131353e-02 2.500000000000000000e+06
1.471839799749687094e-02 2.500000000000000000e+06
1.481852315394242836e-02 2.500000000000000000e+06
1.491864831038798404e-02 2.500000000000000000e+06
1.501877346683354146e-02 2.500000000000000000e+06
1.511889862327909888e-02 2.500000000000000000e+06
1.521902377972465456e-02 2.500000000000000000e+06
1.531914893617021198e-02 2.500000000000000000e+06
1.541927409261576939e-02 2.500000000000000000e+06
1.551939924906132681e-02 2.500000000000000000e+06
1.561952440550688249e-02 2.500000000000000000e+06
1.571964956195244165e-02 2.500000000000000000e+06
1.581977471839799559e-02 2.500000000000000000e+06
1.591989987484355301e-02 2.500000000000000000e+06
1.602002503128911043e-02 2.500000000000000000e+06
1.612015018773466785e-02 2.500000000000000000e+06
1.622027534418022526e-02 2.500000000000000000e+06
1.632040050062578268e-02 2.500000000000000000e+06
1.642052565707134010e-02 2.500000000000000000e+06
1.652065081351689405e-02 2.500000000000000000e+06
1.662077596996245146e-02 2.500000000000000000e+06
1.672090112640800888e-02 2.500000000000000000e+06
1.682102628285356630e-02 2.500000000000000000e+06
1.692115143929912371e-02 2.500000000000000000e+06
1.702127659574468113e-02 2.500000000000000000e+06
1.712140175219023855e-02 2.500000000000000000e+06
1.722152690863579250e-02 2.500000000000000000e+06
1.732165206508134991e-02 2.500000000000000000e+06
1.742177722152690733e-02 2.500000000000000000e+06
1.752190237797246475e-02 2.500000000000000000e+06
1.762202753441802217e-02 2.500000000000000000e+06
1.772215269086357958e-02 2.500000000000000000e+06
1.782227784730913700e-02 2.500000000000000000e+06
1.792240300375469442e-02 2.500000000000000000e+06
1.802252816020024836e-02 2.500000000000000000e+06
1.812265331664580578e-02 2.500000000000000000e+06
1.822277847309136320e-02 2.500000000000000000e+06
1.832290362953692062e-02 2.500000000000000000e+06
1.842302878598247803e-02 2.500000000000000000e+06
1.852315394242803545e-02 2.500000000000000000e+06
1.862327909887359287e-02 2.500000000000000000e+06
1.872340425531914682e-02 2.500000000000000000e+06
1.882352941176470423e-02 2.500000000000000000e+06
1.892365456821026165e-02 2.500000000000000000e+06
1.902377972465581907e-02 2.500000000000000000e+06
1.912390488110137649e-02 2.500000000000000000e+06
1.922403003754693390e-02 2.500000000000000000e+06
1.932415519399249132e-02 2.500000000000000000e+06
1.942428035043804527e-02 2.500000000000000000e+06
1.952440550688360268e-02 2.500000000000000000e+06
1.962453066332916010e-02 2.500000000000000000e+06
1.972465581977471752e-02 2.500000000000000000e+06
1.982478097622027494e-02 2.500000000000000000e+06
1.992490613266583235e-02 2.500000000000000000e+06
2.002503128911138977e-02 2.499333055594409350e+06
2.012515644555694719e-02 2.496676379816830624e+06
2.022528160200250114e-02 2.494037378324133810e+06
2.032540675844805855e-02 2.491415933533153031e+06
2.042553191489361597e-02 2.488811928642979357e+06
2.052565707133917339e-02 2.486225247629753780e+06
2.062578222778473080e-02 2.483655775241498835e+06
2.072590738423028822e-02 2.481103396992983297e+06
2.082603254067584564e-02 2.478567999160622247e+06
2.092615769712139959e-02 2.476049468777407892e+06
2.102628285356695700e-02 2.473547693627877161e+06
2.112640801001251442e-02 2.471062562243112363e+06
2.122653316645807184e-02 2.468593963895774912e+06
2.132665832290362926e-02 2.466141788595170248e+06
2.142678347934918667e-02 2.463705927082348149e+06
2.152690863579474409e-02 2.461286270825234242e+06
2.162703379224029804e-02 2.458882712013794109e+06
2.172715894868585546e-02 2.456495143555231392e+06
2.182728410513141287e-02 2.454123459069212899e+06
2.192740926157697029e-02 2.451767552883131430e+06
2.202753441802252771e-02 2.449427320027397480e+06
2.212765957446808512e-02 2.447102656230759807e+06
2.222778473091364254e-02 2.444793457915661857e+06
2.232790988735919996e-02 2.442499622193626128e+06
2.242803504380475391e-02 2.440221046860669740e+06
2.252816020025031132e-02 2.437957630392749794e+06
2.262828535669586874e-02 2.435709271941241343e+06
2.272841051314142616e-02 2.433475871328443754e+06
2.282853566958698358e-02 2.431257329043116421e+06
2.292866082603254099e-02 2.429053546236044727e+06
2.302878598247809841e-02 2.426864424715637695e+06
2.312891113892365236e-02 2.424689866943550296e+06
2.322903629536920977e-02 2.422529776030339301e+06
2.332916145181476719e-02 2.420384055731146596e+06
2.342928660826032461e-02 2.418252610441408586e+06
2.352941176470588203e-02 2.416135345192599110e+06
2.362953692115143944e-02 2.414032165647997055e+06
2.372966207759699686e-02 2.411942978098481894e+06
2.382978723404255081e-02 2.409867689458360896e+06
2.392991239048810823e-02 2.407806207261218689e+06
2.403003754693366564e-02 2.405758439655799419e+06
2.413016270337922306e-02 2.403724295401914045e+06
2.423028785982478048e-02 2.401703683866374195e+06
2.433041301627033789e-02 2.399696515018954407e+06
2.443053817271589531e-02 2.397702699428380933e+06
2.453066332916145273e-02 2.395722148258345667e+06
2.463078848560700668e-02 2.393754773263550829e+06
2.473091364205256409e-02 2.391800486785774119e+06
2.483103879849812151e-02 2.389859201749965083e+06
2.493116395494367893e-02 2.387930831660363358e+06
2.503128911138923635e-02 2.386015290596647654e+06
2.513141426783479376e-02 2.384112493210104760e+06
2.523153942428035118e-02 2.382222354719827883e+06
2.533166458072590513e-02 2.380344790908940136e+06
2.543178973717146255e-02 2.378479718120839447e+06
2.553191489361701996e-02 2.376627053255474661e+06
2.563204005006257738e-02 2.374786713765639812e+06
2.573216520650813480e-02 2.372958617653298192e+06
2.583229036295369221e-02 2.371142683465928305e+06
2.593241551939924963e-02 2.369338830292893574e+06
2.603254067584480358e-02 2.367546977761839051e+06
2.613266583229036100e-02 2.365767046035110019e+06
2.623279098873591841e-02 2.363998955806192476e+06
2.633291614518147583e-02 2.362242628296183888e+06
2.643304130162703325e-02 2.360497985250277910e+06
2.653316645807259067e-02 2.358764948934282642e+06
2.663329161451814808e-02 2.357043442131153774e+06
2.673341677096370203e-02 2.355333388137554750e+06
2.683354192740925945e-02 2.353634710760440677e+06
2.693366708385481686e-02 2.351947334313661326e+06
2.703379224030037428e-02 2.350271183614590671e+06
2.713391739674593170e-02 2.348606183980775531e+06
2.723404255319148912e-02 2.346952261226610281e+06
2.733416770963704653e-02 2.345309341660028324e+06
2.743429286608260395e-02 2.343677352079221047e+06
2.753441802252815790e-02 2.342056219769375864e+06
2.763454317897371532e-02 2.340445872499434743e+06
2.773466833541927273e-02 2.338846238518879283e+06
2.783479349186483015e-02 2.337257246554528829e+06
2.793491864831038757e-02 2.335678825807370245e+06
2.803504380475594499e-02 2.334110905949399807e+06
2.813516896120150240e-02 2.332553417120489758e+06
2.823529411764705635e-02 2.331006289925277699e+06
2.833541927409261377e-02 2.329469455430073664e+06
2.843554443053817118e-02 2.327942845159787219e+06
2.853566958698372860e-02 2.326426391094878782e+06
2.863579474342928602e-02 2.324920025668328162e+06
2.873591989987484344e-02 2.323423681762622669e+06
2.883604505632040085e-02 2.321937292706768960e+06
2.893617021276595480e-02 2.320460792273320258e+06
2.903629536921151222e-02 2.318994114675427787e+06
2.913642052565706964e-02 2.317537194563907105e+06
2.923654568210262705e-02 2.316089967024328187e+06
2.933667083854818447e-02 2.314652367574123200e+06
2.943679599499374189e-02 2.313224332159711048e+06
2.953692115143929930e-02 2.311805797153647523e+06
2.963704630788485672e-02 2.310396699351785704e+06
2.973717146433041067e-02 2.308996975970463362e+06
2.983729662077596809e-02 2.307606564643703867e+06
2.993742177722152550e-02 2.306225403420438059e+06
3.003754693366708292e-02 2.304853430761743337e+06
3.013767209011264034e-02 2.303490585538102780e+06
3.023779724655819776e-02 2.302136807026680559e+06
3.033792240300375517e-02 2.300792034908615984e+06
3.043804755944930912e-02 2.299456209266337566e+06
3.053817271589486654e-02 2.298129270580891520e+06
3.063829787234042396e-02 2.296811159729291685e+06
3.073842302878598137e-02 2.295501817981882952e+06
3.083854818523153879e-02 2.294201186999727041e+06
3.093867334167709621e-02 2.292909208832001314e+06
3.103879849812265362e-02 2.291625825913417153e+06
3.113892365456820757e-02 2.290350981061656028e+06
3.123904881101376499e-02 2.289084617474819534e+06
3.133917396745932588e-02 2.287826678728901315e+06
3.143929912390488329e-02 2.286577108775271103e+06
3.153942428035043377e-02 2.285335851938177831e+06
3.163954943679599119e-02 2.284102852912269067e+06
3.173967459324154861e-02 2.282878056760127191e+06
3.183979974968710602e-02 2.281661408909820486e+06
3.193992490613266344e-02 2.280452855152473319e+06
3.204005006257822086e-02 2.279252341639849357e+06
3.214017521902377827e-02 2.278059814881952945e+06
3.224030037546933569e-02 2.276875221744645853e+06
3.234042553191489311e-02 2.275698509447279386e+06
3.244055068836045053e-02 2.274529625560343266e+06
3.254067584480600794e-02 2.273368518003129400e+06
3.264080100125156536e-02 2.272215135041410569e+06
3.274092615769712278e-02 2.271069425285137258e+06
3.284105131414268020e-02 2.269931337686145678e+06
3.294117647058823761e-02 2.268800821535885334e+06
3.304130162703378809e-02 2.267677826463157777e+06
3.314142678347934551e-02 2.266562302431873977e+06
3.324155193992490293e-02 2.265454199738822877e+06
3.334167709637046034e-02 2.264353469011459034e+06
3.344180225281601776e-02 2.263260061205701903e+06
3.354192740926157518e-02 2.262173927603750024e+06
3.364205256570713259e-02 2.261095019811911043e+06
3.374217772215269001e-02 2.260023289758445229e+06
3.384230287859824743e-02 2.258958689691423438e+06
3.394242803504380485e-02 2.257901172176600434e+06
3.404255319148936226e-02 2.256850690095300321e+06
3.414267834793491968e-02 2.255807196642316878e+06
3.424280350438047710e-02 2.254770645323829260e+06
3.434292866082603451e-02 2.253740989955329802e+06
3.444305381727158499e-02 2.252718184659566265e+06
3.454317897371714241e-02 2.251702183864498511e+06
3.464330413016269983e-02 2.250692942301265895e+06
3.474342928660825724e-02 2.249690415002172347e+06
3.484355444305381466e-02 2.248694557298682164e+06
3.494367959949937208e-02 2.247705324819429312e+06
3.504380475594492950e-02 2.246722673488241620e+06
3.514392991239048691e-02 2.245746559522174764e+06
3.524405506883604433e-02 2.244776939429563936e+06
3.534418022528160175e-02 2.243813770008084364e+06
3.544430538172715917e-02 2.242857008342827205e+06
3.554443053817271658e-02 2.241906611804387067e+06
3.564455569461827400e-02 2.240962538046962116e+06
3.574468085106383142e-02 2.240024745006468613e+06
3.584480600750938883e-02 2.239093190898666158e+06
3.594493116395493931e-02 2.238167834217295051e+06
3.604505632040049673e-02 2.237248633732228074e+06
3.614518147684605415e-02 2.236335548487633467e+06
3.624530663329161156e-02 2.235428537800149061e+06
3.634543178973716898e-02 2.234527561257069930e+06
3.644555694618272640e-02 2.233632578714549541e+06
3.654568210262828382e-02 2.232743550295807887e+06
3.664580725907384123e-02 2.231860436389357783e+06
3.674593241551939865e-02 2.230983197647237685e+06
3.684605757196495607e-02 2.230111794983260334e+06
3.694618272841051348e-02 2.229246189571269788e+06
3.704630788485607090e-02 2.228386342843411956e+06
3.714643304130162832e-02 2.227532216488416307e+06
3.724655819774718574e-02 2.226683772449889686e+06
3.734668335419274315e-02 2.225840972924618982e+06
3.744680851063829363e-02 2.225003780360887758e+06
3.754693366708385105e-02 2.224172157456802670e+06
3.764705882352940847e-02 2.223346067158632446e+06
3.774718397997496588e-02 2.222525472659156192e+06
3.784730913642052330e-02 2.221710337396022398e+06
3.794743429286608072e-02 2.220900625050121918e+06
3.804755944931163814e-02 2.220096299543968402e+06
3.814768460575719555e-02 2.219297325040091295e+06
3.824780976220275297e-02 2.218503665939438622e+06
3.834793491864831039e-02 2.217715286879791413e+06
3.844806007509386780e-02 2.216932152734187432e+06
3.854818523153942522e-02 2.216154228609357495e+06
3.864831038798498264e-02 2.215381479844168294e+06
3.874843554443054006e-02 2.214613872008080129e+06
3.884856070087609053e-02 2.213851370899613015e+06
3.894868585732164795e-02 2.213093942544820718e+06
3.904881101376720537e-02 2.212341553195778280e+06
3.914893617021276279e-02 2.211594169329079334e+06
3.924906132665832020e-02 2.210851757644341327e+06
3.934918648310387762e-02 2.210114285062720068e+06
3.944931163954943504e-02 2.209381718725440558e+06
3.954943679599499246e-02 2.208654025992327835e+06
3.964956195244054987e-02 2.207931174440355506e+06
3.974968710888610729e-02 2.207213131862200797e+06
3.984981226533166471e-02 2.206499866264809854e+06
3.994993742177722212e-02 2.205791345867969561e+06
4.005006257822277954e-02 2.205087539102896117e+06
4.015018773466833696e-02 2.204388414610824082e+06
4.025031289111389438e-02 2.203693941241611727e+06
4.035043804755944485e-02 2.203004088052352890e+06
4.045056320400500227e-02 2.202318824305997230e+06
4.055068836045055969e-02 2.201638119469981641e+06
4.065081351689611711e-02 2.200961943214869127e+06
4.075093867334167452e-02 2.200290265412997454e+06
4.085106382978723194e-02 2.199623056137138512e+06
4.095118898623278936e-02 2.198960285659162793e+06
4.105131414267834677e-02 2.198301924448715057e+06
4.115143929912390419e-02 2.197647943171899300e+06
4.125156445556946161e-02 2.196998312689972576e+06
4.135168961201501903e-02 2.196353004058043938e+06
4.145181476846057644e-02 2.195711988523787819e+06
4.155193992490613386e-02 2.195075237526161131e+06
4.165206508135169128e-02 2.194442722694131546e+06
4.175219023779724176e-02 2.193814415845411830e+06
4.185231539424279917e-02 2.193190288985206746e+06
4.195244055068835659e-02 2.192570314304964151e+06
4.205256570713391401e-02 2.191954464181134943e+06
4.215269086357947143e-02 2.191342711173945107e+06
4.225281602002502884e-02 2.190735028026170097e+06
4.235294117647058626e-02 2.190131387661922723e+06
4.245306633291614368e-02 2.189531763185444754e+06
4.255319148936170109e-02 2.188936127879911102e+06
4.265331664580725851e-02 2.188344455206236802e+06
4.275344180225281593e-02 2.187756718801895157e+06
4.285356695869837335e-02 2.187172892479744740e+06
4.295369211514393076e-02 2.186592950226860587e+06
4.305381727158948818e-02 2.186016866203377489e+06
4.315394242803504560e-02 2.185444614741335157e+06
4.325406758448059608e-02 2.184876170343537815e+06
4.335419274092615349e-02 2.184311507682417519e+06
4.345431789737171091e-02 2.183750601598903537e+06
4.355444305381726833e-02 2.183193427101304755e+06
4.365456821026282574e-02 2.182639959364193026e+06
4.375469336670838316e-02 2.182090173727298621e+06
4.385481852315394058e-02 2.181544045694411732e+06
4.395494367959949800e-02 2.181001550932289567e+06
4.405506883604505541e-02 2.180462665269574150e+06
4.415519399249061283e-02 2.179927364695713855e+06
4.425531914893617025e-02 2.179395625359893776e+06
4.435544430538172767e-02 2.178867423569973558e+06
4.445556946182728508e-02 2.178342735791430809e+06
4.455569461827284250e-02 2.177821538646314759e+06
4.465581977471839992e-02 2.177303808912201319e+06
4.475594493116395040e-02 2.176789523521161173e+06
4.485607008760950781e-02 2.176278659558730666e+06
4.495619524405506523e-02 2.175771194262891077e+06
4.505632040050062265e-02 2.175267105023053940e+06
4.515644555694618006e-02 2.174766369379054755e+06
4.525657071339173748e-02 2.174268965020151343e+06
4.535669586983729490e-02 2.173774869784030132e+06
4.545682102628285232e-02 2.173284061655818485e+06
4.555694618272840973e-02 2.172796518767104484e+06
4.565707133917396715e-02 2.172312219394960441e+06
4.575719649561952457e-02 2.171831141960978508e+06
4.585732165206508198e-02 2.171353265030306298e+06
4.595744680851063940e-02 2.170878567310692277e+06
4.605757196495619682e-02 2.170407027651538141e+06
4.615769712140174730e-02 2.169938625042957254e+06
4.625782227784730471e-02 2.169473338614834473e+06
4.635794743429286213e-02 2.169011147635901347e+06
4.645807259073841955e-02 2.168552031512808986e+06
4.655819774718397697e-02 2.168095969789211173e+06
4.665832290362953438e-02 2.167642942144854460e+06
4.675844806007509180e-02 2.167192928394670598e+06
4.685857321652064922e-02 2.166745908487878740e+06
4.695869837296620664e-02 2.166301862507091369e+06
4.705882352941176405e-02 2.165860770667427219e+06
4.715894868585732147e-02 2.165422613315628842e+06
4.725907384230287889e-02 2.164987370929188095e+06
4.735919899874843630e-02 2.164555024115476292e+06
4.745932415519399372e-02 2.164125553610878531e+06
4.755944931163955114e-02 2.163698940279937815e+06
4.765957446808510162e-02 2.163275165114500560e+06
4.775969962453065903e-02 2.162854209232870024e+06
4.785982478097621645e-02 2.162436053878965322e+06
4.795994993742177387e-02 2.162020680421486497e+06
4.806007509386733129e-02 2.161608070353082847e+06
4.816020025031288870e-02 2.161198205289528705e+06
4.826032540675844612e-02 2.160791066968905739e+06
4.836045056320400354e-02 2.160386637250787113e+06
4.846057571964956096e-02 2.159984898115431424e+06
4.856070087609511837e-02 2.159585831662977114e+06
4.866082603254067579e-02 2.159189420112647582e+06
4.876095118898623321e-02 2.158795645801958162e+06
4.886107634543179062e-02 2.158404491185928229e+06
4.896120150187734804e-02 2.158015938836299814e+06
4.906132665832290546e-02 2.157629971440762281e+06
4.916145181476845594e-02 2.157246571802178863e+06
4.926157697121401335e-02 2.156865722837822977e+06
4.936170212765957077e-02 2.156487407578614075e+06
4.946182728410512819e-02 2.156111609168365132e+06
4.956195244055068561e-02 2.155738310863027815e+06
4.966207759699624302e-02 2.155367496029949281e+06
4.976220275344180044e-02 2.154999148147129919e+06
4.986232790988735786e-02 2.154633250802487601e+06
4.996245306633291527e-02 2.154269787693125661e+06
5.006257822277847269e-02 2.153908742624607403e+06
5.016270337922403011e-02 2.153550099510234315e+06
5.026282853566958753e-02 2.153193842370328959e+06
5.036295369211514494e-02 2.152839955331522971e+06
5.046307884856070236e-02 2.152488422626050655e+06
5.056320400500625284e-02 2.152139228591045830e+06
5.066332916145181026e-02 2.151792357667842880e+06
5.076345431789736767e-02 2.151447794401285704e+06
5.086357947434292509e-02 2.151105523439037614e+06
5.096370463078848251e-02 2.150765529530897737e+06
5.106382978723403993e-02 2.150427797528121620e+06
5.116395494367959734e-02 2.150092312382745091e+06
5.126408010012515476e-02 2.149759059146916494e+06
5.136420525657071218e-02 2.149428022972228006e+06
5.146433041301626959e-02 2.149099189109054860e+06
5.156445556946182701e-02 2.148772542905898299e+06
5.166458072590738443e-02 2.148448069808733184e+06
5.176470588235294185e-02 2.148125755360359792e+06
5.186483103879849926e-02 2.147805585199757013e+06
5.196495619524405668e-02 2.147487545061446726e+06
5.206508135168960716e-02 2.147171620774854440e+06
5.216520650813516458e-02 2.146857798263679724e+06
5.226533166458072199e-02 2.146546063545268960e+06
5.236545682102627941e-02 2.146236402729992289e+06
5.246558197747183683e-02 2.145928802020623814e+06
5.256570713391739424e-02 2.145623247711727861e+06
5.266583229036295166e-02 2.145319726189048495e+06
5.276595744680850908e-02 2.145018223928901833e+06
5.286608260325406650e-02 2.144718727497574873e+06
5.296620775969962391e-02 2.144421223550724797e+06
5.306633291614518133e-02 2.144125698832787573e+06
5.316645807259073875e-02 2.143832140176384244e+06
5.326658322903629617e-02 2.143540534501735587e+06
5.336670838548185358e-02 2.143250868816080038e+06
5.346683354192740406e-02 2.142963130213093944e+06
5.356695869837296148e-02 2.142677305872316472e+06
5.366708385481851890e-02 2.142393383058577310e+06
5.376720901126407631e-02 2.142111349121432751e+06
5.386733416770963373e-02 2.141831191494597588e+06
5.396745932415519115e-02 2.141552897695389111e+06
5.406758448060074856e-02 2.141276455324167851e+06
5.416770963704630598e-02 2.141001852063787170e+06
5.426783479349186340e-02 2.140729075679043308e+06
5.436795994993742082e-02 2.140458114016131032e+06
5.446808510638297823e-02 2.140188955002101604e+06
5.456821026282853565e-02 2.139921586644324940e+06
5.466833541927409307e-02 2.139655997029955033e+06
5.476846057571965048e-02 2.139392174325399566e+06
5.486858573216520790e-02 2.139130106775793247e+06
5.496871088861075838e-02 2.138869782704472542e+06
5.506883604505631580e-02 2.138611190512456000e+06
5.516896120150187321e-02 2.138354318677928764e+06
5.526908635794743063e-02 2.138099155755727086e+06
5.536921151439298805e-02 2.137845690376829822e+06
5.546933667083854547e-02 2.137593911247851327e+06
5.556946182728410288e-02 2.137343807150538545e+06
5.566958698372966030e-02 2.137095366941270884e+06
5.576971214017521772e-02 2.136848579550563823e+06
5.586983729662077514e-02 2.136603433982575778e+06
5.596996245306633255e-02 2.136359919314617757e+06
5.607008760951188997e-02 2.136118024696667679e+06
5.617021276595744739e-02 2.135877739350885618e+06
5.627033792240300480e-02 2.135639052571135107e+06
5.637046307884856222e-02 2.135401953722504433e+06
5.647058823529411270e-02 2.135166432240833994e+06
5.657071339173967012e-02 2.134932477632245515e+06
5.667083854818522753e-02 2.134700079472673591e+06
5.677096370463078495e-02 2.134469227407401893e+06
5.687108886107634237e-02 2.134239911150603089e+06
5.697121401752189979e-02 2.134012120484876912e+06
5.707133917396745720e-02 2.133785845260799397e+06
5.717146433041301462e-02 2.133561075396467000e+06
5.727158948685857204e-02 2.133337800877049565e+06
5.737171464330412946e-02 2.133116011754343286e+06
5.747183979974968687e-02 2.132895698146328330e+06
5.757196495619524429e-02 2.132676850236725993e+06
5.767209011264080171e-02 2.132459458274564706e+06
5.777221526908635912e-02 2.132243512573743705e+06
5.787234042553190960e-02 2.132029003512601368e+06
5.797246558197746702e-02 2.131815921533486806e+06
5.807259073842302444e-02 2.131604257142334711e+06
5.817271589486858185e-02 2.131394000908240676e+06
5.827284105131413927e-02 2.131185143463043496e+06
5.837296620775969669e-02 2.130977675500905607e+06
5.847309136420525411e-02 2.130771587777898181e+06
5.857321652065081152e-02 2.130566871111592278e+06
5.867334167709636894e-02 2.130363516380645335e+06
5.877346683354192636e-02 2.130161514524399303e+06
5.887359198998748377e-02 2.129960856542472728e+06
5.897371714643304119e-02 2.129761533494363539e+06
5.907384230287859861e-02 2.129563536499047186e+06
5.917396745932415603e-02 2.129366856734584551e+06
5.927409261576971344e-02 2.129171485437724739e+06
5.937421777221526392e-02 2.128977413903518580e+06
5.947434292866082134e-02 2.128784633484928403e+06
5.957446808510637876e-02 2.128593135592443869e+06
5.967459324155193617e-02 2.128402911693697330e+06
5.977471839799749359e-02 2.128213953313086648e+06
5.987484355444305101e-02 2.128026252031396143e+06
5.997496871088860843e-02 2.127839799485419411e+06
6.007509386733416584e-02 2.127654587367590982e+06
6.017521902377972326e-02 2.127470607425612397e+06
6.027534418022528068e-02 2.127287851462086197e+06
6.037546933667083809e-02 2.127106311334150843e+06
6.047559449311639551e-02 2.126925978953116573e+06
6.057571964956195293e-02 2.126746846284107305e+06
6.067584480600751035e-02 2.126568905345699750e+06
6.077596996245306776e-02 2.126392148209569976e+06
6.087609511889861824e-02 2.126216567000140436e+06
6.097622027534417566e-02 2.126042153894225601e+06
6.107634543178973308e-02 2.125868901120688766e+06
6.117647058823529049e-02 2.125696800960090477e+06
6.127659574468084791e-02 2.125525845744349062e+06
6.137672090112640533e-02 2.125356027856395114e+06
6.147684605757196274e-02 2.125187339729834814e+06
6.157697121401752016e-02 2.125019773848612793e+06
6.167709637046307758e-02 2.124853322746674065e+06
6.177722152690863500e-02 2.124687979007636197e+06
6.187734668335419241e-02 2.124523735264454968e+06
6.197747183979974983e-02 2.124360584199097008e+06
6.207759699624530725e-02 2.124198518542215228e+06
6.217772215269086467e-02 2.124037531072824262e+06
6.227784730913641514e-02 2.123877614617976826e+06
6.237797246558197256e-02 2.123718762052447535e+06
6.247809762202752998e-02 2.123560966298411600e+06
6.257822277847309433e-02 2.123404220325133298e+06
6.267834793491865175e-02 2.123248517148649786e+06
6.277847309136420917e-02 2.123093849831461441e+06
6.287859824780976659e-02 2.122940211482222192e+06
6.297872340425532400e-02 2.122787595255432185e+06
6.307884856070086754e-02 2.122635994351133704e+06
6.317897371714642496e-02 2.122485402014607564e+06
6.327909887359198238e-02 2.122335811536072288e+06
6.337922403003753979e-02 2.122187216250385158e+06
6.347934918648309721e-02 2.122039609536744654e+06
6.357947434292865463e-02 2.121892984818396624e+06
6.367959949937421205e-02 2.121747335562340450e+06
6.377972465581976946e-02 2.121602655279038008e+06
6.387984981226532688e-02 2.121458937522125430e+06
6.397997496871088430e-02 2.121316175888123456e+06
6.408010012515644171e-02 2.121174364016155247e+06
6.418022528160199913e-02 2.121033495587661397e+06
6.428035043804755655e-02 2.120893564326117281e+06
6.438047559449311397e-02 2.120754563996755984e+06
6.448060075093867138e-02 2.120616488406288438e+06
6.458072590738422880e-02 2.120479331402628217e+06
6.468085106382978622e-02 2.120343086874618195e+06
6.478097622027534364e-02 2.120207748751755804e+06
6.488110137672090105e-02 2.120073311003925744e+06
6.498122653316645847e-02 2.119939767641129438e+06
6.508135168961201589e-02 2.119807112713217270e+06
6.518147684605757330e-02 2.119675340309626423e+06
6.528160200250313072e-02 2.119544444559114520e+06
6.538172715894868814e-02 2.119414419629500248e+06
6.548185231539424556e-02 2.119285259727401193e+06
6.558197747183980297e-02 2.119156959097978193e+06
6.568210262828536039e-02 2.119029512024677824e+06
6.578222778473091781e-02 2.118902912828976754e+06
6.588235294117647523e-02 2.118777155870130286e+06
6.598247809762201876e-02 2.118652235544919968e+06
6.608260325406757618e-02 2.118528146287405398e+06
6.618272841051313360e-02 2.118404882568673231e+06
6.628285356695869102e-02 2.118282438896594569e+06
6.638297872340424843e-02 2.118160809815577697e+06
6.648310387984980585e-02 2.118039989906325471e+06
6.658322903629536327e-02 2.117919973785595037e+06
6.668335419274092069e-02 2.117800756105956156e+06
6.678347934918647810e-02 2.117682331555554643e+06
6.688360450563203552e-02 2.117564694857873954e+06
6.698372966207759294e-02 2.117447840771502350e+06
6.708385481852315035e-02 2.117331764089897275e+06
6.718397997496870777e-02 2.117216459641153924e+06
6.728410513141426519e-02 2.117101922287775204e+06
6.738423028785982261e-02 2.116988146926443558e+06
6.748435544430538002e-02 2.116875128487791400e+06
6.758448060075093744e-02 2.116762861936177593e+06
6.768460575719649486e-02 2.116651342269461136e+06
6.778473091364205227e-02 2.116540564518779982e+06
6.788485607008760969e-02 2.116430523748327978e+06
6.798498122653316711e-02 2.116321215055136476e+06
6.808510638297872453e-02 2.116212633568855468e+06
6.818523153942428194e-02 2.116104774451535195e+06
6.828535669586983936e-02 2.115997632897413336e+06
6.838548185231539678e-02 2.115891204132697079e+06
6.848560700876095420e-02 2.115785483415354975e+06
6.858573216520651161e-02 2.115680466034901794e+06
6.868585732165206903e-02 2.115576147312190384e+06
6.878598247809762645e-02 2.115472522599203046e+06
6.888610763454316999e-02 2.115369587278844789e+06
6.898623279098872740e-02 2.115267336764736101e+06
6.908635794743428482e-02 2.115165766501010396e+06
6.918648310387984224e-02 2.115064871962110512e+06
6.928660826032539966e-02 2.114964648652586620e+06
6.938673341677095707e-02 2.114865092106895521e+06
6.948685857321651449e-02 2.114766197889202740e+06
6.958698372966207191e-02 2.114667961593184620e+06
6.968710888610762932e-02 2.114570378841831814e+06
6.978723404255318674e-02 2.114473445287253708e+06
6.988735919899874416e-02 2.114377156610486098e+06
6.998748435544430158e-02 2.114281508521297015e+06
7.008760951188985899e-02 2.114186496757997666e+06
7.018773466833541641e-02 2.114092117087250110e+06
7.028785982478097383e-02 2.113998365303880069e+06
7.038798498122653124e-02 2.113905237230690196e+06
7.048811013767208866e-02 2.113812728718272410e+06
7.058823529411764608e-02 2.113720835644824430e+06
7.068836045056320350e-02 2.113629553915963974e+06
7.078848560700876091e-02 2.113538879464549478e+06
7.088861076345431833e-02 2.113448808250495698e+06
7.098873591989987575e-02 2.113359336260597222e+06
7.108886107634543317e-02 2.113270459508345462e+06
7.118898623279099058e-02 2.113182174033754040e+06
7.128911138923654800e-02 2.113094475903181825e+06
7.138923654568210542e-02 2.113007361209156923e+06
7.148936170212766283e-02 2.112920826070203446e+06
7.158948685857322025e-02 2.112834866630667821e+06
7.168961201501877767e-02 2.112749479060546961e+06
7.178973717146432121e-02 2.112664659555318300e+06
7.188986232790987863e-02 2.112580404335770290e+06
7.198998748435543604e-02 2.112496709647832904e+06
7.209011264080099346e-02 2.112413571762411855e+06
7.219023779724655088e-02 2.112330986975221429e+06
7.229036295369210829e-02 2.112248951606619172e+06
7.239048811013766571e-02 2.112167462001443375e+06
7.249061326658322313e-02 2.112086514528848697e+06
7.259073842302878055e-02 2.112006105582145508e+06
7.269086357947433796e-02 2.111926231578638311e+06
7.279098873591989538e-02 2.111846888959466480e+06
7.289111389236545280e-02 2.111768074189445935e+06
7.299123904881101021e-02 2.111689783756911289e+06
7.309136420525656763e-02 2.111612014173559844e+06
7.319148936170212505e-02 2.111534761974294670e+06
7.329161451814768247e-02 2.111458023717073258e+06
7.339173967459323988e-02 2.111381795982750598e+06
7.349186483103879730e-02 2.111306075374929700e+06
7.359198998748435472e-02 2.111230858519807458e+06
7.369211514392991214e-02 2.111156142066027969e+06
7.379224030037546955e-02 2.111081922684529796e+06
7.389236545682102697e-02 2.111008197068399284e+06
7.399249061326658439e-02 2.110934961932722945e+06
7.409261576971214180e-02 2.110862214014441706e+06
7.419274092615769922e-02 2.110789950072204228e+06
7.429286608260325664e-02 2.110718166886223014e+06
7.439299123904881406e-02 2.110646861258131918e+06
7.449311639549437147e-02 2.110576030010842253e+06
7.459324155193992889e-02 2.110505669988402165e+06
7.469336670838548631e-02 2.110435778055855073e+06
7.479349186483102985e-02 2.110366351099101361e+06
7.489361702127658726e-02 2.110297386024757754e+06
7.499374217772214468e-02 2.110228879760021809e+06
7.509386733416770210e-02 2.110160829252533149e+06
7.519399249061325952e-02 2.110093231470237952e+06
7.529411764705881693e-02 2.110026083401254378e+06
7.539424280350437435e-02 2.109959382053737529e+06
7.549436795994993177e-02 2.109893124455747195e+06
7.559449311639548919e-02 2.109827307655114681e+06
7.569461827284104660e-02 2.109761928719310556e+06
7.579474342928660402e-02 2.109696984735316131e+06
7.589486858573216144e-02 2.109632472809491213e+06
7.599499374217771885e-02 2.109568390067447443e+06
7.609511889862327627e-02 2.109504733653918840e+06
7.619524405506883369e-02 2.109441500732634217e+06
7.629536921151439111e-02 2.109378688486192375e+06
7.639549436795994852e-02 2.109316294115934987e+06
7.649561952440550594e-02 2.109254314841823187e+06
7.659574468085106336e-02 2.109192747902312782e+06
7.669586983729662077e-02 2.109131590554231312e+06
7.679599499374217819e-02 2.109070840072656050e+06
7.689612015018773561e-02 2.109010493750793394e+06
7.699624530663329303e-02 2.108950548899856396e+06
7.709637046307885044e-02 2.108891002848946955e+06
7.719649561952440786e-02 2.108831852944935206e+06
7.729662077596996528e-02 2.108773096552342176e+06
7.739674593241552270e-02 2.108714731053221971e+06
7.749687108886108011e-02 2.108656753847045358e+06
7.759699624530663753e-02 2.108599162350584753e+06
7.769712140175218107e-02 2.108541953997796867e+06
7.779724655819773849e-02 2.108485126239710953e+06
7.789737171464329590e-02 2.108428676544312388e+06
7.799749687108885332e-02 2.108372602396433707e+06
7.809762202753441074e-02 2.108316901297638193e+06
7.819774718397996816e-02 2.108261570766112301e+06
7.829787234042552557e-02 2.108206608336552512e+06
7.839799749687108299e-02 2.108152011560056359e+06
7.849812265331664041e-02 2.108097778004013933e+06
7.859824780976219782e-02 2.108043905251998920e+06
7.869837296620775524e-02 2.107990390903660562e+06
7.879849812265331266e-02 2.107937232574617025e+06
7.889862327909887008e-02 2.107884427896350157e+06
7.899874843554442749e-02 2.107831974516098388e+06
7.909887359198998491e-02 2.107779870096751954e+06
7.919899874843554233e-02 2.107728112316750456e+06
7.929912390488109974e-02 2.107676698869978078e+06
7.939924906132665716e-02 2.107625627465660218e+06
7.949937421777221458e-02 2.107574895828263834e+06
7.959949937421777200e-02 2.107524501697393134e+06
7.969962453066332941e-02 2.107474442827690858e+06
7.979974968710888683e-02 2.107424716988737695e+06
7.989987484355444425e-02 2.107375321964952163e+06
8.000000000000000167e-02 2.107326255555493757e+06
---------------
