field_vs_length
---------------
0.000000000000000000e+00 2.500000000000000000e+06
1.001251564455569429e-04 2.500000000000000000e+06
2.002503128911138858e-04 2.500000000000000000e+06
3.003754693366708422e-04 2.500000000000000000e+06
4.005006257822277716e-04 2.500000000000000000e+06
5.006257822277847009e-04 2.500000000000000000e+06
6.007509386733416844e-04 2.500000000000000000e+06
7.008760951188985596e-04 2.500000000000000000e+06
8.010012515644555431e-04 2.500000000000000000e+06
9.011264080100125267e-04 2.500000000000000000e+06
1.001251564455569402e-03 2.500000000000000000e+06
1.101376720901126385e-03 2.500000000000000000e+06
1.201501877346683369e-03 2.500000000000000000e+06
1.301627033792240352e-03 2.500000000000000000e+06
1.401752190237797119e-03 2.500000000000000000e+06
1.501877346683354103e-03 2.500000000000000000e+06
1.602002503128911086e-03 2.500000000000000000e+06
1.702127659574468070e-03 2.500000000000000000e+06
1.802252816020025053e-03 2.500000000000000000e+06
1.902377972465581820e-03 2.500000000000000000e+06
2.002503128911138804e-03 2.500000000000000000e+06
2.102628285356695787e-03 2.500000000000000000e+06
2.202753441802252771e-03 2.500000000000000000e+06
2.302878598247809754e-03 2.500000000000000000e+06
2.403003754693366738e-03 2.500000000000000000e+06
2.503128911138923721e-03 2.500000000000000000e+06
2.603254067584480705e-03 2.500000000000000000e+06
2.703379224030037255e-03 2.500000000000000000e+06
2.803504380475594238e-03 2.500000000000000000e+06
2.903629536921151222e-03 2.500000000000000000e+06
3.003754693366708205e-03 2.500000000000000000e+06
3.103879849812265189e-03 2.500000000000000000e+06
3.204005006257822172e-03 2.500000000000000000e+06
3.304130162703379156e-03 2.500000000000000000e+06
3.404255319148936140e-03 2.500000000000000000e+06
3.504380475594493123e-03 2.500000000000000000e+06
3.604505632040050107e-03 2.500000000000000000e+06
3.704630788485607090e-03 2.500000000000000000e+06
3.804755944931163640e-03 2.500000000000000000e+06
3.904881101376720624e-03 2.500000000000000000e+06
4.005006257822277607e-03 2.500000000000000000e+06
4.105131414267835024e-03 2.500000000000000000e+06
4.205256570713391574e-03 2.500000000000000000e+06
4.305381727158948124e-03 2.500000000000000000e+06
4.405506883604505541e-03 2.500000000000000000e+06
4.505632040050062091e-03 2.500000000000000000e+06
4.605757196495619508e-03 2.500000000000000000e+06
4.705882352941176058e-03 2.500000000000000000e+06
4.806007509386733476e-03 2.500000000000000000e+06
4.906132665832290025e-03 2.500000000000000000e+06
5.006257822277847443e-03 2.500000000000000000e+06
5.106382978723403993e-03 2.500000000000000000e+06
5.206508135168961410e-03 2.500000000000000000e+06
5.306633291614517960e-03 2.500000000000000000e+06
5.406758448060074509e-03 2.500000000000000000e+06
5.506883604505631927e-03 2.500000000000000000e+06
5.607008760951188477e-03 2.500000000000000000e+06
5.707133917396745894e-03 2.500000000000000000e+06
5.807259073842302444e-03 2.500000000000000000e+06
5.907384230287859861e-03 2.500000000000000000e+06
6.007509386733416411e-03 2.500000000000000000e+06
6.107634543178973828e-03 2.500000000000000000e+06
6.207759699624530378e-03 2.500000000000000000e+06
6.307884856070087795e-03 2.500000000000000000e+06
6.408010012515644345e-03 2.500000000000000000e+06
6.508135168961200895e-03 2.500000000000000000e+06
6.608260325406758312e-03 2.500000000000000000e+06
6.708385481852314862e-03 2.500000000000000000e+06
6.808510638297872279e-03 2.500000000000000000e+06
6.908635794743428829e-03 2.500000000000000000e+06
7.008760951188986246e-03 2.500000000000000000e+06
7.108886107634542796e-03 2.500000000000000000e+06
7.209011264080100213e-03 2.500000000000000000e+06
7.309136420525656763e-03 2.500000000000000000e+06
7.409261576971214180e-03 2.500000000000000000e+06
7.509386733416770730e-03 2.500000000000000000e+06
7.609511889862327280e-03 2.500000000000000000e+06
7.709637046307884697e-03 2.500000000000000000e+06
7.809762202753441247e-03 2.500000000000000000e+06
7.909887359198997797e-03 2.500000000000000000e+06
8.010012515644555214e-03 2.500000000000000000e+06
8.110137672090112632e-03 2.500000000000000000e+06
8.210262828535670049e-03 2.500000000000000000e+06
8.310387984981225731e-03 2.500000000000000000e+06
8.410513141426783149e-03 2.500000000000000000e+06
8.510638297872340566e-03 2.500000000000000000e+06
8.610763454317896248e-03 2.500000000000000000e+06
8.710888610763453666e-03 2.500000000000000000e+06
8.811013767209011083e-03 2.500000000000000000e+06
8.911138923654568500e-03 2.500000000000000000e+06
9.011264080100124182e-03 2.500000000000000000e+06
9.111389236545681600e-03 2.500000000000000000e+06
9.211514392991239017e-03 2.500000000000000000e+06
9.311639549436796434e-03 2.500000000000000000e+06
9.411764705882352117e-03 2.500000000000000000e+06
9.511889862327909534e-03 2.500000000000000000e+06
9.612015018773466951e-03 2.500000000000000000e+06
9.712140175219022634e-03 2.500000000000000000e+06
9.812265331664580051e-03 2.500000000000000000e+06
9.912390488110137468e-03 2.500000000000000000e+06
1.001251564455569489e-02 2.500000000000000000e+06
1.011264080100125057e-02 2.500000000000000000e+06
1.021276595744680799e-02 2.500000000000000000e+06
1.031289111389236540e-02 2.500000000000000000e+06
1.041301627033792282e-02 2.500000000000000000e+06
1.051314142678347850e-02 2.500000000000000000e+06
1.061326658322903592e-02 2.500000000000000000e+06
1.071339173967459334e-02 2.500000000000000000e+06
1.081351689612014902e-02 2.500000000000000000e+06
1.091364205256570644e-02 2.500000000000000000e+06
1.101376720901126385e-02 2.500000000000000000e+06
1.111389236545682127e-02 2.500000000000000000e+06
1.121401752190237695e-02 2.500000000000000000e+06
1.131414267834793437e-02 2.500000000000000000e+06
1.141426783479349179e-02 2.500000000000000000e+06
1.151439299123904920e-02 2.500000000000000000e+06
1.161451814768460489e-02 2.500000000000000000e+06
1.171464330413016230e-02 2.500000000000000000e+06
1.181476846057571972e-02 2.500000000000000000e+06
1.191489361702127540e-02 2.500000000000000000e+06
1.201501877346683282e-02 2.500000000000000000e+06
1.211514392991239024e-02 2.500000000000000000e+06
1.221526908635794766e-02 2.500000000000000000e+06
1.231539424280350334e-02 2.500000000000000000e+06
1.241551939924906076e-02 2.500000000000000000e+06
1.251564455569461817e-02 2.500000000000000000e+06
1.261576971214017559e-02 2.500000000000000000e+06
1.271589486858573127e-02 2.500000000000000000e+06
1.281602002503128869e-02 2.500000000000000000e+06
1.291614518147684611e-02 2.500000000000000000e+06
1.301627033792240179e-02 2.500000000000000000e+06
1.311639549436795921e-02 2.500000000000000000e+06
1.321652065081351662e-02 2.500000000000000000e+06
1.331664580725907404e-02 2.500000000000000000e+06
1.341677096370462972e-02 2.500000000000000000e+06
1.351689612015018714e-02 2.500000000000000000e+06
1.361702127659574456e-02 2.500000000000000000e+06
1.371714643304130198e-02 2.500000000000000000e+06
1.381727158948685766e-02 2.500000000000000000e+06
1.391739674593241508e-02 2.500000000000000000e+06
1.401752190237797249e-02 2.500000000000000000e+06
1.411764705882352818e-02 2.500000000000000000e+06
1.421777221526908559e-02 2.500000000000000000e+06
1.431789737171464301e-02 2.500000000000000000e+06
1.441802252816020043e-02 2.500000000000000000e+06
1.451814768460575611e-02 2.500000000000000000e+06
1.461827284105131353e-02 2.500000000000000000e+06
1.471839799749687094e-02 2.500000000000000000e+06
1.481852315394242836e-02 2.500000000000000000e+06
1.491864831038798404e-02 2.500000000000000000e+06
1.501877346683354146e-02 2.500000000000000000e+06
1.511889862327909888e-02 2.500000000000000000e+06
1.521902377972465456e-02 2.500000000000000000e+06
1.531914893617021198e-02 2.500000000000000000e+06
1.541927409261576939e-02 2.500000000000000000e+06
1.551939924906132681e-02 2.500000000000000000e+06
1.561952440550688249e-02 2.500000000000000000e+06
1.571964956195244165e-02 2.500000000000000000e+06
1.581977471839799559e-02 2.500000000000000000e+06
1.591989987484355301e-02 2.500000000000000000e+06
1.602002503128911043e-02 2.500000000000000000e+06
1.612015018773466785e-02 2.500000000000000000e+06
1.622027534418022526e-02 2.500000000000000000e+06
1.632040050062578268e-02 2.500000000000000000e+06
1.642052565707134010e-02 2.500000000000000000e+06
1.652065081351689405e-02 2.500000000000000000e+06
1.662077596996245146e-02 2.500000000000000000e+06
1.672090112640800888e-02 2.500000000000000000e+06
1.682102628285356630e-02 2.500000000000000000e+06
1.692115143929912371e-02 2.500000000000000000e+06
1.702127659574468113e-02 2.500000000000000000e+06
1.712140175219023855e-02 2.500000000000000000e+06
1.722152690863579250e-02 2.500000000000000000e+06
1.732165206508134991e-02 2.500000000000000000e+06
1.742177722152690733e-02 2.500000000000000000e+06
1.752190237797246475e-02 2.500000000000000000e+06
1.762202753441802217e-02 2.500000000000000000e+06
1.772215269086357958e-02 2.500000000000000000e+06
1.782227784730913700e-02 2.500000000000000000e+06
1.792240300375469442e-02 2.500000000000000000e+06
1.802252816020024836e-02 2.500000000000000000e+06
1.812265331664580578e-02 2.500000000000000000e+06
1.822277847309136320e-02 2.500000000000000000e+06
1.832290362953692062e-02 2.500000000000000000e+06
1.842302878598247803e-02 2.500000000000000000e+06
1.852315394242803545e-02 2.500000000000000000e+06
1.862327909887359287e-02 2.500000000000000000e+06
1.872340425531914682e-02 2.500000000000000000e+06
1.882352941176470423e-02 2.500000000000000000e+06
1.892365456821026165e-02 2.500000000000000000e+06
1.902377972465581907e-02 2.500000000000000000e+06
1.912390488110137649e-02 2.500000000000000000e+06
1.922403003754693390e-02 2.500000000000000000e+06
1.932415519399249132e-02 2.500000000000000000e+06
1.942428035043804527e-02 2.500000000000000000e+06
1.952440550688360268e-02 2.500000000000000000e+06
1.962453066332916010e-02 2.500000000000000000e+06
1.972465581977471752e-02 2.500000000000000000e+06
1.982478097622027494e-02 2.500000000000000000e+06
1.992490613266583235e-02 2.500000000000000000e+06
2.002503128911138977e-02 2.498832847290216479e+06
2.012515644555694719e-02 2.494183664679453708e+06
2.022528160200250114e-02 2.489565412067234050e+06
2.032540675844805855e-02 2.484977883683017921e+06
2.042553191489361597e-02 2.480420875125213526e+06
2.052565707133917339e-02 2.475894183352068998e+06
2.062578222778473080e-02 2.471397606672622729e+06
2.072590738423028822e-02 2.466930944737721235e+06
2.082603254067584564e-02 2.462493998531089164e+06
2.092615769712139959e-02 2.458086570360463578e+06
2.102628285356695700e-02 2.453708463848784566e+06
2.112640801001251442e-02 2.449359483925446868e+06
2.122653316645807184e-02 2.445039436817606445e+06
2.132665832290362926e-02 2.440748130041548051e+06
2.142678347934918667e-02 2.436485372394109145e+06
2.152690863579474409e-02 2.432250973944159690e+06
2.162703379224029804e-02 2.428044746024140157e+06
2.172715894868585546e-02 2.423866501221654937e+06
2.182728410513141287e-02 2.419716053371122573e+06
2.192740926157697029e-02 2.415593217545480467e+06
2.202753441802252771e-02 2.411497810047945939e+06
2.212765957446808512e-02 2.407429648403829895e+06
2.222778473091364254e-02 2.403388551352408715e+06
2.232790988735919996e-02 2.399374338838845957e+06
2.242803504380475391e-02 2.395386832006171811e+06
2.252816020025031132e-02 2.391425853187311906e+06
2.262828535669586874e-02 2.387491225897172466e+06
2.272841051314142616e-02 2.383582774824776687e+06
2.282853566958698358e-02 2.379700325825453736e+06
2.292866082603254099e-02 2.375843705913078506e+06
2.302878598247809841e-02 2.372012743252365850e+06
2.312891113892365236e-02 2.368207267151213251e+06
2.322903629536920977e-02 2.364427108053094242e+06
2.332916145181476719e-02 2.360672097529506311e+06
2.342928660826032461e-02 2.356942068272464909e+06
2.352941176470588203e-02 2.353236854087048676e+06
2.362953692115143944e-02 2.349556289883994963e+06
2.372966207759699686e-02 2.345900211672343779e+06
2.382978723404255081e-02 2.342268456552131567e+06
2.392991239048810823e-02 2.338660862707132474e+06
2.403003754693366564e-02 2.335077269397648983e+06
2.413016270337922306e-02 2.331517516953350045e+06
2.423028785982478048e-02 2.327981446766155306e+06
2.433041301627033789e-02 2.324468901283170562e+06
2.443053817271589531e-02 2.320979723999666516e+06
2.453066332916145273e-02 2.317513759452105034e+06
2.463078848560700668e-02 2.314070853211214300e+06
2.473091364205256409e-02 2.310650851875104941e+06
2.483103879849812151e-02 2.307253603062438779e+06
2.493116395494367893e-02 2.303878955405635759e+06
2.503128911138923635e-02 2.300526758544133510e+06
2.513141426783479376e-02 2.297196863117683213e+06
2.523153942428035118e-02 2.293889120759699028e+06
2.533166458072590513e-02 2.290603384090645239e+06
2.543178973717146255e-02 2.287339506711469498e+06
2.553191489361701996e-02 2.284097343197080772e+06
2.563204005006257738e-02 2.280876749089869671e+06
2.573216520650813480e-02 2.277677580893272068e+06
2.583229036295369221e-02 2.274499696065374184e+06
2.593241551939924963e-02 2.271342953012563754e+06
2.603254067584480358e-02 2.268207211083218455e+06
2.613266583229036100e-02 2.265092330561442301e+06
2.623279098873591841e-02 2.261998172660836950e+06
2.633291614518147583e-02 2.258924599518321455e+06
2.643304130162703325e-02 2.255871474187986925e+06
2.653316645807259067e-02 2.252838660634994972e+06
2.663329161451814808e-02 2.249826023729518987e+06
2.673341677096370203e-02 2.246833429240720812e+06
2.683354192740925945e-02 2.243860743830771185e+06
2.693366708385481686e-02 2.240907835048906971e+06
2.703379224030037428e-02 2.237974571325533092e+06
2.713391739674593170e-02 2.235060821966357529e+06
2.723404255319148912e-02 2.232166457146567758e+06
2.733416770963704653e-02 2.229291347905049566e+06
2.743429286608260395e-02 2.226435366138637066e+06
2.753441802252815790e-02 2.223598384596407413e+06
2.763454317897371532e-02 2.220780276874011382e+06
2.773466833541927273e-02 2.217980917408038396e+06
2.783479349186483015e-02 2.215200181470425799e+06
2.793491864831038757e-02 2.212437945162898395e+06
2.803504380475594499e-02 2.209694085411449429e+06
2.813516896120150240e-02 2.206968479960856959e+06
2.823529411764705635e-02 2.204261007369236089e+06
2.833541927409261377e-02 2.201571547002628911e+06
2.843554443053817118e-02 2.198899979029627517e+06
2.853566958698372860e-02 2.196246184416037984e+06
2.863579474342928602e-02 2.193610044919574168e+06
2.873591989987484344e-02 2.190991443084589671e+06
2.883604505632040085e-02 2.188390262236845680e+06
2.893617021276595480e-02 2.185806386478310451e+06
2.903629536921151222e-02 2.183239700681998394e+06
2.913642052565706964e-02 2.180690090486837551e+06
2.923654568210262705e-02 2.178157442292574327e+06
2.933667083854818447e-02 2.175641643254715484e+06
2.943679599499374189e-02 2.173142581279494800e+06
2.953692115143929930e-02 2.170660145018883049e+06
2.963704630788485672e-02 2.168194223865624983e+06
2.973717146433041067e-02 2.165744707948310766e+06
2.983729662077596809e-02 2.163311488126481883e+06
2.993742177722152550e-02 2.160894455985766836e+06
3.003754693366708292e-02 2.158493503833050840e+06
3.013767209011264034e-02 2.156108524691679981e+06
3.023779724655819776e-02 2.153739412296690978e+06
3.033792240300375517e-02 2.151386061090077739e+06
3.043804755944930912e-02 2.149048366216090508e+06
3.053817271589486654e-02 2.146726223516560160e+06
3.063829787234042396e-02 2.144419529526260216e+06
3.073842302878598137e-02 2.142128181468294933e+06
3.083854818523153879e-02 2.139852077249522321e+06
3.093867334167709621e-02 2.137591115456002299e+06
3.103879849812265362e-02 2.135345195348480251e+06
3.113892365456820757e-02 2.133114216857897583e+06
3.123904881101376499e-02 2.130898080580933951e+06
3.133917396745932588e-02 2.128696687775577419e+06
3.143929912390488329e-02 2.126509940356724430e+06
3.153942428035043377e-02 2.124337740891811438e+06
3.163954943679599119e-02 2.122179992596470751e+06
3.173967459324154861e-02 2.120036599330222234e+06
3.183979974968710602e-02 2.117907465592185967e+06
3.193992490613266344e-02 2.115792496516828425e+06
3.204005006257822086e-02 2.113691597869736608e+06
3.214017521902377827e-02 2.111604676043417770e+06
3.224030037546933569e-02 2.109531638053130358e+06
3.234042553191489311e-02 2.107472391532739159e+06
3.244055068836045053e-02 2.105426844730600715e+06
3.254067584480600794e-02 2.103394906505476218e+06
3.264080100125156536e-02 2.101376486322468612e+06
3.274092615769712278e-02 2.099371494248990435e+06
3.284105131414268020e-02 2.097379840950755402e+06
3.294117647058823761e-02 2.095401437687799567e+06
3.304130162703378809e-02 2.093436196310526459e+06
3.314142678347934551e-02 2.091484029255778994e+06
3.324155193992490293e-02 2.089544849542939570e+06
3.334167709637046034e-02 2.087618570770053193e+06
3.344180225281601776e-02 2.085705107109978329e+06
3.354192740926157518e-02 2.083804373306562426e+06
3.364205256570713259e-02 2.081916284670844208e+06
3.374217772215269001e-02 2.080040757077279035e+06
3.384230287859824743e-02 2.078177706959991250e+06
3.394242803504380485e-02 2.076327051309050992e+06
3.404255319148936226e-02 2.074488707666775445e+06
3.414267834793491968e-02 2.072662594124054303e+06
3.424280350438047710e-02 2.070848629316700855e+06
3.434292866082603451e-02 2.069046732421827037e+06
3.444305381727158499e-02 2.067256823154241312e+06
3.454317897371714241e-02 2.065478821762872394e+06
3.464330413016269983e-02 2.063712649027215084e+06
3.474342928660825724e-02 2.061958226253801258e+06
3.484355444305381466e-02 2.060215475272693438e+06
3.494367959949937208e-02 2.058484318434001412e+06
3.504380475594492950e-02 2.056764678604422603e+06
3.514392991239048691e-02 2.055056479163805721e+06
3.524405506883604433e-02 2.053359644001737004e+06
3.534418022528160175e-02 2.051674097514147870e+06
3.544430538172715917e-02 2.049999764599947724e+06
3.554443053817271658e-02 2.048336570657677017e+06
3.564455569461827400e-02 2.046684441582183586e+06
3.574468085106383142e-02 2.045043303761320189e+06
3.584480600750938883e-02 2.043413084072665777e+06
3.594493116395493931e-02 2.041793709880266339e+06
3.604505632040049673e-02 2.040185109031399479e+06
3.614518147684605415e-02 2.038587209853358567e+06
3.624530663329161156e-02 2.036999941150260624e+06
3.634543178973716898e-02 2.035423232199872611e+06
3.644555694618272640e-02 2.033857012750461698e+06
3.654568210262828382e-02 2.032301213017663918e+06
3.664580725907384123e-02 2.030755763681376120e+06
3.674593241551939865e-02 2.029220595882666297e+06
3.684605757196495607e-02 2.027695641220705817e+06
3.694618272841051348e-02 2.026180831749721896e+06
3.704630788485607090e-02 2.024676099975970574e+06
3.714643304130162832e-02 2.023181378854728770e+06
3.724655819774718574e-02 2.021696601787307300e+06
3.734668335419274315e-02 2.020221702618083218e+06
3.744680851063829363e-02 2.018756615631553344e+06
3.754693366708385105e-02 2.017301275549404789e+06
3.764705882352940847e-02 2.015855617527607130e+06
3.774718397997496588e-02 2.014419577153522987e+06
3.784730913642052330e-02 2.012993090443039080e+06
3.794743429286608072e-02 2.011576093837713357e+06
3.804755944931163814e-02 2.010168524201944703e+06
3.814768460575719555e-02 2.008770318820159649e+06
3.824780976220275297e-02 2.007381415394017473e+06
3.834793491864831039e-02 2.006001752039634855e+06
3.844806007509386780e-02 2.004631267284828238e+06
3.854818523153942522e-02 2.003269900066375267e+06
3.864831038798498264e-02 2.001917589727294166e+06
3.874843554443054006e-02 2.000574276014140341e+06
3.884856070087609053e-02 1.999239899074322777e+06
3.894868585732164795e-02 1.997914399453435792e+06
3.904881101376720537e-02 1.996597718092611991e+06
3.914893617021276279e-02 1.995289796325889183e+06
3.924906132665832020e-02 1.993990575877596857e+06
3.934918648310387762e-02 1.992699998859760351e+06
3.944931163954943504e-02 1.991418007769520860e+06
3.954943679599499246e-02 1.990144545486573363e+06
3.964956195244054987e-02 1.988879555270622019e+06
3.974968710888610729e-02 1.987622980758851627e+06
3.984981226533166471e-02 1.986374765963416779e+06
3.994993742177722212e-02 1.985134855268946849e+06
4.005006257822277954e-02 1.983903193430067971e+06
4.015018773466833696e-02 1.982679725568941794e+06
4.025031289111389438e-02 1.981464397172820522e+06
4.035043804755944485e-02 1.980257154091617791e+06
4.045056320400500227e-02 1.979057942535495386e+06
4.055068836045055969e-02 1.977866709072467871e+06
4.065081351689611711e-02 1.976683400626020506e+06
4.075093867334167452e-02 1.975507964472745778e+06
4.085106382978723194e-02 1.974340348239992745e+06
4.095118898623278936e-02 1.973180499903534772e+06
4.105131414267834677e-02 1.972028367785251234e+06
4.115143929912390419e-02 1.970883900550823892e+06
4.125156445556946161e-02 1.969747047207451658e+06
4.135168961201501903e-02 1.968617757101576775e+06
4.145181476846057644e-02 1.967495979916628916e+06
4.155193992490613386e-02 1.966381665670782095e+06
4.165206508135169128e-02 1.965274764714729739e+06
4.175219023779724176e-02 1.964175227729470702e+06
4.185231539424279917e-02 1.963083005724112038e+06
4.195244055068835659e-02 1.961998050033686915e+06
4.205256570713391401e-02 1.960920312316986034e+06
4.215269086357947143e-02 1.959849744554403471e+06
4.225281602002502884e-02 1.958786299045797437e+06
4.235294117647058626e-02 1.957729928408364533e+06
4.245306633291614368e-02 1.956680585574528668e+06
4.255319148936170109e-02 1.955638223789844662e+06
4.265331664580725851e-02 1.954602796610914171e+06
4.275344180225281593e-02 1.953574257903316291e+06
4.285356695869837335e-02 1.952552561839553062e+06
4.295369211514393076e-02 1.951537662897006376e+06
4.305381727158948818e-02 1.950529515855910257e+06
4.315394242803504560e-02 1.949528075797336176e+06
4.325406758448059608e-02 1.948533298101191409e+06
4.335419274092615349e-02 1.947545138444230426e+06
4.345431789737171091e-02 1.946563552798081422e+06
4.355444305381726833e-02 1.945588497427283321e+06
4.365456821026282574e-02 1.944619928887337679e+06
4.375469336670838316e-02 1.943657804022772470e+06
4.385481852315394058e-02 1.942702079965220299e+06
4.395494367959949800e-02 1.941752714131506858e+06
4.405506883604505541e-02 1.940809664221754996e+06
4.415519399249061283e-02 1.939872888217499480e+06
4.425531914893617025e-02 1.938942344379814109e+06
4.435544430538172767e-02 1.938017991247453494e+06
4.445556946182728508e-02 1.937099787635004148e+06
4.455569461827284250e-02 1.936187692631050944e+06
4.465581977471839992e-02 1.935281665596352424e+06
4.475594493116395040e-02 1.934381666162032401e+06
4.485607008760950781e-02 1.933487654227778781e+06
4.495619524405506523e-02 1.932599589960058918e+06
4.505632040050062265e-02 1.931717433790344046e+06
4.515644555694618006e-02 1.930841146413345356e+06
4.525657071339173748e-02 1.929970688785264734e+06
4.535669586983729490e-02 1.929106022122052731e+06
4.545682102628285232e-02 1.928247107897682814e+06
4.555694618272840973e-02 1.927393907842432614e+06
4.565707133917396715e-02 1.926546383941181237e+06
4.575719649561952457e-02 1.925704498431712622e+06
4.585732165206508198e-02 1.924868213803035673e+06
4.595744680851063940e-02 1.924037492793711135e+06
4.605757196495619682e-02 1.923212298390192213e+06
4.615769712140174730e-02 1.922392593825174961e+06
4.625782227784730471e-02 1.921578342575960560e+06
4.635794743429286213e-02 1.920769508362827357e+06
4.645807259073841955e-02 1.919966055147415493e+06
4.655819774718397697e-02 1.919167947131119668e+06
4.665832290362953438e-02 1.918375148753495421e+06
4.675844806007509180e-02 1.917587624690673780e+06
4.685857321652064922e-02 1.916805339853788028e+06
4.695869837296620664e-02 1.916028259387410246e+06
4.705882352941176405e-02 1.915256348667997401e+06
4.715894868585732147e-02 1.914489573302350240e+06
4.725907384230287889e-02 1.913727899126079166e+06
4.735919899874843630e-02 1.912971292202083161e+06
4.745932415519399372e-02 1.912219718819037545e+06
4.755944931163955114e-02 1.911473145489891525e+06
4.765957446808510162e-02 1.910731538950375980e+06
4.775969962453065903e-02 1.909994866157522425e+06
4.785982478097621645e-02 1.909263094288189663e+06
4.795994993742177387e-02 1.908536190737601602e+06
4.806007509386733129e-02 1.907814123117895098e+06
4.816020025031288870e-02 1.907096859256675467e+06
4.826032540675844612e-02 1.906384367195585277e+06
4.836045056320400354e-02 1.905676615188877797e+06
4.846057571964956096e-02 1.904973571702004643e+06
4.856070087609511837e-02 1.904275205410209717e+06
4.866082603254067579e-02 1.903581485197133385e+06
4.876095118898623321e-02 1.902892380153426901e+06
4.886107634543179062e-02 1.902207859575374285e+06
4.896120150187734804e-02 1.901527892963524675e+06
4.906132665832290546e-02 1.900852450021333760e+06
4.916145181476845594e-02 1.900181500653813127e+06
4.926157697121401335e-02 1.899515014966190094e+06
4.936170212765957077e-02 1.898852963262574980e+06
4.946182728410512819e-02 1.898195316044638865e+06
4.956195244055068561e-02 1.897542044010298792e+06
4.966207759699624302e-02 1.896893118052411359e+06
4.976220275344180044e-02 1.896248509257477708e+06
4.986232790988735786e-02 1.895608188904353417e+06
4.996245306633291527e-02 1.894972128462970024e+06
5.006257822277847269e-02 1.894340299593063071e+06
5.016270337922403011e-02 1.893712674142910168e+06
5.026282853566958753e-02 1.893089224148075562e+06
5.036295369211514494e-02 1.892469921830165433e+06
5.046307884856070236e-02 1.891854739595588995e+06
5.056320400500625284e-02 1.891243650034330087e+06
5.066332916145181026e-02 1.890636625918725040e+06
5.076345431789736767e-02 1.890033640202249866e+06
5.086357947434292509e-02 1.889434666018315824e+06
5.096370463078848251e-02 1.888839676679071272e+06
5.106382978723403993e-02 1.888248645674212603e+06
5.116395494367959734e-02 1.887661546669804258e+06
5.126408010012515476e-02 1.887078353507104330e+06
5.136420525657071218e-02 1.886499040201399010e+06
5.146433041301626959e-02 1.885923580940845655e+06
5.156445556946182701e-02 1.885351950085321907e+06
5.166458072590738443e-02 1.884784122165283421e+06
5.176470588235294185e-02 1.884220071880629519e+06
5.186483103879849926e-02 1.883659774099575123e+06
5.196495619524405668e-02 1.883103203857531771e+06
5.206508135168960716e-02 1.882550336355995154e+06
5.216520650813516458e-02 1.882001146961439634e+06
5.226533166458072199e-02 1.881455611204220913e+06
5.236545682102627941e-02 1.880913704777486390e+06
5.246558197747183683e-02 1.880375403536091559e+06
5.256570713391739424e-02 1.879840683495523874e+06
5.266583229036295166e-02 1.879309520830834983e+06
5.276595744680850908e-02 1.878781891875578556e+06
5.286608260325406650e-02 1.878257773120755795e+06
5.296620775969962391e-02 1.877737141213768627e+06
5.306633291614518133e-02 1.877219972957378253e+06
5.316645807259073875e-02 1.876706245308672078e+06
5.326658322903629617e-02 1.876195935378037160e+06
5.336670838548185358e-02 1.875689020428140415e+06
5.346683354192740406e-02 1.875185477872914635e+06
5.356695869837296148e-02 1.874685285276553361e+06
5.366708385481851890e-02 1.874188420352510409e+06
5.376720901126407631e-02 1.873694860962507082e+06
5.386733416770963373e-02 1.873204585115545895e+06
5.396745932415519115e-02 1.872717570966930827e+06
5.406758448060074856e-02 1.872233796817293856e+06
5.416770963704630598e-02 1.871753241111627314e+06
5.426783479349186340e-02 1.871275882438325789e+06
5.436795994993742082e-02 1.870801699528229423e+06
5.446808510638297823e-02 1.870330671253677923e+06
5.456821026282853565e-02 1.869862776627568295e+06
5.466833541927409307e-02 1.869397994802420959e+06
5.476846057571965048e-02 1.868936305069449358e+06
5.486858573216520790e-02 1.868477686857638182e+06
5.496871088861075838e-02 1.868022119732826948e+06
5.506883604505631580e-02 1.867569583396798465e+06
5.516896120150187321e-02 1.867120057686375687e+06
5.526908635794743063e-02 1.866673522572522750e+06
5.536921151439298805e-02 1.866229958159452537e+06
5.546933667083854547e-02 1.865789344683740288e+06
5.556946182728410288e-02 1.865351662513442803e+06
5.566958698372966030e-02 1.864916892147224164e+06
5.576971214017521772e-02 1.864485014213486575e+06
5.586983729662077514e-02 1.864056009469507262e+06
5.596996245306633255e-02 1.863629858800580725e+06
5.607008760951188997e-02 1.863206543219168205e+06
5.617021276595744739e-02 1.862786043864049949e+06
5.627033792240300480e-02 1.862368341999486322e+06
5.637046307884856222e-02 1.861953419014382875e+06
5.647058823529411270e-02 1.861541256421459606e+06
5.657071339173967012e-02 1.861131835856429534e+06
5.667083854818522753e-02 1.860725139077178668e+06
5.677096370463078495e-02 1.860321147962953662e+06
5.687108886107634237e-02 1.859919844513555057e+06
5.697121401752189979e-02 1.859521210848534480e+06
5.707133917396745720e-02 1.859125229206398595e+06
5.717146433041301462e-02 1.858731881943817018e+06
5.727158948685857204e-02 1.858341151534836739e+06
5.737171464330412946e-02 1.857953020570101216e+06
5.747183979974968687e-02 1.857567471756074345e+06
5.757196495619524429e-02 1.857184487914270489e+06
5.767209011264080171e-02 1.856804051980488468e+06
5.777221526908635912e-02 1.856426147004051600e+06
5.787234042553190960e-02 1.856050756147052161e+06
5.797246558197746702e-02 1.855677862683601910e+06
5.807259073842302444e-02 1.855307449999085395e+06
5.817271589486858185e-02 1.854939501589421416e+06
5.827284105131413927e-02 1.854574001060326584e+06
5.837296620775969669e-02 1.854210932126584696e+06
5.847309136420525411e-02 1.853850278611322166e+06
5.857321652065081152e-02 1.853492024445286253e+06
5.867334167709636894e-02 1.853136153666129336e+06
5.877346683354192636e-02 1.852782650417698314e+06
5.887359198998748377e-02 1.852431498949327273e+06
5.897371714643304119e-02 1.852082683615135960e+06
5.907384230287859861e-02 1.851736188873332692e+06
5.917396745932415603e-02 1.851391999285522616e+06
5.927409261576971344e-02 1.851050099516018294e+06
5.937421777221526392e-02 1.850710474331157748e+06
5.947434292866082134e-02 1.850373108598625055e+06
5.957446808510637876e-02 1.850037987286776537e+06
5.967459324155193617e-02 1.849705095463970210e+06
5.977471839799749359e-02 1.849374418297901982e+06
5.987484355444305101e-02 1.849045941054943018e+06
5.997496871088860843e-02 1.848719649099484086e+06
6.007509386733416584e-02 1.848395527893284336e+06
6.017521902377972326e-02 1.848073562994821696e+06
6.027534418022528068e-02 1.847753740058650961e+06
6.037546933667083809e-02 1.847436044834763743e+06
6.047559449311639551e-02 1.847120463167954236e+06
6.057571964956195293e-02 1.846806980997187551e+06
6.067584480600751035e-02 1.846495584354974329e+06
6.077596996245306776e-02 1.846186259366747923e+06
6.087609511889861824e-02 1.845878992250245297e+06
6.097622027534417566e-02 1.845573769314895151e+06
6.107634543178973308e-02 1.845270576961205108e+06
6.117647058823529049e-02 1.844969401680158684e+06
6.127659574468084791e-02 1.844670230052610626e+06
6.137672090112640533e-02 1.844373048748691333e+06
6.147684605757196274e-02 1.844077844527211273e+06
6.157697121401752016e-02 1.843784604235072155e+06
6.167709637046307758e-02 1.843493314806679962e+06
6.177722152690863500e-02 1.843203963263363577e+06
6.187734668335419241e-02 1.842916536712795729e+06
6.197747183979974983e-02 1.842631022348419530e+06
6.207759699624530725e-02 1.842347407448876882e+06
6.217772215269086467e-02 1.842065679377442459e+06
6.227784730913641514e-02 1.841785825581459794e+06
6.237797246558197256e-02 1.841507833591782954e+06
6.247809762202752998e-02 1.841231691022220533e+06
6.257822277847309433e-02 1.840957385568983620e+06
6.267834793491865175e-02 1.840684905010137474e+06
6.277847309136420917e-02 1.840414237205057871e+06
6.287859824780976659e-02 1.840145370093888603e+06
6.297872340425532400e-02 1.839878291697006207e+06
6.307884856070086754e-02 1.839612990114483982e+06
6.317897371714642496e-02 1.839349453525563236e+06
6.327909887359198238e-02 1.839087670188126387e+06
6.337922403003753979e-02 1.838827628438173560e+06
6.347934918648309721e-02 1.838569316689302679e+06
6.357947434292865463e-02 1.838312723432193976e+06
6.367959949937421205e-02 1.838057837234095670e+06
6.377972465581976946e-02 1.837804646738316864e+06
6.387984981226532688e-02 1.837553140663719270e+06
6.397997496871088430e-02 1.837303307804215932e+06
6.408010012515644171e-02 1.837055137028271798e+06
6.418022528160199913e-02 1.836808617278407095e+06
6.428035043804755655e-02 1.836563737570705125e+06
6.438047559449311397e-02 1.836320486994322855e+06
6.448060075093867138e-02 1.836078854711004766e+06
6.458072590738422880e-02 1.835838829954599729e+06
6.468085106382978622e-02 1.835600402030581608e+06
6.478097622027534364e-02 1.835363560315572890e+06
6.488110137672090105e-02 1.835128294256870169e+06
6.498122653316645847e-02 1.834894593371976167e+06
6.508135168961201589e-02 1.834662447248130338e+06
6.518147684605757330e-02 1.834431845541846240e+06
6.528160200250313072e-02 1.834202777978450526e+06
6.538172715894868814e-02 1.833975234351624968e+06
6.548185231539424556e-02 1.833749204522951972e+06
6.558197747183980297e-02 1.833524678421461955e+06
6.568210262828536039e-02 1.833301646043186076e+06
6.578222778473091781e-02 1.833080097450709203e+06
6.588235294117647523e-02 1.832860022772727767e+06
6.598247809762201876e-02 1.832641412203610176e+06
6.608260325406757618e-02 1.832424256002959097e+06
6.618272841051313360e-02 1.832208544495177921e+06
6.628285356695869102e-02 1.831994268069040263e+06
6.638297872340424843e-02 1.831781417177260621e+06
6.648310387984980585e-02 1.831569982336069690e+06
6.658322903629536327e-02 1.831359954124791315e+06
6.668335419274092069e-02 1.831151323185423389e+06
6.678347934918647810e-02 1.830944080222220393e+06
6.688360450563203552e-02 1.830738216001279652e+06
6.698372966207759294e-02 1.830533721350129461e+06
6.708385481852315035e-02 1.830330587157319998e+06
6.718397997496870777e-02 1.830128804372019134e+06
6.728410513141426519e-02 1.829928364003606839e+06
6.738423028785982261e-02 1.829729257121276343e+06
6.748435544430538002e-02 1.829531474853635300e+06
6.758448060075093744e-02 1.829335008388310671e+06
6.768460575719649486e-02 1.829139848971557105e+06
6.778473091364205227e-02 1.828945987907864619e+06
6.788485607008760969e-02 1.828753416559573961e+06
6.798498122653316711e-02 1.828562126346489182e+06
6.808510638297872453e-02 1.828372108745497186e+06
6.818523153942428194e-02 1.828183355290187057e+06
6.828535669586983936e-02 1.827995857570473105e+06
6.838548185231539678e-02 1.827809607232220238e+06
6.848560700876095420e-02 1.827624595976871438e+06
6.858573216520651161e-02 1.827440815561078023e+06
6.868585732165206903e-02 1.827258257796332939e+06
6.878598247809762645e-02 1.827076914548605215e+06
6.888610763454316999e-02 1.826896777737977915e+06
6.898623279098872740e-02 1.826717839338287944e+06
6.908635794743428482e-02 1.826540091376768425e+06
6.918648310387984224e-02 1.826363525933693862e+06
6.928660826032539966e-02 1.826188135142026469e+06
6.938673341677095707e-02 1.826013911187066929e+06
6.948685857321651449e-02 1.825840846306104446e+06
6.958698372966207191e-02 1.825668932788072852e+06
6.968710888610762932e-02 1.825498162973205326e+06
6.978723404255318674e-02 1.825328529252693988e+06
6.988735919899874416e-02 1.825160024068350438e+06
6.998748435544430158e-02 1.824992639912270010e+06
7.008760951188985899e-02 1.824826369326496031e+06
7.018773466833541641e-02 1.824661204902687576e+06
7.028785982478097383e-02 1.824497139281790238e+06
7.038798498122653124e-02 1.824334165153708076e+06
7.048811013767208866e-02 1.824172275256976951e+06
7.058823529411764608e-02 1.824011462378442287e+06
7.068836045056320350e-02 1.823851719352936838e+06
7.078848560700876091e-02 1.823693039062961238e+06
7.088861076345431833e-02 1.823535414438367821e+06
7.098873591989987575e-02 1.823378838456044905e+06
7.108886107634543317e-02 1.823223304139604094e+06
7.118898623279099058e-02 1.823068804559069220e+06
7.128911138923654800e-02 1.822915332830568077e+06
7.138923654568210542e-02 1.822762882116024848e+06
7.148936170212766283e-02 1.822611445622856030e+06
7.158948685857322025e-02 1.822461016603668453e+06
7.168961201501877767e-02 1.822311588355956832e+06
7.178973717146432121e-02 1.822163154221807141e+06
7.188986232790987863e-02 1.822015707587598125e+06
7.198998748435543604e-02 1.821869241883707931e+06
7.209011264080099346e-02 1.821723750584221212e+06
7.219023779724655088e-02 1.821579227206637617e+06
7.229036295369210829e-02 1.821435665311583783e+06
7.239048811013766571e-02 1.821293058502526255e+06
7.249061326658322313e-02 1.821151400425485568e+06
7.259073842302878055e-02 1.821010684768754989e+06
7.269086357947433796e-02 1.820870905262617161e+06
7.279098873591989538e-02 1.820732055679066340e+06
7.289111389236545280e-02 1.820594129831530387e+06
7.299123904881101021e-02 1.820457121574594872e+06
7.309136420525656763e-02 1.820321024803729495e+06
7.319148936170212505e-02 1.820185833455015905e+06
7.329161451814768247e-02 1.820051541504878318e+06
7.339173967459323988e-02 1.819918142969813896e+06
7.349186483103879730e-02 1.819785631906126859e+06
7.359198998748435472e-02 1.819654002409663284e+06
7.369211514392991214e-02 1.819523248615548946e+06
7.379224030037546955e-02 1.819393364697926911e+06
7.389236545682102697e-02 1.819264344869698631e+06
7.399249061326658439e-02 1.819136183382265270e+06
7.409261576971214180e-02 1.819008874525272986e+06
7.419274092615769922e-02 1.818882412626357283e+06
7.429286608260325664e-02 1.818756792050890392e+06
7.439299123904881406e-02 1.818632007201730972e+06
7.449311639549437147e-02 1.818508052518974291e+06
7.459324155193992889e-02 1.818384922479703790e+06
7.469336670838548631e-02 1.818262611597746378e+06
7.479349186483102985e-02 1.818141114423427032e+06
7.489361702127658726e-02 1.818020425543325953e+06
7.499374217772214468e-02 1.817900539580038283e+06
7.509386733416770210e-02 1.817781451191932894e+06
7.519399249061325952e-02 1.817663155072916532e+06
7.529411764705881693e-02 1.817545645952195162e+06
7.539424280350437435e-02 1.817428918594041141e+06
7.549436795994993177e-02 1.817312967797558056e+06
7.559449311639548919e-02 1.817197788396450458e+06
7.569461827284104660e-02 1.817083375258793356e+06
7.579474342928660402e-02 1.816969723286802880e+06
7.589486858573216144e-02 1.816856827416609507e+06
7.599499374217771885e-02 1.816744682618033141e+06
7.609511889862327627e-02 1.816633283894357970e+06
7.619524405506883369e-02 1.816522626282109879e+06
7.629536921151439111e-02 1.816412704850836657e+06
7.639549436795994852e-02 1.816303514702886576e+06
7.649561952440550594e-02 1.816195050973190693e+06
7.659574468085106336e-02 1.816087308829047251e+06
7.669586983729662077e-02 1.815980283469904447e+06
7.679599499374217819e-02 1.815873970127148088e+06
7.689612015018773561e-02 1.815768364063888555e+06
7.699624530663329303e-02 1.815663460574748926e+06
7.709637046307885044e-02 1.815559254985657288e+06
7.719649561952440786e-02 1.815455742653636495e+06
7.729662077596996528e-02 1.815352918966598343e+06
7.739674593241552270e-02 1.815250779343137983e+06
7.749687108886108011e-02 1.815149319232329493e+06
7.759699624530663753e-02 1.815048534113523318e+06
7.769712140175218107e-02 1.814948419496144867e+06
7.779724655819773849e-02 1.814848970919493819e+06
7.789737171464329590e-02 1.814750183952547144e+06
7.799749687108885332e-02 1.814652054193759104e+06
7.809762202753441074e-02 1.814554577270867303e+06
7.819774718397996816e-02 1.814457748840696644e+06
7.829787234042552557e-02 1.814361564588966779e+06
7.839799749687108299e-02 1.814266020230098628e+06
7.849812265331664041e-02 1.814171111507024383e+06
7.859824780976219782e-02 1.814076834190997994e+06
7.869837296620775524e-02 1.813983184081405634e+06
7.879849812265331266e-02 1.813890157005580142e+06
7.889862327909887008e-02 1.813797748818612890e+06
7.899874843554442749e-02 1.813705955403171945e+06
7.909887359198998491e-02 1.813614772669315804e+06
7.919899874843554233e-02 1.813524196554313414e+06
7.929912390488109974e-02 1.813434223022461403e+06
7.939924906132665716e-02 1.813344848064905731e+06
7.949937421777221458e-02 1.813256067699461710e+06
7.959949937421777200e-02 1.813167877970437985e+06
7.969962453066332941e-02 1.813080274948459119e+06
7.979974968710888683e-02 1.812993254730290733e+06
7.989987484355444425e-02 1.812906813438666519e+06
8.000000000000000167e-02 1.812820947222113842e+06
---------------
