field_vs_length
---------------
0.000000000000000000e+00 2.500000000000000000e+06
1.001251564455569429e-04 2.500000000000000000e+06
2.002503128911138858e-04 2.500000000000000000e+06
3.003754693366708422e-04 2.500000000000000000e+06
4.005006257822277716e-04 2.500000000000000000e+06
5.006257822277847009e-04 2.500000000000000000e+06
6.007509386733416844e-04 2.500000000000000000e+06
7.008760951188985596e-04 2.500000000000000000e+06
8.010012515644555431e-04 2.500000000000000000e+06
9.011264080100125267e-04 2.500000000000000000e+06
1.001251564455569402e-03 2.500000000000000000e+06
1.101376720901126385e-03 2.500000000000000000e+06
1.201501877346683369e-03 2.500000000000000000e+06
1.301627033792240352e-03 2.500000000000000000e+06
1.401752190237797119e-03 2.500000000000000000e+06
1.501877346683354103e-03 2.500000000000000000e+06
1.602002503128911086e-03 2.500000000000000000e+06
1.702127659574468070e-03 2.500000000000000000e+06
1.802252816020025053e-03 2.500000000000000000e+06
1.902377972465581820e-03 2.500000000000000000e+06
2.002503128911138804e-03 2.500000000000000000e+06
2.102628285356695787e-03 2.500000000000000000e+06
2.202753441802252771e-03 2.500000000000000000e+06
2.302878598247809754e-03 2.500000000000000000e+06
2.403003754693366738e-03 2.500000000000000000e+06
2.503128911138923721e-03 2.500000000000000000e+06
2.603254067584480705e-03 2.500000000000000000e+06
2.703379224030037255e-03 2.500000000000000000e+06
2.803504380475594238e-03 2.500000000000000000e+06
2.903629536921151222e-03 2.500000000000000000e+06
3.003754693366708205e-03 2.500000000000000000e+06
3.103879849812265189e-03 2.500000000000000000e+06
3.204005006257822172e-03 2.500000000000000000e+06
3.304130162703379156e-03 2.500000000000000000e+06
3.404255319148936140e-03 2.500000000000000000e+06
3.504380475594493123e-03 2.500000000000000000e+06
3.604505632040050107e-03 2.500000000000000000e+06
3.704630788485607090e-03 2.500000000000000000e+06
3.804755944931163640e-03 2.500000000000000000e+06
3.904881101376720624e-03 2.500000000000000000e+06
4.005006257822277607e-03 2.500000000000000000e+06
4.105131414267835024e-03 2.500000000000000000e+06
4.205256570713391574e-03 2.500000000000000000e+06
4.305381727158948124e-03 2.500000000000000000e+06
4.405506883604505541e-03 2.500000000000000000e+06
4.505632040050062091e-03 2.500000000000000000e+06
4.605757196495619508e-03 2.500000000000000000e+06
4.705882352941176058e-03 2.500000000000000000e+06
4.806007509386733476e-03 2.500000000000000000e+06
4.906132665832290025e-03 2.500000000000000000e+06
5.006257822277847443e-03 2.500000000000000000e+06
5.106382978723403993e-03 2.500000000000000000e+06
5.206508135168961410e-03 2.500000000000000000e+06
5.306633291614517960e-03 2.500000000000000000e+06
5.406758448060074509e-03 2.500000000000000000e+06
5.506883604505631927e-03 2.500000000000000000e+06
5.607008760951188477e-03 2.500000000000000000e+06
5.707133917396745894e-03 2.500000000000000000e+06
5.807259073842302444e-03 2.500000000000000000e+06
5.907384230287859861e-03 2.500000000000000000e+06
6.007509386733416411e-03 2.500000000000000000e+06
6.107634543178973828e-03 2.500000000000000000e+06
6.207759699624530378e-03 2.500000000000000000e+06
6.307884856070087795e-03 2.500000000000000000e+06
6.408010012515644345e-03 2.500000000000000000e+06
6.508135168961200895e-03 2.500000000000000000e+06
6.608260325406758312e-03 2.500000000000000000e+06
6.708385481852314862e-03 2.500000000000000000e+06
6.808510638297872279e-03 2.500000000000000000e+06
6.908635794743428829e-03 2.500000000000000000e+06
7.008760951188986246e-03 2.500000000000000000e+06
7.108886107634542796e-03 2.500000000000000000e+06
7.209011264080100213e-03 2.500000000000000000e+06
7.309136420525656763e-03 2.500000000000000000e+06
7.409261576971214180e-03 2.500000000000000000e+06
7.509386733416770730e-03 2.500000000000000000e+06
7.609511889862327280e-03 2.500000000000000000e+06
7.709637046307884697e-03 2.500000000000000000e+06
7.809762202753441247e-03 2.500000000000000000e+06
7.909887359198997797e-03 2.500000000000000000e+06
8.010012515644555214e-03 2.500000000000000000e+06
8.110137672090112632e-03 2.500000000000000000e+06
8.210262828535670049e-03 2.500000000000000000e+06
8.310387984981225731e-03 2.500000000000000000e+06
8.410513141426783149e-03 2.500000000000000000e+06
8.510638297872340566e-03 2.500000000000000000e+06
8.610763454317896248e-03 2.500000000000000000e+06
8.710888610763453666e-03 2.500000000000000000e+06
8.811013767209011083e-03 2.500000000000000000e+06
8.911138923654568500e-03 2.500000000000000000e+06
9.011264080100124182e-03 2.500000000000000000e+06
9.111389236545681600e-03 2.500000000000000000e+06
9.211514392991239017e-03 2.500000000000000000e+06
9.311639549436796434e-03 2.500000000000000000e+06
9.411764705882352117e-03 2.500000000000000000e+06
9.511889862327909534e-03 2.500000000000000000e+06
9.612015018773466951e-03 2.500000000000000000e+06
9.712140175219022634e-03 2.500000000000000000e+06
9.812265331664580051e-03 2.500000000000000000e+06
9.912390488110137468e-03 2.500000000000000000e+06
1.001251564455569489e-02 2.500000000000000000e+06
1.011264080100125057e-02 2.500000000000000000e+06
1.021276595744680799e-02 2.500000000000000000e+06
1.031289111389236540e-02 2.500000000000000000e+06
1.041301627033792282e-02 2.500000000000000000e+06
1.051314142678347850e-02 2.500000000000000000e+06
1.061326658322903592e-02 2.500000000000000000e+06
1.071339173967459334e-02 2.500000000000000000e+06
1.081351689612014902e-02 2.500000000000000000e+06
1.091364205256570644e-02 2.500000000000000000e+06
1.101376720901126385e-02 2.500000000000000000e+06
1.111389236545682127e-02 2.500000000000000000e+06
1.121401752190237695e-02 2.500000000000000000e+06
1.131414267834793437e-02 2.500000000000000000e+06
1.141426783479349179e-02 2.500000000000000000e+06
1.151439299123904920e-02 2.500000000000000000e+06
1.161451814768460489e-02 2.500000000000000000e+06
1.171464330413016230e-02 2.500000000000000000e+06
1.181476846057571972e-02 2.500000000000000000e+06
1.191489361702127540e-02 2.500000000000000000e+06
1.201501877346683282e-02 2.500000000000000000e+06
1.211514392991239024e-02 2.500000000000000000e+06
1.221526908635794766e-02 2.500000000000000000e+06
1.231539424280350334e-02 2.500000000000000000e+06
1.241551939924906076e-02 2.500000000000000000e+06
1.251564455569461817e-02 2.500000000000000000e+06
1.261576971214017559e-02 2.500000000000000000e+06
1.271589486858573127e-02 2.500000000000000000e+06
1.281602002503128869e-02 2.500000000000000000e+06
1.291614518147684611e-02 2.500000000000000000e+06
1.301627033792240179e-02 2.500000000000000000e+06
1.311639549436795921e-02 2.500000000000000000e+06
1.321652065081351662e-02 2.500000000000000000e+06
1.331664580725907404e-02 2.500000000000000000e+06
1.341677096370462972e-02 2.500000000000000000e+06
1.351689612015018714e-02 2.500000000000000000e+06
1.361702127659574456e-02 2.500000000000000000e+06
1.371714643304130198e-02 2.500000000000000000e+06
1.381727158948685766e-02 2.500000000000000000e+06
1.391739674593241508e-02 2.500000000000000000e+06
1.401752190237797249e-02 2.500000000000000000e+06
1.411764705882352818e-02 2.500000000000000000e+06
1.421777221526908559e-02 2.500000000000000000e+06
1.431789737171464301e-02 2.500000000000000000e+06
1.441802252816020043e-02 2.500000000000000000e+06
1.451814768460575611e-02 2.500000000000000000e+06
1.461827284105131353e-02 2.500000000000000000e+06
1.471839799749687094e-02 2.500000000000000000e+06
1.481852315394242836e-02 2.500000000000000000e+06
1.491864831038798404e-02 2.500000000000000000e+06
1.501877346683354146e-02 2.500000000000000000e+06
1.511889862327909888e-02 2.500000000000000000e+06
1.521902377972465456e-02 2.500000000000000000e+06
1.531914893617021198e-02 2.500000000000000000e+06
1.541927409261576939e-02 2.500000000000000000e+06
1.551939924906132681e-02 2.500000000000000000e+06
1.561952440550688249e-02 2.500000000000000000e+06
1.571964956195244165e-02 2.500000000000000000e+06
1.581977471839799559e-02 2.500000000000000000e+06
1.591989987484355301e-02 2.500000000000000000e+06
1.602002503128911043e-02 2.500000000000000000e+06
1.612015018773466785e-02 2.500000000000000000e+06
1.622027534418022526e-02 2.500000000000000000e+06
1.632040050062578268e-02 2.500000000000000000e+06
1.642052565707134010e-02 2.500000000000000000e+06
1.652065081351689405e-02 2.500000000000000000e+06
1.662077596996245146e-02 2.500000000000000000e+06
1.672090112640800888e-02 2.500000000000000000e+06
1.682102628285356630e-02 2.500000000000000000e+06
1.692115143929912371e-02 2.500000000000000000e+06
1.702127659574468113e-02 2.500000000000000000e+06
1.712140175219023855e-02 2.500000000000000000e+06
1.722152690863579250e-02 2.500000000000000000e+06
1.732165206508134991e-02 2.500000000000000000e+06
1.742177722152690733e-02 2.500000000000000000e+06
1.752190237797246475e-02 2.500000000000000000e+06
1.762202753441802217e-02 2.500000000000000000e+06
1.772215269086357958e-02 2.500000000000000000e+06
1.782227784730913700e-02 2.500000000000000000e+06
1.792240300375469442e-02 2.500000000000000000e+06
1.802252816020024836e-02 2.500000000000000000e+06
1.812265331664580578e-02 2.500000000000000000e+06
1.822277847309136320e-02 2.500000000000000000e+06
1.832290362953692062e-02 2.500000000000000000e+06
1.842302878598247803e-02 2.500000000000000000e+06
1.852315394242803545e-02 2.500000000000000000e+06
1.862327909887359287e-02 2.500000000000000000e+06
1.872340425531914682e-02 2.500000000000000000e+06
1.882352941176470423e-02 2.500000000000000000e+06
1.892365456821026165e-02 2.500000000000000000e+06
1.902377972465581907e-02 2.500000000000000000e+06
1.912390488110137649e-02 2.500000000000000000e+06
1.922403003754693390e-02 2.500000000000000000e+06
1.932415519399249132e-02 2.500000000000000000e+06
1.942428035043804527e-02 2.500000000000000000e+06
1.952440550688360268e-02 2.500000000000000000e+06
1.962453066332916010e-02 2.500000000000000000e+06
1.972465581977471752e-02 2.500000000000000000e+06
1.982478097622027494e-02 2.500000000000000000e+06
1.992490613266583235e-02 2.500000000000000000e+06
2.002503128911138977e-02 2.498332638986023609e+06
2.012515644555694719e-02 2.491690949542077258e+06
2.022528160200250114e-02 2.485093445810334291e+06
2.032540675844805855e-02 2.478539833832882810e+06
2.042553191489361597e-02 2.472029821607448161e+06
2.052565707133917339e-02 2.465563119074383751e+06
2.062578222778473080e-02 2.459139438103746623e+06
2.072590738423028822e-02 2.452758492482458707e+06
2.082603254067584564e-02 2.446419997901556082e+06
2.092615769712139959e-02 2.440123671943519264e+06
2.102628285356695700e-02 2.433869234069692437e+06
2.112640801001251442e-02 2.427656405607781373e+06
2.122653316645807184e-02 2.421484909739437513e+06
2.132665832290362926e-02 2.415354471487925854e+06
2.142678347934918667e-02 2.409264817705870140e+06
2.152690863579474409e-02 2.403215677063085139e+06
2.162703379224029804e-02 2.397206780034485739e+06
2.172715894868585546e-02 2.391237858888078481e+06
2.182728410513141287e-02 2.385308647673032247e+06
2.192740926157697029e-02 2.379418882207829040e+06
2.202753441802252771e-02 2.373568300068493932e+06
2.212765957446808512e-02 2.367756640576899517e+06
2.222778473091364254e-02 2.361983644789155107e+06
2.232790988735919996e-02 2.356249055484065786e+06
2.242803504380475391e-02 2.350552617151673883e+06
2.252816020025031132e-02 2.344894075981874019e+06
2.262828535669586874e-02 2.339273179853103124e+06
2.272841051314142616e-02 2.333689678321109153e+06
2.282853566958698358e-02 2.328143322607790586e+06
2.292866082603254099e-02 2.322633865590111818e+06
2.302878598247809841e-02 2.317161061789094005e+06
2.312891113892365236e-02 2.311724667358875740e+06
2.322903629536920977e-02 2.306324440075848717e+06
2.332916145181476719e-02 2.300960139327866491e+06
2.342928660826032461e-02 2.295631526103521697e+06
2.352941176470588203e-02 2.290338362981498241e+06
2.362953692115143944e-02 2.285080414119992871e+06
2.372966207759699686e-02 2.279857445246205200e+06
2.382978723404255081e-02 2.274669223645902239e+06
2.392991239048810823e-02 2.269515518153046258e+06
2.403003754693366564e-02 2.264396099139498547e+06
2.413016270337922306e-02 2.259310738504785579e+06
2.423028785982478048e-02 2.254259209665935952e+06
2.433041301627033789e-02 2.249241287547386251e+06
2.443053817271589531e-02 2.244256748570952099e+06
2.453066332916145273e-02 2.239305370645864401e+06
2.463078848560700668e-02 2.234386933158877306e+06
2.473091364205256409e-02 2.229501216964435764e+06
2.483103879849812151e-02 2.224648004374912474e+06
2.493116395494367893e-02 2.219827079150908627e+06
2.503128911138923635e-02 2.215038226491619367e+06
2.513141426783479376e-02 2.210281233025262132e+06
2.523153942428035118e-02 2.205555886799570173e+06
2.533166458072590513e-02 2.200861977272350341e+06
2.543178973717146255e-02 2.196199295302099083e+06
2.553191489361701996e-02 2.191567633138686884e+06
2.563204005006257738e-02 2.186966784414099995e+06
2.573216520650813480e-02 2.182396544133245945e+06
2.583229036295369221e-02 2.177856708664820530e+06
2.593241551939924963e-02 2.173347075732233934e+06
2.603254067584480358e-02 2.168867444404597860e+06
2.613266583229036100e-02 2.164417615087774582e+06
2.623279098873591841e-02 2.159997389515481424e+06
2.633291614518147583e-02 2.155606570740459487e+06
2.643304130162703325e-02 2.151244963125695474e+06
2.653316645807259067e-02 2.146912372335706837e+06
2.663329161451814808e-02 2.142608605327884201e+06
2.673341677096370203e-02 2.138333470343886875e+06
2.683354192740925945e-02 2.134086776901101228e+06
2.693366708385481686e-02 2.129868335784153081e+06
2.703379224030037428e-02 2.125677959036475979e+06
2.713391739674593170e-02 2.121515459951939061e+06
2.723404255319148912e-02 2.117380653066525701e+06
2.733416770963704653e-02 2.113273354150070809e+06
2.743429286608260395e-02 2.109193380198052619e+06
2.753441802252815790e-02 2.105140549423439428e+06
2.763454317897371532e-02 2.101114681248587556e+06
2.773466833541927273e-02 2.097115596297197510e+06
2.783479349186483015e-02 2.093143116386322305e+06
2.793491864831038757e-02 2.089197064518426079e+06
2.803504380475594499e-02 2.085277264873499051e+06
2.813516896120150240e-02 2.081383542801224161e+06
2.823529411764705635e-02 2.077515724813194713e+06
2.833541927409261377e-02 2.073673638575183926e+06
2.843554443053817118e-02 2.069857112899468280e+06
2.853566958698372860e-02 2.066065977737197420e+06
2.863579474342928602e-02 2.062300064170820173e+06
2.873591989987484344e-02 2.058559204406556673e+06
2.883604505632040085e-02 2.054843231766921934e+06
2.893617021276595480e-02 2.051151980683301110e+06
2.903629536921151222e-02 2.047485286688569468e+06
2.913642052565706964e-02 2.043842986409767531e+06
2.923654568210262705e-02 2.040224917560820701e+06
2.933667083854818447e-02 2.036630918935307534e+06
2.943679599499374189e-02 2.033060830399278086e+06
2.953692115143929930e-02 2.029514492884118576e+06
2.963704630788485672e-02 2.025991748379464028e+06
2.973717146433041067e-02 2.022492439926158171e+06
2.983729662077596809e-02 2.019016411609259667e+06
2.993742177722152550e-02 2.015563508551095147e+06
3.003754693366708292e-02 2.012133576904358808e+06
3.013767209011264034e-02 2.008726463845257182e+06
3.023779724655819776e-02 2.005342017566701397e+06
3.033792240300375517e-02 2.001980087271539960e+06
3.043804755944930912e-02 1.998640523165843682e+06
3.053817271589486654e-02 1.995323176452228799e+06
3.063829787234042396e-02 1.992027899323228747e+06
3.073842302878598137e-02 1.988754544954707380e+06
3.083854818523153879e-02 1.985502967499317601e+06
3.093867334167709621e-02 1.982273022080003051e+06
3.103879849812265362e-02 1.979064564783542883e+06
3.113892365456820757e-02 1.975877452654139604e+06
3.123904881101376499e-02 1.972711543687048834e+06
3.133917396745932588e-02 1.969566696822253289e+06
3.143929912390488329e-02 1.966442771938177757e+06
3.153942428035043377e-02 1.963339629845444579e+06
3.163954943679599119e-02 1.960257132280672900e+06
3.173967459324154861e-02 1.957195141900317743e+06
3.183979974968710602e-02 1.954153522274551215e+06
3.193992490613266344e-02 1.951132137881183298e+06
3.204005006257822086e-02 1.948130854099623393e+06
3.214017521902377827e-02 1.945149537204882596e+06
3.224030037546933569e-02 1.942188054361614864e+06
3.234042553191489311e-02 1.939246273618198466e+06
3.244055068836045053e-02 1.936324063900858164e+06
3.254067584480600794e-02 1.933421295007823035e+06
3.264080100125156536e-02 1.930537837603526656e+06
3.274092615769712278e-02 1.927673563212843146e+06
3.284105131414268020e-02 1.924828344215364661e+06
3.294117647058823761e-02 1.922002053839713801e+06
3.304130162703378809e-02 1.919194566157894908e+06
3.314142678347934551e-02 1.916405756079684477e+06
3.324155193992490293e-02 1.913635499347056728e+06
3.334167709637046034e-02 1.910883672528647352e+06
3.344180225281601776e-02 1.908150153014254523e+06
3.354192740926157518e-02 1.905434819009374827e+06
3.364205256570713259e-02 1.902737549529777374e+06
3.374217772215269001e-02 1.900058224396112841e+06
3.384230287859824743e-02 1.897396724228559062e+06
3.394242803504380485e-02 1.894752930441501550e+06
3.404255319148936226e-02 1.892126725238250569e+06
3.414267834793491968e-02 1.889517991605791729e+06
3.424280350438047710e-02 1.886926613309572684e+06
3.434292866082603451e-02 1.884352474888324272e+06
3.444305381727158499e-02 1.881795461648916127e+06
3.454317897371714241e-02 1.879255459661246277e+06
3.464330413016269983e-02 1.876732355753164273e+06
3.474342928660825724e-02 1.874226037505430402e+06
3.484355444305381466e-02 1.871736393246704945e+06
3.494367959949937208e-02 1.869263312048573280e+06
3.504380475594492950e-02 1.866806683720603585e+06
3.514392991239048691e-02 1.864366398805436678e+06
3.524405506883604433e-02 1.861942348573909840e+06
3.534418022528160175e-02 1.859534425020211143e+06
3.544430538172715917e-02 1.857142520857068244e+06
3.554443053817271658e-02 1.854766529510967201e+06
3.564455569461827400e-02 1.852406345117405057e+06
3.574468085106383142e-02 1.850061862516171532e+06
3.584480600750938883e-02 1.847732977246665163e+06
3.594493116395493931e-02 1.845419585543237627e+06
3.604505632040049673e-02 1.843121584330570651e+06
3.614518147684605415e-02 1.840838871219083667e+06
3.624530663329161156e-02 1.838571344500372419e+06
3.634543178973716898e-02 1.836318903142675292e+06
3.644555694618272640e-02 1.834081446786373854e+06
3.654568210262828382e-02 1.831858875739519950e+06
3.664580725907384123e-02 1.829651090973394457e+06
3.674593241551939865e-02 1.827457994118094677e+06
3.684605757196495607e-02 1.825279487458151067e+06
3.694618272841051348e-02 1.823115473928174237e+06
3.704630788485607090e-02 1.820965857108529657e+06
3.714643304130162832e-02 1.818830541221041232e+06
3.724655819774718574e-02 1.816709431124724448e+06
3.734668335419274315e-02 1.814602432311547454e+06
3.744680851063829363e-02 1.812509450902219163e+06
3.754693366708385105e-02 1.810430393642006908e+06
3.764705882352940847e-02 1.808365167896581581e+06
3.774718397997496588e-02 1.806313681647890247e+06
3.784730913642052330e-02 1.804275843490055762e+06
3.794743429286608072e-02 1.802251562625304563e+06
3.804755944931163814e-02 1.800240748859921005e+06
3.814768460575719555e-02 1.798243312600228004e+06
3.824780976220275297e-02 1.796259164848596323e+06
3.834793491864831039e-02 1.794288217199478298e+06
3.844806007509386780e-02 1.792330381835468812e+06
3.854818523153942522e-02 1.790385571523393271e+06
3.864831038798498264e-02 1.788453699610420270e+06
3.874843554443054006e-02 1.786534680020200554e+06
3.884856070087609053e-02 1.784628427249032538e+06
3.894868585732164795e-02 1.782734856362051331e+06
3.904881101376720537e-02 1.780853882989445701e+06
3.914893617021276279e-02 1.778985423322698800e+06
3.924906132665832020e-02 1.777129394110852852e+06
3.934918648310387762e-02 1.775285712656800635e+06
3.944931163954943504e-02 1.773454296813601162e+06
3.954943679599499246e-02 1.771635064980819123e+06
3.964956195244054987e-02 1.769827936100888532e+06
3.974968710888610729e-02 1.768032829655502457e+06
3.984981226533166471e-02 1.766249665662024170e+06
3.994993742177722212e-02 1.764478364669923903e+06
4.005006257822277954e-02 1.762718847757239826e+06
4.015018773466833696e-02 1.760971036527059739e+06
4.025031289111389438e-02 1.759234853104029316e+06
4.035043804755944485e-02 1.757510220130882692e+06
4.045056320400500227e-02 1.755797060764993541e+06
4.055068836045055969e-02 1.754095298674954101e+06
4.065081351689611711e-02 1.752404858037172118e+06
4.075093867334167452e-02 1.750725663532493869e+06
4.085106382978723194e-02 1.749057640342846746e+06
4.095118898623278936e-02 1.747400714147906750e+06
4.105131414267834677e-02 1.745754811121787410e+06
4.115143929912390419e-02 1.744119857929748483e+06
4.125156445556946161e-02 1.742495781724931207e+06
4.135168961201501903e-02 1.740882510145109845e+06
4.145181476846057644e-02 1.739279971309469780e+06
4.155193992490613386e-02 1.737688093815403059e+06
4.165206508135169128e-02 1.736106806735328399e+06
4.175219023779724176e-02 1.734536039613529574e+06
4.185231539424279917e-02 1.732975722463017097e+06
4.195244055068835659e-02 1.731425785762409912e+06
4.205256570713391401e-02 1.729886160452837124e+06
4.215269086357947143e-02 1.728356777934862301e+06
4.225281602002502884e-02 1.726837570065425010e+06
4.235294117647058626e-02 1.725328469154806342e+06
4.245306633291614368e-02 1.723829407963612350e+06
4.255319148936170109e-02 1.722340319699778222e+06
4.265331664580725851e-02 1.720861138015591539e+06
4.275344180225281593e-02 1.719391797004737658e+06
4.285356695869837335e-02 1.717932231199361617e+06
4.295369211514393076e-02 1.716482375567151932e+06
4.305381727158948818e-02 1.715042165508443257e+06
4.315394242803504560e-02 1.713611536853337428e+06
4.325406758448059608e-02 1.712190425858844770e+06
4.335419274092615349e-02 1.710778769206043333e+06
4.345431789737171091e-02 1.709376503997259308e+06
4.355444305381726833e-02 1.707983567753261887e+06
4.365456821026282574e-02 1.706599898410482332e+06
4.375469336670838316e-02 1.705225434318246320e+06
4.385481852315394058e-02 1.703860114236028865e+06
4.395494367959949800e-02 1.702503877330723917e+06
4.405506883604505541e-02 1.701156663173935842e+06
4.415519399249061283e-02 1.699818411739284871e+06
4.425531914893617025e-02 1.698489063399734441e+06
4.435544430538172767e-02 1.697168558924933430e+06
4.445556946182728508e-02 1.695856839478577487e+06
4.455569461827284250e-02 1.694553846615786897e+06
4.465581977471839992e-02 1.693259522280503530e+06
4.475594493116395040e-02 1.691973808802903397e+06
4.485607008760950781e-02 1.690696648896826897e+06
4.495619524405506523e-02 1.689427985657227226e+06
4.505632040050062265e-02 1.688167762557634385e+06
4.515644555694618006e-02 1.686915923447636422e+06
4.525657071339173748e-02 1.685672412550378125e+06
4.535669586983729490e-02 1.684437174460075330e+06
4.545682102628285232e-02 1.683210154139546677e+06
4.555694618272840973e-02 1.681991296917760978e+06
4.565707133917396715e-02 1.680780548487401567e+06
4.575719649561952457e-02 1.679577854902446736e+06
4.585732165206508198e-02 1.678383162575765280e+06
4.595744680851063940e-02 1.677196418276730226e+06
4.605757196495619682e-02 1.676017569128845818e+06
4.615769712140174730e-02 1.674846562607392669e+06
4.625782227784730471e-02 1.673683346537086414e+06
4.635794743429286213e-02 1.672527869089753600e+06
4.645807259073841955e-02 1.671380078782022232e+06
4.655819774718397697e-02 1.670239924473028164e+06
4.665832290362953438e-02 1.669107355362136150e+06
4.675844806007509180e-02 1.667982320986676728e+06
4.685857321652064922e-02 1.666864771219697082e+06
4.695869837296620664e-02 1.665754656267728657e+06
4.705882352941176405e-02 1.664651926668567816e+06
4.715894868585732147e-02 1.663556533289071638e+06
4.725907384230287889e-02 1.662468427322970238e+06
4.735919899874843630e-02 1.661387560288690263e+06
4.745932415519399372e-02 1.660313884027196560e+06
4.755944931163955114e-02 1.659247350699845003e+06
4.765957446808510162e-02 1.658187912786251400e+06
4.775969962453065903e-02 1.657135523082175059e+06
4.785982478097621645e-02 1.656090134697413770e+06
4.795994993742177387e-02 1.655051701053716708e+06
4.806007509386733129e-02 1.654020175882707117e+06
4.816020025031288870e-02 1.652995513223822229e+06
4.826032540675844612e-02 1.651977667422264582e+06
4.836045056320400354e-02 1.650966593126968248e+06
4.846057571964956096e-02 1.649962245288578095e+06
4.856070087609511837e-02 1.648964579157442320e+06
4.866082603254067579e-02 1.647973550281619187e+06
4.876095118898623321e-02 1.646989114504895639e+06
4.886107634543179062e-02 1.646011227964820340e+06
4.896120150187734804e-02 1.645039847090749536e+06
4.906132665832290546e-02 1.644074928601905238e+06
4.916145181476845594e-02 1.643116429505447391e+06
4.926157697121401335e-02 1.642164307094557211e+06
4.936170212765957077e-02 1.641218518946535653e+06
4.946182728410512819e-02 1.640279022920912830e+06
4.956195244055068561e-02 1.639345777157569537e+06
4.966207759699624302e-02 1.638418740074873436e+06
4.976220275344180044e-02 1.637497870367825264e+06
4.986232790988735786e-02 1.636583127006219234e+06
4.996245306633291527e-02 1.635674469232814386e+06
5.006257822277847269e-02 1.634771856561518740e+06
5.016270337922403011e-02 1.633875248775586020e+06
5.026282853566958753e-02 1.632984605925822165e+06
5.036295369211514494e-02 1.632099888328807661e+06
5.046307884856070236e-02 1.631221056565127103e+06
5.056320400500625284e-02 1.630348071477614343e+06
5.066332916145181026e-02 1.629480894169607200e+06
5.076345431789736767e-02 1.628619486003214261e+06
5.086357947434292509e-02 1.627763808597594034e+06
5.096370463078848251e-02 1.626913823827244574e+06
5.106382978723403993e-02 1.626069493820303818e+06
5.116395494367959734e-02 1.625230780956863193e+06
5.126408010012515476e-02 1.624397647867291700e+06
5.136420525657071218e-02 1.623570057430570014e+06
5.146433041301626959e-02 1.622747972772636684e+06
5.156445556946182701e-02 1.621931357264745515e+06
5.166458072590738443e-02 1.621120174521833425e+06
5.176470588235294185e-02 1.620314388400899246e+06
5.186483103879849926e-02 1.619513962999392999e+06
5.196495619524405668e-02 1.618718862653616816e+06
5.206508135168960716e-02 1.617929051937136101e+06
5.216520650813516458e-02 1.617144495659199543e+06
5.226533166458072199e-02 1.616365158863172866e+06
5.236545682102627941e-02 1.615591006824980723e+06
5.246558197747183683e-02 1.614822005051559303e+06
5.256570713391739424e-02 1.614058119279319886e+06
5.266583229036295166e-02 1.613299315472621471e+06
5.276595744680850908e-02 1.612545559822255047e+06
5.286608260325406650e-02 1.611796818743936950e+06
5.296620775969962391e-02 1.611053058876812225e+06
5.306633291614518133e-02 1.610314247081968933e+06
5.316645807259073875e-02 1.609580350440960145e+06
5.326658322903629617e-02 1.608851336254338967e+06
5.336670838548185358e-02 1.608127172040200559e+06
5.346683354192740406e-02 1.607407825532735325e+06
5.356695869837296148e-02 1.606693264680790715e+06
5.366708385481851890e-02 1.605983457646443509e+06
5.376720901126407631e-02 1.605278372803581646e+06
5.386733416770963373e-02 1.604577978736494202e+06
5.396745932415519115e-02 1.603882244238472776e+06
5.406758448060074856e-02 1.603191138310419628e+06
5.416770963704630598e-02 1.602504630159467692e+06
5.426783479349186340e-02 1.601822689197608270e+06
5.436795994993742082e-02 1.601145285040327813e+06
5.446808510638297823e-02 1.600472387505254010e+06
5.456821026282853565e-02 1.599803966610811884e+06
5.466833541927409307e-02 1.599139992574887117e+06
5.476846057571965048e-02 1.598480435813499149e+06
5.486858573216520790e-02 1.597825266939483117e+06
5.496871088861075838e-02 1.597174456761181355e+06
5.506883604505631580e-02 1.596527976281140465e+06
5.516896120150187321e-02 1.595885796694822377e+06
5.526908635794743063e-02 1.595247889389318181e+06
5.536921151439298805e-02 1.594614225942075020e+06
5.546933667083854547e-02 1.593984778119628783e+06
5.556946182728410288e-02 1.593359517876346828e+06
5.566958698372966030e-02 1.592738417353177443e+06
5.576971214017521772e-02 1.592121448876409559e+06
5.586983729662077514e-02 1.591508584956438979e+06
5.596996245306633255e-02 1.590899798286543926e+06
5.607008760951188997e-02 1.590295061741668731e+06
5.617021276595744739e-02 1.589694348377214046e+06
5.627033792240300480e-02 1.589097631427837769e+06
5.637046307884856222e-02 1.588504884306261083e+06
5.647058823529411270e-02 1.587916080602085218e+06
5.657071339173967012e-02 1.587331194080613786e+06
5.667083854818522753e-02 1.586750198681683745e+06
5.677096370463078495e-02 1.586173068518505199e+06
5.687108886107634237e-02 1.585599777876507258e+06
5.697121401752189979e-02 1.585030301212192280e+06
5.707133917396745720e-02 1.584464613151998026e+06
5.717146433041301462e-02 1.583902688491167035e+06
5.727158948685857204e-02 1.583344502192623680e+06
5.737171464330412946e-02 1.582790029385858681e+06
5.747183979974968687e-02 1.582239245365820592e+06
5.757196495619524429e-02 1.581692125591814984e+06
5.767209011264080171e-02 1.581148645686412230e+06
5.777221526908635912e-02 1.580608781434359495e+06
5.787234042553190960e-02 1.580072508781503187e+06
5.797246558197746702e-02 1.579539803833717015e+06
5.807259073842302444e-02 1.579010642855836311e+06
5.817271589486858185e-02 1.578485002270602155e+06
5.827284105131413927e-02 1.577962858657609206e+06
5.837296620775969669e-02 1.577444188752263784e+06
5.847309136420525411e-02 1.576928969444745919e+06
5.857321652065081152e-02 1.576417177778980229e+06
5.867334167709636894e-02 1.575908790951613337e+06
5.877346683354192636e-02 1.575403786310997792e+06
5.887359198998748377e-02 1.574902141356181819e+06
5.897371714643304119e-02 1.574403833735908382e+06
5.907384230287859861e-02 1.573908841247618198e+06
5.917396745932415603e-02 1.573417141836460913e+06
5.927409261576971344e-02 1.572928713594311848e+06
5.937421777221526392e-02 1.572443534758796683e+06
5.947434292866082134e-02 1.571961583712321473e+06
5.957446808510637876e-02 1.571482838981109206e+06
5.967459324155193617e-02 1.571007279234243324e+06
5.977471839799749359e-02 1.570534883282717085e+06
5.987484355444305101e-02 1.570065630078489892e+06
5.997496871088860843e-02 1.569599498713548761e+06
6.007509386733416584e-02 1.569136468418977689e+06
6.017521902377972326e-02 1.568676518564030994e+06
6.027534418022528068e-02 1.568219628655215492e+06
6.037546933667083809e-02 1.567765778335376875e+06
6.047559449311639551e-02 1.567314947382791666e+06
6.057571964956195293e-02 1.566867115710268030e+06
6.067584480600751035e-02 1.566422263364249142e+06
6.077596996245306776e-02 1.565980370523925405e+06
6.087609511889861824e-02 1.565541417500350624e+06
6.097622027534417566e-02 1.565105384735564468e+06
6.107634543178973308e-02 1.564672252801721683e+06
6.117647058823529049e-02 1.564242002400226658e+06
6.127659574468084791e-02 1.563814614360872423e+06
6.137672090112640533e-02 1.563390069640987553e+06
6.147684605757196274e-02 1.562968349324587500e+06
6.157697121401752016e-02 1.562549434621531749e+06
6.167709637046307758e-02 1.562133306866685627e+06
6.177722152690863500e-02 1.561719947519090725e+06
6.187734668335419241e-02 1.561309338161136955e+06
6.197747183979974983e-02 1.560901460497742286e+06
6.207759699624530725e-02 1.560496296355538536e+06
6.217772215269086467e-02 1.560093827682060655e+06
6.227784730913641514e-02 1.559694036544942530e+06
6.237797246558197256e-02 1.559296905131118605e+06
6.247809762202752998e-02 1.558902415746029466e+06
6.257822277847309433e-02 1.558510550812833710e+06
6.267834793491865175e-02 1.558121292871624930e+06
6.277847309136420917e-02 1.557734624578653835e+06
6.287859824780976659e-02 1.557350528705555247e+06
6.297872340425532400e-02 1.556968988138580229e+06
6.307884856070086754e-02 1.556589985877834028e+06
6.317897371714642496e-02 1.556213505036518909e+06
6.327909887359198238e-02 1.555839528840180719e+06
6.337922403003753979e-02 1.555468040625962429e+06
6.347934918648309721e-02 1.555099023841861170e+06
6.357947434292865463e-02 1.554732462045991328e+06
6.367959949937421205e-02 1.554368338905851124e+06
6.377972465581976946e-02 1.554006638197595486e+06
6.387984981226532688e-02 1.553647343805313110e+06
6.397997496871088430e-02 1.553290439720308641e+06
6.408010012515644171e-02 1.552935910040388349e+06
6.418022528160199913e-02 1.552583738969153026e+06
6.428035043804755655e-02 1.552233910815292969e+06
6.438047559449311397e-02 1.551886409991889726e+06
6.448060075093867138e-02 1.551541221015720861e+06
6.458072590738422880e-02 1.551198328506571008e+06
6.468085106382978622e-02 1.550857717186545255e+06
6.478097622027534364e-02 1.550519371879389742e+06
6.488110137672090105e-02 1.550183277509814594e+06
6.498122653316645847e-02 1.549849419102823129e+06
6.508135168961201589e-02 1.549517781783043174e+06
6.518147684605757330e-02 1.549188350774065824e+06
6.528160200250313072e-02 1.548861111397786532e+06
6.538172715894868814e-02 1.548536049073750153e+06
6.548185231539424556e-02 1.548213149318502750e+06
6.558197747183980297e-02 1.547892397744945716e+06
6.568210262828536039e-02 1.547573780061694328e+06
6.578222778473091781e-02 1.547257282072441652e+06
6.588235294117647523e-02 1.546942889675325481e+06
6.598247809762201876e-02 1.546630588862300385e+06
6.608260325406757618e-02 1.546320365718513029e+06
6.618272841051313360e-02 1.546012206421682844e+06
6.628285356695869102e-02 1.545706097241486190e+06
6.638297872340424843e-02 1.545402024538943777e+06
6.648310387984980585e-02 1.545099974765813677e+06
6.658322903629536327e-02 1.544799934463987360e+06
6.668335419274092069e-02 1.544501890264890390e+06
6.678347934918647810e-02 1.544205828888886375e+06
6.688360450563203552e-02 1.543911737144685350e+06
6.698372966207759294e-02 1.543619601928756339e+06
6.708385481852315035e-02 1.543329410224742955e+06
6.718397997496870777e-02 1.543041149102884578e+06
6.728410513141426519e-02 1.542754805719438242e+06
6.738423028785982261e-02 1.542470367316108895e+06
6.748435544430538002e-02 1.542187821219478734e+06
6.758448060075093744e-02 1.541907154840443982e+06
6.768460575719649486e-02 1.541628355673652841e+06
6.778473091364205227e-02 1.541351411296949722e+06
6.788485607008760969e-02 1.541076309370819945e+06
6.798498122653316711e-02 1.540803037637841655e+06
6.808510638297872453e-02 1.540531583922138670e+06
6.818523153942428194e-02 1.540261936128838453e+06
6.828535669586983936e-02 1.539994082243532874e+06
6.838548185231539678e-02 1.539728010331743164e+06
6.848560700876095420e-02 1.539463708538387669e+06
6.858573216520651161e-02 1.539201165087254252e+06
6.868585732165206903e-02 1.538940368280475726e+06
6.878598247809762645e-02 1.538681306498007616e+06
6.888610763454316999e-02 1.538423968197111506e+06
6.898623279098872740e-02 1.538168341911840020e+06
6.908635794743428482e-02 1.537914416252526222e+06
6.918648310387984224e-02 1.537662179905276746e+06
6.928660826032539966e-02 1.537411621631466318e+06
6.938673341677095707e-02 1.537162730267238338e+06
6.948685857321651449e-02 1.536915494723006384e+06
6.958698372966207191e-02 1.536669903982961318e+06
6.968710888610762932e-02 1.536425947104579071e+06
6.978723404255318674e-02 1.536183613218134036e+06
6.988735919899874416e-02 1.535942891526215011e+06
6.998748435544430158e-02 1.535703771303243004e+06
7.008760951188985899e-02 1.535466241894994164e+06
7.018773466833541641e-02 1.535230292718125042e+06
7.028785982478097383e-02 1.534995913259700406e+06
7.038798498122653124e-02 1.534763093076725723e+06
7.048811013767208866e-02 1.534531821795681491e+06
7.058823529411764608e-02 1.534302089112060610e+06
7.068836045056320350e-02 1.534073884789909702e+06
7.078848560700876091e-02 1.533847198661373230e+06
7.088861076345431833e-02 1.533622020626239711e+06
7.098873591989987575e-02 1.533398340651492821e+06
7.108886107634543317e-02 1.533176148770863190e+06
7.118898623279099058e-02 1.532955435084384633e+06
7.128911138923654800e-02 1.532736189757954329e+06
7.138923654568210542e-02 1.532518403022892540e+06
7.148936170212766283e-02 1.532302065175508847e+06
7.158948685857322025e-02 1.532087166576669319e+06
7.168961201501877767e-02 1.531873697651367169e+06
7.178973717146432121e-02 1.531661648888295749e+06
7.188986232790987863e-02 1.531451010839425726e+06
7.198998748435543604e-02 1.531241774119582726e+06
7.209011264080099346e-02 1.531033929406030104e+06
7.219023779724655088e-02 1.530827467438053805e+06
7.229036295369210829e-02 1.530622379016548395e+06
7.239048811013766571e-02 1.530418655003608903e+06
7.249061326658322313e-02 1.530216286322122207e+06
7.259073842302878055e-02 1.530015263955364237e+06
7.269086357947433796e-02 1.529815578946595779e+06
7.279098873591989538e-02 1.529617222398666199e+06
7.289111389236545280e-02 1.529420185473614838e+06
7.299123904881101021e-02 1.529224459392278222e+06
7.309136420525656763e-02 1.529030035433899146e+06
7.319148936170212505e-02 1.528836904935737140e+06
7.329161451814768247e-02 1.528645059292683378e+06
7.339173967459323988e-02 1.528454489956876962e+06
7.349186483103879730e-02 1.528265188437324017e+06
7.359198998748435472e-02 1.528077146299519110e+06
7.369211514392991214e-02 1.527890355165070156e+06
7.379224030037546955e-02 1.527704806711324258e+06
7.389236545682102697e-02 1.527520492670997977e+06
7.399249061326658439e-02 1.527337404831807595e+06
7.409261576971214180e-02 1.527155535036104266e+06
7.419274092615769922e-02 1.526974875180510338e+06
7.429286608260325664e-02 1.526795417215557769e+06
7.439299123904881406e-02 1.526617153145330027e+06
7.449311639549437147e-02 1.526440075027106097e+06
7.459324155193992889e-02 1.526264174971005414e+06
7.469336670838548631e-02 1.526089445139637683e+06
7.479349186483102985e-02 1.525915877747752937e+06
7.489361702127658726e-02 1.525743465061894385e+06
7.499374217772214468e-02 1.525572199400054524e+06
7.509386733416770210e-02 1.525402073131332872e+06
7.519399249061325952e-02 1.525233078675594879e+06
7.529411764705881693e-02 1.525065208503135946e+06
7.539424280350437435e-02 1.524898455134344287e+06
7.549436795994993177e-02 1.524732811139368452e+06
7.559449311639548919e-02 1.524568269137786468e+06
7.569461827284104660e-02 1.524404821798276389e+06
7.579474342928660402e-02 1.524242461838289862e+06
7.589486858573216144e-02 1.524081182023728034e+06
7.599499374217771885e-02 1.523920975168618839e+06
7.609511889862327627e-02 1.523761834134796867e+06
7.619524405506883369e-02 1.523603751831585774e+06
7.629536921151439111e-02 1.523446721215480939e+06
7.639549436795994852e-02 1.523290735289837932e+06
7.649561952440550594e-02 1.523135787104558200e+06
7.659574468085106336e-02 1.522981869755781721e+06
7.669586983729662077e-02 1.522828976385577815e+06
7.679599499374217819e-02 1.522677100181640359e+06
7.689612015018773561e-02 1.522526234376983484e+06
7.699624530663329303e-02 1.522376372249641456e+06
7.709637046307885044e-02 1.522227507122367620e+06
7.719649561952440786e-02 1.522079632362338016e+06
7.729662077596996528e-02 1.521932741380854975e+06
7.739674593241552270e-02 1.521786827633054461e+06
7.749687108886108011e-02 1.521641884617613629e+06
7.759699624530663753e-02 1.521497905876461882e+06
7.769712140175218107e-02 1.521354884994492400e+06
7.779724655819773849e-02 1.521212815599276917e+06
7.789737171464329590e-02 1.521071691360781435e+06
7.799749687108885332e-02 1.520931505991084268e+06
7.809762202753441074e-02 1.520792253244095948e+06
7.819774718397996816e-02 1.520653926915280987e+06
7.829787234042552557e-02 1.520516520841381047e+06
7.839799749687108299e-02 1.520380028900140664e+06
7.849812265331664041e-02 1.520244445010034833e+06
7.859824780976219782e-02 1.520109763129997067e+06
7.869837296620775524e-02 1.519975977259151172e+06
7.879849812265331266e-02 1.519843081436542794e+06
7.889862327909887008e-02 1.519711069740875624e+06
7.899874843554442749e-02 1.519579936290245503e+06
7.909887359198998491e-02 1.519449675241879886e+06
7.919899874843554233e-02 1.519320280791876372e+06
7.929912390488109974e-02 1.519191747174944961e+06
7.939924906132665716e-02 1.519064068664151011e+06
7.949937421777221458e-02 1.518937239570659818e+06
7.959949937421777200e-02 1.518811254243482836e+06
7.969962453066332941e-02 1.518686107069227146e+06
7.979974968710888683e-02 1.518561792471844004e+06
7.989987484355444425e-02 1.518438304912380641e+06
8.000000000000000167e-02 1.518315638888734160e+06
---------------
