field_vs_time
---------------
0.000000000000000000e+00 2.500000000000000000e+06
2.004008016032064087e-10 2.495745107900859322e+06
4.008016032064128175e-10 2.491497457444428932e+06
6.012024048096192262e-10 2.487257036305745132e+06
8.016032064128256349e-10 2.483023832180821337e+06
1.002004008016032044e-09 2.478797832786611747e+06
1.202404809619238452e-09 2.474579025860975496e+06
1.402805611222444861e-09 2.470367399162641261e+06
1.603206412825651270e-09 2.466162940471172798e+06
1.803607214428857679e-09 2.461965637586930767e+06
2.004008016032064087e-09 2.457775478331041057e+06
2.204408817635270496e-09 2.453592450545356143e+06
2.404809619238476905e-09 2.449416542092421558e+06
2.605210420841683313e-09 2.445247740855440032e+06
2.805611222444889722e-09 2.441086034738237038e+06
3.006012024048096131e-09 2.436931411665224936e+06
3.206412825651302540e-09 2.432783859581368044e+06
3.406813627254508948e-09 2.428643366452148184e+06
3.607214428857715357e-09 2.424509920263529290e+06
3.807615230460921766e-09 2.420383509021922015e+06
4.008016032064128175e-09 2.416264120754151139e+06
4.208416833667334583e-09 2.412151743507417385e+06
4.408817635270540992e-09 2.408046365349266678e+06
4.609218436873747401e-09 2.403947974367550574e+06
4.809619238476953810e-09 2.399856558670397848e+06
5.010020040080160218e-09 2.395772106386174913e+06
5.210420841683366627e-09 2.391694605663453229e+06
5.410821643286573036e-09 2.387624044670975301e+06
5.611222444889779444e-09 2.383560411597620230e+06
5.811623246492985853e-09 2.379503694652367383e+06
6.012024048096192262e-09 2.375453882064266596e+06
6.212424849699398671e-09 2.371410962082399055e+06
6.412825651302605079e-09 2.367374922975847498e+06
6.613226452905811488e-09 2.363345753033657558e+06
6.813627254509017897e-09 2.359323440564809367e+06
7.014028056112224306e-09 2.355307973898178898e+06
7.214428857715430714e-09 2.351299341382505838e+06
7.414829659318637123e-09 2.347297531386360526e+06
7.615230460921843532e-09 2.343302532298109494e+06
7.815631262525050768e-09 2.339314332525881007e+06
8.016032064128256349e-09 2.335332920497532468e+06
8.216432865731461931e-09 2.331358284660617355e+06
8.416833667334669167e-09 2.327390413482349832e+06
8.617234468937876403e-09 2.323429295449573081e+06
8.817635270541081984e-09 2.319474919068724848e+06
9.018036072144287566e-09 2.315527272865804844e+06
9.218436873747494802e-09 2.311586345386340283e+06
9.418837675350702037e-09 2.307652125195353758e+06
9.619238476953907619e-09 2.303724600877330173e+06
9.819639278557113201e-09 2.299803761036182754e+06
1.002004008016032044e-08 2.295889594295219984e+06
1.022044088176352767e-08 2.291982089297113474e+06
1.042084168336673325e-08 2.288081234703864902e+06
1.062124248496993884e-08 2.284187019196771551e+06
1.082164328657314607e-08 2.280299431476395112e+06
1.102204408817635331e-08 2.276418460262530018e+06
1.122244488977955889e-08 2.272544094294166192e+06
1.142284569138276447e-08 2.268676322329461575e+06
1.162324649298597171e-08 2.264815133145707194e+06
1.182364729458917894e-08 2.260960515539292712e+06
1.202404809619238452e-08 2.257112458325677551e+06
1.222444889779559011e-08 2.253270950339356903e+06
1.242484969939879734e-08 2.249435980433827732e+06
1.262525050100200458e-08 2.245607537481559906e+06
1.282565130260521016e-08 2.241785610373959411e+06
1.302605210420841574e-08 2.237970188021340407e+06
1.322645290581162298e-08 2.234161259352890775e+06
1.342685370741483021e-08 2.230358813316639978e+06
1.362725450901803579e-08 2.226562838879428338e+06
1.382765531062124138e-08 2.222773325026872568e+06
1.402805611222444861e-08 2.218990260763337836e+06
1.422845691382765585e-08 2.215213635111900978e+06
1.442885771543086143e-08 2.211443437114322558e+06
1.462925851703406701e-08 2.207679655831012875e+06
1.482965931863727425e-08 2.203922280341001227e+06
1.503006012024048148e-08 2.200171299741903786e+06
1.523046092184368706e-08 2.196426703149892855e+06
1.543086172344689265e-08 2.192688479699663352e+06
1.563126252505010154e-08 2.188956618544402998e+06
1.583166332665330712e-08 2.185231108855760191e+06
1.603206412825651270e-08 2.181511939823813736e+06
1.623246492985971828e-08 2.177799100657038856e+06
1.643286573146292386e-08 2.174092580582277849e+06
1.663326653306613275e-08 2.170392368844710290e+06
1.683366733466933833e-08 2.166698454707817174e+06
1.703406813627254391e-08 2.163010827453354839e+06
1.723446893787575281e-08 2.159329476381319575e+06
1.743486973947895839e-08 2.155654390809921082e+06
1.763527054108216397e-08 2.151985560075547080e+06
1.783567134268536955e-08 2.148322973532734904e+06
1.803607214428857513e-08 2.144666620554140303e+06
1.823647294589178402e-08 2.141016490530505776e+06
1.843687374749498960e-08 2.137372572870630771e+06
1.863727454909819518e-08 2.133734857001339551e+06
1.883767535070140407e-08 2.130103332367453258e+06
1.903807615230460966e-08 2.126477988431755919e+06
1.923847695390781524e-08 2.122858814674965572e+06
1.943887775551102082e-08 2.119245800595705397e+06
1.963927855711422640e-08 2.115638935710468329e+06
1.983967935871743529e-08 2.112038209553592838e+06
2.004008016032064087e-08 2.108443611677228007e+06
2.024048096192384645e-08 2.104855131651304197e+06
2.044088176352705534e-08 2.101272759063504636e+06
2.064128256513026093e-08 2.097696483519233298e+06
2.084168336673346651e-08 2.094126294641584856e+06
2.104208416833667209e-08 2.090562182071315590e+06
2.124248496993987767e-08 2.087004135466812644e+06
2.144288577154308656e-08 2.083452144504063763e+06
2.164328657314629214e-08 2.079906198876628652e+06
2.184368737474949772e-08 2.076366288295607083e+06
2.204408817635270661e-08 2.072832402489610482e+06
2.224448897795591220e-08 2.069304531204732368e+06
2.244488977955911778e-08 2.065782664204516914e+06
2.264529058116232336e-08 2.062266791269930545e+06
2.284569138276552894e-08 2.058756902199332602e+06
2.304609218436873783e-08 2.055252986808444839e+06
2.324649298597194341e-08 2.051755034930322319e+06
2.344689378757514899e-08 2.048263036415323382e+06
2.364729458917835788e-08 2.044776981131081237e+06
2.384769539078156347e-08 2.041296858962473692e+06
2.404809619238476905e-08 2.037822659811593592e+06
2.424849699398797463e-08 2.034354373597720638e+06
2.444889779559118021e-08 2.030891990257291356e+06
2.464929859719438910e-08 2.027435499743869761e+06
2.484969939879759468e-08 2.023984892028118949e+06
2.505010020040080026e-08 2.020540157097770832e+06
2.525050100200400915e-08 2.017101284957598196e+06
2.545090180360721474e-08 2.013668265629384900e+06
2.565130260521042032e-08 2.010241089151898166e+06
2.585170340681362590e-08 2.006819745580858085e+06
2.605210420841683148e-08 2.003404224988909438e+06
2.625250501002004037e-08 1.999994517465593293e+06
2.645290581162324595e-08 1.996590613117317669e+06
2.665330661322645153e-08 1.993192502067329362e+06
2.685370741482966042e-08 1.989800174455684144e+06
2.705410821643286601e-08 1.986413620439220220e+06
2.725450901803607159e-08 1.983032830191527260e+06
2.745490981963927717e-08 1.979657793902919628e+06
2.765531062124248275e-08 1.976288501780407969e+06
2.785571142284569164e-08 1.972924944047668716e+06
2.805611222444889722e-08 1.969567110945018241e+06
2.825651302605210280e-08 1.966214992729383521e+06
2.845691382765531169e-08 1.962868579674272798e+06
2.865731462925851728e-08 1.959527862069749739e+06
2.885771543086172286e-08 1.956192830222403165e+06
2.905811623246492844e-08 1.952863474455319811e+06
2.925851703406813402e-08 1.949539785108055687e+06
2.945891783567134291e-08 1.946221752536608838e+06
2.965931863727454849e-08 1.942909367113391403e+06
2.985971943887775738e-08 1.939602619227200514e+06
3.006012024048096296e-08 1.936301499283191515e+06
3.026052104208416855e-08 1.933005997702850029e+06
3.046092184368737413e-08 1.929716104923963081e+06
3.066132264529057971e-08 1.926431811400592560e+06
3.086172344689378529e-08 1.923153107603047974e+06
3.106212424849699087e-08 1.919879984017857118e+06
3.126252505010020307e-08 1.916612431147738593e+06
3.146292585170340865e-08 1.913350439511576435e+06
3.166332665330661423e-08 1.910093999644390307e+06
3.186372745490981982e-08 1.906843102097309195e+06
3.206412825651302540e-08 1.903597737437543459e+06
3.226452905811623098e-08 1.900357896248357138e+06
3.246492985971943656e-08 1.897123569129042793e+06
3.266533066132264214e-08 1.893894746694890549e+06
3.286573146292584772e-08 1.890671419577164110e+06
3.306613226452905992e-08 1.887453578423071885e+06
3.326653306613226550e-08 1.884241213895740919e+06
3.346693386773547109e-08 1.881034316674188944e+06
3.366733466933867667e-08 1.877832877453297377e+06
3.386773547094188225e-08 1.874636886943784310e+06
3.406813627254508783e-08 1.871446335872178432e+06
3.426853707414829341e-08 1.868261214980790857e+06
3.446893787575150561e-08 1.865081515027689748e+06
3.466933867735471119e-08 1.861907226786672138e+06
3.486973947895791677e-08 1.858738341047236929e+06
3.507014028056112235e-08 1.855574848614560440e+06
3.527054108216432794e-08 1.852416740309466608e+06
3.547094188376753352e-08 1.849264006968403235e+06
3.567134268537073910e-08 1.846116639443413122e+06
3.587174348697394468e-08 1.842974628602109151e+06
3.607214428857715026e-08 1.839837965327647049e+06
3.627254509018036246e-08 1.836706640518698143e+06
3.647294589178356804e-08 1.833580645089425379e+06
3.667334669338677362e-08 1.830459969969453989e+06
3.687374749498997921e-08 1.827344606103847502e+06
3.707414829659318479e-08 1.824234544453080045e+06
3.727454909819639037e-08 1.821129775993010961e+06
3.747494989979959595e-08 1.818030291714858031e+06
3.767535070140280815e-08 1.814936082625171402e+06
3.787575150300601373e-08 1.811847139745808672e+06
3.807615230460921931e-08 1.808763454113906715e+06
3.827655310621242489e-08 1.805685016781857237e+06
3.847695390781563048e-08 1.802611818817280466e+06
3.867735470941883606e-08 1.799543851302999072e+06
3.887775551102204164e-08 1.796481105337012792e+06
3.907815631262524722e-08 1.793423572032471187e+06
3.927855711422845280e-08 1.790371242517649662e+06
3.947895791583166500e-08 1.787324107935922919e+06
3.967935871743487058e-08 1.784282159445738653e+06
3.987975951903807616e-08 1.781245388220593333e+06
4.008016032064128175e-08 1.778213785449005198e+06
4.028056112224448733e-08 1.775187342334489105e+06
4.048096192384769291e-08 1.772166050095531857e+06
4.068136272545089849e-08 1.769149899965564953e+06
4.088176352705411069e-08 1.766138883192941546e+06
4.108216432865731627e-08 1.763132991040908266e+06
4.128256513026052185e-08 1.760132214787582634e+06
4.148296593186372743e-08 1.757136545725925593e+06
4.168336673346693302e-08 1.754145975163717289e+06
4.188376753507013860e-08 1.751160494423532160e+06
4.208416833667334418e-08 1.748180094842711929e+06
4.228456913827654976e-08 1.745204767773343716e+06
4.248496993987975534e-08 1.742234504582230933e+06
4.268537074148296754e-08 1.739269296650871867e+06
4.288577154308617312e-08 1.736309135375432903e+06
4.308617234468937870e-08 1.733354012166723143e+06
4.328657314629258429e-08 1.730403918450170429e+06
4.348697394789578987e-08 1.727458845665795961e+06
4.368737474949899545e-08 1.724518785268190317e+06
4.388777555110220103e-08 1.721583728726487607e+06
4.408817635270541323e-08 1.718653667524340563e+06
4.428857715430861881e-08 1.715728593159897020e+06
4.448897795591182439e-08 1.712808497145775007e+06
4.468937875751502997e-08 1.709893371009036200e+06
4.488977955911823556e-08 1.706983206291164504e+06
4.509018036072144114e-08 1.704077994548038812e+06
4.529058116232464672e-08 1.701177727349910187e+06
4.549098196392785230e-08 1.698282396281375783e+06
4.569138276553105788e-08 1.695391992941357195e+06
4.589178356713427008e-08 1.692506508943072055e+06
4.609218436873747566e-08 1.689625935914013768e+06
4.629258517034068124e-08 1.686750265495924046e+06
4.649298597194388683e-08 1.683879489344771486e+06
4.669338677354709241e-08 1.681013599130724324e+06
4.689378757515029799e-08 1.678152586538128322e+06
4.709418837675350357e-08 1.675296443265483016e+06
4.729458917835671577e-08 1.672445161025415407e+06
4.749498997995992135e-08 1.669598731544658076e+06
4.769539078156312693e-08 1.666757146564024268e+06
4.789579158316633251e-08 1.663920397838383680e+06
4.809619238476953810e-08 1.661088477136639180e+06
4.829659318637274368e-08 1.658261376241702354e+06
4.849699398797594926e-08 1.655439086950469762e+06
4.869739478957915484e-08 1.652621601073800121e+06
4.889779559118236042e-08 1.649808910436489154e+06
4.909819639278557262e-08 1.647001006877245614e+06
4.929859719438877820e-08 1.644197882248670328e+06
4.949899799599198378e-08 1.641399528417228721e+06
4.969939879759518937e-08 1.638605937263230328e+06
4.989979959919839495e-08 1.635817100680803880e+06
5.010020040080160053e-08 1.633033010577873792e+06
5.030060120240480611e-08 1.630253658876135945e+06
5.050100200400801831e-08 1.627479037511036964e+06
5.070140280561122389e-08 1.624709138431747910e+06
5.090180360721442947e-08 1.621943953601142159e+06
5.110220440881763505e-08 1.619183474995771423e+06
5.130260521042084063e-08 1.616427694605843863e+06
5.150300601202404622e-08 1.613676604435199872e+06
5.170340681362725180e-08 1.610930196501288097e+06
5.190380761523045738e-08 1.608188462835144019e+06
5.210420841683366296e-08 1.605451395481365500e+06
5.230460921843687516e-08 1.602718986498089973e+06
5.250501002004008074e-08 1.599991227956972783e+06
5.270541082164328632e-08 1.597268111943161115e+06
5.290581162324649190e-08 1.594549630555274663e+06
5.310621242484969749e-08 1.591835775905380026e+06
5.330661322645290307e-08 1.589126540118968347e+06
5.350701402805610865e-08 1.586421915334933437e+06
5.370741482965932085e-08 1.583721893705548253e+06
5.390781563126252643e-08 1.581026467396443011e+06
5.410821643286573201e-08 1.578335628586579813e+06
5.430861723446893759e-08 1.575649369468233781e+06
5.450901803607214317e-08 1.572967682246967452e+06
5.470941883767534876e-08 1.570290559141608886e+06
5.490981963927855434e-08 1.567617992384230020e+06
5.511022044088175992e-08 1.564949974220123608e+06
5.531062124248496550e-08 1.562286496907779947e+06
5.551102204408817770e-08 1.559627552718864987e+06
5.571142284569138328e-08 1.556973133938198676e+06
5.591182364729458886e-08 1.554323232863731682e+06
5.611222444889779444e-08 1.551677841806522571e+06
5.631262525050100003e-08 1.549036953090716852e+06
5.651302605210420561e-08 1.546400559053523699e+06
5.671342685370741119e-08 1.543768652045194292e+06
5.691382765531062339e-08 1.541141224428999005e+06
5.711422845691382897e-08 1.538518268581205746e+06
5.731462925851703455e-08 1.535899776891057845e+06
5.751503006012024013e-08 1.533285741760751698e+06
5.771543086172344571e-08 1.530676155605414649e+06
5.791583166332665130e-08 1.528071010853083106e+06
5.811623246492985688e-08 1.525470299944681115e+06
5.831663326653306246e-08 1.522874015333997784e+06
5.851703406813626804e-08 1.520282149487665622e+06
5.871743486973948024e-08 1.517694694885137491e+06
5.891783567134268582e-08 1.515111644018667750e+06
5.911823647294589140e-08 1.512532989393287338e+06
5.931863727454909698e-08 1.509958723526783520e+06
5.951903807615230257e-08 1.507388838949678699e+06
5.971943887775551476e-08 1.504823328205206664e+06
5.991983967935872035e-08 1.502262183849293506e+06
6.012024048096192593e-08 1.499705398450534325e+06
6.032064128256513151e-08 1.497152964590171818e+06
6.052104208416833709e-08 1.494604874862076016e+06
6.072144288577154267e-08 1.492061121872720774e+06
6.092184368737474825e-08 1.489521698241164442e+06
6.112224448897795384e-08 1.486986596599026350e+06
6.132264529058115942e-08 1.484455809590467485e+06
6.152304609218436500e-08 1.481929329872167902e+06
6.172344689378757058e-08 1.479407150113304611e+06
6.192384769539077616e-08 1.476889262995532947e+06
6.212424849699398174e-08 1.474375661212962819e+06
6.232464929859718732e-08 1.471866337472138461e+06
6.252505010020040614e-08 1.469361284492017934e+06
6.272545090180361172e-08 1.466860495003950782e+06
6.292585170340681730e-08 1.464363961751656840e+06
6.312625250501002289e-08 1.461871677491207607e+06
6.332665330661322847e-08 1.459383634991001571e+06
6.352705410821643405e-08 1.456899827031746274e+06
6.372745490981963963e-08 1.454420246406435734e+06
6.392785571142284521e-08 1.451944885920329718e+06
6.412825651302605079e-08 1.449473738390933722e+06
6.432865731462925638e-08 1.447006796647977084e+06
6.452905811623246196e-08 1.444544053533393191e+06
6.472945891783566754e-08 1.442085501901297132e+06
6.492985971943887312e-08 1.439631134617967065e+06
6.513026052104207870e-08 1.437180944561821874e+06
6.533066132264528428e-08 1.434734924623401137e+06
6.553106212424848986e-08 1.432293067705344642e+06
6.573146292585169545e-08 1.429855366722371196e+06
6.593186372745491426e-08 1.427421814601258840e+06
6.613226452905811984e-08 1.424992404280823655e+06
6.633266533066132543e-08 1.422567128711899510e+06
6.653306613226453101e-08 1.420145980857318267e+06
6.673346693386773659e-08 1.417728953691887669e+06
6.693386773547094217e-08 1.415316040202373173e+06
6.713426853707414775e-08 1.412907233387475600e+06
6.733466933867735333e-08 1.410502526257811813e+06
6.753507014028055891e-08 1.408101911835895153e+06
6.773547094188376450e-08 1.405705383156112861e+06
6.793587174348697008e-08 1.403312933264708845e+06
6.813627254509017566e-08 1.400924555219760863e+06
6.833667334669338124e-08 1.398540242091162130e+06
6.853707414829658682e-08 1.396159986960600363e+06
6.873747494989979240e-08 1.393783782921538455e+06
6.893787575150301122e-08 1.391411623079193057e+06
6.913827655310621680e-08 1.389043500550516183e+06
6.933867735470942238e-08 1.386679408464174252e+06
6.953907815631262797e-08 1.384319339960528072e+06
6.973947895791583355e-08 1.381963288191613741e+06
6.993987975951903913e-08 1.379611246321122395e+06
7.014028056112224471e-08 1.377263207524379250e+06
7.034068136272545029e-08 1.374919164988326374e+06
7.054108216432865587e-08 1.372579111911499873e+06
7.074148296593186145e-08 1.370243041504012886e+06
7.094188376753506704e-08 1.367910946987533942e+06
7.114228456913827262e-08 1.365582821595267626e+06
7.134268537074147820e-08 1.363258658571936423e+06
7.154308617234468378e-08 1.360938451173759298e+06
7.174348697394788936e-08 1.358622192668433068e+06
7.194388777555109494e-08 1.356309876335111912e+06
7.214428857715430053e-08 1.354001495464390377e+06
7.234468937875751934e-08 1.351697043358279858e+06
7.254509018036072492e-08 1.349396513330193004e+06
7.274549098196393050e-08 1.347099898704922292e+06
7.294589178356713609e-08 1.344807192818621174e+06
7.314629258517034167e-08 1.342518389018784743e+06
7.334669338677354725e-08 1.340233480664229952e+06
7.354709418837675283e-08 1.337952461125076981e+06
7.374749498997995841e-08 1.335675323782730382e+06
7.394789579158316399e-08 1.333402062029858120e+06
7.414829659318636958e-08 1.331132669270374579e+06
7.434869739478957516e-08 1.328867138919420075e+06
7.454909819639278074e-08 1.326605464403341757e+06
7.474949899799598632e-08 1.324347639159674989e+06
7.494989979959919190e-08 1.322093656637124717e+06
7.515030060120239748e-08 1.319843510295544984e+06
7.535070140280561630e-08 1.317597193605921464e+06
7.555110220440882188e-08 1.315354700050351908e+06
7.575150300601202746e-08 1.313116023122027051e+06
7.595190380761523304e-08 1.310881156325212447e+06
7.615230460921843863e-08 1.308650093175228219e+06
7.635270541082164421e-08 1.306422827198431827e+06
7.655310621242484979e-08 1.304199351932198508e+06
7.675350701402805537e-08 1.301979660924902186e+06
7.695390781563126095e-08 1.299763747735897545e+06
7.715430861723446653e-08 1.297551605935501168e+06
7.735470941883767212e-08 1.295343229104972444e+06
7.755511022044087770e-08 1.293138610836494714e+06
7.775551102204408328e-08 1.290937744733158033e+06
7.795591182364728886e-08 1.288740624408938922e+06
7.815631262525049444e-08 1.286547243488683132e+06
7.835671342685370002e-08 1.284357595608086791e+06
7.855711422845690560e-08 1.282171674413677072e+06
7.875751503006012442e-08 1.279989473562794970e+06
7.895791583166333000e-08 1.277810986723576905e+06
7.915831663326653558e-08 1.275636207574934699e+06
7.935871743486974117e-08 1.273465129806539509e+06
7.955911823647294675e-08 1.271297747118801344e+06
7.975951903807615233e-08 1.269134053222852992e+06
7.995991983967935791e-08 1.266974041840529535e+06
8.016032064128256349e-08 1.264817706704352284e+06
8.036072144288576907e-08 1.262665041557508288e+06
8.056112224448897466e-08 1.260516040153834736e+06
8.076152304609218024e-08 1.258370696257798700e+06
8.096192384769538582e-08 1.256229003644479439e+06
8.116232464929859140e-08 1.254090956099552335e+06
8.136272545090179698e-08 1.251956547419267707e+06
8.156312625250500256e-08 1.249825771410434972e+06
8.176352705410822138e-08 1.247698621890404262e+06
8.196392785571142696e-08 1.245575092687048251e+06
8.216432865731463254e-08 1.243455177638744004e+06
8.236472945891783812e-08 1.241338870594355511e+06
8.256513026052104371e-08 1.239226165413216455e+06
8.276553106212424929e-08 1.237117055965110427e+06
8.296593186372745487e-08 1.235011536130255088e+06
8.316633266533066045e-08 1.232909599799283780e+06
8.336673346693386603e-08 1.230811240873227594e+06
8.356713426853707161e-08 1.228716453263497679e+06
8.376753507014027719e-08 1.226625230891867541e+06
8.396793587174348278e-08 1.224537567690456286e+06
8.416833667334668836e-08 1.222453457601709524e+06
8.436873747494989394e-08 1.220372894578382839e+06
8.456913827655309952e-08 1.218295872583524091e+06
8.476953907815630510e-08 1.216222385590455495e+06
8.496993987975951068e-08 1.214152427582756849e+06
8.517034068136272950e-08 1.212085992554246914e+06
8.537074148296593508e-08 1.210023074508967577e+06
8.557114228456914066e-08 1.207963667461165227e+06
8.577154308617234625e-08 1.205907765435273526e+06
8.597194388777555183e-08 1.203855362465896178e+06
8.617234468937875741e-08 1.201806452597790631e+06
8.637274549098196299e-08 1.199761029885848751e+06
8.657314629258516857e-08 1.197719088395081460e+06
8.677354709418837415e-08 1.195680622200600570e+06
8.697394789579157973e-08 1.193645625387601787e+06
8.717434869739478532e-08 1.191614092051347718e+06
8.737474949899799090e-08 1.189586016297150170e+06
8.757515030060119648e-08 1.187561392240353627e+06
8.777555110220440206e-08 1.185540214006318478e+06
8.797595190380760764e-08 1.183522475730402861e+06
8.817635270541082646e-08 1.181508171557946363e+06
8.837675350701403204e-08 1.179497295644253725e+06
8.857715430861723762e-08 1.177489842154575745e+06
8.877755511022044320e-08 1.175485805264095077e+06
8.897795591182364878e-08 1.173485179157907143e+06
8.917835671342685437e-08 1.171487958031004062e+06
8.937875751503005995e-08 1.169494136088258354e+06
8.957915831663326553e-08 1.167503707544404780e+06
8.977955911823647111e-08 1.165516666624025675e+06
8.997995991983967669e-08 1.163533007561531616e+06
9.018036072144288227e-08 1.161552724601146532e+06
9.038076152304608786e-08 1.159575811996890232e+06
9.058116232464929344e-08 1.157602264012562111e+06
9.078156312625249902e-08 1.155632074921724154e+06
9.098196392785570460e-08 1.153665239007685101e+06
9.118236472945891018e-08 1.151701750563482288e+06
9.138276553106211576e-08 1.149741603891866514e+06
9.158316633266533458e-08 1.147784793305285275e+06
9.178356713426854016e-08 1.145831313125866000e+06
9.198396793587174574e-08 1.143881157685399055e+06
9.218436873747495132e-08 1.141934321325322613e+06
9.238476953907815691e-08 1.139990798396704718e+06
9.258517034068136249e-08 1.138050583260228159e+06
9.278557114228456807e-08 1.136113670286173699e+06
9.298597194388777365e-08 1.134180053854403319e+06
9.318637274549097923e-08 1.132249728354343912e+06
9.338677354709418481e-08 1.130322688184972387e+06
9.358717434869739040e-08 1.128398927754797274e+06
9.378757515030059598e-08 1.126478441481844289e+06
9.398797595190380156e-08 1.124561223793638870e+06
9.418837675350700714e-08 1.122647269127191044e+06
9.438877755511021272e-08 1.120736571928978665e+06
9.458917835671343154e-08 1.118829126654931111e+06
9.478957915831663712e-08 1.116924927770414157e+06
9.498997995991984270e-08 1.115023969750212505e+06
9.519038076152304828e-08 1.113126247078515589e+06
9.539078156312625386e-08 1.111231754248899408e+06
9.559118236472945945e-08 1.109340485764312325e+06
9.579158316633266503e-08 1.107452436137058074e+06
9.599198396793587061e-08 1.105567599888780620e+06
9.619238476953907619e-08 1.103685971550447633e+06
9.639278557114228177e-08 1.101807545662334654e+06
9.659318637274548735e-08 1.099932316774009727e+06
9.679358717434869294e-08 1.098060279444317333e+06
9.699398797595189852e-08 1.096191428241362097e+06
9.719438877755510410e-08 1.094325757742494112e+06
9.739478957915830968e-08 1.092463262534292182e+06
9.759519038076151526e-08 1.090603937212548917e+06
9.779559118236472084e-08 1.088747776382253971e+06
9.799599198396793966e-08 1.086894774657579605e+06
9.819639278557114524e-08 1.085044926661864389e+06
9.839679358717435082e-08 1.083198227027597837e+06
9.859719438877755640e-08 1.081354670396404807e+06
9.879759519038076199e-08 1.079514251419029431e+06
9.899799599198396757e-08 1.077676964755320456e+06
9.919839679358717315e-08 1.075842805074214935e+06
9.939879759519037873e-08 1.074011767053723801e+06
9.959919839679358431e-08 1.072183845380915562e+06
9.979959919839678989e-08 1.070359034751900472e+06
9.999999999999999547e-08 1.068537329871816793e+06
---------------
