field_vs_length
---------------
0.000000000000000000e+00 2.500000000000000000e+06
1.001251564455569429e-04 2.500000000000000000e+06
2.002503128911138858e-04 2.500000000000000000e+06
3.003754693366708422e-04 2.500000000000000000e+06
4.005006257822277716e-04 2.500000000000000000e+06
5.006257822277847009e-04 2.500000000000000000e+06
6.007509386733416844e-04 2.500000000000000000e+06
7.008760951188985596e-04 2.500000000000000000e+06
8.010012515644555431e-04 2.500000000000000000e+06
9.011264080100125267e-04 2.500000000000000000e+06
1.001251564455569402e-03 2.500000000000000000e+06
1.101376720901126385e-03 2.500000000000000000e+06
1.201501877346683369e-03 2.500000000000000000e+06
1.301627033792240352e-03 2.500000000000000000e+06
1.401752190237797119e-03 2.500000000000000000e+06
1.501877346683354103e-03 2.500000000000000000e+06
1.602002503128911086e-03 2.500000000000000000e+06
1.702127659574468070e-03 2.500000000000000000e+06
1.802252816020025053e-03 2.500000000000000000e+06
1.902377972465581820e-03 2.500000000000000000e+06
2.002503128911138804e-03 2.500000000000000000e+06
2.102628285356695787e-03 2.500000000000000000e+06
2.202753441802252771e-03 2.500000000000000000e+06
2.302878598247809754e-03 2.500000000000000000e+06
2.403003754693366738e-03 2.500000000000000000e+06
2.503128911138923721e-03 2.500000000000000000e+06
2.603254067584480705e-03 2.500000000000000000e+06
2.703379224030037255e-03 2.500000000000000000e+06
2.803504380475594238e-03 2.500000000000000000e+06
2.903629536921151222e-03 2.500000000000000000e+06
3.003754693366708205e-03 2.500000000000000000e+06
3.103879849812265189e-03 2.500000000000000000e+06
3.204005006257822172e-03 2.500000000000000000e+06
3.304130162703379156e-03 2.500000000000000000e+06
3.404255319148936140e-03 2.500000000000000000e+06
3.504380475594493123e-03 2.500000000000000000e+06
3.604505632040050107e-03 2.500000000000000000e+06
3.704630788485607090e-03 2.500000000000000000e+06
3.804755944931163640e-03 2.500000000000000000e+06
3.904881101376720624e-03 2.500000000000000000e+06
4.005006257822277607e-03 2.500000000000000000e+06
4.105131414267835024e-03 2.500000000000000000e+06
4.205256570713391574e-03 2.500000000000000000e+06
4.305381727158948124e-03 2.500000000000000000e+06
4.405506883604505541e-03 2.500000000000000000e+06
4.505632040050062091e-03 2.500000000000000000e+06
4.605757196495619508e-03 2.500000000000000000e+06
4.705882352941176058e-03 2.500000000000000000e+06
4.806007509386733476e-03 2.500000000000000000e+06
4.906132665832290025e-03 2.500000000000000000e+06
5.006257822277847443e-03 2.500000000000000000e+06
5.106382978723403993e-03 2.500000000000000000e+06
5.206508135168961410e-03 2.500000000000000000e+06
5.306633291614517960e-03 2.500000000000000000e+06
5.406758448060074509e-03 2.500000000000000000e+06
5.506883604505631927e-03 2.500000000000000000e+06
5.607008760951188477e-03 2.500000000000000000e+06
5.707133917396745894e-03 2.500000000000000000e+06
5.807259073842302444e-03 2.500000000000000000e+06
5.907384230287859861e-03 2.500000000000000000e+06
6.007509386733416411e-03 2.500000000000000000e+06
6.107634543178973828e-03 2.500000000000000000e+06
6.207759699624530378e-03 2.500000000000000000e+06
6.307884856070087795e-03 2.500000000000000000e+06
6.408010012515644345e-03 2.500000000000000000e+06
6.508135168961200895e-03 2.500000000000000000e+06
6.608260325406758312e-03 2.500000000000000000e+06
6.708385481852314862e-03 2.500000000000000000e+06
6.808510638297872279e-03 2.500000000000000000e+06
6.908635794743428829e-03 2.500000000000000000e+06
7.008760951188986246e-03 2.500000000000000000e+06
7.108886107634542796e-03 2.500000000000000000e+06
7.209011264080100213e-03 2.500000000000000000e+06
7.309136420525656763e-03 2.500000000000000000e+06
7.409261576971214180e-03 2.500000000000000000e+06
7.509386733416770730e-03 2.500000000000000000e+06
7.609511889862327280e-03 2.500000000000000000e+06
7.709637046307884697e-03 2.500000000000000000e+06
7.809762202753441247e-03 2.500000000000000000e+06
7.909887359198997797e-03 2.500000000000000000e+06
8.010012515644555214e-03 2.500000000000000000e+06
8.110137672090112632e-03 2.500000000000000000e+06
8.210262828535670049e-03 2.500000000000000000e+06
8.310387984981225731e-03 2.500000000000000000e+06
8.410513141426783149e-03 2.500000000000000000e+06
8.510638297872340566e-03 2.500000000000000000e+06
8.610763454317896248e-03 2.500000000000000000e+06
8.710888610763453666e-03 2.500000000000000000e+06
8.811013767209011083e-03 2.500000000000000000e+06
8.911138923654568500e-03 2.500000000000000000e+06
9.011264080100124182e-03 2.500000000000000000e+06
9.111389236545681600e-03 2.500000000000000000e+06
9.211514392991239017e-03 2.500000000000000000e+06
9.311639549436796434e-03 2.500000000000000000e+06
9.411764705882352117e-03 2.500000000000000000e+06
9.511889862327909534e-03 2.500000000000000000e+06
9.612015018773466951e-03 2.500000000000000000e+06
9.712140175219022634e-03 2.500000000000000000e+06
9.812265331664580051e-03 2.500000000000000000e+06
9.912390488110137468e-03 2.500000000000000000e+06
1.001251564455569489e-02 2.500000000000000000e+06
1.011264080100125057e-02 2.500000000000000000e+06
1.021276595744680799e-02 2.500000000000000000e+06
1.031289111389236540e-02 2.500000000000000000e+06
1.041301627033792282e-02 2.500000000000000000e+06
1.051314142678347850e-02 2.500000000000000000e+06
1.061326658322903592e-02 2.500000000000000000e+06
1.071339173967459334e-02 2.500000000000000000e+06
1.081351689612014902e-02 2.500000000000000000e+06
1.091364205256570644e-02 2.500000000000000000e+06
1.101376720901126385e-02 2.500000000000000000e+06
1.111389236545682127e-02 2.500000000000000000e+06
1.121401752190237695e-02 2.500000000000000000e+06
1.131414267834793437e-02 2.500000000000000000e+06
1.141426783479349179e-02 2.500000000000000000e+06
1.151439299123904920e-02 2.500000000000000000e+06
1.161451814768460489e-02 2.500000000000000000e+06
1.171464330413016230e-02 2.500000000000000000e+06
1.181476846057571972e-02 2.500000000000000000e+06
1.191489361702127540e-02 2.500000000000000000e+06
1.201501877346683282e-02 2.500000000000000000e+06
1.211514392991239024e-02 2.500000000000000000e+06
1.221526908635794766e-02 2.500000000000000000e+06
1.231539424280350334e-02 2.500000000000000000e+06
1.241551939924906076e-02 2.500000000000000000e+06
1.251564455569461817e-02 2.500000000000000000e+06
1.261576971214017559e-02 2.500000000000000000e+06
1.271589486858573127e-02 2.500000000000000000e+06
1.281602002503128869e-02 2.500000000000000000e+06
1.291614518147684611e-02 2.500000000000000000e+06
1.301627033792240179e-02 2.500000000000000000e+06
1.311639549436795921e-02 2.500000000000000000e+06
1.321652065081351662e-02 2.500000000000000000e+06
1.331664580725907404e-02 2.500000000000000000e+06
1.341677096370462972e-02 2.500000000000000000e+06
1.351689612015018714e-02 2.500000000000000000e+06
1.361702127659574456e-02 2.500000000000000000e+06
1.371714643304130198e-02 2.500000000000000000e+06
1.381727158948685766e-02 2.500000000000000000e+06
1.391739674593241508e-02 2.500000000000000000e+06
1.401752190237797249e-02 2.500000000000000000e+06
1.411764705882352818e-02 2.500000000000000000e+06
1.421777221526908559e-02 2.500000000000000000e+06
1.431789737171464301e-02 2.500000000000000000e+06
1.441802252816020043e-02 2.500000000000000000e+06
1.451814768460575611e-02 2.500000000000000000e+06
1.461827284105131353e-02 2.500000000000000000e+06
1.471839799749687094e-02 2.500000000000000000e+06
1.481852315394242836e-02 2.500000000000000000e+06
1.491864831038798404e-02 2.500000000000000000e+06
1.501877346683354146e-02 2.500000000000000000e+06
1.511889862327909888e-02 2.500000000000000000e+06
1.521902377972465456e-02 2.500000000000000000e+06
1.531914893617021198e-02 2.500000000000000000e+06
1.541927409261576939e-02 2.500000000000000000e+06
1.551939924906132681e-02 2.500000000000000000e+06
1.561952440550688249e-02 2.500000000000000000e+06
1.571964956195244165e-02 2.500000000000000000e+06
1.581977471839799559e-02 2.500000000000000000e+06
1.591989987484355301e-02 2.500000000000000000e+06
1.602002503128911043e-02 2.500000000000000000e+06
1.612015018773466785e-02 2.500000000000000000e+06
1.622027534418022526e-02 2.500000000000000000e+06
1.632040050062578268e-02 2.500000000000000000e+06
1.642052565707134010e-02 2.500000000000000000e+06
1.652065081351689405e-02 2.500000000000000000e+06
1.662077596996245146e-02 2.500000000000000000e+06
1.672090112640800888e-02 2.500000000000000000e+06
1.682102628285356630e-02 2.500000000000000000e+06
1.692115143929912371e-02 2.500000000000000000e+06
1.702127659574468113e-02 2.500000000000000000e+06
1.712140175219023855e-02 2.500000000000000000e+06
1.722152690863579250e-02 2.500000000000000000e+06
1.732165206508134991e-02 2.500000000000000000e+06
1.742177722152690733e-02 2.500000000000000000e+06
1.752190237797246475e-02 2.500000000000000000e+06
1.762202753441802217e-02 2.500000000000000000e+06
1.772215269086357958e-02 2.500000000000000000e+06
1.782227784730913700e-02 2.500000000000000000e+06
1.792240300375469442e-02 2.500000000000000000e+06
1.802252816020024836e-02 2.500000000000000000e+06
1.812265331664580578e-02 2.500000000000000000e+06
1.822277847309136320e-02 2.500000000000000000e+06
1.832290362953692062e-02 2.500000000000000000e+06
1.842302878598247803e-02 2.500000000000000000e+06
1.852315394242803545e-02 2.500000000000000000e+06
1.862327909887359287e-02 2.500000000000000000e+06
1.872340425531914682e-02 2.500000000000000000e+06
1.882352941176470423e-02 2.500000000000000000e+06
1.892365456821026165e-02 2.500000000000000000e+06
1.902377972465581907e-02 2.500000000000000000e+06
1.912390488110137649e-02 2.500000000000000000e+06
1.922403003754693390e-02 2.500000000000000000e+06
1.932415519399249132e-02 2.500000000000000000e+06
1.942428035043804527e-02 2.500000000000000000e+06
1.952440550688360268e-02 2.500000000000000000e+06
1.962453066332916010e-02 2.500000000000000000e+06
1.972465581977471752e-02 2.500000000000000000e+06
1.982478097622027494e-02 2.500000000000000000e+06
1.992490613266583235e-02 2.500000000000000000e+06
2.002503128911138977e-02 2.496665277972047217e+06
2.012515644555694719e-02 2.483381899084154051e+06
2.022528160200250114e-02 2.470186891620668583e+06
2.032540675844805855e-02 2.457079667665765621e+06
2.042553191489361597e-02 2.444059643214896321e+06
2.052565707133917339e-02 2.431126238148767967e+06
2.062578222778473080e-02 2.418278876207493246e+06
2.072590738423028822e-02 2.405516984964917414e+06
2.082603254067584564e-02 2.392839995803111698e+06
2.092615769712139959e-02 2.380247343887038995e+06
2.102628285356695700e-02 2.367738468139384873e+06
2.112640801001251442e-02 2.355312811215562746e+06
2.122653316645807184e-02 2.342969819478875492e+06
2.132665832290362926e-02 2.330708942975851707e+06
2.142678347934918667e-02 2.318529635411740281e+06
2.152690863579474409e-02 2.306431354126170278e+06
2.162703379224029804e-02 2.294413560068971477e+06
2.172715894868585546e-02 2.282475717776156962e+06
2.182728410513141287e-02 2.270617295346064493e+06
2.192740926157697029e-02 2.258837764415658079e+06
2.202753441802252771e-02 2.247136600136987865e+06
2.212765957446808512e-02 2.235513281153799035e+06
2.222778473091364254e-02 2.223967289578310214e+06
2.232790988735919996e-02 2.212498110968131106e+06
2.242803504380475391e-02 2.201105234303347766e+06
2.252816020025031132e-02 2.189788151963748038e+06
2.262828535669586874e-02 2.178546359706206247e+06
2.272841051314142616e-02 2.167379356642218307e+06
2.282853566958698358e-02 2.156286645215581171e+06
2.292866082603254099e-02 2.145267731180223636e+06
2.302878598247809841e-02 2.134322123578188010e+06
2.312891113892365236e-02 2.123449334717751481e+06
2.322903629536920977e-02 2.112648880151697434e+06
2.332916145181476719e-02 2.101920278655732982e+06
2.342928660826032461e-02 2.091263052207042929e+06
2.352941176470588203e-02 2.080676725962996483e+06
2.362953692115143944e-02 2.070160828239985509e+06
2.372966207759699686e-02 2.059714890492410632e+06
2.382978723404255081e-02 2.049338447291804478e+06
2.392991239048810823e-02 2.039031036306092981e+06
2.403003754693366564e-02 2.028792198278997559e+06
2.413016270337922306e-02 2.018621477009571157e+06
2.423028785982478048e-02 2.008518419331872137e+06
2.433041301627033789e-02 1.998482575094772968e+06
2.443053817271589531e-02 1.988513497141903965e+06
2.453066332916145273e-02 1.978610741291728802e+06
2.463078848560700668e-02 1.968773866317754844e+06
2.473091364205256409e-02 1.959002433928871527e+06
2.483103879849812151e-02 1.949296008749824716e+06
2.493116395494367893e-02 1.939654158301817253e+06
2.503128911138923635e-02 1.930076452983238501e+06
2.513141426783479376e-02 1.920562466050523799e+06
2.523153942428035118e-02 1.911111773599140579e+06
2.533166458072590513e-02 1.901723954544700915e+06
2.543178973717146255e-02 1.892398590604198398e+06
2.553191489361701996e-02 1.883135266277374001e+06
2.563204005006257738e-02 1.873933568828199757e+06
2.573216520650813480e-02 1.864793088266491890e+06
2.583229036295369221e-02 1.855713417329641059e+06
2.593241551939924963e-02 1.846694151464467403e+06
2.603254067584480358e-02 1.837734888809195952e+06
2.613266583229036100e-02 1.828835230175549164e+06
2.623279098873591841e-02 1.819994779030963080e+06
2.633291614518147583e-02 1.811213141480918741e+06
2.643304130162703325e-02 1.802489926251390483e+06
2.653316645807259067e-02 1.793824744671414141e+06
2.663329161451814808e-02 1.785217210655768635e+06
2.673341677096370203e-02 1.776666940687774215e+06
2.683354192740925945e-02 1.768173553802202689e+06
2.693366708385481686e-02 1.759736671568305930e+06
2.703379224030037428e-02 1.751355918072952423e+06
2.713391739674593170e-02 1.743030919903878355e+06
2.723404255319148912e-02 1.734761306133051170e+06
2.733416770963704653e-02 1.726546708300141385e+06
2.743429286608260395e-02 1.718386760396105470e+06
2.753441802252815790e-02 1.710281098846878856e+06
2.763454317897371532e-02 1.702229362497174647e+06
2.773466833541927273e-02 1.694231192594395252e+06
2.783479349186483015e-02 1.686286232772644842e+06
2.793491864831038757e-02 1.678394129036852159e+06
2.803504380475594499e-02 1.670554529746998101e+06
2.813516896120150240e-02 1.662767085602448322e+06
2.823529411764705635e-02 1.655031449626389425e+06
2.833541927409261377e-02 1.647347277150367852e+06
2.843554443053817118e-02 1.639714225798936328e+06
2.853566958698372860e-02 1.632131955474394839e+06
2.863579474342928602e-02 1.624600128341640579e+06
2.873591989987484344e-02 1.617118408813113580e+06
2.883604505632040085e-02 1.609686463533844100e+06
2.893617021276595480e-02 1.602303961366601987e+06
2.903629536921151222e-02 1.594970573377138702e+06
2.913642052565706964e-02 1.587685972819535062e+06
2.923654568210262705e-02 1.580449835121641401e+06
2.933667083854818447e-02 1.573261837870615069e+06
2.943679599499374189e-02 1.566121660798556171e+06
2.953692115143929930e-02 1.559028985768237151e+06
2.963704630788485672e-02 1.551983496758928057e+06
2.973717146433041067e-02 1.544984879852316342e+06
2.983729662077596809e-02 1.538032823218519334e+06
2.993742177722152550e-02 1.531127017102190293e+06
3.003754693366708292e-02 1.524267153808717383e+06
3.013767209011264034e-02 1.517452927690514596e+06
3.023779724655819776e-02 1.510684035133402562e+06
3.033792240300375517e-02 1.503960174543079687e+06
3.043804755944930912e-02 1.497281046331687365e+06
3.053817271589486654e-02 1.490646352904457599e+06
3.063829787234042396e-02 1.484055798646457493e+06
3.073842302878598137e-02 1.477509089909414761e+06
3.083854818523153879e-02 1.471005934998635203e+06
3.093867334167709621e-02 1.464546044160006102e+06
3.103879849812265362e-02 1.458129129567085998e+06
3.113892365456820757e-02 1.451754905308279209e+06
3.123904881101376499e-02 1.445423087374097435e+06
3.133917396745932588e-02 1.439133393644506577e+06
3.143929912390488329e-02 1.432885543876355514e+06
3.153942428035043377e-02 1.426679259690889157e+06
3.163954943679599119e-02 1.420514264561345568e+06
3.173967459324154861e-02 1.414390283800635254e+06
3.183979974968710602e-02 1.408307044549102429e+06
3.193992490613266344e-02 1.402264275762366597e+06
3.204005006257822086e-02 1.396261708199247019e+06
3.214017521902377827e-02 1.390299074409765191e+06
3.224030037546933569e-02 1.384376108723229496e+06
3.234042553191489311e-02 1.378492547236397164e+06
3.244055068836045053e-02 1.372648127801716560e+06
3.254067584480600794e-02 1.366842590015646303e+06
3.264080100125156536e-02 1.361075675207053311e+06
3.274092615769712278e-02 1.355347126425686292e+06
3.284105131414268020e-02 1.349656688430729555e+06
3.294117647058823761e-02 1.344004107679427369e+06
3.304130162703378809e-02 1.338389132315789815e+06
3.314142678347934551e-02 1.332811512159368722e+06
3.324155193992490293e-02 1.327270998694113223e+06
3.334167709637046034e-02 1.321767345057294704e+06
3.344180225281601776e-02 1.316300306028509047e+06
3.354192740926157518e-02 1.310869638018749654e+06
3.364205256570713259e-02 1.305475099059554748e+06
3.374217772215269001e-02 1.300116448792225681e+06
3.384230287859824743e-02 1.294793448457118124e+06
3.394242803504380485e-02 1.289505860883003101e+06
3.404255319148936226e-02 1.284253450476501370e+06
3.414267834793491968e-02 1.279035983211583458e+06
3.424280350438047710e-02 1.273853226619145367e+06
3.434292866082603451e-02 1.268704949776648544e+06
3.444305381727158499e-02 1.263590923297832254e+06
3.454317897371714241e-02 1.258510919322492322e+06
3.464330413016269983e-02 1.253464711506328546e+06
3.474342928660825724e-02 1.248452075010860804e+06
3.484355444305381466e-02 1.243472786493409891e+06
3.494367959949937208e-02 1.238526624097146560e+06
3.504380475594492950e-02 1.233613367441207170e+06
3.514392991239048691e-02 1.228732797610873589e+06
3.524405506883604433e-02 1.223884697147819679e+06
3.534418022528160175e-02 1.219068850040422287e+06
3.544430538172715917e-02 1.214285041714136489e+06
3.554443053817271658e-02 1.209533059021934401e+06
3.564455569461827400e-02 1.204812690234810114e+06
3.574468085106383142e-02 1.200123725032343064e+06
3.584480600750938883e-02 1.195465954493330326e+06
3.594493116395493931e-02 1.190839171086475253e+06
3.604505632040049673e-02 1.186243168661141302e+06
3.614518147684605415e-02 1.181677742438167566e+06
3.624530663329161156e-02 1.177142689000744838e+06
3.634543178973716898e-02 1.172637806285350583e+06
3.644555694618272640e-02 1.168162893572747707e+06
3.654568210262828382e-02 1.163717751479040133e+06
3.664580725907384123e-02 1.159302181946788915e+06
3.674593241551939865e-02 1.154915988236189354e+06
3.684605757196495607e-02 1.150558974916302133e+06
3.694618272841051348e-02 1.146230947856348474e+06
3.704630788485607090e-02 1.141931714217059081e+06
3.714643304130162832e-02 1.137661082442082465e+06
3.724655819774718574e-02 1.133418862249449128e+06
3.734668335419274315e-02 1.129204864623095142e+06
3.744680851063829363e-02 1.125018901804438327e+06
3.754693366708385105e-02 1.120860787284013582e+06
3.764705882352940847e-02 1.116730335793163162e+06
3.774718397997496588e-02 1.112627363295780262e+06
3.784730913642052330e-02 1.108551686980111524e+06
3.794743429286608072e-02 1.104503125250609126e+06
3.804755944931163814e-02 1.100481497719842009e+06
3.814768460575719555e-02 1.096486625200456008e+06
3.824780976220275297e-02 1.092518329697192647e+06
3.834793491864831039e-02 1.088576434398956597e+06
3.844806007509386780e-02 1.084660763670937624e+06
3.854818523153942522e-02 1.080771143046786543e+06
3.864831038798498264e-02 1.076907399220840540e+06
3.874843554443054006e-02 1.073069360040401109e+06
3.884856070087609053e-02 1.069256854498064844e+06
3.894868585732164795e-02 1.065469712724102428e+06
3.904881101376720537e-02 1.061707765978891402e+06
3.914893617021276279e-02 1.057970846645397600e+06
3.924906132665832020e-02 1.054258788221705472e+06
3.934918648310387762e-02 1.050571425313601270e+06
3.944931163954943504e-02 1.046908593627202557e+06
3.954943679599499246e-02 1.043270129961638362e+06
3.964956195244054987e-02 1.039655872201777296e+06
3.974968710888610729e-02 1.036065659311004914e+06
3.984981226533166471e-02 1.032499331324048107e+06
3.994993742177722212e-02 1.028956729339847923e+06
4.005006257822277954e-02 1.025437695514479652e+06
4.015018773466833696e-02 1.021942073054119479e+06
4.025031289111389438e-02 1.018469706208058866e+06
4.035043804755944485e-02 1.015020440261765150e+06
4.045056320400500227e-02 1.011594121529986965e+06
4.055068836045055969e-02 1.008190597349908203e+06
4.065081351689611711e-02 1.004809716074344469e+06
4.075093867334167452e-02 1.001451327064987738e+06
4.085106382978723194e-02 9.981152806856934913e+05
4.095118898623278936e-02 9.948014282958137337e+05
4.105131414267834677e-02 9.915096222435745876e+05
4.115143929912390419e-02 9.882397158594970824e+05
4.125156445556946161e-02 9.849915634498621803e+05
4.135168961201501903e-02 9.817650202902196907e+05
4.145181476846057644e-02 9.785599426189395599e+05
4.155193992490613386e-02 9.753761876308062347e+05
4.165206508135169128e-02 9.722136134706566809e+05
4.175219023779724176e-02 9.690720792270591483e+05
4.185231539424279917e-02 9.659514449260340771e+05
4.195244055068835659e-02 9.628515715248195920e+05
4.205256570713391401e-02 9.597723209056744818e+05
4.215269086357947143e-02 9.567135558697243687e+05
4.225281602002502884e-02 9.536751401308499044e+05
4.235294117647058626e-02 9.506569383096128004e+05
4.245306633291614368e-02 9.476588159272249322e+05
4.255319148936170109e-02 9.446806393995564431e+05
4.265331664580725851e-02 9.417222760311833117e+05
4.275344180225281593e-02 9.387835940094753169e+05
4.285356695869837335e-02 9.358644623987232335e+05
4.295369211514393076e-02 9.329647511343039805e+05
4.305381727158948818e-02 9.300843310168865137e+05
4.315394242803504560e-02 9.272230737066748552e+05
4.325406758448059608e-02 9.243808517176894238e+05
4.335419274092615349e-02 9.215575384120868985e+05
4.345431789737171091e-02 9.187530079945183825e+05
4.355444305381726833e-02 9.159671355065238895e+05
4.365456821026282574e-02 9.131997968209646642e+05
4.375469336670838316e-02 9.104508686364928726e+05
4.385481852315394058e-02 9.077202284720577300e+05
4.395494367959949800e-02 9.050077546614480671e+05
4.405506883604505541e-02 9.023133263478714507e+05
4.415519399249061283e-02 8.996368234785697423e+05
4.425531914893617025e-02 8.969781267994688824e+05
4.435544430538172767e-02 8.943371178498670924e+05
4.445556946182728508e-02 8.917136789571549743e+05
4.455569461827284250e-02 8.891076932315737940e+05
4.465581977471839992e-02 8.865190445610070601e+05
4.475594493116395040e-02 8.839476176058065612e+05
4.485607008760950781e-02 8.813932977936535608e+05
4.495619524405506523e-02 8.788559713144543348e+05
4.505632040050062265e-02 8.763355251152685378e+05
4.515644555694618006e-02 8.738318468952727271e+05
4.525657071339173748e-02 8.713448251007562503e+05
4.535669586983729490e-02 8.688743489201508928e+05
4.545682102628285232e-02 8.664203082790934714e+05
4.555694618272840973e-02 8.639825938355220715e+05
4.565707133917396715e-02 8.615610969748033676e+05
4.575719649561952457e-02 8.591557098048932385e+05
4.585732165206508198e-02 8.567663251515305601e+05
4.595744680851063940e-02 8.543928365534604527e+05
4.605757196495619682e-02 8.520351382576918695e+05
4.615769712140174730e-02 8.496931252147855703e+05
4.625782227784730471e-02 8.473666930741728283e+05
4.635794743429286213e-02 8.450557381795069668e+05
4.645807259073841955e-02 8.427601575640442315e+05
4.655819774718397697e-02 8.404798489460562123e+05
4.665832290362953438e-02 8.382147107242722996e+05
4.675844806007509180e-02 8.359646419733533403e+05
4.685857321652064922e-02 8.337295424393943977e+05
4.695869837296620664e-02 8.315093125354575459e+05
4.705882352941176405e-02 8.293038533371355152e+05
4.715894868585732147e-02 8.271130665781435091e+05
4.725907384230287889e-02 8.249368546459403588e+05
4.735919899874843630e-02 8.227751205773806432e+05
4.745932415519399372e-02 8.206277680543931201e+05
4.755944931163955114e-02 8.184947013996897731e+05
4.765957446808510162e-02 8.163758255725030322e+05
4.775969962453065903e-02 8.142710461643500021e+05
4.785982478097621645e-02 8.121802693948277738e+05
4.795994993742177387e-02 8.101034021074334159e+05
4.806007509386733129e-02 8.080403517654143507e+05
4.816020025031288870e-02 8.059910264476444572e+05
4.826032540675844612e-02 8.039553348445291631e+05
4.836045056320400354e-02 8.019331862539366120e+05
4.846057571964956096e-02 7.999244905771561898e+05
4.856070087609511837e-02 7.979291583148848731e+05
4.866082603254067579e-02 7.959471005632383749e+05
4.876095118898623321e-02 7.939782290097911609e+05
4.886107634543179062e-02 7.920224559296405641e+05
4.896120150187734804e-02 7.900796941814989550e+05
4.906132665832290546e-02 7.881498572038104758e+05
4.916145181476845594e-02 7.862328590108945500e+05
4.926157697121401335e-02 7.843286141891143052e+05
4.936170212765957077e-02 7.824370378930715378e+05
4.946182728410512819e-02 7.805580458418256603e+05
4.956195244055068561e-02 7.786915543151390739e+05
4.966207759699624302e-02 7.768374801497468725e+05
4.976220275344180044e-02 7.749957407356504118e+05
4.986232790988735786e-02 7.731662540124382358e+05
4.996245306633291527e-02 7.713489384656285401e+05
5.006257822277847269e-02 7.695437131230375962e+05
5.016270337922403011e-02 7.677504975511718076e+05
5.026282853566958753e-02 7.659692118516445626e+05
5.036295369211514494e-02 7.641997766576153226e+05
5.046307884856070236e-02 7.624421131302542053e+05
5.056320400500625284e-02 7.606961429552286863e+05
5.066332916145181026e-02 7.589617883392141666e+05
5.076345431789736767e-02 7.572389720064285211e+05
5.086357947434292509e-02 7.555276171951883007e+05
5.096370463078848251e-02 7.538276476544890320e+05
5.106382978723403993e-02 7.521389876406074036e+05
5.116395494367959734e-02 7.504615619137265021e+05
5.126408010012515476e-02 7.487952957345836330e+05
5.136420525657071218e-02 7.471401148611402605e+05
5.146433041301626959e-02 7.454959455452736001e+05
5.156445556946182701e-02 7.438627145294912625e+05
5.166458072590738443e-02 7.422403490436669672e+05
5.176470588235294185e-02 7.406287768017983763e+05
5.186483103879849926e-02 7.390279259987859987e+05
5.196495619524405668e-02 7.374377253072338644e+05
5.206508135168960716e-02 7.358581038742720848e+05
5.216520650813516458e-02 7.342889913183988538e+05
5.226533166458072199e-02 7.327303177263457328e+05
5.236545682102627941e-02 7.311820136499614455e+05
5.246558197747183683e-02 7.296440101031187223e+05
5.256570713391739424e-02 7.281162385586397722e+05
5.266583229036295166e-02 7.265986309452429414e+05
5.276595744680850908e-02 7.250911196445100941e+05
5.286608260325406650e-02 7.235936374878740171e+05
5.296620775969962391e-02 7.221061177536245668e+05
5.306633291614518133e-02 7.206284941639376339e+05
5.316645807259073875e-02 7.191607008819201728e+05
5.326658322903629617e-02 7.177026725086779334e+05
5.336670838548185358e-02 7.162543440804013517e+05
5.346683354192740406e-02 7.148156510654706508e+05
5.356695869837296148e-02 7.133865293615811970e+05
5.366708385481851890e-02 7.119669152928870171e+05
5.376720901126407631e-02 7.105567456071631750e+05
5.386733416770963373e-02 7.091559574729886372e+05
5.396745932415519115e-02 7.077644884769455530e+05
5.406758448060074856e-02 7.063822766208392568e+05
5.416770963704630598e-02 7.050092603189354995e+05
5.426783479349186340e-02 7.036453783952166559e+05
5.436795994993742082e-02 7.022905700806555105e+05
5.446808510638297823e-02 7.009447750105081359e+05
5.456821026282853565e-02 6.996079332216240000e+05
5.466833541927409307e-02 6.982799851497742347e+05
5.476846057571965048e-02 6.969608716269980650e+05
5.486858573216520790e-02 6.956505338789663510e+05
5.496871088861075838e-02 6.943489135223624762e+05
5.506883604505631580e-02 6.930559525622810470e+05
5.516896120150187321e-02 6.917715933896447532e+05
5.526908635794743063e-02 6.904957787786363624e+05
5.536921151439298805e-02 6.892284518841500394e+05
5.546933667083854547e-02 6.879695562392576830e+05
5.556946182728410288e-02 6.867190357526936568e+05
5.566958698372966030e-02 6.854768347063548863e+05
5.576971214017521772e-02 6.842428977528190007e+05
5.586983729662077514e-02 6.830171699128779583e+05
5.596996245306633255e-02 6.817995965730880853e+05
5.607008760951188997e-02 6.805901234833374619e+05
5.617021276595744739e-02 6.793886967544282088e+05
5.627033792240300480e-02 6.781952628556755371e+05
5.637046307884856222e-02 6.770097686125222826e+05
5.647058823529411270e-02 6.758321612041706685e+05
5.657071339173967012e-02 6.746623881612274563e+05
5.667083854818522753e-02 6.735003973633674905e+05
5.677096370463078495e-02 6.723461370370106306e+05
5.687108886107634237e-02 6.711995557530146325e+05
5.697121401752189979e-02 6.700606024243845604e+05
5.707133917396745720e-02 6.689292263039960526e+05
5.717146433041301462e-02 6.678053769823340699e+05
5.727158948685857204e-02 6.666890043852475937e+05
5.737171464330412946e-02 6.655800587717174785e+05
5.747183979974968687e-02 6.644784907316409517e+05
5.757196495619524429e-02 6.633842511836300837e+05
5.767209011264080171e-02 6.622972913728243439e+05
5.777221526908635912e-02 6.612175628687187564e+05
5.787234042553190960e-02 6.601450175630064914e+05
5.797246558197746702e-02 6.590796076674339129e+05
5.807259073842302444e-02 6.580212857116726227e+05
5.817271589486858185e-02 6.569700045412041945e+05
5.827284105131413927e-02 6.559257173152185278e+05
5.837296620775969669e-02 6.548883775045276852e+05
5.847309136420525411e-02 6.538579388894917211e+05
5.857321652065081152e-02 6.528343555579604581e+05
5.867334167709636894e-02 6.518175819032267900e+05
5.877346683354192636e-02 6.508075726219953503e+05
5.887359198998748377e-02 6.498042827123636380e+05
5.897371714643304119e-02 6.488076674718168797e+05
5.907384230287859861e-02 6.478176824952365132e+05
5.917396745932415603e-02 6.468342836729218252e+05
5.927409261576971344e-02 6.458574271886236966e+05
5.937421777221526392e-02 6.448870695175934816e+05
5.947434292866082134e-02 6.439231674246430630e+05
5.957446808510637876e-02 6.429656779622185277e+05
5.967459324155193617e-02 6.420145584684866481e+05
5.977471839799749359e-02 6.410697665654341690e+05
5.987484355444305101e-02 6.401312601569797844e+05
5.997496871088860843e-02 6.391989974270975217e+05
6.007509386733416584e-02 6.382729368379551452e+05
6.017521902377972326e-02 6.373530371280619875e+05
6.027534418022528068e-02 6.364392573104312178e+05
6.037546933667083809e-02 6.355315566707535181e+05
6.047559449311639551e-02 6.346298947655833326e+05
6.057571964956195293e-02 6.337342314205358271e+05
6.067584480600751035e-02 6.328445267284982838e+05
6.077596996245306776e-02 6.319607410478509264e+05
6.087609511889861824e-02 6.310828350007011322e+05
6.097622027534417566e-02 6.302107694711288204e+05
6.107634543178973308e-02 6.293445056034433655e+05
6.117647058823529049e-02 6.284840048004530836e+05
6.127659574468084791e-02 6.276292287217446137e+05
6.137672090112640533e-02 6.267801392819751054e+05
6.147684605757196274e-02 6.259366986491751159e+05
6.157697121401752016e-02 6.250988692430632655e+05
6.167709637046307758e-02 6.242666137333714869e+05
6.177722152690863500e-02 6.234398950381816830e+05
6.187734668335419241e-02 6.226186763222737936e+05
6.197747183979974983e-02 6.218029209954845719e+05
6.207759699624530725e-02 6.209925927110770717e+05
6.217772215269086467e-02 6.201876553641210776e+05
6.227784730913641514e-02 6.193880730898850597e+05
6.237797246558197256e-02 6.185938102622370934e+05
6.247809762202752998e-02 6.178048314920588164e+05
6.257822277847309433e-02 6.170211016256673029e+05
6.267834793491865175e-02 6.162425857432499761e+05
6.277847309136420917e-02 6.154692491573079024e+05
6.287859824780976659e-02 6.147010574111104943e+05
6.297872340425532400e-02 6.139379762771603419e+05
6.307884856070086754e-02 6.131799717556681717e+05
6.317897371714642496e-02 6.124270100730378181e+05
6.327909887359198238e-02 6.116790576803613221e+05
6.337922403003753979e-02 6.109360812519246247e+05
6.347934918648309721e-02 6.101980476837223396e+05
6.357947434292865463e-02 6.094649240919824224e+05
6.367959949937421205e-02 6.087366778117020149e+05
6.377972465581976946e-02 6.080132763951908564e+05
6.387984981226532688e-02 6.072946876106263371e+05
6.397997496871088430e-02 6.065808794406171655e+05
6.408010012515644171e-02 6.058718200807766989e+05
6.418022528160199913e-02 6.051674779383058194e+05
6.428035043804755655e-02 6.044678216305858223e+05
6.438047559449311397e-02 6.037728199837793363e+05
6.448060075093867138e-02 6.030824420314418385e+05
6.458072590738422880e-02 6.023966570131418994e+05
6.468085106382978622e-02 6.017154343730903929e+05
6.478097622027534364e-02 6.010387437587793684e+05
6.488110137672090105e-02 6.003665550196293043e+05
6.498122653316645847e-02 5.996988382056461414e+05
6.508135168961201589e-02 5.990355635660863481e+05
6.518147684605757330e-02 5.983767015481318813e+05
6.528160200250313072e-02 5.977222227955728304e+05
6.538172715894868814e-02 5.970720981475000735e+05
6.548185231539424556e-02 5.964262986370053841e+05
6.558197747183980297e-02 5.957847954898913158e+05
6.568210262828536039e-02 5.951475601233886555e+05
6.578222778473091781e-02 5.945145641448833048e+05
6.588235294117647523e-02 5.938857793506509624e+05
6.598247809762201876e-02 5.932611777246005367e+05
6.608260325406757618e-02 5.926407314370258246e+05
6.618272841051313360e-02 5.920244128433658043e+05
6.628285356695869102e-02 5.914121944829724962e+05
6.638297872340424843e-02 5.908040490778875537e+05
6.648310387984980585e-02 5.901999495316273533e+05
6.658322903629536327e-02 5.895998689279748360e+05
6.668335419274092069e-02 5.890037805297808954e+05
6.678347934918647810e-02 5.884116577777727507e+05
6.688360450563203552e-02 5.878234742893707007e+05
6.698372966207759294e-02 5.872392038575124461e+05
6.708385481852315035e-02 5.866588204494860256e+05
6.718397997496870777e-02 5.860822982057689223e+05
6.728410513141426519e-02 5.855096114388767164e+05
6.738423028785982261e-02 5.849407346322179073e+05
6.748435544430538002e-02 5.843756424389577005e+05
6.758448060075093744e-02 5.838143096808879636e+05
6.768460575719649486e-02 5.832567113473057980e+05
6.778473091364205227e-02 5.827028225938992109e+05
6.788485607008760969e-02 5.821526187416396569e+05
6.798498122653316711e-02 5.816060752756831935e+05
6.808510638297872453e-02 5.810631678442774573e+05
6.818523153942428194e-02 5.805238722576771397e+05
6.828535669586983936e-02 5.799881644870659802e+05
6.838548185231539678e-02 5.794560206634863280e+05
6.848560700876095420e-02 5.789274170767753385e+05
6.858573216520651161e-02 5.784023301745087374e+05
6.868585732165206903e-02 5.778807365609514527e+05
6.878598247809762645e-02 5.773626129960152321e+05
6.888610763454316999e-02 5.768479363942227792e+05
6.898623279098872740e-02 5.763366838236798067e+05
6.908635794743428482e-02 5.758288325050525600e+05
6.918648310387984224e-02 5.753243598105536075e+05
6.928660826032539966e-02 5.748232432629328687e+05
6.938673341677095707e-02 5.743254605344766751e+05
6.948685857321651449e-02 5.738309894460128853e+05
6.958698372966207191e-02 5.733398079659225186e+05
6.968710888610762932e-02 5.728518942091579083e+05
6.978723404255318674e-02 5.723672264362681890e+05
6.988735919899874416e-02 5.718857830524301389e+05
6.998748435544430158e-02 5.714075426064860076e+05
7.008760951188985899e-02 5.709324837899883278e+05
7.018773466833541641e-02 5.704605854362499667e+05
7.028785982478097383e-02 5.699918265194008127e+05
7.038798498122653124e-02 5.695261861534515629e+05
7.048811013767208866e-02 5.690636435913629830e+05
7.058823529411764608e-02 5.686041782241211040e+05
7.068836045056320350e-02 5.681477695798194036e+05
7.078848560700876091e-02 5.676943973227463430e+05
7.088861076345431833e-02 5.672440412524795393e+05
7.098873591989987575e-02 5.667966813029856421e+05
7.108886107634543317e-02 5.663522975417261478e+05
7.118898623279099058e-02 5.659108701687694993e+05
7.128911138923654800e-02 5.654723795159086585e+05
7.138923654568210542e-02 5.650368060457849642e+05
7.148936170212766283e-02 5.646041303510174621e+05
7.158948685857322025e-02 5.641743331533385208e+05
7.168961201501877767e-02 5.637473953027341049e+05
7.178973717146432121e-02 5.633232977765917312e+05
7.188986232790987863e-02 5.629020216788514517e+05
7.198998748435543604e-02 5.624835482391654514e+05
7.209011264080099346e-02 5.620678588120604400e+05
7.219023779724655088e-02 5.616549348761073779e+05
7.229036295369210829e-02 5.612447580330966739e+05
7.239048811013766571e-02 5.608373100072175730e+05
7.249061326658322313e-02 5.604325726442446467e+05
7.259073842302878055e-02 5.600305279107282404e+05
7.269086357947433796e-02 5.596311578931916738e+05
7.279098873591989538e-02 5.592344447973322822e+05
7.289111389236545280e-02 5.588403709472295595e+05
7.299123904881101021e-02 5.584489187845565611e+05
7.309136420525656763e-02 5.580600708677982911e+05
7.319148936170212505e-02 5.576738098714742810e+05
7.329161451814768247e-02 5.572901185853668721e+05
7.339173967459323988e-02 5.569089799137540394e+05
7.349186483103879730e-02 5.565303768746479182e+05
7.359198998748435472e-02 5.561542925990381045e+05
7.369211514392991214e-02 5.557807103301400784e+05
7.379224030037546955e-02 5.554096134226486320e+05
7.389236545682102697e-02 5.550409853419959545e+05
7.399249061326658439e-02 5.546748096636151895e+05
7.409261576971214180e-02 5.543110700722085312e+05
7.419274092615769922e-02 5.539497503610205604e+05
7.429286608260325664e-02 5.535908344311153051e+05
7.439299123904881406e-02 5.532343062906601699e+05
7.449311639549437147e-02 5.528801500542120775e+05
7.459324155193992889e-02 5.525283499420109438e+05
7.469336670838548631e-02 5.521788902792755980e+05
7.479349186483102985e-02 5.518317554955058731e+05
7.489361702127658726e-02 5.514869301237886539e+05
7.499374217772214468e-02 5.511443988001090474e+05
7.509386733416770210e-02 5.508041462626655120e+05
7.519399249061325952e-02 5.504661573511899915e+05
7.529411764705881693e-02 5.501304170062720077e+05
7.539424280350437435e-02 5.497969102686886908e+05
7.549436795994993177e-02 5.494656222787371371e+05
7.559449311639548919e-02 5.491365382755729370e+05
7.569461827284104660e-02 5.488096435965525452e+05
7.579474342928660402e-02 5.484849236765794922e+05
7.589486858573216144e-02 5.481623640474559506e+05
7.599499374217771885e-02 5.478419503372376785e+05
7.609511889862327627e-02 5.475236682695939671e+05
7.619524405506883369e-02 5.472075036631714320e+05
7.629536921151439111e-02 5.468934424309621099e+05
7.639549436795994852e-02 5.465814705796757480e+05
7.649561952440550594e-02 5.462715742091165157e+05
7.659574468085106336e-02 5.459637395115636755e+05
7.669586983729662077e-02 5.456579527711557457e+05
7.679599499374217819e-02 5.453542003632806009e+05
7.689612015018773561e-02 5.450524687539670849e+05
7.699624530663329303e-02 5.447527444992829114e+05
7.709637046307885044e-02 5.444550142447352409e+05
7.719649561952440786e-02 5.441592647246759152e+05
7.729662077596996528e-02 5.438654827617098344e+05
7.739674593241552270e-02 5.435736552661088062e+05
7.749687108886108011e-02 5.432837692352273734e+05
7.759699624530663753e-02 5.429958117529238807e+05
7.769712140175218107e-02 5.427097699889850337e+05
7.779724655819773849e-02 5.424256311985540669e+05
7.789737171464329590e-02 5.421433827215631027e+05
7.799749687108885332e-02 5.418630119821686530e+05
7.809762202753441074e-02 5.415845064881921280e+05
7.819774718397996816e-02 5.413078538305619732e+05
7.829787234042552557e-02 5.410330416827619774e+05
7.839799749687108299e-02 5.407600578002815600e+05
7.849812265331664041e-02 5.404888900200697826e+05
7.859824780976219782e-02 5.402195262599941343e+05
7.869837296620775524e-02 5.399519545183021110e+05
7.879849812265331266e-02 5.396861628730858210e+05
7.889862327909887008e-02 5.394221394817513647e+05
7.899874843554442749e-02 5.391598725804912392e+05
7.909887359198998491e-02 5.388993504837597720e+05
7.919899874843554233e-02 5.386405615837526275e+05
7.929912390488109974e-02 5.383834943498899229e+05
7.939924906132665716e-02 5.381281373283020221e+05
7.949937421777221458e-02 5.378744791413194034e+05
7.959949937421777200e-02 5.376225084869657876e+05
7.969962453066332941e-02 5.373722141384544084e+05
7.979974968710888683e-02 5.371235849436877761e+05
7.989987484355444425e-02 5.368766098247611662e+05
8.000000000000000167e-02 5.366312777774683200e+05
---------------
