field_vs_length
---------------
0.000000000000000000e+00 2.500000000000000000e+06
1.001251564455569429e-04 2.500000000000000000e+06
2.002503128911138858e-04 2.500000000000000000e+06
3.003754693366708422e-04 2.500000000000000000e+06
4.005006257822277716e-04 2.500000000000000000e+06
5.006257822277847009e-04 2.500000000000000000e+06
6.007509386733416844e-04 2.500000000000000000e+06
7.008760951188985596e-04 2.500000000000000000e+06
8.010012515644555431e-04 2.500000000000000000e+06
9.011264080100125267e-04 2.500000000000000000e+06
1.001251564455569402e-03 2.500000000000000000e+06
1.101376720901126385e-03 2.500000000000000000e+06
1.201501877346683369e-03 2.500000000000000000e+06
1.301627033792240352e-03 2.500000000000000000e+06
1.401752190237797119e-03 2.500000000000000000e+06
1.501877346683354103e-03 2.500000000000000000e+06
1.602002503128911086e-03 2.500000000000000000e+06
1.702127659574468070e-03 2.500000000000000000e+06
1.802252816020025053e-03 2.500000000000000000e+06
1.902377972465581820e-03 2.500000000000000000e+06
2.002503128911138804e-03 2.500000000000000000e+06
2.102628285356695787e-03 2.500000000000000000e+06
2.202753441802252771e-03 2.500000000000000000e+06
2.302878598247809754e-03 2.500000000000000000e+06
2.403003754693366738e-03 2.500000000000000000e+06
2.503128911138923721e-03 2.500000000000000000e+06
2.603254067584480705e-03 2.500000000000000000e+06
2.703379224030037255e-03 2.500000000000000000e+06
2.803504380475594238e-03 2.500000000000000000e+06
2.903629536921151222e-03 2.500000000000000000e+06
3.003754693366708205e-03 2.500000000000000000e+06
3.103879849812265189e-03 2.500000000000000000e+06
3.204005006257822172e-03 2.500000000000000000e+06
3.304130162703379156e-03 2.500000000000000000e+06
3.404255319148936140e-03 2.500000000000000000e+06
3.504380475594493123e-03 2.500000000000000000e+06
3.604505632040050107e-03 2.500000000000000000e+06
3.704630788485607090e-03 2.500000000000000000e+06
3.804755944931163640e-03 2.500000000000000000e+06
3.904881101376720624e-03 2.500000000000000000e+06
4.005006257822277607e-03 2.500000000000000000e+06
4.105131414267835024e-03 2.500000000000000000e+06
4.205256570713391574e-03 2.500000000000000000e+06
4.305381727158948124e-03 2.500000000000000000e+06
4.405506883604505541e-03 2.500000000000000000e+06
4.505632040050062091e-03 2.500000000000000000e+06
4.605757196495619508e-03 2.500000000000000000e+06
4.705882352941176058e-03 2.500000000000000000e+06
4.806007509386733476e-03 2.500000000000000000e+06
4.906132665832290025e-03 2.500000000000000000e+06
5.006257822277847443e-03 2.500000000000000000e+06
5.106382978723403993e-03 2.500000000000000000e+06
5.206508135168961410e-03 2.500000000000000000e+06
5.306633291614517960e-03 2.500000000000000000e+06
5.406758448060074509e-03 2.500000000000000000e+06
5.506883604505631927e-03 2.500000000000000000e+06
5.607008760951188477e-03 2.500000000000000000e+06
5.707133917396745894e-03 2.500000000000000000e+06
5.807259073842302444e-03 2.500000000000000000e+06
5.907384230287859861e-03 2.500000000000000000e+06
6.007509386733416411e-03 2.500000000000000000e+06
6.107634543178973828e-03 2.500000000000000000e+06
6.207759699624530378e-03 2.500000000000000000e+06
6.307884856070087795e-03 2.500000000000000000e+06
6.408010012515644345e-03 2.500000000000000000e+06
6.508135168961200895e-03 2.500000000000000000e+06
6.608260325406758312e-03 2.500000000000000000e+06
6.708385481852314862e-03 2.500000000000000000e+06
6.808510638297872279e-03 2.500000000000000000e+06
6.908635794743428829e-03 2.500000000000000000e+06
7.008760951188986246e-03 2.500000000000000000e+06
7.108886107634542796e-03 2.500000000000000000e+06
7.209011264080100213e-03 2.500000000000000000e+06
7.309136420525656763e-03 2.500000000000000000e+06
7.409261576971214180e-03 2.500000000000000000e+06
7.509386733416770730e-03 2.500000000000000000e+06
7.609511889862327280e-03 2.500000000000000000e+06
7.709637046307884697e-03 2.500000000000000000e+06
7.809762202753441247e-03 2.500000000000000000e+06
7.909887359198997797e-03 2.500000000000000000e+06
8.010012515644555214e-03 2.500000000000000000e+06
8.110137672090112632e-03 2.500000000000000000e+06
8.210262828535670049e-03 2.500000000000000000e+06
8.310387984981225731e-03 2.500000000000000000e+06
8.410513141426783149e-03 2.500000000000000000e+06
8.510638297872340566e-03 2.500000000000000000e+06
8.610763454317896248e-03 2.500000000000000000e+06
8.710888610763453666e-03 2.500000000000000000e+06
8.811013767209011083e-03 2.500000000000000000e+06
8.911138923654568500e-03 2.500000000000000000e+06
9.011264080100124182e-03 2.500000000000000000e+06
9.111389236545681600e-03 2.500000000000000000e+06
9.211514392991239017e-03 2.500000000000000000e+06
9.311639549436796434e-03 2.500000000000000000e+06
9.411764705882352117e-03 2.500000000000000000e+06
9.511889862327909534e-03 2.500000000000000000e+06
9.612015018773466951e-03 2.500000000000000000e+06
9.712140175219022634e-03 2.500000000000000000e+06
9.812265331664580051e-03 2.500000000000000000e+06
9.912390488110137468e-03 2.500000000000000000e+06
1.001251564455569489e-02 2.500000000000000000e+06
1.011264080100125057e-02 2.500000000000000000e+06
1.021276595744680799e-02 2.500000000000000000e+06
1.031289111389236540e-02 2.500000000000000000e+06
1.041301627033792282e-02 2.500000000000000000e+06
1.051314142678347850e-02 2.500000000000000000e+06
1.061326658322903592e-02 2.500000000000000000e+06
1.071339173967459334e-02 2.500000000000000000e+06
1.081351689612014902e-02 2.500000000000000000e+06
1.091364205256570644e-02 2.500000000000000000e+06
1.101376720901126385e-02 2.500000000000000000e+06
1.111389236545682127e-02 2.500000000000000000e+06
1.121401752190237695e-02 2.500000000000000000e+06
1.131414267834793437e-02 2.500000000000000000e+06
1.141426783479349179e-02 2.500000000000000000e+06
1.151439299123904920e-02 2.500000000000000000e+06
1.161451814768460489e-02 2.500000000000000000e+06
1.171464330413016230e-02 2.500000000000000000e+06
1.181476846057571972e-02 2.500000000000000000e+06
1.191489361702127540e-02 2.500000000000000000e+06
1.201501877346683282e-02 2.500000000000000000e+06
1.211514392991239024e-02 2.500000000000000000e+06
1.221526908635794766e-02 2.500000000000000000e+06
1.231539424280350334e-02 2.500000000000000000e+06
1.241551939924906076e-02 2.500000000000000000e+06
1.251564455569461817e-02 2.500000000000000000e+06
1.261576971214017559e-02 2.500000000000000000e+06
1.271589486858573127e-02 2.500000000000000000e+06
1.281602002503128869e-02 2.500000000000000000e+06
1.291614518147684611e-02 2.500000000000000000e+06
1.301627033792240179e-02 2.500000000000000000e+06
1.311639549436795921e-02 2.500000000000000000e+06
1.321652065081351662e-02 2.500000000000000000e+06
1.331664580725907404e-02 2.500000000000000000e+06
1.341677096370462972e-02 2.500000000000000000e+06
1.351689612015018714e-02 2.500000000000000000e+06
1.361702127659574456e-02 2.500000000000000000e+06
1.371714643304130198e-02 2.500000000000000000e+06
1.381727158948685766e-02 2.500000000000000000e+06
1.391739674593241508e-02 2.500000000000000000e+06
1.401752190237797249e-02 2.500000000000000000e+06
1.411764705882352818e-02 2.500000000000000000e+06
1.421777221526908559e-02 2.500000000000000000e+06
1.431789737171464301e-02 2.500000000000000000e+06
1.441802252816020043e-02 2.500000000000000000e+06
1.451814768460575611e-02 2.500000000000000000e+06
1.461827284105131353e-02 2.500000000000000000e+06
1.471839799749687094e-02 2.500000000000000000e+06
1.481852315394242836e-02 2.500000000000000000e+06
1.491864831038798404e-02 2.500000000000000000e+06
1.501877346683354146e-02 2.500000000000000000e+06
1.511889862327909888e-02 2.500000000000000000e+06
1.521902377972465456e-02 2.500000000000000000e+06
1.531914893617021198e-02 2.500000000000000000e+06
1.541927409261576939e-02 2.500000000000000000e+06
1.551939924906132681e-02 2.500000000000000000e+06
1.561952440550688249e-02 2.500000000000000000e+06
1.571964956195244165e-02 2.500000000000000000e+06
1.581977471839799559e-02 2.500000000000000000e+06
1.591989987484355301e-02 2.500000000000000000e+06
1.602002503128911043e-02 2.500000000000000000e+06
1.612015018773466785e-02 2.500000000000000000e+06
1.622027534418022526e-02 2.500000000000000000e+06
1.632040050062578268e-02 2.500000000000000000e+06
1.642052565707134010e-02 2.500000000000000000e+06
1.652065081351689405e-02 2.500000000000000000e+06
1.662077596996245146e-02 2.500000000000000000e+06
1.672090112640800888e-02 2.500000000000000000e+06
1.682102628285356630e-02 2.500000000000000000e+06
1.692115143929912371e-02 2.500000000000000000e+06
1.702127659574468113e-02 2.500000000000000000e+06
1.712140175219023855e-02 2.500000000000000000e+06
1.722152690863579250e-02 2.500000000000000000e+06
1.732165206508134991e-02 2.500000000000000000e+06
1.742177722152690733e-02 2.500000000000000000e+06
1.752190237797246475e-02 2.500000000000000000e+06
1.762202753441802217e-02 2.500000000000000000e+06
1.772215269086357958e-02 2.500000000000000000e+06
1.782227784730913700e-02 2.500000000000000000e+06
1.792240300375469442e-02 2.500000000000000000e+06
1.802252816020024836e-02 2.500000000000000000e+06
1.812265331664580578e-02 2.500000000000000000e+06
1.822277847309136320e-02 2.500000000000000000e+06
1.832290362953692062e-02 2.500000000000000000e+06
1.842302878598247803e-02 2.500000000000000000e+06
1.852315394242803545e-02 2.500000000000000000e+06
1.862327909887359287e-02 2.500000000000000000e+06
1.872340425531914682e-02 2.500000000000000000e+06
1.882352941176470423e-02 2.500000000000000000e+06
1.892365456821026165e-02 2.500000000000000000e+06
1.902377972465581907e-02 2.500000000000000000e+06
1.912390488110137649e-02 2.500000000000000000e+06
1.922403003754693390e-02 2.500000000000000000e+06
1.932415519399249132e-02 2.500000000000000000e+06
1.942428035043804527e-02 2.500000000000000000e+06
1.952440550688360268e-02 2.500000000000000000e+06
1.962453066332916010e-02 2.500000000000000000e+06
1.972465581977471752e-02 2.500000000000000000e+06
1.982478097622027494e-02 2.500000000000000000e+06
1.992490613266583235e-02 2.500000000000000000e+06
2.002503128911138977e-02 2.497498958479035646e+06
2.012515644555694719e-02 2.487536424313115887e+06
2.022528160200250114e-02 2.477640168715501204e+06
2.032540675844805855e-02 2.467809750749323983e+06
2.042553191489361597e-02 2.458044732411172241e+06
2.052565707133917339e-02 2.448344678611575626e+06
2.062578222778473080e-02 2.438709157155619934e+06
2.072590738423028822e-02 2.429137738723687828e+06
2.082603254067584564e-02 2.419629996852333657e+06
2.092615769712139959e-02 2.410185507915279362e+06
2.102628285356695700e-02 2.400803851104538888e+06
2.112640801001251442e-02 2.391484608411672059e+06
2.122653316645807184e-02 2.382227364609156735e+06
2.132665832290362926e-02 2.373031707231888548e+06
2.142678347934918667e-02 2.363897226558805443e+06
2.152690863579474409e-02 2.354823515594627708e+06
2.162703379224029804e-02 2.345810170051728841e+06
2.172715894868585546e-02 2.336856788332117721e+06
2.182728410513141287e-02 2.327962971509547904e+06
2.192740926157697029e-02 2.319128323311743792e+06
2.202753441802252771e-02 2.310352450102740899e+06
2.212765957446808512e-02 2.301634960865349509e+06
2.222778473091364254e-02 2.292975467183732428e+06
2.232790988735919996e-02 2.284373583226098679e+06
2.242803504380475391e-02 2.275828925727510825e+06
2.252816020025031132e-02 2.267341113972811028e+06
2.262828535669586874e-02 2.258909769779655151e+06
2.272841051314142616e-02 2.250534517481664196e+06
2.282853566958698358e-02 2.242214983911686111e+06
2.292866082603254099e-02 2.233950798385167960e+06
2.302878598247809841e-02 2.225741592683641240e+06
2.312891113892365236e-02 2.217587001038313843e+06
2.322903629536920977e-02 2.209486660113773309e+06
2.332916145181476719e-02 2.201440208991799504e+06
2.342928660826032461e-02 2.193447289155282080e+06
2.352941176470588203e-02 2.185507544472247362e+06
2.362953692115143944e-02 2.177620621179989073e+06
2.372966207759699686e-02 2.169786167869308032e+06
2.382978723404255081e-02 2.162003835468853358e+06
2.392991239048810823e-02 2.154273277229569852e+06
2.403003754693366564e-02 2.146594148709248286e+06
2.413016270337922306e-02 2.138966107757178135e+06
2.423028785982478048e-02 2.131388814498904161e+06
2.433041301627033789e-02 2.123861931321079843e+06
2.443053817271589531e-02 2.116385122856427915e+06
2.453066332916145273e-02 2.108958055968796834e+06
2.463078848560700668e-02 2.101580399738315959e+06
2.473091364205256409e-02 2.094251825446653645e+06
2.483103879849812151e-02 2.086972006562368479e+06
2.493116395494367893e-02 2.079740618726362940e+06
2.503128911138923635e-02 2.072557339737429051e+06
2.513141426783479376e-02 2.065421849537892966e+06
2.523153942428035118e-02 2.058333830199355492e+06
2.533166458072590513e-02 2.051292965908525744e+06
2.543178973717146255e-02 2.044298942953148857e+06
2.553191489361701996e-02 2.037351449708030559e+06
2.563204005006257738e-02 2.030450176621149760e+06
2.573216520650813480e-02 2.023594816199868917e+06
2.583229036295369221e-02 2.016785062997230794e+06
2.593241551939924963e-02 2.010020613598350435e+06
2.603254067584480358e-02 2.003301166606897023e+06
2.613266583229036100e-02 1.996626422631661873e+06
2.623279098873591841e-02 1.989996084273222368e+06
2.633291614518147583e-02 1.983409856110688997e+06
2.643304130162703325e-02 1.976867444688542746e+06
2.653316645807259067e-02 1.970368558503560722e+06
2.663329161451814808e-02 1.963912907991826534e+06
2.673341677096370203e-02 1.957500205515830778e+06
2.683354192740925945e-02 1.951130165351652075e+06
2.693366708385481686e-02 1.944802503676229622e+06
2.703379224030037428e-02 1.938516938554714201e+06
2.713391739674593170e-02 1.932273189927908592e+06
2.723404255319148912e-02 1.926070979599788319e+06
2.733416770963704653e-02 1.919910031225105980e+06
2.743429286608260395e-02 1.913790070297079161e+06
2.753441802252815790e-02 1.907710824135159142e+06
2.763454317897371532e-02 1.901672021872880869e+06
2.773466833541927273e-02 1.895673394445796497e+06
2.783479349186483015e-02 1.889714674579483690e+06
2.793491864831038757e-02 1.883795596777639352e+06
2.803504380475594499e-02 1.877915897310248576e+06
2.813516896120150240e-02 1.872075314201836241e+06
2.823529411764705635e-02 1.866273587219791953e+06
2.833541927409261377e-02 1.860510457862775773e+06
2.843554443053817118e-02 1.854785669349202421e+06
2.853566958698372860e-02 1.849098966605796246e+06
2.863579474342928602e-02 1.843450096256230492e+06
2.873591989987484344e-02 1.837838806609835243e+06
2.883604505632040085e-02 1.832264847650383133e+06
2.893617021276595480e-02 1.826727971024951432e+06
2.903629536921151222e-02 1.821227930032853968e+06
2.913642052565706964e-02 1.815764479614651296e+06
2.923654568210262705e-02 1.810337376341231167e+06
2.933667083854818447e-02 1.804946378402961418e+06
2.943679599499374189e-02 1.799591245598917129e+06
2.953692115143929930e-02 1.794271739326177863e+06
2.963704630788485672e-02 1.788987622569195926e+06
2.973717146433041067e-02 1.783738659889237490e+06
2.983729662077596809e-02 1.778524617413889384e+06
2.993742177722152550e-02 1.773345262826642720e+06
3.003754693366708292e-02 1.768200365356537979e+06
3.013767209011264034e-02 1.763089695767886005e+06
3.023779724655819776e-02 1.758013026350051863e+06
3.033792240300375517e-02 1.752970130907309707e+06
3.043804755944930912e-02 1.747960784748765407e+06
3.053817271589486654e-02 1.742984764678343199e+06
3.063829787234042396e-02 1.738041848984843120e+06
3.073842302878598137e-02 1.733131817432061071e+06
3.083854818523153879e-02 1.728254451248976402e+06
3.093867334167709621e-02 1.723409533120004693e+06
3.103879849812265362e-02 1.718596847175314557e+06
3.113892365456820757e-02 1.713816178981209174e+06
3.123904881101376499e-02 1.709067315530573018e+06
3.133917396745932588e-02 1.704350045233380049e+06
3.143929912390488329e-02 1.699664157907266635e+06
3.153942428035043377e-02 1.695009444768166868e+06
3.163954943679599119e-02 1.690385698421009118e+06
3.173967459324154861e-02 1.685792712850476382e+06
3.183979974968710602e-02 1.681230283411826938e+06
3.193992490613266344e-02 1.676698206821775064e+06
3.204005006257822086e-02 1.672196281149435323e+06
3.214017521902377827e-02 1.667724305807323661e+06
3.224030037546933569e-02 1.663282081542422064e+06
3.234042553191489311e-02 1.658869410427297931e+06
3.244055068836045053e-02 1.654486095851287246e+06
3.254067584480600794e-02 1.650131942511734786e+06
3.264080100125156536e-02 1.645806756405289751e+06
3.274092615769712278e-02 1.641510344819264952e+06
3.284105131414268020e-02 1.637242516323047224e+06
3.294117647058823761e-02 1.633003080759570468e+06
3.304130162703378809e-02 1.628791849236842245e+06
3.314142678347934551e-02 1.624608634119526483e+06
3.324155193992490293e-02 1.620453249020584859e+06
3.334167709637046034e-02 1.616325508792971028e+06
3.344180225281601776e-02 1.612225229521381669e+06
3.354192740926157518e-02 1.608152228514062241e+06
3.364205256570713259e-02 1.604106324294666061e+06
3.374217772215269001e-02 1.600087336594169261e+06
3.384230287859824743e-02 1.596095086342838593e+06
3.394242803504380485e-02 1.592129395662252326e+06
3.404255319148936226e-02 1.588190087857376086e+06
3.414267834793491968e-02 1.584276987408687593e+06
3.424280350438047710e-02 1.580389919964358909e+06
3.434292866082603451e-02 1.576528712332486408e+06
3.444305381727158499e-02 1.572693192473374307e+06
3.454317897371714241e-02 1.568883189491869416e+06
3.464330413016269983e-02 1.565098533629746642e+06
3.474342928660825724e-02 1.561339056258145720e+06
3.484355444305381466e-02 1.557604589870057534e+06
3.494367959949937208e-02 1.553894968072860036e+06
3.504380475594492950e-02 1.550210025580905378e+06
3.514392991239048691e-02 1.546549598208155250e+06
3.524405506883604433e-02 1.542913522860864876e+06
3.534418022528160175e-02 1.539301637530316832e+06
3.544430538172715917e-02 1.535713781285602134e+06
3.554443053817271658e-02 1.532149794266450685e+06
3.564455569461827400e-02 1.528609517676107585e+06
3.574468085106383142e-02 1.525092793774257414e+06
3.584480600750938883e-02 1.521599465869997861e+06
3.594493116395493931e-02 1.518129378314856440e+06
3.604505632040049673e-02 1.514682376495855860e+06
3.614518147684605415e-02 1.511258306828625733e+06
3.624530663329161156e-02 1.507857016750558745e+06
3.634543178973716898e-02 1.504478354714012938e+06
3.644555694618272640e-02 1.501122170179560781e+06
3.654568210262828382e-02 1.497788313609280158e+06
3.664580725907384123e-02 1.494476636460091686e+06
3.674593241551939865e-02 1.491186991177141899e+06
3.684605757196495607e-02 1.487919231187226716e+06
3.694618272841051348e-02 1.484673210892261239e+06
3.704630788485607090e-02 1.481448785662794253e+06
3.714643304130162832e-02 1.478245811831561849e+06
3.724655819774718574e-02 1.475064146687086904e+06
3.734668335419274315e-02 1.471903648467321415e+06
3.744680851063829363e-02 1.468764176353328861e+06
3.754693366708385105e-02 1.465645590463010129e+06
3.764705882352940847e-02 1.462547751844872255e+06
3.774718397997496588e-02 1.459470522471835138e+06
3.784730913642052330e-02 1.456413765235083643e+06
3.794743429286608072e-02 1.453377343937956961e+06
3.804755944931163814e-02 1.450361123289881507e+06
3.814768460575719555e-02 1.447364968900342006e+06
3.824780976220275297e-02 1.444388747272894485e+06
3.834793491864831039e-02 1.441432325799217448e+06
3.844806007509386780e-02 1.438495572753203101e+06
3.854818523153942522e-02 1.435578357285089791e+06
3.864831038798498264e-02 1.432680549415630288e+06
3.874843554443054006e-02 1.429802020030300599e+06
3.884856070087609053e-02 1.426942640873548575e+06
3.894868585732164795e-02 1.424102284543076763e+06
3.904881101376720537e-02 1.421280824484168552e+06
3.914893617021276279e-02 1.418478134984048083e+06
3.924906132665832020e-02 1.415694091166279046e+06
3.934918648310387762e-02 1.412928568985200953e+06
3.944931163954943504e-02 1.410181445220401976e+06
3.954943679599499246e-02 1.407452597471228801e+06
3.964956195244054987e-02 1.404741904151333030e+06
3.974968710888610729e-02 1.402049244483253686e+06
3.984981226533166471e-02 1.399374498493036022e+06
3.994993742177722212e-02 1.396717547004885972e+06
4.005006257822277954e-02 1.394078271635859739e+06
4.015018773466833696e-02 1.391456554790589493e+06
4.025031289111389438e-02 1.388852279656044208e+06
4.035043804755944485e-02 1.386265330196323805e+06
4.045056320400500227e-02 1.383695591147490311e+06
4.055068836045055969e-02 1.381142948012431152e+06
4.065081351689611711e-02 1.378607287055758294e+06
4.075093867334167452e-02 1.376088495298740920e+06
4.085106382978723194e-02 1.373586460514270235e+06
4.095118898623278936e-02 1.371101071221860358e+06
4.105131414267834677e-02 1.368632216682680883e+06
4.115143929912390419e-02 1.366179786894622725e+06
4.125156445556946161e-02 1.363743672587396577e+06
4.135168961201501903e-02 1.361323765217664652e+06
4.145181476846057644e-02 1.358919956964204554e+06
4.155193992490613386e-02 1.356532140723104589e+06
4.165206508135169128e-02 1.354160210102992598e+06
4.175219023779724176e-02 1.351804059420294361e+06
4.185231539424279917e-02 1.349463583694525529e+06
4.195244055068835659e-02 1.347138678643614752e+06
4.205256570713391401e-02 1.344829240679255920e+06
4.215269086357947143e-02 1.342535166902293451e+06
4.225281602002502884e-02 1.340256355098137399e+06
4.235294117647058626e-02 1.337992703732209513e+06
4.245306633291614368e-02 1.335744111945418641e+06
4.255319148936170109e-02 1.333510479549667332e+06
4.265331664580725851e-02 1.331291707023387542e+06
4.275344180225281593e-02 1.329087695507106371e+06
4.285356695869837335e-02 1.326898346799042309e+06
4.295369211514393076e-02 1.324723563350728014e+06
4.305381727158948818e-02 1.322563248262664769e+06
4.315394242803504560e-02 1.320417305280006025e+06
4.325406758448059608e-02 1.318285638788267039e+06
4.335419274092615349e-02 1.316168153809064999e+06
4.345431789737171091e-02 1.314064755995888729e+06
4.355444305381726833e-02 1.311975351629892830e+06
4.365456821026282574e-02 1.309899847615723498e+06
4.375469336670838316e-02 1.307838151477369713e+06
4.385481852315394058e-02 1.305790171354043297e+06
4.395494367959949800e-02 1.303755815996085992e+06
4.405506883604505541e-02 1.301734994760903530e+06
4.415519399249061283e-02 1.299727617608927190e+06
4.425531914893617025e-02 1.297733595099601662e+06
4.435544430538172767e-02 1.295752838387400378e+06
4.445556946182728508e-02 1.293785259217866231e+06
4.455569461827284250e-02 1.291830769923680462e+06
4.465581977471839992e-02 1.289889283420755295e+06
4.475594493116395040e-02 1.287960713204354979e+06
4.485607008760950781e-02 1.286044973345240112e+06
4.495619524405506523e-02 1.284141978485840838e+06
4.505632040050062265e-02 1.282251643836451462e+06
4.515644555694618006e-02 1.280373885171454400e+06
4.525657071339173748e-02 1.278508618825567188e+06
4.535669586983729490e-02 1.276655761690113228e+06
4.545682102628285232e-02 1.274815231209320016e+06
4.555694618272840973e-02 1.272986945376641583e+06
4.565707133917396715e-02 1.271170822731102351e+06
4.575719649561952457e-02 1.269366782353669871e+06
4.585732165206508198e-02 1.267574743863647804e+06
4.595744680851063940e-02 1.265794627415095456e+06
4.605757196495619682e-02 1.264026353693268960e+06
4.615769712140174730e-02 1.262269843911089236e+06
4.625782227784730471e-02 1.260525019805629738e+06
4.635794743429286213e-02 1.258791803634630283e+06
4.645807259073841955e-02 1.257070118173033232e+06
4.655819774718397697e-02 1.255359886709542247e+06
4.665832290362953438e-02 1.253661033043204341e+06
4.675844806007509180e-02 1.251973481480014976e+06
4.685857321652064922e-02 1.250297156829545740e+06
4.695869837296620664e-02 1.248631984401593218e+06
4.705882352941176405e-02 1.246977890002851607e+06
4.715894868585732147e-02 1.245334799933607690e+06
4.725907384230287889e-02 1.243702640984455356e+06
4.735919899874843630e-02 1.242081340433035512e+06
4.745932415519399372e-02 1.240470826040794840e+06
4.755944931163955114e-02 1.238871026049767388e+06
4.765957446808510162e-02 1.237281869179377332e+06
4.775969962453065903e-02 1.235703284623262472e+06
4.785982478097621645e-02 1.234135202046120772e+06
4.795994993742177387e-02 1.232577551580575062e+06
4.806007509386733129e-02 1.231030263824060792e+06
4.816020025031288870e-02 1.229493269835733343e+06
4.826032540675844612e-02 1.227966501133396989e+06
4.836045056320400354e-02 1.226449889690452488e+06
4.846057571964956096e-02 1.224943367932867259e+06
4.856070087609511837e-02 1.223446868736163713e+06
4.866082603254067579e-02 1.221960325422428781e+06
4.876095118898623321e-02 1.220483671757343458e+06
4.886107634543179062e-02 1.219016841947230510e+06
4.896120150187734804e-02 1.217559770636124304e+06
4.906132665832290546e-02 1.216112392902857857e+06
4.916145181476845594e-02 1.214674644258170854e+06
4.926157697121401335e-02 1.213246460641835816e+06
4.936170212765957077e-02 1.211827778419803595e+06
4.946182728410512819e-02 1.210418534381369129e+06
4.956195244055068561e-02 1.209018665736354422e+06
4.966207759699624302e-02 1.207628110112310154e+06
4.976220275344180044e-02 1.206246805551737780e+06
4.986232790988735786e-02 1.204874690509328619e+06
4.996245306633291527e-02 1.203511703849221347e+06
5.006257822277847269e-02 1.202157784842278110e+06
5.016270337922403011e-02 1.200812873163378797e+06
5.026282853566958753e-02 1.199476908888733480e+06
5.036295369211514494e-02 1.198149832493211608e+06
5.046307884856070236e-02 1.196831584847690770e+06
5.056320400500625284e-02 1.195522107216421515e+06
5.066332916145181026e-02 1.194221341254410567e+06
5.076345431789736767e-02 1.192929229004821274e+06
5.086357947434292509e-02 1.191645712896391284e+06
5.096370463078848251e-02 1.190370735740866745e+06
5.106382978723403993e-02 1.189104240730455611e+06
5.116395494367959734e-02 1.187846171435294906e+06
5.126408010012515476e-02 1.186596471800937783e+06
5.136420525657071218e-02 1.185355086145855254e+06
5.146433041301626959e-02 1.184121959158955142e+06
5.156445556946182701e-02 1.182897035897118505e+06
5.166458072590738443e-02 1.181680261782750254e+06
5.176470588235294185e-02 1.180471582601348870e+06
5.186483103879849926e-02 1.179270944499089383e+06
5.196495619524405668e-02 1.178078293980425457e+06
5.206508135168960716e-02 1.176893577905704034e+06
5.216520650813516458e-02 1.175716743488799082e+06
5.226533166458072199e-02 1.174547738294759300e+06
5.236545682102627941e-02 1.173386510237470968e+06
5.246558197747183683e-02 1.172233007577339187e+06
5.256570713391739424e-02 1.171087178918979829e+06
5.266583229036295166e-02 1.169948973208932206e+06
5.276595744680850908e-02 1.168818339733382687e+06
5.286608260325406650e-02 1.167695228115905542e+06
5.296620775969962391e-02 1.166579588315218454e+06
5.306633291614518133e-02 1.165471370622953167e+06
5.316645807259073875e-02 1.164370525661440101e+06
5.326658322903629617e-02 1.163277004381508334e+06
5.336670838548185358e-02 1.162190758060300956e+06
5.346683354192740406e-02 1.161111738299102988e+06
5.356695869837296148e-02 1.160039897021186072e+06
5.366708385481851890e-02 1.158975186469665263e+06
5.376720901126407631e-02 1.157917559205372352e+06
5.386733416770963373e-02 1.156866968104741536e+06
5.396745932415519115e-02 1.155823366357709048e+06
5.406758448060074856e-02 1.154786707465629559e+06
5.416770963704630598e-02 1.153756945239201654e+06
5.426783479349186340e-02 1.152734033796412405e+06
5.436795994993742082e-02 1.151717927560491720e+06
5.446808510638297823e-02 1.150708581257881131e+06
5.456821026282853565e-02 1.149705949916217942e+06
5.466833541927409307e-02 1.148709988862330792e+06
5.476846057571965048e-02 1.147720653720248491e+06
5.486858573216520790e-02 1.146737900409224676e+06
5.496871088861075838e-02 1.145761685141771799e+06
5.506883604505631580e-02 1.144791964421710698e+06
5.516896120150187321e-02 1.143828695042233448e+06
5.526908635794743063e-02 1.142871834083977388e+06
5.536921151439298805e-02 1.141921338913112413e+06
5.546933667083854547e-02 1.140977167179443408e+06
5.556946182728410288e-02 1.140039276814520126e+06
5.566958698372966030e-02 1.139107626029766165e+06
5.576971214017521772e-02 1.138182173314614221e+06
5.586983729662077514e-02 1.137262877434658352e+06
5.596996245306633255e-02 1.136349697429816006e+06
5.607008760951188997e-02 1.135442592612503096e+06
5.617021276595744739e-02 1.134541522565821186e+06
5.627033792240300480e-02 1.133646447141756536e+06
5.637046307884856222e-02 1.132757326459391741e+06
5.647058823529411270e-02 1.131874120903128060e+06
5.657071339173967012e-02 1.130996791120920563e+06
5.667083854818522753e-02 1.130125298022525618e+06
5.677096370463078495e-02 1.129259602777757915e+06
5.687108886107634237e-02 1.128399666814761003e+06
5.697121401752189979e-02 1.127545451818288304e+06
5.707133917396745720e-02 1.126696919727996923e+06
5.717146433041301462e-02 1.125854032736750552e+06
5.727158948685857204e-02 1.125016753288935637e+06
5.737171464330412946e-02 1.124185044078788022e+06
5.747183979974968687e-02 1.123358868048730772e+06
5.757196495619524429e-02 1.122538188387722475e+06
5.767209011264080171e-02 1.121722968529618345e+06
5.777221526908635912e-02 1.120913172151539009e+06
5.787234042553190960e-02 1.120108763172254898e+06
5.797246558197746702e-02 1.119309705750575289e+06
5.807259073842302444e-02 1.118515964283754583e+06
5.817271589486858185e-02 1.117727503405903000e+06
5.827284105131413927e-02 1.116944287986414041e+06
5.837296620775969669e-02 1.116166283128395677e+06
5.847309136420525411e-02 1.115393454167118762e+06
5.857321652065081152e-02 1.114625766668470344e+06
5.867334167709636894e-02 1.113863186427420005e+06
5.877346683354192636e-02 1.113105679466496455e+06
5.887359198998748377e-02 1.112353212034272728e+06
5.897371714643304119e-02 1.111605750603862572e+06
5.907384230287859861e-02 1.110863261871427298e+06
5.917396745932415603e-02 1.110125712754691252e+06
5.927409261576971344e-02 1.109393070391467772e+06
5.937421777221526392e-02 1.108665302138195140e+06
5.947434292866082134e-02 1.107942375568482326e+06
5.957446808510637876e-02 1.107224258471663808e+06
5.967459324155193617e-02 1.106510918851364870e+06
5.977471839799749359e-02 1.105802324924075743e+06
5.987484355444305101e-02 1.105098445117734838e+06
5.997496871088860843e-02 1.104399248070323141e+06
6.007509386733416584e-02 1.103704702628466301e+06
6.017521902377972326e-02 1.103014777846046491e+06
6.027534418022528068e-02 1.102329442982823355e+06
6.037546933667083809e-02 1.101648667503065197e+06
6.047559449311639551e-02 1.100972421074187383e+06
6.057571964956195293e-02 1.100300673565401928e+06
6.067584480600751035e-02 1.099633395046373829e+06
6.077596996245306776e-02 1.098970555785888340e+06
6.087609511889861824e-02 1.098312126250525936e+06
6.097622027534417566e-02 1.097658077103346586e+06
6.107634543178973308e-02 1.097008379202582641e+06
6.117647058823529049e-02 1.096363003600339871e+06
6.127659574468084791e-02 1.095721921541308518e+06
6.137672090112640533e-02 1.095085104461481329e+06
6.147684605757196274e-02 1.094452523986881366e+06
6.157697121401752016e-02 1.093824151932297507e+06
6.167709637046307758e-02 1.093199960300028557e+06
6.177722152690863500e-02 1.092579921278636204e+06
6.187734668335419241e-02 1.091964007241705433e+06
6.197747183979974983e-02 1.091352190746613545e+06
6.207759699624530725e-02 1.090744444533307804e+06
6.217772215269086467e-02 1.090140741523090750e+06
6.227784730913641514e-02 1.089541054817413678e+06
6.237797246558197256e-02 1.088945357696677791e+06
6.247809762202752998e-02 1.088353623619043967e+06
6.257822277847309433e-02 1.087765826219250448e+06
6.267834793491865175e-02 1.087181939307437511e+06
6.277847309136420917e-02 1.086601936867980985e+06
6.287859824780976659e-02 1.086025793058332754e+06
6.297872340425532400e-02 1.085453482207870344e+06
6.307884856070086754e-02 1.084884978816751158e+06
6.317897371714642496e-02 1.084320257554778364e+06
6.327909887359198238e-02 1.083759293260270962e+06
6.337922403003753979e-02 1.083202060938943410e+06
6.347934918648309721e-02 1.082648535762791755e+06
6.357947434292865463e-02 1.082098693068986759e+06
6.367959949937421205e-02 1.081552508358776569e+06
6.377972465581976946e-02 1.081009957296393113e+06
6.387984981226532688e-02 1.080471015707969666e+06
6.397997496871088430e-02 1.079935659580462845e+06
6.408010012515644171e-02 1.079403865060582524e+06
6.418022528160199913e-02 1.078875608453729423e+06
6.428035043804755655e-02 1.078350866222939454e+06
6.438047559449311397e-02 1.077829614987834590e+06
6.448060075093867138e-02 1.077311831523581408e+06
6.458072590738422880e-02 1.076797492759856395e+06
6.468085106382978622e-02 1.076286575779817766e+06
6.478097622027534364e-02 1.075779057819084497e+06
6.488110137672090105e-02 1.075274916264722124e+06
6.498122653316645847e-02 1.074774128654234577e+06
6.508135168961201589e-02 1.074276672674564878e+06
6.518147684605757330e-02 1.073782526161098853e+06
6.528160200250313072e-02 1.073291667096679565e+06
6.538172715894868814e-02 1.072804073610624997e+06
6.548185231539424556e-02 1.072319723977754125e+06
6.558197747183980297e-02 1.071838596617418574e+06
6.568210262828536039e-02 1.071360670092541492e+06
6.578222778473091781e-02 1.070885923108662479e+06
6.588235294117647523e-02 1.070414334512988105e+06
6.598247809762201876e-02 1.069945883293450344e+06
6.608260325406757618e-02 1.069480548577769427e+06
6.618272841051313360e-02 1.069018309632524382e+06
6.628285356695869102e-02 1.068559145862229401e+06
6.638297872340424843e-02 1.068103036808415782e+06
6.648310387984980585e-02 1.067649962148720631e+06
6.658322903629536327e-02 1.067199901695981156e+06
6.668335419274092069e-02 1.066752835397335701e+06
6.678347934918647810e-02 1.066308743333329447e+06
6.688360450563203552e-02 1.065867605717028026e+06
6.698372966207759294e-02 1.065429402893134393e+06
6.708385481852315035e-02 1.064994115337114548e+06
6.718397997496870777e-02 1.064561723654326750e+06
6.728410513141426519e-02 1.064132208579157479e+06
6.738423028785982261e-02 1.063705550974163460e+06
6.748435544430538002e-02 1.063281731829218334e+06
6.758448060075093744e-02 1.062860732260665856e+06
6.768460575719649486e-02 1.062442533510479378e+06
6.778473091364205227e-02 1.062027116945424350e+06
6.788485607008760969e-02 1.061614464056229685e+06
6.798498122653316711e-02 1.061204556456762366e+06
6.808510638297872453e-02 1.060797375883208122e+06
6.818523153942428194e-02 1.060392904193257913e+06
6.828535669586983936e-02 1.059991123365299543e+06
6.838548185231539678e-02 1.059592015497614630e+06
6.848560700876095420e-02 1.059195562807581387e+06
6.858573216520651161e-02 1.058801747630881611e+06
6.868585732165206903e-02 1.058410552420713706e+06
6.878598247809762645e-02 1.058021959747011308e+06
6.888610763454316999e-02 1.057635952295667026e+06
6.898623279098872740e-02 1.057252512867759913e+06
6.908635794743428482e-02 1.056871624378789449e+06
6.918648310387984224e-02 1.056493269857915118e+06
6.928660826032539966e-02 1.056117432447199710e+06
6.938673341677095707e-02 1.055744095400857506e+06
6.948685857321651449e-02 1.055373242084509693e+06
6.958698372966207191e-02 1.055004855974441860e+06
6.968710888610762932e-02 1.054638920656868489e+06
6.978723404255318674e-02 1.054275419827201171e+06
6.988735919899874416e-02 1.053914337289322633e+06
6.998748435544430158e-02 1.053555656954864506e+06
7.008760951188985899e-02 1.053199362842491362e+06
7.018773466833541641e-02 1.052845439077187330e+06
7.028785982478097383e-02 1.052493869889550610e+06
7.038798498122653124e-02 1.052144639615088701e+06
7.048811013767208866e-02 1.051797732693522237e+06
7.058823529411764608e-02 1.051453133668090915e+06
7.068836045056320350e-02 1.051110827184864553e+06
7.078848560700876091e-02 1.050770797992059728e+06
7.088861076345431833e-02 1.050433030939359684e+06
7.098873591989987575e-02 1.050097510977239115e+06
7.108886107634543317e-02 1.049764223156294553e+06
7.118898623279099058e-02 1.049433152626577066e+06
7.128911138923654800e-02 1.049104284636931494e+06
7.138923654568210542e-02 1.048777604534338694e+06
7.148936170212766283e-02 1.048453097763263155e+06
7.158948685857322025e-02 1.048130749865003861e+06
7.168961201501877767e-02 1.047810546477050637e+06
7.178973717146432121e-02 1.047492473332443740e+06
7.188986232790987863e-02 1.047176516259138589e+06
7.198998748435543604e-02 1.046862661179374089e+06
7.209011264080099346e-02 1.046550894109045272e+06
7.219023779724655088e-02 1.046241201157080592e+06
7.229036295369210829e-02 1.045933568524822476e+06
7.239048811013766571e-02 1.045627982505413238e+06
7.249061326658322313e-02 1.045324429483183427e+06
7.259073842302878055e-02 1.045022895933046238e+06
7.269086357947433796e-02 1.044723368419893668e+06
7.279098873591989538e-02 1.044425833597999299e+06
7.289111389236545280e-02 1.044130278210422141e+06
7.299123904881101021e-02 1.043836689088417450e+06
7.309136420525656763e-02 1.043545053150848718e+06
7.319148936170212505e-02 1.043255357403605711e+06
7.329161451814768247e-02 1.042967588939025183e+06
7.339173967459323988e-02 1.042681734935315559e+06
7.349186483103879730e-02 1.042397782655985910e+06
7.359198998748435472e-02 1.042115719449278666e+06
7.369211514392991214e-02 1.041835532747605117e+06
7.379224030037546955e-02 1.041557210066986503e+06
7.389236545682102697e-02 1.041280739006496966e+06
7.399249061326658439e-02 1.041006107247711392e+06
7.409261576971214180e-02 1.040733302554156398e+06
7.419274092615769922e-02 1.040462312770765391e+06
7.429286608260325664e-02 1.040193125823336537e+06
7.439299123904881406e-02 1.039925729717995040e+06
7.449311639549437147e-02 1.039660112540659029e+06
7.459324155193992889e-02 1.039396262456508237e+06
7.469336670838548631e-02 1.039134167709456640e+06
7.479349186483102985e-02 1.038873816621629405e+06
7.489361702127658726e-02 1.038615197592841461e+06
7.499374217772214468e-02 1.038358299100081786e+06
7.509386733416770210e-02 1.038103109696999192e+06
7.519399249061325952e-02 1.037849618013392435e+06
7.529411764705881693e-02 1.037597812754704035e+06
7.539424280350437435e-02 1.037347682701516547e+06
7.549436795994993177e-02 1.037099216709052795e+06
7.559449311639548919e-02 1.036852403706679703e+06
7.569461827284104660e-02 1.036607232697414467e+06
7.579474342928660402e-02 1.036363692757434677e+06
7.589486858573216144e-02 1.036121773035591934e+06
7.599499374217771885e-02 1.035881462752928259e+06
7.609511889862327627e-02 1.035642751202195417e+06
7.619524405506883369e-02 1.035405627747378545e+06
7.629536921151439111e-02 1.035170081823221524e+06
7.639549436795994852e-02 1.034936102934756782e+06
7.649561952440550594e-02 1.034703680656837416e+06
7.659574468085106336e-02 1.034472804633672698e+06
7.669586983729662077e-02 1.034243464578366838e+06
7.679599499374217819e-02 1.034015650272460422e+06
7.689612015018773561e-02 1.033789351565475343e+06
7.699624530663329303e-02 1.033564558374462184e+06
7.709637046307885044e-02 1.033341260683551431e+06
7.719649561952440786e-02 1.033119448543506907e+06
7.729662077596996528e-02 1.032899112071282347e+06
7.739674593241552270e-02 1.032680241449581576e+06
7.749687108886108011e-02 1.032462826926420559e+06
7.759699624530663753e-02 1.032246858814692823e+06
7.769712140175218107e-02 1.032032327491738717e+06
7.779724655819773849e-02 1.031819223398915492e+06
7.789737171464329590e-02 1.031607537041172269e+06
7.799749687108885332e-02 1.031397258986626519e+06
7.809762202753441074e-02 1.031188379866144038e+06
7.819774718397996816e-02 1.030980890372921480e+06
7.829787234042552557e-02 1.030774781262071570e+06
7.839799749687108299e-02 1.030570043350211112e+06
7.849812265331664041e-02 1.030366667515052366e+06
7.859824780976219782e-02 1.030164644694995601e+06
7.869837296620775524e-02 1.029963965888726641e+06
7.879849812265331266e-02 1.029764622154814308e+06
7.889862327909887008e-02 1.029566604611313553e+06
7.899874843554442749e-02 1.029369904435368371e+06
7.909887359198998491e-02 1.029174512862819829e+06
7.919899874843554233e-02 1.028980421187814442e+06
7.929912390488109974e-02 1.028787620762417442e+06
7.939924906132665716e-02 1.028596102996226517e+06
7.949937421777221458e-02 1.028405859355989611e+06
7.959949937421777200e-02 1.028216881365224370e+06
7.969962453066332941e-02 1.028029160603840835e+06
7.979974968710888683e-02 1.027842688707765890e+06
7.989987484355444425e-02 1.027657457368570846e+06
8.000000000000000167e-02 1.027473458333101240e+06
---------------
