field_vs_length
---------------
0.000000000000000000e+00 2.500000000000000000e+06
1.001251564455569429e-04 2.500000000000000000e+06
2.002503128911138858e-04 2.500000000000000000e+06
3.003754693366708422e-04 2.500000000000000000e+06
4.005006257822277716e-04 2.500000000000000000e+06
5.006257822277847009e-04 2.500000000000000000e+06
6.007509386733416844e-04 2.500000000000000000e+06
7.008760951188985596e-04 2.500000000000000000e+06
8.010012515644555431e-04 2.500000000000000000e+06
9.011264080100125267e-04 2.500000000000000000e+06
1.001251564455569402e-03 2.500000000000000000e+06
1.101376720901126385e-03 2.500000000000000000e+06
1.201501877346683369e-03 2.500000000000000000e+06
1.301627033792240352e-03 2.500000000000000000e+06
1.401752190237797119e-03 2.500000000000000000e+06
1.501877346683354103e-03 2.500000000000000000e+06
1.602002503128911086e-03 2.500000000000000000e+06
1.702127659574468070e-03 2.500000000000000000e+06
1.802252816020025053e-03 2.500000000000000000e+06
1.902377972465581820e-03 2.500000000000000000e+06
2.002503128911138804e-03 2.500000000000000000e+06
2.102628285356695787e-03 2.500000000000000000e+06
2.202753441802252771e-03 2.500000000000000000e+06
2.302878598247809754e-03 2.500000000000000000e+06
2.403003754693366738e-03 2.500000000000000000e+06
2.503128911138923721e-03 2.500000000000000000e+06
2.603254067584480705e-03 2.500000000000000000e+06
2.703379224030037255e-03 2.500000000000000000e+06
2.803504380475594238e-03 2.500000000000000000e+06
2.903629536921151222e-03 2.500000000000000000e+06
3.003754693366708205e-03 2.500000000000000000e+06
3.103879849812265189e-03 2.500000000000000000e+06
3.204005006257822172e-03 2.500000000000000000e+06
3.304130162703379156e-03 2.500000000000000000e+06
3.404255319148936140e-03 2.500000000000000000e+06
3.504380475594493123e-03 2.500000000000000000e+06
3.604505632040050107e-03 2.500000000000000000e+06
3.704630788485607090e-03 2.500000000000000000e+06
3.804755944931163640e-03 2.500000000000000000e+06
3.904881101376720624e-03 2.500000000000000000e+06
4.005006257822277607e-03 2.500000000000000000e+06
4.105131414267835024e-03 2.500000000000000000e+06
4.205256570713391574e-03 2.500000000000000000e+06
4.305381727158948124e-03 2.500000000000000000e+06
4.405506883604505541e-03 2.500000000000000000e+06
4.505632040050062091e-03 2.500000000000000000e+06
4.605757196495619508e-03 2.500000000000000000e+06
4.705882352941176058e-03 2.500000000000000000e+06
4.806007509386733476e-03 2.500000000000000000e+06
4.906132665832290025e-03 2.500000000000000000e+06
5.006257822277847443e-03 2.500000000000000000e+06
5.106382978723403993e-03 2.500000000000000000e+06
5.206508135168961410e-03 2.500000000000000000e+06
5.306633291614517960e-03 2.500000000000000000e+06
5.406758448060074509e-03 2.500000000000000000e+06
5.506883604505631927e-03 2.500000000000000000e+06
5.607008760951188477e-03 2.500000000000000000e+06
5.707133917396745894e-03 2.500000000000000000e+06
5.807259073842302444e-03 2.500000000000000000e+06
5.907384230287859861e-03 2.500000000000000000e+06
6.007509386733416411e-03 2.500000000000000000e+06
6.107634543178973828e-03 2.500000000000000000e+06
6.207759699624530378e-03 2.500000000000000000e+06
6.307884856070087795e-03 2.500000000000000000e+06
6.408010012515644345e-03 2.500000000000000000e+06
6.508135168961200895e-03 2.500000000000000000e+06
6.608260325406758312e-03 2.500000000000000000e+06
6.708385481852314862e-03 2.500000000000000000e+06
6.808510638297872279e-03 2.500000000000000000e+06
6.908635794743428829e-03 2.500000000000000000e+06
7.008760951188986246e-03 2.500000000000000000e+06
7.108886107634542796e-03 2.500000000000000000e+06
7.209011264080100213e-03 2.500000000000000000e+06
7.309136420525656763e-03 2.500000000000000000e+06
7.409261576971214180e-03 2.500000000000000000e+06
7.509386733416770730e-03 2.500000000000000000e+06
7.609511889862327280e-03 2.500000000000000000e+06
7.709637046307884697e-03 2.500000000000000000e+06
7.809762202753441247e-03 2.500000000000000000e+06
7.909887359198997797e-03 2.500000000000000000e+06
8.010012515644555214e-03 2.500000000000000000e+06
8.110137672090112632e-03 2.500000000000000000e+06
8.210262828535670049e-03 2.500000000000000000e+06
8.310387984981225731e-03 2.500000000000000000e+06
8.410513141426783149e-03 2.500000000000000000e+06
8.510638297872340566e-03 2.500000000000000000e+06
8.610763454317896248e-03 2.500000000000000000e+06
8.710888610763453666e-03 2.500000000000000000e+06
8.811013767209011083e-03 2.500000000000000000e+06
8.911138923654568500e-03 2.500000000000000000e+06
9.011264080100124182e-03 2.500000000000000000e+06
9.111389236545681600e-03 2.500000000000000000e+06
9.211514392991239017e-03 2.500000000000000000e+06
9.311639549436796434e-03 2.500000000000000000e+06
9.411764705882352117e-03 2.500000000000000000e+06
9.511889862327909534e-03 2.500000000000000000e+06
9.612015018773466951e-03 2.500000000000000000e+06
9.712140175219022634e-03 2.500000000000000000e+06
9.812265331664580051e-03 2.500000000000000000e+06
9.912390488110137468e-03 2.500000000000000000e+06
1.001251564455569489e-02 2.500000000000000000e+06
1.011264080100125057e-02 2.500000000000000000e+06
1.021276595744680799e-02 2.500000000000000000e+06
1.031289111389236540e-02 2.500000000000000000e+06
1.041301627033792282e-02 2.500000000000000000e+06
1.051314142678347850e-02 2.500000000000000000e+06
1.061326658322903592e-02 2.500000000000000000e+06
1.071339173967459334e-02 2.500000000000000000e+06
1.081351689612014902e-02 2.500000000000000000e+06
1.091364205256570644e-02 2.500000000000000000e+06
1.101376720901126385e-02 2.500000000000000000e+06
1.111389236545682127e-02 2.500000000000000000e+06
1.121401752190237695e-02 2.500000000000000000e+06
1.131414267834793437e-02 2.500000000000000000e+06
1.141426783479349179e-02 2.500000000000000000e+06
1.151439299123904920e-02 2.500000000000000000e+06
1.161451814768460489e-02 2.500000000000000000e+06
1.171464330413016230e-02 2.500000000000000000e+06
1.181476846057571972e-02 2.500000000000000000e+06
1.191489361702127540e-02 2.500000000000000000e+06
1.201501877346683282e-02 2.500000000000000000e+06
1.211514392991239024e-02 2.500000000000000000e+06
1.221526908635794766e-02 2.500000000000000000e+06
1.231539424280350334e-02 2.500000000000000000e+06
1.241551939924906076e-02 2.500000000000000000e+06
1.251564455569461817e-02 2.500000000000000000e+06
1.261576971214017559e-02 2.500000000000000000e+06
1.271589486858573127e-02 2.500000000000000000e+06
1.281602002503128869e-02 2.500000000000000000e+06
1.291614518147684611e-02 2.500000000000000000e+06
1.301627033792240179e-02 2.500000000000000000e+06
1.311639549436795921e-02 2.500000000000000000e+06
1.321652065081351662e-02 2.500000000000000000e+06
1.331664580725907404e-02 2.500000000000000000e+06
1.341677096370462972e-02 2.500000000000000000e+06
1.351689612015018714e-02 2.500000000000000000e+06
1.361702127659574456e-02 2.500000000000000000e+06
1.371714643304130198e-02 2.500000000000000000e+06
1.381727158948685766e-02 2.500000000000000000e+06
1.391739674593241508e-02 2.500000000000000000e+06
1.401752190237797249e-02 2.500000000000000000e+06
1.411764705882352818e-02 2.500000000000000000e+06
1.421777221526908559e-02 2.500000000000000000e+06
1.431789737171464301e-02 2.500000000000000000e+06
1.441802252816020043e-02 2.500000000000000000e+06
1.451814768460575611e-02 2.500000000000000000e+06
1.461827284105131353e-02 2.500000000000000000e+06
1.471839799749687094e-02 2.500000000000000000e+06
1.481852315394242836e-02 2.500000000000000000e+06
1.491864831038798404e-02 2.500000000000000000e+06
1.501877346683354146e-02 2.500000000000000000e+06
1.511889862327909888e-02 2.500000000000000000e+06
1.521902377972465456e-02 2.500000000000000000e+06
1.531914893617021198e-02 2.500000000000000000e+06
1.541927409261576939e-02 2.500000000000000000e+06
1.551939924906132681e-02 2.500000000000000000e+06
1.561952440550688249e-02 2.500000000000000000e+06
1.571964956195244165e-02 2.500000000000000000e+06
1.581977471839799559e-02 2.500000000000000000e+06
1.591989987484355301e-02 2.500000000000000000e+06
1.602002503128911043e-02 2.500000000000000000e+06
1.612015018773466785e-02 2.500000000000000000e+06
1.622027534418022526e-02 2.500000000000000000e+06
1.632040050062578268e-02 2.500000000000000000e+06
1.642052565707134010e-02 2.500000000000000000e+06
1.652065081351689405e-02 2.500000000000000000e+06
1.662077596996245146e-02 2.500000000000000000e+06
1.672090112640800888e-02 2.500000000000000000e+06
1.682102628285356630e-02 2.500000000000000000e+06
1.692115143929912371e-02 2.500000000000000000e+06
1.702127659574468113e-02 2.500000000000000000e+06
1.712140175219023855e-02 2.500000000000000000e+06
1.722152690863579250e-02 2.500000000000000000e+06
1.732165206508134991e-02 2.500000000000000000e+06
1.742177722152690733e-02 2.500000000000000000e+06
1.752190237797246475e-02 2.500000000000000000e+06
1.762202753441802217e-02 2.500000000000000000e+06
1.772215269086357958e-02 2.500000000000000000e+06
1.782227784730913700e-02 2.500000000000000000e+06
1.792240300375469442e-02 2.500000000000000000e+06
1.802252816020024836e-02 2.500000000000000000e+06
1.812265331664580578e-02 2.500000000000000000e+06
1.822277847309136320e-02 2.500000000000000000e+06
1.832290362953692062e-02 2.500000000000000000e+06
1.842302878598247803e-02 2.500000000000000000e+06
1.852315394242803545e-02 2.500000000000000000e+06
1.862327909887359287e-02 2.500000000000000000e+06
1.872340425531914682e-02 2.500000000000000000e+06
1.882352941176470423e-02 2.500000000000000000e+06
1.892365456821026165e-02 2.500000000000000000e+06
1.902377972465581907e-02 2.500000000000000000e+06
1.912390488110137649e-02 2.500000000000000000e+06
1.922403003754693390e-02 2.500000000000000000e+06
1.932415519399249132e-02 2.500000000000000000e+06
1.942428035043804527e-02 2.500000000000000000e+06
1.952440550688360268e-02 2.500000000000000000e+06
1.962453066332916010e-02 2.500000000000000000e+06
1.972465581977471752e-02 2.500000000000000000e+06
1.982478097622027494e-02 2.500000000000000000e+06
1.992490613266583235e-02 2.500000000000000000e+06
2.002503128911138977e-02 2.496498541870649904e+06
2.012515644555694719e-02 2.482550994038362056e+06
2.022528160200250114e-02 2.468696236201701686e+06
2.032540675844805855e-02 2.454933651049053296e+06
2.042553191489361597e-02 2.441262625375641510e+06
2.052565707133917339e-02 2.427682550056206062e+06
2.062578222778473080e-02 2.414192820017867722e+06
2.072590738423028822e-02 2.400792834213163238e+06
2.082603254067584564e-02 2.387481995593267493e+06
2.092615769712139959e-02 2.374259711081391200e+06
2.102628285356695700e-02 2.361125391546354629e+06
2.112640801001251442e-02 2.348078451776340604e+06
2.122653316645807184e-02 2.335118310452819336e+06
2.132665832290362926e-02 2.322244390124644153e+06
2.142678347934918667e-02 2.309456117182327434e+06
2.152690863579474409e-02 2.296752921832479071e+06
2.162703379224029804e-02 2.284134238072420470e+06
2.172715894868585546e-02 2.271599503664964810e+06
2.182728410513141287e-02 2.259148160113367252e+06
2.192740926157697029e-02 2.246779652636441402e+06
2.202753441802252771e-02 2.234493430143836886e+06
2.212765957446808512e-02 2.222288945211489219e+06
2.222778473091364254e-02 2.210165654057225212e+06
2.232790988735919996e-02 2.198123016516537871e+06
2.242803504380475391e-02 2.186160496018515434e+06
2.252816020025031132e-02 2.174277559561935253e+06
2.262828535669586874e-02 2.162473677691516466e+06
2.272841051314142616e-02 2.150748324474329595e+06
2.282853566958698358e-02 2.139100977476360276e+06
2.292866082603254099e-02 2.127531117739235051e+06
2.302878598247809841e-02 2.116038229757097550e+06
2.312891113892365236e-02 2.104621801453639288e+06
2.322903629536920977e-02 2.093281324159282492e+06
2.332916145181476719e-02 2.082016292588519398e+06
2.342928660826032461e-02 2.070826204817395192e+06
2.352941176470588203e-02 2.059710562261146493e+06
2.362953692115143944e-02 2.048668869651984656e+06
2.372966207759699686e-02 2.037700635017031105e+06
2.382978723404255081e-02 2.026805369656394469e+06
2.392991239048810823e-02 2.015982588121397654e+06
2.403003754693366564e-02 2.005231808192947414e+06
2.413016270337922306e-02 1.994552550860049669e+06
2.423028785982478048e-02 1.983944340298465686e+06
2.433041301627033789e-02 1.973406703849511687e+06
2.443053817271589531e-02 1.962939171998999314e+06
2.453066332916145273e-02 1.952541278356315335e+06
2.463078848560700668e-02 1.942212559633642435e+06
2.473091364205256409e-02 1.931952555625315057e+06
2.483103879849812151e-02 1.921760809187316103e+06
2.493116395494367893e-02 1.911636866216907976e+06
2.503128911138923635e-02 1.901580275632400531e+06
2.513141426783479376e-02 1.891590589353050105e+06
2.523153942428035118e-02 1.881667362279097550e+06
2.533166458072590513e-02 1.871810152271935949e+06
2.543178973717146255e-02 1.862018520134408493e+06
2.553191489361701996e-02 1.852292029591242550e+06
2.563204005006257738e-02 1.842630247269609710e+06
2.573216520650813480e-02 1.833032742679816438e+06
2.583229036295369221e-02 1.823499088196123019e+06
2.593241551939924963e-02 1.814028859037690796e+06
2.603254067584480358e-02 1.804621633249655832e+06
2.613266583229036100e-02 1.795276991684326669e+06
2.623279098873591841e-02 1.785994517982511315e+06
2.633291614518147583e-02 1.776773798554964596e+06
2.643304130162703325e-02 1.767614422563960077e+06
2.653316645807259067e-02 1.758515981904984917e+06
2.663329161451814808e-02 1.749478071188557195e+06
2.673341677096370203e-02 1.740500287722162902e+06
2.683354192740925945e-02 1.731582231492312858e+06
2.693366708385481686e-02 1.722723505146721378e+06
2.703379224030037428e-02 1.713923713976599975e+06
2.713391739674593170e-02 1.705182465899072122e+06
2.723404255319148912e-02 1.696499371439703740e+06
2.733416770963704653e-02 1.687874043715148466e+06
2.743429286608260395e-02 1.679306098415910732e+06
2.753441802252815790e-02 1.670795153789222706e+06
2.763454317897371532e-02 1.662340830622033449e+06
2.773466833541927273e-02 1.653942752224115189e+06
2.783479349186483015e-02 1.645600544411277166e+06
2.793491864831038757e-02 1.637313835488694953e+06
2.803504380475594499e-02 1.629082256234348053e+06
2.813516896120150240e-02 1.620905439882570878e+06
2.823529411764705635e-02 1.612783022107708734e+06
2.833541927409261377e-02 1.604714641007886268e+06
2.843554443053817118e-02 1.596699937088883249e+06
2.853566958698372860e-02 1.588738553248114651e+06
2.863579474342928602e-02 1.580830134758722736e+06
2.873591989987484344e-02 1.572974329253769247e+06
2.883604505632040085e-02 1.565170786710536340e+06
2.893617021276595480e-02 1.557419159434932051e+06
2.903629536921151222e-02 1.549719102045995649e+06
2.913642052565706964e-02 1.542070271460511955e+06
2.923654568210262705e-02 1.534472326877723448e+06
2.933667083854818447e-02 1.526924929764145985e+06
2.943679599499374189e-02 1.519427743838483933e+06
2.953692115143929930e-02 1.511980435056648916e+06
2.963704630788485672e-02 1.504582671596874483e+06
2.973717146433041067e-02 1.497234123844932299e+06
2.983729662077596809e-02 1.489934464379445184e+06
2.993742177722152550e-02 1.482683367957299808e+06
3.003754693366708292e-02 1.475480511499153217e+06
3.013767209011264034e-02 1.468325574075040407e+06
3.023779724655819776e-02 1.461218236890072701e+06
3.033792240300375517e-02 1.454158183270233683e+06
3.043804755944930912e-02 1.447145098648271523e+06
3.053817271589486654e-02 1.440178670549680479e+06
3.063829787234042396e-02 1.433258588578780182e+06
3.073842302878598137e-02 1.426384544404885499e+06
3.083854818523153879e-02 1.419556231748566963e+06
3.093867334167709621e-02 1.412773346368006431e+06
3.103879849812265362e-02 1.406035586045440286e+06
3.113892365456820757e-02 1.399342650573693216e+06
3.123904881101376499e-02 1.392694241742802318e+06
3.133917396745932588e-02 1.386090063326731790e+06
3.143929912390488329e-02 1.379529821070173290e+06
3.153942428035043377e-02 1.373013222675433615e+06
3.163954943679599119e-02 1.366539977789412718e+06
3.173967459324154861e-02 1.360109797990667168e+06
3.183979974968710602e-02 1.353722396776557434e+06
3.193992490613266344e-02 1.347377489550485043e+06
3.204005006257822086e-02 1.341074793609209359e+06
3.214017521902377827e-02 1.334814028130253311e+06
3.224030037546933569e-02 1.328594914159391075e+06
3.234042553191489311e-02 1.322417174598217010e+06
3.244055068836045053e-02 1.316280534191802377e+06
3.254067584480600794e-02 1.310184719516428653e+06
3.264080100125156536e-02 1.304129458967405837e+06
3.274092615769712278e-02 1.298114482746970840e+06
3.284105131414268020e-02 1.292139522852266207e+06
3.294117647058823761e-02 1.286204313063398702e+06
3.304130162703378809e-02 1.280308588931579143e+06
3.314142678347934551e-02 1.274452087767337216e+06
3.324155193992490293e-02 1.268634548628818942e+06
3.334167709637046034e-02 1.262855712310159579e+06
3.344180225281601776e-02 1.257115321329934523e+06
3.354192740926157518e-02 1.251413119919687044e+06
3.364205256570713259e-02 1.245748854012532625e+06
3.374217772215269001e-02 1.240122271231837105e+06
3.384230287859824743e-02 1.234533120879973751e+06
3.394242803504380485e-02 1.228981153927153442e+06
3.404255319148936226e-02 1.223466123000326566e+06
3.414267834793491968e-02 1.217987782372162677e+06
3.424280350438047710e-02 1.212545887950102333e+06
3.434292866082603451e-02 1.207140197265480878e+06
3.444305381727158499e-02 1.201770469462723937e+06
3.454317897371714241e-02 1.196436465288616950e+06
3.464330413016269983e-02 1.191137947081645019e+06
3.474342928660825724e-02 1.185874678761404008e+06
3.484355444305381466e-02 1.180646425818080548e+06
3.494367959949937208e-02 1.175452955302004004e+06
3.504380475594492950e-02 1.170294035813267808e+06
3.514392991239048691e-02 1.165169437491417397e+06
3.524405506883604433e-02 1.160078932005210780e+06
3.534418022528160175e-02 1.155022292542443611e+06
3.544430538172715917e-02 1.149999293799843173e+06
3.554443053817271658e-02 1.145009711973031051e+06
3.564455569461827400e-02 1.140053324746550526e+06
3.574468085106383142e-02 1.135129911283960333e+06
3.584480600750938883e-02 1.130239252217996866e+06
3.594493116395493931e-02 1.125381129640799016e+06
3.604505632040049673e-02 1.120555327094198205e+06
3.614518147684605415e-02 1.115761629560075933e+06
3.624530663329161156e-02 1.110999823450782103e+06
3.634543178973716898e-02 1.106269696599618066e+06
3.644555694618272640e-02 1.101571038251385093e+06
3.654568210262828382e-02 1.096903639052992221e+06
3.664580725907384123e-02 1.092267291044128593e+06
3.674593241551939865e-02 1.087661787647998659e+06
3.684605757196495607e-02 1.083086923662117217e+06
3.694618272841051348e-02 1.078542495249165688e+06
3.704630788485607090e-02 1.074028299927912187e+06
3.714643304130162832e-02 1.069544136564186541e+06
3.724655819774718574e-02 1.065089805361921433e+06
3.734668335419274315e-02 1.060665107854249887e+06
3.744680851063829363e-02 1.056269846894660499e+06
3.754693366708385105e-02 1.051903826648214366e+06
3.764705882352940847e-02 1.047566852582821157e+06
3.774718397997496588e-02 1.043258731460569310e+06
3.784730913642052330e-02 1.038979271329117008e+06
3.794743429286608072e-02 1.034728281513139722e+06
3.804755944931163814e-02 1.030505572605833993e+06
3.814768460575719555e-02 1.026310956460478832e+06
3.824780976220275297e-02 1.022144246182052302e+06
3.834793491864831039e-02 1.018005256118904334e+06
3.844806007509386780e-02 1.013893801854484482e+06
3.854818523153942522e-02 1.009809700199125917e+06
3.864831038798498264e-02 1.005752769181882613e+06
3.874843554443054006e-02 1.001722828042421024e+06
3.884856070087609053e-02 9.977196972229680978e+05
3.894868585732164795e-02 9.937431983603074914e+05
3.904881101376720537e-02 9.897931542778359726e+05
3.914893617021276279e-02 9.858693889776674332e+05
3.924906132665832020e-02 9.819717276327908039e+05
3.934918648310387762e-02 9.780999965792812873e+05
3.944931163954943504e-02 9.742540233085626969e+05
3.954943679599499246e-02 9.704336364597203210e+05
3.964956195244054987e-02 9.666386658118660562e+05
3.974968710888610729e-02 9.628689422765551135e+05
3.984981226533166471e-02 9.591242978902505711e+05
3.994993742177722212e-02 9.554045658068403136e+05
4.005006257822277954e-02 9.517095802902035648e+05
4.015018773466833696e-02 9.480391767068253830e+05
4.025031289111389438e-02 9.443931915184617974e+05
4.035043804755944485e-02 9.407714622748534894e+05
4.045056320400500227e-02 9.371738276064862730e+05
4.055068836045055969e-02 9.336001272174034966e+05
4.065081351689611711e-02 9.300502018780616345e+05
4.075093867334167452e-02 9.265238934182371013e+05
4.085106382978723194e-02 9.230210447199782357e+05
4.095118898623278936e-02 9.195414997106044320e+05
4.105131414267834677e-02 9.160851033557533519e+05
4.115143929912390419e-02 9.126517016524719074e+05
4.125156445556946161e-02 9.092411416223552078e+05
4.135168961201501903e-02 9.058532713047307916e+05
4.145181476846057644e-02 9.024879397498865146e+05
4.155193992490613386e-02 8.991449970123465173e+05
4.165206508135169128e-02 8.958242941441894509e+05
4.175219023779724176e-02 8.925256831884121057e+05
4.185231539424279917e-02 8.892490171723357635e+05
4.195244055068835659e-02 8.859941501010606298e+05
4.205256570713391401e-02 8.827609369509582175e+05
4.215269086357947143e-02 8.795492336632106453e+05
4.225281602002502884e-02 8.763588971373924287e+05
4.235294117647058626e-02 8.731897852250933647e+05
4.245306633291614368e-02 8.700417567235861206e+05
4.255319148936170109e-02 8.669146713695342187e+05
4.265331664580725851e-02 8.638083898327425122e+05
4.275344180225281593e-02 8.607227737099491060e+05
4.285356695869837335e-02 8.576576855186594184e+05
4.295369211514393076e-02 8.546129886910191271e+05
4.305381727158948818e-02 8.515885475677308859e+05
4.315394242803504560e-02 8.485842273920085281e+05
4.325406758448059608e-02 8.455998943035738776e+05
4.335419274092615349e-02 8.426354153326911619e+05
4.345431789737171091e-02 8.396906583942442667e+05
4.355444305381726833e-02 8.367654922818500781e+05
4.365456821026282574e-02 8.338597866620128043e+05
4.375469336670838316e-02 8.309734120683175279e+05
4.385481852315394058e-02 8.281062398956606630e+05
4.395494367959949800e-02 8.252581423945203424e+05
4.405506883604505541e-02 8.224289926652651047e+05
4.415519399249061283e-02 8.196186646524982061e+05
4.425531914893617025e-02 8.168270331394423265e+05
4.435544430538172767e-02 8.140539737423603656e+05
4.445556946182728508e-02 8.112993629050126765e+05
4.455569461827284250e-02 8.085630778931524837e+05
4.465581977471839992e-02 8.058449967890573898e+05
4.475594493116395040e-02 8.031449984860969707e+05
4.485607008760950781e-02 8.004629626833362272e+05
4.495619524405506523e-02 7.977987698801769875e+05
4.505632040050062265e-02 7.951523013710320229e+05
4.515644555694618006e-02 7.925234392400362995e+05
4.525657071339173748e-02 7.899120663557939697e+05
4.535669586983729490e-02 7.873180663661584258e+05
4.545682102628285232e-02 7.847413236930480925e+05
4.555694618272840973e-02 7.821817235272981925e+05
4.565707133917396715e-02 7.796391518235434778e+05
4.575719649561952457e-02 7.771134952951379819e+05
4.585732165206508198e-02 7.746046414091070183e+05
4.595744680851063940e-02 7.721124783811334055e+05
4.605757196495619682e-02 7.696368951705764048e+05
4.615769712140174730e-02 7.671777814755248837e+05
4.625782227784730471e-02 7.647350277278815629e+05
4.635794743429286213e-02 7.623085250884823035e+05
4.645807259073841955e-02 7.598981654422464781e+05
4.655819774718397697e-02 7.575038413933590055e+05
4.665832290362953438e-02 7.551254462604859145e+05
4.675844806007509180e-02 7.527628740720209898e+05
4.685857321652064922e-02 7.504160195613640826e+05
4.695869837296620664e-02 7.480847781622303883e+05
4.705882352941176405e-02 7.457690460039923200e+05
4.715894868585732147e-02 7.434687199070506031e+05
4.725907384230287889e-02 7.411836973782373825e+05
4.735919899874843630e-02 7.389138766062497161e+05
4.745932415519399372e-02 7.366591564571128692e+05
4.755944931163955114e-02 7.344194364696743432e+05
4.765957446808510162e-02 7.321946168511281721e+05
4.775969962453065903e-02 7.299845984725675080e+05
4.785982478097621645e-02 7.277892828645691043e+05
4.795994993742177387e-02 7.256085722128050402e+05
4.806007509386733129e-02 7.234423693536850624e+05
4.816020025031288870e-02 7.212905777700267499e+05
4.826032540675844612e-02 7.191531015867557144e+05
4.836045056320400354e-02 7.170298455666333903e+05
4.846057571964956096e-02 7.149207151060140459e+05
4.856070087609511837e-02 7.128256162306290353e+05
4.866082603254067579e-02 7.107444555914002704e+05
4.876095118898623321e-02 7.086771404602807015e+05
4.886107634543179062e-02 7.066235787261226214e+05
4.896120150187734804e-02 7.045836788905739086e+05
4.906132665832290546e-02 7.025573500640010461e+05
4.916145181476845594e-02 7.005445019614393823e+05
4.926157697121401335e-02 6.985450448985700496e+05
4.936170212765957077e-02 6.965588897877250565e+05
4.946182728410512819e-02 6.945859481339169433e+05
4.956195244055068561e-02 6.926261320308961440e+05
4.966207759699624302e-02 6.906793541572340764e+05
4.976220275344180044e-02 6.887455277724328917e+05
4.986232790988735786e-02 6.868245667130602524e+05
4.996245306633291527e-02 6.849163853889100719e+05
5.006257822277847269e-02 6.830208987791894469e+05
5.016270337922403011e-02 6.811380224287303863e+05
5.026282853566958753e-02 6.792676724442268023e+05
5.036295369211514494e-02 6.774097654904961819e+05
5.046307884856070236e-02 6.755642187867669854e+05
5.056320400500625284e-02 6.737309501029901439e+05
5.066332916145181026e-02 6.719098777561748866e+05
5.076345431789736767e-02 6.701009206067499472e+05
5.086357947434292509e-02 6.683039980549477041e+05
5.096370463078848251e-02 6.665190300372135825e+05
5.106382978723403993e-02 6.647459370226378087e+05
5.116395494367959734e-02 6.629846400094128912e+05
5.126408010012515476e-02 6.612350605213127565e+05
5.136420525657071218e-02 6.594971206041972619e+05
5.146433041301626959e-02 6.577707428225371987e+05
5.156445556946182701e-02 6.560558502559658373e+05
5.166458072590738443e-02 6.543523664958502632e+05
5.176470588235294185e-02 6.526602156418883242e+05
5.186483103879849926e-02 6.509793222987252520e+05
5.196495619524405668e-02 6.493096115725955460e+05
5.206508135168960716e-02 6.476510090679856949e+05
5.216520650813516458e-02 6.460034408843189012e+05
5.226533166458072199e-02 6.443668336126629729e+05
5.236545682102627941e-02 6.427411143324594013e+05
5.246558197747183683e-02 6.411262106082746759e+05
5.256570713391739424e-02 6.395220504865717376e+05
5.266583229036295166e-02 6.379285624925050652e+05
5.276595744680850908e-02 6.363456756267356686e+05
5.286608260325406650e-02 6.347733193622676190e+05
5.296620775969962391e-02 6.332114236413058825e+05
5.306633291614518133e-02 6.316599188721345272e+05
5.316645807259073875e-02 6.301187359260161174e+05
5.326658322903629617e-02 6.285878061341117136e+05
5.336670838548185358e-02 6.270670612844213611e+05
5.346683354192740406e-02 6.255564336187442532e+05
5.356695869837296148e-02 6.240558558296603151e+05
5.366708385481851890e-02 6.225652610575313447e+05
5.376720901126407631e-02 6.210845828875213629e+05
5.386733416770963373e-02 6.196137553466380341e+05
5.396745932415519115e-02 6.181527129007927142e+05
5.406758448060074856e-02 6.167013904518812196e+05
5.416770963704630598e-02 6.152597233348822920e+05
5.426783479349186340e-02 6.138276473149774829e+05
5.436795994993742082e-02 6.124050985846882686e+05
5.446808510638297823e-02 6.109920137610335369e+05
5.456821026282853565e-02 6.095883298827051185e+05
5.466833541927409307e-02 6.081939844072629930e+05
5.476846057571965048e-02 6.068089152083480731e+05
5.486858573216520790e-02 6.054330605729146628e+05
5.496871088861075838e-02 6.040663591984806117e+05
5.506883604505631580e-02 6.027087501903951634e+05
5.516896120150187321e-02 6.013601730591269443e+05
5.526908635794743063e-02 6.000205677175682504e+05
5.536921151439298805e-02 5.986898744783574948e+05
5.546933667083854547e-02 5.973680340512206312e+05
5.556946182728410288e-02 5.960549875403282931e+05
5.566958698372966030e-02 5.947506764416726073e+05
5.576971214017521772e-02 5.934550426404599566e+05
5.586983729662077514e-02 5.921680284085217863e+05
5.596996245306633255e-02 5.908895764017424081e+05
5.607008760951188997e-02 5.896196296575043816e+05
5.617021276595744739e-02 5.883581315921496134e+05
5.627033792240300480e-02 5.871050259984591976e+05
5.637046307884856222e-02 5.858602570431483909e+05
5.647058823529411270e-02 5.846237692643791670e+05
5.657071339173967012e-02 5.833955075692888349e+05
5.667083854818522753e-02 5.821754172315360047e+05
5.677096370463078495e-02 5.809634438888611039e+05
5.687108886107634237e-02 5.797595335406652885e+05
5.697121401752189979e-02 5.785636325456037885e+05
5.707133917396745720e-02 5.773756876191957854e+05
5.717146433041301462e-02 5.761956458314508200e+05
5.727158948685857204e-02 5.750234546045099851e+05
5.737171464330412946e-02 5.738590617103033001e+05
5.747183979974968687e-02 5.727024152682230342e+05
5.757196495619524429e-02 5.715534637428115821e+05
5.767209011264080171e-02 5.704121559414655203e+05
5.777221526908635912e-02 5.692784410121547990e+05
5.787234042553190960e-02 5.681522684411568334e+05
5.797246558197746702e-02 5.670335880508054979e+05
5.807259073842302444e-02 5.659223499972561840e+05
5.817271589486858185e-02 5.648185047682643635e+05
5.827284105131413927e-02 5.637220031809795182e+05
5.837296620775969669e-02 5.626327963797540870e+05
5.847309136420525411e-02 5.615508358339663828e+05
5.857321652065081152e-02 5.604760733358585276e+05
5.867334167709636894e-02 5.594084609983882401e+05
5.877346683354192636e-02 5.583479512530951761e+05
5.887359198998748377e-02 5.572944968479818199e+05
5.897371714643304119e-02 5.562480508454077644e+05
5.907384230287859861e-02 5.552085666199983098e+05
5.917396745932415603e-02 5.541759978565678466e+05
5.927409261576971344e-02 5.531502985480548814e+05
5.937421777221526392e-02 5.521314229934731266e+05
5.947434292866082134e-02 5.511193257958751637e+05
5.957446808510637876e-02 5.501139618603293784e+05
5.967459324155193617e-02 5.491152863919108640e+05
5.977471839799749359e-02 5.481232548937059473e+05
5.987484355444305101e-02 5.471378231648287037e+05
5.997496871088860843e-02 5.461589472984524909e+05
6.007509386733416584e-02 5.451865836798528908e+05
6.017521902377972326e-02 5.442206889844650868e+05
6.027534418022528068e-02 5.432612201759526506e+05
6.037546933667083809e-02 5.423081345042912290e+05
6.047559449311639551e-02 5.413613895038624760e+05
6.057571964956195293e-02 5.404209429915626533e+05
6.067584480600751035e-02 5.394867530649232212e+05
6.077596996245306776e-02 5.385587781002435368e+05
6.087609511889861824e-02 5.376369767507362412e+05
6.097622027534417566e-02 5.367213079446852207e+05
6.107634543178973308e-02 5.358117308836155571e+05
6.117647058823529049e-02 5.349082050404758193e+05
6.127659574468084791e-02 5.340106901578318793e+05
6.137672090112640533e-02 5.331191462460738840e+05
6.147684605757196274e-02 5.322335335816339357e+05
6.157697121401752016e-02 5.313538127052164637e+05
6.167709637046307758e-02 5.304799444200400030e+05
6.177722152690863500e-02 5.296118897900907323e+05
6.187734668335419241e-02 5.287496101383875357e+05
6.197747183979974983e-02 5.278930670452588238e+05
6.207759699624530725e-02 5.270422223466308787e+05
6.217772215269086467e-02 5.261970381323271431e+05
6.227784730913641514e-02 5.253574767443792662e+05
6.237797246558197256e-02 5.245235007753489772e+05
6.247809762202752998e-02 5.236950730666617164e+05
6.257822277847309433e-02 5.228721567069506855e+05
6.267834793491865175e-02 5.220547150304124807e+05
6.277847309136420917e-02 5.212427116151732625e+05
6.287859824780976659e-02 5.204361102816659841e+05
6.297872340425532400e-02 5.196348750910183298e+05
6.307884856070086754e-02 5.188389703434515977e+05
6.317897371714642496e-02 5.180483605766896508e+05
6.327909887359198238e-02 5.172630105643793941e+05
6.337922403003753979e-02 5.164828853145208559e+05
6.347934918648309721e-02 5.157079500679083867e+05
6.357947434292865463e-02 5.149381702965815784e+05
6.367959949937421205e-02 5.141735117022871273e+05
6.377972465581976946e-02 5.134139402149504167e+05
6.387984981226532688e-02 5.126594219911576947e+05
6.397997496871088430e-02 5.119099234126480296e+05
6.408010012515644171e-02 5.111654110848154523e+05
6.418022528160199913e-02 5.104258518352211686e+05
6.428035043804755655e-02 5.096912127121151425e+05
6.438047559449311397e-02 5.089614609829683322e+05
6.448060075093867138e-02 5.082365641330139479e+05
6.458072590738422880e-02 5.075164898637989536e+05
6.468085106382978622e-02 5.068012060917449417e+05
6.478097622027534364e-02 5.060906809467183193e+05
6.488110137672090105e-02 5.053848827706107986e+05
6.498122653316645847e-02 5.046837801159285009e+05
6.508135168961201589e-02 5.039873417443906656e+05
6.518147684605757330e-02 5.032955366255384870e+05
6.528160200250313072e-02 5.026083339353515184e+05
6.538172715894868814e-02 5.019257030548750772e+05
6.548185231539424556e-02 5.012476135688556824e+05
6.558197747183980297e-02 5.005740352643858641e+05
6.568210262828536039e-02 4.999049381295581115e+05
6.578222778473091781e-02 4.992402923521274934e+05
6.588235294117647523e-02 4.985800683181834756e+05
6.598247809762201876e-02 4.979242366108305287e+05
6.608260325406757618e-02 4.972727680088771740e+05
6.618272841051313360e-02 4.966256334855341120e+05
6.628285356695869102e-02 4.959828042071210803e+05
6.638297872340424843e-02 4.953442515317819780e+05
6.648310387984980585e-02 4.947099470082087209e+05
6.658322903629536327e-02 4.940798623743735952e+05
6.668335419274092069e-02 4.934539695562699344e+05
6.678347934918647810e-02 4.928322406666613533e+05
6.688360450563203552e-02 4.922146480038391892e+05
6.698372966207759294e-02 4.916011640503880917e+05
6.708385481852315035e-02 4.909917614719603444e+05
6.718397997496870777e-02 4.903864131160574034e+05
6.728410513141426519e-02 4.897850920108205173e+05
6.738423028785982261e-02 4.891877713638287969e+05
6.748435544430538002e-02 4.885944245609056088e+05
6.758448060075093744e-02 4.880050251649323618e+05
6.768460575719649486e-02 4.874195469146711403e+05
6.778473091364205227e-02 4.868379637235942064e+05
6.788485607008760969e-02 4.862602496787217096e+05
6.798498122653316711e-02 4.856863790394673706e+05
6.808510638297872453e-02 4.851163262364913244e+05
6.818523153942428194e-02 4.845500658705609385e+05
6.828535669586983936e-02 4.839875727114193141e+05
6.838548185231539678e-02 4.834288216966605978e+05
6.848560700876095420e-02 4.828737879306140821e+05
6.858573216520651161e-02 4.823224466832341277e+05
6.868585732165206903e-02 4.817747733889990486e+05
6.878598247809762645e-02 4.812307436458159355e+05
6.888610763454316999e-02 4.806903332139339764e+05
6.898623279098872740e-02 4.801535180148638319e+05
6.908635794743428482e-02 4.796202741303052753e+05
6.918648310387984224e-02 4.790905778010812355e+05
6.928660826032539966e-02 4.785644054260794655e+05
6.938673341677095707e-02 4.780417335612004972e+05
6.948685857321651449e-02 4.775225389183135703e+05
6.958698372966207191e-02 4.770067983642186155e+05
6.968710888610762932e-02 4.764944889196158620e+05
6.978723404255318674e-02 4.759855877580816159e+05
6.988735919899874416e-02 4.754800722050516051e+05
6.998748435544430158e-02 4.749779197368103196e+05
7.008760951188985899e-02 4.744791079794878024e+05
7.018773466833541641e-02 4.739836147080623778e+05
7.028785982478097383e-02 4.734914178453708300e+05
7.038798498122653124e-02 4.730024954611241701e+05
7.048811013767208866e-02 4.725168257709311438e+05
7.058823529411764608e-02 4.720343871353271534e+05
7.068836045056320350e-02 4.715551580588103388e+05
7.078848560700876091e-02 4.710791171888836543e+05
7.088861076345431833e-02 4.706062433151035220e+05
7.098873591989987575e-02 4.701365153681349475e+05
7.108886107634543317e-02 4.696699124188124551e+05
7.118898623279099058e-02 4.692064136772079510e+05
7.128911138923654800e-02 4.687459984917040565e+05
7.138923654568210542e-02 4.682886463480741950e+05
7.148936170212766283e-02 4.678343368685683818e+05
7.158948685857322025e-02 4.673830498110053595e+05
7.168961201501877767e-02 4.669347650678708451e+05
7.178973717146432121e-02 4.664894626654213062e+05
7.188986232790987863e-02 4.660471227627940825e+05
7.198998748435543604e-02 4.656077256511237356e+05
7.209011264080099346e-02 4.651712517526634037e+05
7.219023779724655088e-02 4.647376816199127934e+05
7.229036295369210829e-02 4.643069959347515251e+05
7.239048811013766571e-02 4.638791755075784749e+05
7.249061326658322313e-02 4.634542012764568208e+05
7.259073842302878055e-02 4.630320543062646757e+05
7.269086357947433796e-02 4.626127157878511935e+05
7.279098873591989538e-02 4.621961670371989603e+05
7.289111389236545280e-02 4.617823894945910433e+05
7.299123904881101021e-02 4.613713647237843834e+05
7.309136420525656763e-02 4.609630744111881941e+05
7.319148936170212505e-02 4.605575003650480649e+05
7.329161451814768247e-02 4.601546245146352449e+05
7.339173967459323988e-02 4.597544289094418054e+05
7.349186483103879730e-02 4.593568957183803432e+05
7.359198998748435472e-02 4.589620072289900272e+05
7.369211514392991214e-02 4.585697458466471289e+05
7.379224030037546955e-02 4.581800940937810810e+05
7.389236545682102697e-02 4.577930346090957173e+05
7.399249061326658439e-02 4.574085501467959257e+05
7.409261576971214180e-02 4.570266235758190160e+05
7.419274092615769922e-02 4.566472378790715593e+05
7.429286608260325664e-02 4.562703761526711169e+05
7.439299123904881406e-02 4.558960216051931493e+05
7.449311639549437147e-02 4.555241575569226989e+05
7.459324155193992889e-02 4.551547674391114851e+05
7.469336670838548631e-02 4.547878347932393081e+05
7.479349186483102985e-02 4.544233432702810969e+05
7.489361702127658726e-02 4.540612766299780924e+05
7.499374217772214468e-02 4.537016187401144998e+05
7.509386733416770210e-02 4.533443535757988575e+05
7.519399249061325952e-02 4.529894652187494212e+05
7.529411764705881693e-02 4.526369378565856605e+05
7.539424280350437435e-02 4.522867557821231312e+05
7.549436795994993177e-02 4.519389033926739939e+05
7.559449311639548919e-02 4.515933651893516071e+05
7.569461827284104660e-02 4.512501257763801841e+05
7.579474342928660402e-02 4.509091698604084668e+05
7.589486858573216144e-02 4.505704822498287540e+05
7.599499374217771885e-02 4.502340478540995391e+05
7.609511889862327627e-02 4.498998516830736771e+05
7.619524405506883369e-02 4.495678788463299861e+05
7.629536921151439111e-02 4.492381145525102038e+05
7.639549436795994852e-02 4.489105441086594947e+05
7.649561952440550594e-02 4.485851529195723706e+05
7.659574468085106336e-02 4.482619264871418127e+05
7.669586983729662077e-02 4.479408504097135738e+05
7.679599499374217819e-02 4.476219103814446134e+05
7.689612015018773561e-02 4.473050921916654333e+05
7.699624530663329303e-02 4.469903817242470686e+05
7.709637046307885044e-02 4.466777649569720379e+05
7.719649561952440786e-02 4.463672279609096586e+05
7.729662077596996528e-02 4.460587568997953786e+05
7.739674593241552270e-02 4.457523380294142989e+05
7.749687108886108011e-02 4.454479576969887130e+05
7.759699624530663753e-02 4.451456023405700107e+05
7.769712140175218107e-02 4.448452584884342505e+05
7.779724655819773849e-02 4.445469127584817470e+05
7.789737171464329590e-02 4.442505518576411996e+05
7.799749687108885332e-02 4.439561625812771381e+05
7.809762202753441074e-02 4.436637318126016762e+05
7.819774718397996816e-02 4.433732465220900485e+05
7.829787234042552557e-02 4.430846937669001054e+05
7.839799749687108299e-02 4.427980606902955915e+05
7.849812265331664041e-02 4.425133345210732659e+05
7.859824780976219782e-02 4.422305025729939225e+05
7.869837296620775524e-02 4.419495522442172514e+05
7.879849812265331266e-02 4.416704710167400772e+05
7.889862327909887008e-02 4.413932464558389620e+05
7.899874843554442749e-02 4.411178662095157779e+05
7.909887359198998491e-02 4.408443180079477024e+05
7.919899874843554233e-02 4.405725896629402414e+05
7.929912390488109974e-02 4.403026690673843841e+05
7.939924906132665716e-02 4.400345441947171348e+05
7.949937421777221458e-02 4.397682030983854202e+05
7.959949937421777200e-02 4.395036339113141294e+05
7.969962453066332941e-02 4.392408248453771230e+05
7.979974968710888683e-02 4.389797641908721998e+05
7.989987484355444425e-02 4.387204403159992071e+05
8.000000000000000167e-02 4.384628416663417593e+05
---------------
