field_vs_length
---------------
0.000000000000000000e+00 1.800000000000000000e+06
1.001251564455569429e-04 1.800000000000000000e+06
2.002503128911138858e-04 1.800000000000000000e+06
3.003754693366708422e-04 1.800000000000000000e+06
4.005006257822277716e-04 1.800000000000000000e+06
5.006257822277847009e-04 1.800000000000000000e+06
6.007509386733416844e-04 1.800000000000000000e+06
7.008760951188985596e-04 1.800000000000000000e+06
8.010012515644555431e-04 1.800000000000000000e+06
9.011264080100125267e-04 1.800000000000000000e+06
1.001251564455569402e-03 1.800000000000000000e+06
1.101376720901126385e-03 1.800000000000000000e+06
1.201501877346683369e-03 1.800000000000000000e+06
1.301627033792240352e-03 1.800000000000000000e+06
1.401752190237797119e-03 1.800000000000000000e+06
1.501877346683354103e-03 1.800000000000000000e+06
1.602002503128911086e-03 1.800000000000000000e+06
1.702127659574468070e-03 1.800000000000000000e+06
1.802252816020025053e-03 1.800000000000000000e+06
1.902377972465581820e-03 1.800000000000000000e+06
2.002503128911138804e-03 1.800000000000000000e+06
2.102628285356695787e-03 1.800000000000000000e+06
2.202753441802252771e-03 1.800000000000000000e+06
2.302878598247809754e-03 1.800000000000000000e+06
2.403003754693366738e-03 1.800000000000000000e+06
2.503128911138923721e-03 1.800000000000000000e+06
2.603254067584480705e-03 1.800000000000000000e+06
2.703379224030037255e-03 1.800000000000000000e+06
2.803504380475594238e-03 1.800000000000000000e+06
2.903629536921151222e-03 1.800000000000000000e+06
3.003754693366708205e-03 1.800000000000000000e+06
3.103879849812265189e-03 1.800000000000000000e+06
3.204005006257822172e-03 1.800000000000000000e+06
3.304130162703379156e-03 1.800000000000000000e+06
3.404255319148936140e-03 1.800000000000000000e+06
3.504380475594493123e-03 1.800000000000000000e+06
3.604505632040050107e-03 1.800000000000000000e+06
3.704630788485607090e-03 1.800000000000000000e+06
3.804755944931163640e-03 1.800000000000000000e+06
3.904881101376720624e-03 1.800000000000000000e+06
4.005006257822277607e-03 1.800000000000000000e+06
4.105131414267835024e-03 1.800000000000000000e+06
4.205256570713391574e-03 1.800000000000000000e+06
4.305381727158948124e-03 1.800000000000000000e+06
4.405506883604505541e-03 1.800000000000000000e+06
4.505632040050062091e-03 1.800000000000000000e+06
4.605757196495619508e-03 1.800000000000000000e+06
4.705882352941176058e-03 1.800000000000000000e+06
4.806007509386733476e-03 1.800000000000000000e+06
4.906132665832290025e-03 1.800000000000000000e+06
5.006257822277847443e-03 1.800000000000000000e+06
5.106382978723403993e-03 1.800000000000000000e+06
5.206508135168961410e-03 1.800000000000000000e+06
5.306633291614517960e-03 1.800000000000000000e+06
5.406758448060074509e-03 1.800000000000000000e+06
5.506883604505631927e-03 1.800000000000000000e+06
5.607008760951188477e-03 1.800000000000000000e+06
5.707133917396745894e-03 1.800000000000000000e+06
5.807259073842302444e-03 1.800000000000000000e+06
5.907384230287859861e-03 1.800000000000000000e+06
6.007509386733416411e-03 1.800000000000000000e+06
6.107634543178973828e-03 1.800000000000000000e+06
6.207759699624530378e-03 1.800000000000000000e+06
6.307884856070087795e-03 1.800000000000000000e+06
6.408010012515644345e-03 1.800000000000000000e+06
6.508135168961200895e-03 1.800000000000000000e+06
6.608260325406758312e-03 1.800000000000000000e+06
6.708385481852314862e-03 1.800000000000000000e+06
6.808510638297872279e-03 1.800000000000000000e+06
6.908635794743428829e-03 1.800000000000000000e+06
7.008760951188986246e-03 1.800000000000000000e+06
7.108886107634542796e-03 1.800000000000000000e+06
7.209011264080100213e-03 1.800000000000000000e+06
7.309136420525656763e-03 1.800000000000000000e+06
7.409261576971214180e-03 1.800000000000000000e+06
7.509386733416770730e-03 1.800000000000000000e+06
7.609511889862327280e-03 1.800000000000000000e+06
7.709637046307884697e-03 1.800000000000000000e+06
7.809762202753441247e-03 1.800000000000000000e+06
7.909887359198997797e-03 1.800000000000000000e+06
8.010012515644555214e-03 1.800000000000000000e+06
8.110137672090112632e-03 1.800000000000000000e+06
8.210262828535670049e-03 1.800000000000000000e+06
8.310387984981225731e-03 1.800000000000000000e+06
8.410513141426783149e-03 1.800000000000000000e+06
8.510638297872340566e-03 1.800000000000000000e+06
8.610763454317896248e-03 1.800000000000000000e+06
8.710888610763453666e-03 1.800000000000000000e+06
8.811013767209011083e-03 1.800000000000000000e+06
8.911138923654568500e-03 1.800000000000000000e+06
9.011264080100124182e-03 1.800000000000000000e+06
9.111389236545681600e-03 1.800000000000000000e+06
9.211514392991239017e-03 1.800000000000000000e+06
9.311639549436796434e-03 1.800000000000000000e+06
9.411764705882352117e-03 1.800000000000000000e+06
9.511889862327909534e-03 1.800000000000000000e+06
9.612015018773466951e-03 1.800000000000000000e+06
9.712140175219022634e-03 1.800000000000000000e+06
9.812265331664580051e-03 1.800000000000000000e+06
9.912390488110137468e-03 1.800000000000000000e+06
1.001251564455569489e-02 1.800000000000000000e+06
1.011264080100125057e-02 1.800000000000000000e+06
1.021276595744680799e-02 1.800000000000000000e+06
1.031289111389236540e-02 1.800000000000000000e+06
1.041301627033792282e-02 1.800000000000000000e+06
1.051314142678347850e-02 1.800000000000000000e+06
1.061326658322903592e-02 1.800000000000000000e+06
1.071339173967459334e-02 1.800000000000000000e+06
1.081351689612014902e-02 1.800000000000000000e+06
1.091364205256570644e-02 1.800000000000000000e+06
1.101376720901126385e-02 1.800000000000000000e+06
1.111389236545682127e-02 1.800000000000000000e+06
1.121401752190237695e-02 1.800000000000000000e+06
1.131414267834793437e-02 1.800000000000000000e+06
1.141426783479349179e-02 1.800000000000000000e+06
1.151439299123904920e-02 1.800000000000000000e+06
1.161451814768460489e-02 1.800000000000000000e+06
1.171464330413016230e-02 1.800000000000000000e+06
1.181476846057571972e-02 1.800000000000000000e+06
1.191489361702127540e-02 1.800000000000000000e+06
1.201501877346683282e-02 1.800000000000000000e+06
1.211514392991239024e-02 1.800000000000000000e+06
1.221526908635794766e-02 1.800000000000000000e+06
1.231539424280350334e-02 1.800000000000000000e+06
1.241551939924906076e-02 1.800000000000000000e+06
1.251564455569461817e-02 1.800000000000000000e+06
1.261576971214017559e-02 1.800000000000000000e+06
1.271589486858573127e-02 1.800000000000000000e+06
1.281602002503128869e-02 1.800000000000000000e+06
1.291614518147684611e-02 1.800000000000000000e+06
1.301627033792240179e-02 1.800000000000000000e+06
1.311639549436795921e-02 1.800000000000000000e+06
1.321652065081351662e-02 1.800000000000000000e+06
1.331664580725907404e-02 1.800000000000000000e+06
1.341677096370462972e-02 1.800000000000000000e+06
1.351689612015018714e-02 1.800000000000000000e+06
1.361702127659574456e-02 1.800000000000000000e+06
1.371714643304130198e-02 1.800000000000000000e+06
1.381727158948685766e-02 1.800000000000000000e+06
1.391739674593241508e-02 1.800000000000000000e+06
1.401752190237797249e-02 1.800000000000000000e+06
1.411764705882352818e-02 1.800000000000000000e+06
1.421777221526908559e-02 1.800000000000000000e+06
1.431789737171464301e-02 1.800000000000000000e+06
1.441802252816020043e-02 1.800000000000000000e+06
1.451814768460575611e-02 1.800000000000000000e+06
1.461827284105131353e-02 1.800000000000000000e+06
1.471839799749687094e-02 1.800000000000000000e+06
1.481852315394242836e-02 1.800000000000000000e+06
1.491864831038798404e-02 1.800000000000000000e+06
1.501877346683354146e-02 1.800000000000000000e+06
1.511889862327909888e-02 1.800000000000000000e+06
1.521902377972465456e-02 1.800000000000000000e+06
1.531914893617021198e-02 1.800000000000000000e+06
1.541927409261576939e-02 1.800000000000000000e+06
1.551939924906132681e-02 1.800000000000000000e+06
1.561952440550688249e-02 1.800000000000000000e+06
1.571964956195244165e-02 1.800000000000000000e+06
1.581977471839799559e-02 1.800000000000000000e+06
1.591989987484355301e-02 1.800000000000000000e+06
1.602002503128911043e-02 1.800000000000000000e+06
1.612015018773466785e-02 1.800000000000000000e+06
1.622027534418022526e-02 1.800000000000000000e+06
1.632040050062578268e-02 1.800000000000000000e+06
1.642052565707134010e-02 1.800000000000000000e+06
1.652065081351689405e-02 1.800000000000000000e+06
1.662077596996245146e-02 1.800000000000000000e+06
1.672090112640800888e-02 1.800000000000000000e+06
1.682102628285356630e-02 1.800000000000000000e+06
1.692115143929912371e-02 1.800000000000000000e+06
1.702127659574468113e-02 1.800000000000000000e+06
1.712140175219023855e-02 1.800000000000000000e+06
1.722152690863579250e-02 1.800000000000000000e+06
1.732165206508134991e-02 1.800000000000000000e+06
1.742177722152690733e-02 1.800000000000000000e+06
1.752190237797246475e-02 1.800000000000000000e+06
1.762202753441802217e-02 1.800000000000000000e+06
1.772215269086357958e-02 1.800000000000000000e+06
1.782227784730913700e-02 1.800000000000000000e+06
1.792240300375469442e-02 1.800000000000000000e+06
1.802252816020024836e-02 1.800000000000000000e+06
1.812265331664580578e-02 1.800000000000000000e+06
1.822277847309136320e-02 1.800000000000000000e+06
1.832290362953692062e-02 1.800000000000000000e+06
1.842302878598247803e-02 1.800000000000000000e+06
1.852315394242803545e-02 1.800000000000000000e+06
1.862327909887359287e-02 1.800000000000000000e+06
1.872340425531914682e-02 1.800000000000000000e+06
1.882352941176470423e-02 1.800000000000000000e+06
1.892365456821026165e-02 1.800000000000000000e+06
1.902377972465581907e-02 1.800000000000000000e+06
1.912390488110137649e-02 1.800000000000000000e+06
1.922403003754693390e-02 1.800000000000000000e+06
1.932415519399249132e-02 1.800000000000000000e+06
1.942428035043804527e-02 1.800000000000000000e+06
1.952440550688360268e-02 1.800000000000000000e+06
1.962453066332916010e-02 1.800000000000000000e+06
1.972465581977471752e-02 1.800000000000000000e+06
1.982478097622027494e-02 1.800000000000000000e+06
1.992490613266583235e-02 1.800000000000000000e+06
2.002503128911138977e-02 1.797999166783228517e+06
2.012515644555694719e-02 1.790029139450492337e+06
2.022528160200250114e-02 1.782112134972400963e+06
2.032540675844805855e-02 1.774247800599459326e+06
2.042553191489361597e-02 1.766435785928937839e+06
2.052565707133917339e-02 1.758675742889260873e+06
2.062578222778473080e-02 1.750967325724495808e+06
2.072590738423028822e-02 1.743310190978950355e+06
2.082603254067584564e-02 1.735703997481866973e+06
2.092615769712139959e-02 1.728148406332223443e+06
2.102628285356695700e-02 1.720643080883631017e+06
2.112640801001251442e-02 1.713187686729337787e+06
2.122653316645807184e-02 1.705781891687325202e+06
2.132665832290362926e-02 1.698425365785511211e+06
2.142678347934918667e-02 1.691117781247044448e+06
2.152690863579474409e-02 1.683858812475702260e+06
2.162703379224029804e-02 1.676648136041383026e+06
2.172715894868585546e-02 1.669485430665693944e+06
2.182728410513141287e-02 1.662370377207638463e+06
2.192740926157697029e-02 1.655302658649394987e+06
2.202753441802252771e-02 1.648281960082192440e+06
2.212765957446808512e-02 1.641307968692279421e+06
2.222778473091364254e-02 1.634380373746986035e+06
2.232790988735919996e-02 1.627498866580878850e+06
2.242803504380475391e-02 1.620663140582008753e+06
2.252816020025031132e-02 1.613872891178248683e+06
2.262828535669586874e-02 1.607127815823724028e+06
2.272841051314142616e-02 1.600427613985331263e+06
2.282853566958698358e-02 1.593771987129348796e+06
2.292866082603254099e-02 1.587160638708134415e+06
2.302878598247809841e-02 1.580593274146912852e+06
2.312891113892365236e-02 1.574069600830650888e+06
2.322903629536920977e-02 1.567589328091018600e+06
2.332916145181476719e-02 1.561152167193439789e+06
2.342928660826032461e-02 1.554757831324225757e+06
2.352941176470588203e-02 1.548406035577797797e+06
2.362953692115143944e-02 1.542096496943991166e+06
2.372966207759699686e-02 1.535828934295446146e+06
2.382978723404255081e-02 1.529603068375082687e+06
2.392991239048810823e-02 1.523418621783655835e+06
2.403003754693366564e-02 1.517275318967398722e+06
2.413016270337922306e-02 1.511172886205742601e+06
2.423028785982478048e-02 1.505111051599123282e+06
2.433041301627033789e-02 1.499089545056863688e+06
2.443053817271589531e-02 1.493108098285142332e+06
2.453066332916145273e-02 1.487166444775037467e+06
2.463078848560700668e-02 1.481264319790652953e+06
2.473091364205256409e-02 1.475401460357322823e+06
2.483103879849812151e-02 1.469577605249894783e+06
2.493116395494367893e-02 1.463792494981090305e+06
2.503128911138923635e-02 1.458045871789943194e+06
2.513141426783479376e-02 1.452337479630314279e+06
2.523153942428035118e-02 1.446667064159484347e+06
2.533166458072590513e-02 1.441034372726820409e+06
2.543178973717146255e-02 1.435439154362519039e+06
2.553191489361701996e-02 1.429881159766424447e+06
2.563204005006257738e-02 1.424360141296919901e+06
2.573216520650813480e-02 1.418875852959895041e+06
2.583229036295369221e-02 1.413428050397784449e+06
2.593241551939924963e-02 1.408016490878680488e+06
2.603254067584480358e-02 1.402640933285517618e+06
2.613266583229036100e-02 1.397301138105329592e+06
2.623279098873591841e-02 1.391996867418577895e+06
2.633291614518147583e-02 1.386727884888551198e+06
2.643304130162703325e-02 1.381493955750834197e+06
2.653316645807259067e-02 1.376294846802848391e+06
2.663329161451814808e-02 1.371130326393461321e+06
2.673341677096370203e-02 1.366000164412664482e+06
2.683354192740925945e-02 1.360904132281321567e+06
2.693366708385481686e-02 1.355842002940983512e+06
2.703379224030037428e-02 1.350813550843771547e+06
2.713391739674593170e-02 1.345818551942327060e+06
2.723404255319148912e-02 1.340856783679830842e+06
2.733416770963704653e-02 1.335928024980084971e+06
2.743429286608260395e-02 1.331032056237663142e+06
2.753441802252815790e-02 1.326168659308127360e+06
2.763454317897371532e-02 1.321337617498304695e+06
2.773466833541927273e-02 1.316538715556637384e+06
2.783479349186483015e-02 1.311771739663586952e+06
2.793491864831038757e-02 1.307036477422111202e+06
2.803504380475594499e-02 1.302332717848198954e+06
2.813516896120150240e-02 1.297660251361469040e+06
2.823529411764705635e-02 1.293018869775833562e+06
2.833541927409261377e-02 1.288408366290220758e+06
2.843554443053817118e-02 1.283828535479361657e+06
2.853566958698372860e-02 1.279279173284636810e+06
2.863579474342928602e-02 1.274760077004984487e+06
2.873591989987484344e-02 1.270271045287868241e+06
2.883604505632040085e-02 1.265811878120306414e+06
2.893617021276595480e-02 1.261382376819961239e+06
2.903629536921151222e-02 1.256982344026283361e+06
2.913642052565706964e-02 1.252611583691721084e+06
2.923654568210262705e-02 1.248269901072984794e+06
2.933667083854818447e-02 1.243957102722369134e+06
2.943679599499374189e-02 1.239672996479133610e+06
2.953692115143929930e-02 1.235417391460942104e+06
2.963704630788485672e-02 1.231190098055356881e+06
2.973717146433041067e-02 1.226990927911389852e+06
2.983729662077596809e-02 1.222819693931111600e+06
2.993742177722152550e-02 1.218676210261314176e+06
3.003754693366708292e-02 1.214560292285230476e+06
3.013767209011264034e-02 1.210471756614308804e+06
3.023779724655819776e-02 1.206410421080041677e+06
3.033792240300375517e-02 1.202376104725847952e+06
3.043804755944930912e-02 1.198368627799012233e+06
3.053817271589486654e-02 1.194387811742674559e+06
3.063829787234042396e-02 1.190433479187874589e+06
3.073842302878598137e-02 1.186505453945648856e+06
3.083854818523153879e-02 1.182603560999181122e+06
3.093867334167709621e-02 1.178727626496003708e+06
3.103879849812265362e-02 1.174877477740251459e+06
3.113892365456820757e-02 1.171052943184967618e+06
3.123904881101376499e-02 1.167253852424458601e+06
3.133917396745932588e-02 1.163480036186703946e+06
3.143929912390488329e-02 1.159731326325813308e+06
3.153942428035043377e-02 1.156007555814533494e+06
3.163954943679599119e-02 1.152308558736807201e+06
3.173967459324154861e-02 1.148634170280381106e+06
3.183979974968710602e-02 1.144984226729461458e+06
3.193992490613266344e-02 1.141358565457419958e+06
3.204005006257822086e-02 1.137757024919548072e+06
3.214017521902377827e-02 1.134179444645859068e+06
3.224030037546933569e-02 1.130625665233937558e+06
3.234042553191489311e-02 1.127095528341838159e+06
3.244055068836045053e-02 1.123588876681029797e+06
3.254067584480600794e-02 1.120105554009387735e+06
3.264080100125156536e-02 1.116645405124231940e+06
3.274092615769712278e-02 1.113208275855411775e+06
3.284105131414268020e-02 1.109794013058437733e+06
3.294117647058823761e-02 1.106402464607656468e+06
3.304130162703378809e-02 1.103033479389473796e+06
3.314142678347934551e-02 1.099686907295621233e+06
3.324155193992490293e-02 1.096362599216467934e+06
3.334167709637046034e-02 1.093060407034376869e+06
3.344180225281601776e-02 1.089780183617105475e+06
3.354192740926157518e-02 1.086521782811249839e+06
3.364205256570713259e-02 1.083285059435732896e+06
3.374217772215269001e-02 1.080069869275335455e+06
3.384230287859824743e-02 1.076876069074270781e+06
3.394242803504380485e-02 1.073703516529802000e+06
3.404255319148936226e-02 1.070552070285900962e+06
3.414267834793491968e-02 1.067421589926950168e+06
3.424280350438047710e-02 1.064311935971487081e+06
3.434292866082603451e-02 1.061222969865989173e+06
3.444305381727158499e-02 1.058154553978699492e+06
3.454317897371714241e-02 1.055106551593495533e+06
3.464330413016269983e-02 1.052078826903797220e+06
3.474342928660825724e-02 1.049071245006516576e+06
3.484355444305381466e-02 1.046083671896046028e+06
3.494367959949937208e-02 1.043115974458287936e+06
3.504380475594492950e-02 1.040168020464724395e+06
3.514392991239048691e-02 1.037239678566524177e+06
3.524405506883604433e-02 1.034330818288691808e+06
3.534418022528160175e-02 1.031441310024253442e+06
3.544430538172715917e-02 1.028571025028481847e+06
3.554443053817271658e-02 1.025719835413160734e+06
3.564455569461827400e-02 1.022887614140886115e+06
3.574468085106383142e-02 1.020074235019405955e+06
3.584480600750938883e-02 1.017279572695998242e+06
3.594493116395493931e-02 1.014503502651885268e+06
3.604505632040049673e-02 1.011745901196684688e+06
3.614518147684605415e-02 1.009006645462900633e+06
3.624530663329161156e-02 1.006285613400446950e+06
3.634543178973716898e-02 1.003582683771210257e+06
3.644555694618272640e-02 1.000897736143648624e+06
3.654568210262828382e-02 9.982306508874241263e+05
3.664580725907384123e-02 9.955813091680733487e+05
3.674593241551939865e-02 9.929495929417135194e+05
3.684605757196495607e-02 9.903353849497812334e+05
3.694618272841051348e-02 9.877385687138090143e+05
3.704630788485607090e-02 9.851590285302354023e+05
3.714643304130162832e-02 9.825966494652493857e+05
3.724655819774718574e-02 9.800513173496695235e+05
3.734668335419274315e-02 9.775229187738570618e+05
3.744680851063829363e-02 9.750113410826630425e+05
3.754693366708385105e-02 9.725164723704082426e+05
3.764705882352940847e-02 9.700382014758978039e+05
3.774718397997496588e-02 9.675764179774681106e+05
3.784730913642052330e-02 9.651310121880668448e+05
3.794743429286608072e-02 9.627018751503655221e+05
3.804755944931163814e-02 9.602888986319052055e+05
3.814768460575719555e-02 9.578919751202736516e+05
3.824780976220275297e-02 9.555109978183156345e+05
3.834793491864831039e-02 9.531458606393738883e+05
3.844806007509386780e-02 9.507964582025625277e+05
3.854818523153942522e-02 9.484626858280720189e+05
3.864831038798498264e-02 9.461444395325044170e+05
3.874843554443054006e-02 9.438416160242406186e+05
3.884856070087609053e-02 9.415541126988389296e+05
3.894868585732164795e-02 9.392818276344614569e+05
3.904881101376720537e-02 9.370246595873348415e+05
3.914893617021276279e-02 9.347825079872384667e+05
3.924906132665832020e-02 9.325552729330232833e+05
3.934918648310387762e-02 9.303428551881606691e+05
3.944931163954943504e-02 9.281451561763215577e+05
3.954943679599499246e-02 9.259620779769830406e+05
3.964956195244054987e-02 9.237935233210662846e+05
3.974968710888610729e-02 9.216393955866029719e+05
3.984981226533166471e-02 9.194995987944288645e+05
3.994993742177722212e-02 9.173740376039086841e+05
4.005006257822277954e-02 9.152626173086877679e+05
4.015018773466833696e-02 9.131652438324716641e+05
4.025031289111389438e-02 9.110818237248354126e+05
4.035043804755944485e-02 9.090122641570591368e+05
4.045056320400500227e-02 9.069564729179921560e+05
4.055068836045055969e-02 9.049143584099449217e+05
4.065081351689611711e-02 9.028858296446066815e+05
4.075093867334167452e-02 9.008707962389925960e+05
4.085106382978723194e-02 8.988691684114161180e+05
4.095118898623278936e-02 8.968808569774882635e+05
4.105131414267834677e-02 8.949057733461447060e+05
4.115143929912390419e-02 8.929438295156982495e+05
4.125156445556946161e-02 8.909949380699172616e+05
4.135168961201501903e-02 8.890590121741318144e+05
4.145181476846057644e-02 8.871359655713636894e+05
4.155193992490613386e-02 8.852257125784837408e+05
4.165206508135169128e-02 8.833281680823939387e+05
4.175219023779724176e-02 8.814432475362354890e+05
4.185231539424279917e-02 8.795708669556204695e+05
4.195244055068835659e-02 8.777109429148917552e+05
4.205256570713391401e-02 8.758633925434047123e+05
4.215269086357947143e-02 8.740281335218346212e+05
4.225281602002502884e-02 8.722050840785099426e+05
4.235294117647058626e-02 8.703941629857677035e+05
4.245306633291614368e-02 8.685952895563349593e+05
4.255319148936170109e-02 8.668083836397337727e+05
4.265331664580725851e-02 8.650333656187099405e+05
4.275344180225281593e-02 8.632701564056852367e+05
4.285356695869837335e-02 8.615186774392338702e+05
4.295369211514393076e-02 8.597788506805824582e+05
4.305381727158948818e-02 8.580505986101318849e+05
4.315394242803504560e-02 8.563338442240048898e+05
4.325406758448059608e-02 8.546285110306136776e+05
4.335419274092615349e-02 8.529345230472520925e+05
4.345431789737171091e-02 8.512518047967110761e+05
4.355444305381726833e-02 8.495802813039142638e+05
4.365456821026282574e-02 8.479198780925787287e+05
4.375469336670838316e-02 8.462705211818957468e+05
4.385481852315394058e-02 8.446321370832346147e+05
4.395494367959949800e-02 8.430046527968688169e+05
4.405506883604505541e-02 8.413879958087229170e+05
4.415519399249061283e-02 8.397820940871417988e+05
4.425531914893617025e-02 8.381868760796813294e+05
4.435544430538172767e-02 8.366022707099202089e+05
4.445556946182728508e-02 8.350282073742930079e+05
4.455569461827284250e-02 8.334646159389442764e+05
4.465581977471839992e-02 8.319114267366041895e+05
4.475594493116395040e-02 8.303685705634839833e+05
4.485607008760950781e-02 8.288359786761921132e+05
4.495619524405506523e-02 8.273135827886725310e+05
4.505632040050062265e-02 8.258013150691611227e+05
4.515644555694618006e-02 8.242991081371635664e+05
4.525657071339173748e-02 8.228068950604537968e+05
4.535669586983729490e-02 8.213246093520905124e+05
4.545682102628285232e-02 8.198521849674560362e+05
4.555694618272840973e-02 8.183895563013132196e+05
4.565707133917396715e-02 8.169366581848820206e+05
4.575719649561952457e-02 8.154934258829359896e+05
4.585732165206508198e-02 8.140597950909183128e+05
4.595744680851063940e-02 8.126357019320762483e+05
4.605757196495619682e-02 8.112210829546151217e+05
4.615769712140174730e-02 8.098158751288712956e+05
4.625782227784730471e-02 8.084200158445037669e+05
4.635794743429286213e-02 8.070334429077042732e+05
4.645807259073841955e-02 8.056560945384264924e+05
4.655819774718397697e-02 8.042879093676337507e+05
4.665832290362953438e-02 8.029288264345633797e+05
4.675844806007509180e-02 8.015787851840120275e+05
4.685857321652064922e-02 8.002377254636365687e+05
4.695869837296620664e-02 7.989055875212745741e+05
4.705882352941176405e-02 7.975823120022813091e+05
4.715894868585732147e-02 7.962678399468860589e+05
4.725907384230287889e-02 7.949621127875642851e+05
4.735919899874843630e-02 7.936650723464284092e+05
4.745932415519399372e-02 7.923766608326359419e+05
4.755944931163955114e-02 7.910968208398139104e+05
4.765957446808510162e-02 7.898254953435017960e+05
4.775969962453065903e-02 7.885626276986099547e+05
4.785982478097621645e-02 7.873081616368966643e+05
4.795994993742177387e-02 7.860620412644599564e+05
4.806007509386733129e-02 7.848242110592485406e+05
4.816020025031288870e-02 7.835946158685866976e+05
4.826032540675844612e-02 7.823732009067175677e+05
4.836045056320400354e-02 7.811599117523620371e+05
4.846057571964956096e-02 7.799546943462938070e+05
4.856070087609511837e-02 7.787574949889308773e+05
4.866082603254067579e-02 7.775682603379429784e+05
4.876095118898623321e-02 7.763869374058747198e+05
4.886107634543179062e-02 7.752134735577843385e+05
4.896120150187734804e-02 7.740478165088994429e+05
4.906132665832290546e-02 7.728899143222863786e+05
4.916145181476845594e-02 7.717397154065367067e+05
4.926157697121401335e-02 7.705971685134685831e+05
4.936170212765957077e-02 7.694622227358429227e+05
4.946182728410512819e-02 7.683348275050953962e+05
4.956195244055068561e-02 7.672149325890834443e+05
4.966207759699624302e-02 7.661024880898480769e+05
4.976220275344180044e-02 7.649974444413902238e+05
4.986232790988735786e-02 7.638997524074630346e+05
4.996245306633291527e-02 7.628093630793772172e+05
5.006257822277847269e-02 7.617262278738225577e+05
5.016270337922403011e-02 7.606502985307030613e+05
5.026282853566958753e-02 7.595815271109867608e+05
5.036295369211514494e-02 7.585198659945692634e+05
5.046307884856070236e-02 7.574652678781525465e+05
5.056320400500625284e-02 7.564176857731372584e+05
5.066332916145181026e-02 7.553770730035285233e+05
5.076345431789736767e-02 7.543433832038571127e+05
5.086357947434292509e-02 7.533165703171129571e+05
5.096370463078848251e-02 7.522965885926934425e+05
5.106382978723403993e-02 7.512833925843643956e+05
5.116395494367959734e-02 7.502769371482359711e+05
5.126408010012515476e-02 7.492771774407501798e+05
5.136420525657071218e-02 7.482840689166841330e+05
5.146433041301626959e-02 7.472975673271641135e+05
5.156445556946182701e-02 7.463176287176947808e+05
5.166458072590738443e-02 7.453442094262001337e+05
5.176470588235294185e-02 7.443772660810790258e+05
5.186483103879849926e-02 7.434167555992715061e+05
5.196495619524405668e-02 7.424626351843402954e+05
5.206508135168960716e-02 7.415148623245633207e+05
5.216520650813516458e-02 7.405733947910394054e+05
5.226533166458072199e-02 7.396381906358073466e+05
5.236545682102627941e-02 7.387092081899768673e+05
5.246558197747183683e-02 7.377864060618712101e+05
5.256570713391739424e-02 7.368697431351838168e+05
5.266583229036295166e-02 7.359591785671457183e+05
5.276595744680850908e-02 7.350546717867060797e+05
5.286608260325406650e-02 7.341561824927243870e+05
5.296620775969962391e-02 7.332636706521747401e+05
5.306633291614518133e-02 7.323770964983626036e+05
5.316645807259073875e-02 7.314964205291520339e+05
5.326658322903629617e-02 7.306216035052067600e+05
5.336670838548185358e-02 7.297526064482408110e+05
5.346683354192740406e-02 7.288893906392824138e+05
5.356695869837296148e-02 7.280319176169487182e+05
5.366708385481851890e-02 7.271801491757321637e+05
5.376720901126407631e-02 7.263340473642979050e+05
5.386733416770963373e-02 7.254935744837931124e+05
5.396745932415519115e-02 7.246586930861673318e+05
5.406758448060074856e-02 7.238293659725035541e+05
5.416770963704630598e-02 7.230055561913612764e+05
5.426783479349186340e-02 7.221872270371300401e+05
5.436795994993742082e-02 7.213743420483933296e+05
5.446808510638297823e-02 7.205668650063048117e+05
5.456821026282853565e-02 7.197647599329743534e+05
5.466833541927409307e-02 7.189679910898645176e+05
5.476846057571965048e-02 7.181765229761989322e+05
5.486858573216520790e-02 7.173903203273798572e+05
5.496871088861075838e-02 7.166093481134175090e+05
5.506883604505631580e-02 7.158335715373686980e+05
5.516896120150187321e-02 7.150629560337867588e+05
5.526908635794743063e-02 7.142974672671818407e+05
5.536921151439298805e-02 7.135370711304900469e+05
5.546933667083854547e-02 7.127817337435546797e+05
5.556946182728410288e-02 7.120314214516161010e+05
5.566958698372966030e-02 7.112861008238128852e+05
5.576971214017521772e-02 7.105457386516913539e+05
5.586983729662077514e-02 7.098103019477267517e+05
5.596996245306633255e-02 7.090797579438528046e+05
5.607008760951188997e-02 7.083540740900024539e+05
5.617021276595744739e-02 7.076332180526569718e+05
5.627033792240300480e-02 7.069171577134053223e+05
5.637046307884856222e-02 7.062058611675134161e+05
5.647058823529411270e-02 7.054992967225023312e+05
5.657071339173967012e-02 7.047974328967364272e+05
5.667083854818522753e-02 7.041002384180205408e+05
5.677096370463078495e-02 7.034076822222063784e+05
5.687108886107634237e-02 7.027197334518088028e+05
5.697121401752189979e-02 7.020363614546307363e+05
5.707133917396745720e-02 7.013575357823976083e+05
5.717146433041301462e-02 7.006832261894004187e+05
5.727158948685857204e-02 7.000134026311485795e+05
5.737171464330412946e-02 6.993480352630304405e+05
5.747183979974968687e-02 6.986870944389846409e+05
5.757196495619524429e-02 6.980305507101780968e+05
5.767209011264080171e-02 6.973783748236945830e+05
5.777221526908635912e-02 6.967305377212313469e+05
5.787234042553190960e-02 6.960870105378038716e+05
5.797246558197746702e-02 6.954477646004603012e+05
5.807259073842302444e-02 6.948127714270035503e+05
5.817271589486858185e-02 6.941820027247224934e+05
5.827284105131413927e-02 6.935554303891311865e+05
5.837296620775969669e-02 6.929330265027165879e+05
5.847309136420525411e-02 6.923147633336950094e+05
5.857321652065081152e-02 6.917006133347762516e+05
5.867334167709636894e-02 6.910905491419361206e+05
5.877346683354192636e-02 6.904845435731972102e+05
5.887359198998748377e-02 6.898825696274181828e+05
5.897371714643304119e-02 6.892846004830901511e+05
5.907384230287859861e-02 6.886906094971419079e+05
5.917396745932415603e-02 6.881005702037530718e+05
5.927409261576971344e-02 6.875144563131742179e+05
5.937421777221526392e-02 6.869322417105560889e+05
5.947434292866082134e-02 6.863539004547857912e+05
5.957446808510637876e-02 6.857794067773311399e+05
5.967459324155193617e-02 6.852087350810919888e+05
5.977471839799749359e-02 6.846418599392605247e+05
5.987484355444305101e-02 6.840787560941878473e+05
5.997496871088860843e-02 6.835193984562585829e+05
6.007509386733416584e-02 6.829637621027730638e+05
6.017521902377972326e-02 6.824118222768371925e+05
6.027534418022528068e-02 6.818635543862587074e+05
6.037546933667083809e-02 6.813189340024521807e+05
6.047559449311639551e-02 6.807779368593499530e+05
6.057571964956195293e-02 6.802405388523215661e+05
6.067584480600751035e-02 6.797067160370990168e+05
6.077596996245306776e-02 6.791764446287106257e+05
6.087609511889861824e-02 6.786497010004207259e+05
6.097622027534417566e-02 6.781264616826772690e+05
6.107634543178973308e-02 6.776067033620660659e+05
6.117647058823529049e-02 6.770904028802718967e+05
6.127659574468084791e-02 6.765775372330468381e+05
6.137672090112640533e-02 6.760680835691851098e+05
6.147684605757196274e-02 6.755620191895051394e+05
6.157697121401752016e-02 6.750593215458380291e+05
6.167709637046307758e-02 6.745599682400228921e+05
6.177722152690863500e-02 6.740639370229089400e+05
6.187734668335419241e-02 6.735712057933643227e+05
6.197747183979974983e-02 6.730817525972907897e+05
6.207759699624530725e-02 6.725955556266462663e+05
6.217772215269086467e-02 6.721125932184726698e+05
6.227784730913641514e-02 6.716328438539310591e+05
6.237797246558197256e-02 6.711562861573422560e+05
6.247809762202752998e-02 6.706828988952352665e+05
6.257822277847309433e-02 6.702126609754003584e+05
6.267834793491865175e-02 6.697455514459499391e+05
6.277847309136420917e-02 6.692815494943847880e+05
6.287859824780976659e-02 6.688206344466663431e+05
6.297872340425532400e-02 6.683627857662962051e+05
6.307884856070086754e-02 6.679079830534008797e+05
6.317897371714642496e-02 6.674562060438226908e+05
6.327909887359198238e-02 6.670074346082167467e+05
6.337922403003753979e-02 6.665616487511547748e+05
6.347934918648309721e-02 6.661188286102333805e+05
6.357947434292865463e-02 6.656789544551895233e+05
6.367959949937421205e-02 6.652420066870212322e+05
6.377972465581976946e-02 6.648079658371144906e+05
6.387984981226532688e-02 6.643768125663758256e+05
6.397997496871088430e-02 6.639485276643702528e+05
6.408010012515644171e-02 6.635230920484659728e+05
6.418022528160199913e-02 6.631004867629834916e+05
6.428035043804755655e-02 6.626806929783514934e+05
6.438047559449311397e-02 6.622636919902676018e+05
6.448060075093867138e-02 6.618494652188650798e+05
6.458072590738422880e-02 6.614379942078851163e+05
6.468085106382978622e-02 6.610292606238542357e+05
6.478097622027534364e-02 6.606232462552676443e+05
6.488110137672090105e-02 6.602199330117775826e+05
6.498122653316645847e-02 6.598193029233877314e+05
6.508135168961201589e-02 6.594213381396518089e+05
6.518147684605757330e-02 6.590260209288791521e+05
6.528160200250313072e-02 6.586333336773436749e+05
6.538172715894868814e-02 6.582432588885000441e+05
6.548185231539424556e-02 6.578557791822032304e+05
6.558197747183980297e-02 6.574708772939348128e+05
6.568210262828536039e-02 6.570885360740332399e+05
6.578222778473091781e-02 6.567087384869300295e+05
6.588235294117647523e-02 6.563314676103905076e+05
6.598247809762201876e-02 6.559567066347603686e+05
6.608260325406757618e-02 6.555844388622154947e+05
6.618272841051313360e-02 6.552146477060194593e+05
6.628285356695869102e-02 6.548473166897834744e+05
6.638297872340424843e-02 6.544824294467325089e+05
6.648310387984980585e-02 6.541199697189764120e+05
6.658322903629536327e-02 6.537599213567848783e+05
6.668335419274092069e-02 6.534022683178685838e+05
6.678347934918647810e-02 6.530469946666636970e+05
6.688360450563203552e-02 6.526940845736224437e+05
6.698372966207759294e-02 6.523435223145075142e+05
6.708385481852315035e-02 6.519952922696915921e+05
6.718397997496870777e-02 6.516493789234613068e+05
6.728410513141426519e-02 6.513057668633259600e+05
6.738423028785982261e-02 6.509644407793307910e+05
6.748435544430538002e-02 6.506253854633746669e+05
6.758448060075093744e-02 6.502885858085327782e+05
6.768460575719649486e-02 6.499540268083835253e+05
6.778473091364205227e-02 6.496216935563394800e+05
6.788485607008760969e-02 6.492915712449838175e+05
6.798498122653316711e-02 6.489636451654098928e+05
6.808510638297872453e-02 6.486379007065665210e+05
6.818523153942428194e-02 6.483143233546062838e+05
6.828535669586983936e-02 6.479928986922395416e+05
6.838548185231539678e-02 6.476736123980918201e+05
6.848560700876095420e-02 6.473564502460651565e+05
6.858573216520651161e-02 6.470413981047052657e+05
6.868585732165206903e-02 6.467284419365709182e+05
6.878598247809762645e-02 6.464175677976091392e+05
6.888610763454316999e-02 6.461087618365336675e+05
6.898623279098872740e-02 6.458020102942078374e+05
6.908635794743428482e-02 6.454972995030315360e+05
6.918648310387984224e-02 6.451946158863321180e+05
6.928660826032539966e-02 6.448939459577597445e+05
6.938673341677095707e-02 6.445952763206859818e+05
6.948685857321651449e-02 6.442985936676077545e+05
6.958698372966207191e-02 6.440038847795535112e+05
6.968710888610762932e-02 6.437111365254947450e+05
6.978723404255318674e-02 6.434203358617608901e+05
6.988735919899874416e-02 6.431314698314580601e+05
6.998748435544430158e-02 6.428445255638916278e+05
7.008760951188985899e-02 6.425594902739929967e+05
7.018773466833541641e-02 6.422763512617499800e+05
7.028785982478097383e-02 6.419950959116404410e+05
7.038798498122653124e-02 6.417157116920709377e+05
7.048811013767208866e-02 6.414381861548178131e+05
7.058823529411764608e-02 6.411625069344727090e+05
7.068836045056320350e-02 6.408886617478916887e+05
7.078848560700876091e-02 6.406166383936478524e+05
7.088861076345431833e-02 6.403464247514876770e+05
7.098873591989987575e-02 6.400780087817914318e+05
7.108886107634543317e-02 6.398113785250356887e+05
7.118898623279099058e-02 6.395465221012616530e+05
7.128911138923654800e-02 6.392834277095451253e+05
7.138923654568210542e-02 6.390220836274710018e+05
7.148936170212766283e-02 6.387624782106104540e+05
7.158948685857322025e-02 6.385045998920031125e+05
7.168961201501877767e-02 6.382484371816404164e+05
7.178973717146432121e-02 6.379939786659550155e+05
7.188986232790987863e-02 6.377412130073108710e+05
7.198998748435543604e-02 6.374901289434992941e+05
7.209011264080099346e-02 6.372407152872362640e+05
7.219023779724655088e-02 6.369929609256644035e+05
7.229036295369210829e-02 6.367468548198579811e+05
7.239048811013766571e-02 6.365023860043305904e+05
7.249061326658322313e-02 6.362595435865467880e+05
7.259073842302878055e-02 6.360183167464369908e+05
7.269086357947433796e-02 6.357786947359149344e+05
7.279098873591989538e-02 6.355406668783994392e+05
7.289111389236545280e-02 6.353042225683376892e+05
7.299123904881101021e-02 6.350693512707339833e+05
7.309136420525656763e-02 6.348360425206789514e+05
7.319148936170212505e-02 6.346042859228845919e+05
7.329161451814768247e-02 6.343740711512201233e+05
7.339173967459323988e-02 6.341453879482524935e+05
7.349186483103879730e-02 6.339182261247887509e+05
7.359198998748435472e-02 6.336925755594228394e+05
7.369211514392991214e-02 6.334684261980840238e+05
7.379224030037546955e-02 6.332457680535891559e+05
7.389236545682102697e-02 6.330245912051975029e+05
7.399249061326658439e-02 6.328048857981690671e+05
7.409261576971214180e-02 6.325866420433251187e+05
7.419274092615769922e-02 6.323698502166123362e+05
7.429286608260325664e-02 6.321545006586691597e+05
7.439299123904881406e-02 6.319405837743961019e+05
7.449311639549437147e-02 6.317280900325272232e+05
7.459324155193992889e-02 6.315170099652066128e+05
7.469336670838548631e-02 6.313073341675653355e+05
7.479349186483102985e-02 6.310990532973035006e+05
7.489361702127658726e-02 6.308921580742731458e+05
7.499374217772214468e-02 6.306866392800654285e+05
7.509386733416770210e-02 6.304824877575993305e+05
7.519399249061325952e-02 6.302796944107139716e+05
7.529411764705881693e-02 6.300782502037632512e+05
7.539424280350437435e-02 6.298781461612131679e+05
7.549436795994993177e-02 6.296793733672422823e+05
7.559449311639548919e-02 6.294819229653438088e+05
7.569461827284104660e-02 6.292857861579315504e+05
7.579474342928660402e-02 6.290909542059476953e+05
7.589486858573216144e-02 6.288974184284735238e+05
7.599499374217771885e-02 6.287051702023425605e+05
7.609511889862327627e-02 6.285142009617564036e+05
7.619524405506883369e-02 6.283245021979028825e+05
7.629536921151439111e-02 6.281360654585772427e+05
7.639549436795994852e-02 6.279488823478054255e+05
7.649561952440550594e-02 6.277629445254699094e+05
7.659574468085106336e-02 6.275782437069381122e+05
7.669586983729662077e-02 6.273947716626934707e+05
7.679599499374217819e-02 6.272125202179683838e+05
7.689612015018773561e-02 6.270314812523802975e+05
7.699624530663329303e-02 6.268516466995697701e+05
7.709637046307885044e-02 6.266730085468412144e+05
7.719649561952440786e-02 6.264955588348055026e+05
7.729662077596996528e-02 6.263192896570259472e+05
7.739674593241552270e-02 6.261441931596653303e+05
7.749687108886108011e-02 6.259702615411364241e+05
7.759699624530663753e-02 6.257974870517542586e+05
7.769712140175218107e-02 6.256258619933909504e+05
7.779724655819773849e-02 6.254553787191323936e+05
7.789737171464329590e-02 6.252860296329378616e+05
7.799749687108885332e-02 6.251178071893012384e+05
7.809762202753441074e-02 6.249507038929152768e+05
7.819774718397996816e-02 6.247847122983371373e+05
7.829787234042552557e-02 6.246198250096571865e+05
7.839799749687108299e-02 6.244560346801689593e+05
7.849812265331664041e-02 6.242933340120417997e+05
7.859824780976219782e-02 6.241317157559965272e+05
7.869837296620775524e-02 6.239711727109812200e+05
7.879849812265331266e-02 6.238116977238514228e+05
7.889862327909887008e-02 6.236532836890508188e+05
7.899874843554442749e-02 6.234959235482946970e+05
7.909887359198998491e-02 6.233396102902558632e+05
7.919899874843554233e-02 6.231843369502515998e+05
7.929912390488109974e-02 6.230300966099340003e+05
7.939924906132665716e-02 6.228768823969812365e+05
7.949937421777221458e-02 6.227246874847916188e+05
7.959949937421777200e-02 6.225735050921795191e+05
7.969962453066332941e-02 6.224233284830726916e+05
7.979974968710888683e-02 6.222741509662127355e+05
7.989987484355444425e-02 6.221259658948567230e+05
8.000000000000000167e-02 6.219787666664810386e+05
---------------
