

Mean energy (eV)
COMMENT: generated by bolsig_convert.py
-----------------------
1.000000000000000000e+00 2.718999999999999750e-01
1.151000000000000023e+00 2.901000000000000245e-01
1.326000000000000068e+00 3.119999999999999996e-01
1.526000000000000023e+00 3.390000000000000235e-01
1.758000000000000007e+00 3.719999999999999973e-01
2.024000000000000021e+00 4.118999999999999884e-01
2.330000000000000071e+00 4.590000000000000191e-01
2.682999999999999829e+00 5.121999999999999886e-01
3.088999999999999968e+00 5.694000000000000172e-01
3.556000000000000050e+00 6.279000000000000137e-01
4.094999999999999751e+00 6.852000000000000313e-01
4.714999999999999858e+00 7.391999999999999682e-01
5.429000000000000270e+00 7.886999999999999567e-01
6.251000000000000334e+00 8.327999999999999847e-01
7.197000000000000064e+00 8.717000000000000304e-01
8.285999999999999588e+00 9.053999999999999826e-01
9.541000000000000369e+00 9.353000000000000203e-01
1.099000000000000021e+01 9.612000000000000544e-01
1.265000000000000036e+01 9.834000000000000519e-01
1.456000000000000050e+01 1.002999999999999892e+00
1.676999999999999957e+01 1.020999999999999908e+00
1.930999999999999872e+01 1.036999999999999922e+00
2.223000000000000043e+01 1.052999999999999936e+00
2.560000000000000142e+01 1.070000000000000062e+00
2.946999999999999886e+01 1.088000000000000078e+00
3.392999999999999972e+01 1.104000000000000092e+00
3.907000000000000028e+01 1.135000000000000009e+00
4.497999999999999687e+01 1.185000000000000053e+00
5.178999999999999915e+01 1.270000000000000018e+00
5.964000000000000057e+01 1.413000000000000034e+00
6.865999999999999659e+01 1.633999999999999897e+00
7.906000000000000227e+01 1.949000000000000066e+00
9.103000000000000114e+01 2.354999999999999982e+00
1.047999999999999972e+02 2.835999999999999854e+00
1.207000000000000028e+02 3.362000000000000099e+00
1.389000000000000057e+02 3.912999999999999812e+00
1.600000000000000000e+02 4.467999999999999972e+00
1.841999999999999886e+02 5.027999999999999581e+00
2.120999999999999943e+02 5.597999999999999865e+00
2.441999999999999886e+02 6.187000000000000277e+00
2.811999999999999886e+02 6.809000000000000163e+00
3.236999999999999886e+02 7.477999999999999758e+00
3.728000000000000114e+02 8.208999999999999631e+00
4.291999999999999886e+02 9.019000000000000128e+00
4.941999999999999886e+02 9.922000000000000597e+00
5.690000000000000000e+02 1.093999999999999950e+01
6.551000000000000227e+02 1.208000000000000007e+01
7.542999999999999545e+02 1.339000000000000057e+01
8.685000000000000000e+02 1.486999999999999922e+01
1.000000000000000000e+03 1.657999999999999829e+01
-----------------------


Mobility *N (1/m/V/s)
COMMENT: generated by bolsig_convert.py
-----------------------
1.000000000000000000e+00 5.604999999999999914e+24
1.151000000000000023e+00 5.368999999999999839e+24
1.326000000000000068e+00 5.126999999999999625e+24
1.526000000000000023e+00 4.877000000000000300e+24
1.758000000000000007e+00 4.618000000000000231e+24
2.024000000000000021e+00 4.347999999999999908e+24
2.330000000000000071e+00 4.069999999999999937e+24
2.682999999999999829e+00 3.787999999999999874e+24
3.088999999999999968e+00 3.511999999999999950e+24
3.556000000000000050e+00 3.247999999999999765e+24
4.094999999999999751e+00 3.005000000000000065e+24
4.714999999999999858e+00 2.785999999999999845e+24
5.429000000000000270e+00 2.592000000000000201e+24
6.251000000000000334e+00 2.424000000000000084e+24
7.197000000000000064e+00 2.276999999999999914e+24
8.285999999999999588e+00 2.151999999999999983e+24
9.541000000000000369e+00 2.041000000000000107e+24
1.099000000000000021e+01 1.946000000000000063e+24
1.265000000000000036e+01 1.866000000000000096e+24
1.456000000000000050e+01 1.794000000000000046e+24
1.676999999999999957e+01 1.731999999999999958e+24
1.930999999999999872e+01 1.676000000000000008e+24
2.223000000000000043e+01 1.624999999999999906e+24
2.560000000000000142e+01 1.578999999999999918e+24
2.946999999999999886e+01 1.536000000000000000e+24
3.392999999999999972e+01 1.493000000000000082e+24
3.907000000000000028e+01 1.448999999999999872e+24
4.497999999999999687e+01 1.408000000000000000e+24
5.178999999999999915e+01 1.365000000000000082e+24
5.964000000000000057e+01 1.321999999999999895e+24
6.865999999999999659e+01 1.281000000000000023e+24
7.906000000000000227e+01 1.239000000000000128e+24
9.103000000000000114e+01 1.200000000000000034e+24
1.047999999999999972e+02 1.162999999999999985e+24
1.207000000000000028e+02 1.126999999999999960e+24
1.389000000000000057e+02 1.091999999999999958e+24
1.600000000000000000e+02 1.057999999999999979e+24
1.841999999999999886e+02 1.024000000000000000e+24
2.120999999999999943e+02 9.908999999999999612e+23
2.441999999999999886e+02 9.579000000000000052e+23
2.811999999999999886e+02 9.247999999999999664e+23
3.236999999999999886e+02 8.920000000000000419e+23
3.728000000000000114e+02 8.594000000000000147e+23
4.291999999999999886e+02 8.272000000000000503e+23
4.941999999999999886e+02 7.954000000000000147e+23
5.690000000000000000e+02 7.638000000000000105e+23
6.551000000000000227e+02 7.325999999999999350e+23
7.542999999999999545e+02 7.019000000000000052e+23
8.685000000000000000e+02 6.716999999999999528e+23
1.000000000000000000e+03 6.423999999999999748e+23
-----------------------


Diffusion coefficient *N (1/m/s)
COMMENT: generated by bolsig_convert.py
-----------------------
1.000000000000000000e+00 1.329000000000000057e+24
1.151000000000000023e+00 1.346999999999999935e+24
1.326000000000000068e+00 1.367999999999999883e+24
1.526000000000000023e+00 1.394999999999999969e+24
1.758000000000000007e+00 1.427999999999999925e+24
2.024000000000000021e+00 1.465999999999999996e+24
2.330000000000000071e+00 1.510999999999999960e+24
2.682999999999999829e+00 1.560000000000000017e+24
3.088999999999999968e+00 1.611000000000000120e+24
3.556000000000000050e+00 1.660999999999999931e+24
4.094999999999999751e+00 1.707999999999999941e+24
4.714999999999999858e+00 1.749000000000000082e+24
5.429000000000000270e+00 1.784000000000000084e+24
6.251000000000000334e+00 1.812999999999999948e+24
7.197000000000000064e+00 1.834999999999999918e+24
8.285999999999999588e+00 1.853000000000000065e+24
9.541000000000000369e+00 1.866000000000000096e+24
1.099000000000000021e+01 1.876000000000000059e+24
1.265000000000000036e+01 1.881999999999999929e+24
1.456000000000000050e+01 1.886000000000000021e+24
1.676999999999999957e+01 1.888000000000000067e+24
1.930999999999999872e+01 1.889000000000000090e+24
2.223000000000000043e+01 1.887000000000000044e+24
2.560000000000000142e+01 1.883999999999999975e+24
2.946999999999999886e+01 1.879999999999999883e+24
3.392999999999999972e+01 1.876000000000000059e+24
3.907000000000000028e+01 1.875000000000000036e+24
4.497999999999999687e+01 1.881999999999999929e+24
5.178999999999999915e+01 1.906999999999999969e+24
5.964000000000000057e+01 1.961999999999999895e+24
6.865999999999999659e+01 2.062000000000000055e+24
7.906000000000000227e+01 2.216000000000000117e+24
9.103000000000000114e+01 2.424000000000000084e+24
1.047999999999999972e+02 2.675999999999999992e+24
1.207000000000000028e+02 2.951999999999999916e+24
1.389000000000000057e+02 3.236000000000000025e+24
1.600000000000000000e+02 3.517000000000000065e+24
1.841999999999999886e+02 3.789999999999999920e+24
2.120999999999999943e+02 4.053000000000000082e+24
2.441999999999999886e+02 4.309000000000000082e+24
2.811999999999999886e+02 4.563000000000000036e+24
3.236999999999999886e+02 4.818000000000000013e+24
3.728000000000000114e+02 5.080999999999999637e+24
4.291999999999999886e+02 5.356000000000000075e+24
4.941999999999999886e+02 5.646000000000000323e+24
5.690000000000000000e+02 5.955000000000000472e+24
6.551000000000000227e+02 6.286000000000000055e+24
7.542999999999999545e+02 6.641999999999999677e+24
8.685000000000000000e+02 7.030999999999999524e+24
1.000000000000000000e+03 7.460000000000000294e+24
-----------------------


Townsend ioniz. coef. alpha/N (m2)
COMMENT: generated by bolsig_convert.py
-----------------------
1.000000000000000000e+00 0.000000000000000000e+00
1.151000000000000023e+00 0.000000000000000000e+00
1.326000000000000068e+00 0.000000000000000000e+00
1.526000000000000023e+00 0.000000000000000000e+00
1.758000000000000007e+00 0.000000000000000000e+00
2.024000000000000021e+00 0.000000000000000000e+00
2.330000000000000071e+00 0.000000000000000000e+00
2.682999999999999829e+00 0.000000000000000000e+00
3.088999999999999968e+00 0.000000000000000000e+00
3.556000000000000050e+00 0.000000000000000000e+00
4.094999999999999751e+00 0.000000000000000000e+00
4.714999999999999858e+00 0.000000000000000000e+00
5.429000000000000270e+00 0.000000000000000000e+00
6.251000000000000334e+00 0.000000000000000000e+00
7.197000000000000064e+00 0.000000000000000000e+00
8.285999999999999588e+00 0.000000000000000000e+00
9.541000000000000369e+00 0.000000000000000000e+00
1.099000000000000021e+01 0.000000000000000000e+00
1.265000000000000036e+01 0.000000000000000000e+00
1.456000000000000050e+01 0.000000000000000000e+00
1.676999999999999957e+01 0.000000000000000000e+00
1.930999999999999872e+01 0.000000000000000000e+00
2.223000000000000043e+01 9.409000000000000029e-32
2.560000000000000142e+01 1.702999999999999876e-30
2.946999999999999886e+01 2.351999999999999972e-29
3.392999999999999972e+01 2.408999999999999949e-28
3.907000000000000028e+01 1.909999999999999901e-27
4.497999999999999687e+01 1.193000000000000009e-26
5.178999999999999915e+01 6.083999999999999534e-26
5.964000000000000057e+01 2.594000000000000002e-25
6.865999999999999659e+01 9.464999999999999833e-25
7.906000000000000227e+01 3.003999999999999943e-24
9.103000000000000114e+01 8.403000000000000269e-24
1.047999999999999972e+02 2.098999999999999898e-23
1.207000000000000028e+02 4.739000000000000064e-23
1.389000000000000057e+02 9.793000000000000080e-23
1.600000000000000000e+02 1.874999999999999944e-22
1.841999999999999886e+02 3.359000000000000062e-22
2.120999999999999943e+02 5.686999999999999760e-22
2.441999999999999886e+02 9.159000000000000391e-22
2.811999999999999886e+02 1.412000000000000028e-21
3.236999999999999886e+02 2.090999999999999932e-21
3.728000000000000114e+02 2.990000000000000030e-21
4.291999999999999886e+02 4.139000000000000152e-21
4.941999999999999886e+02 5.561999999999999936e-21
5.690000000000000000e+02 7.278000000000000208e-21
6.551000000000000227e+02 9.293000000000000597e-21
7.542999999999999545e+02 1.161000000000000054e-20
8.685000000000000000e+02 1.421000000000000109e-20
1.000000000000000000e+03 1.706999999999999853e-20
-----------------------


Townsend attach. coef. eta/N (m2)
COMMENT: generated by bolsig_convert.py
-----------------------
1.000000000000000000e+00 7.865999999999999667e-41
1.151000000000000023e+00 6.751999999999999790e-41
1.326000000000000068e+00 5.783000000000000437e-41
1.526000000000000023e+00 4.940999999999999609e-41
1.758000000000000007e+00 4.209000000000000233e-41
2.024000000000000021e+00 3.574999999999999788e-41
2.330000000000000071e+00 3.026000000000000001e-41
2.682999999999999829e+00 2.552999999999999874e-41
3.088999999999999968e+00 2.149000000000000102e-41
3.556000000000000050e+00 1.806000000000000022e-41
4.094999999999999751e+00 1.517999999999999904e-41
4.714999999999999858e+00 1.279000000000000016e-41
5.429000000000000270e+00 1.079999999999999996e-41
6.251000000000000334e+00 9.161999999999999815e-42
7.197000000000000064e+00 2.224999999999999834e-34
8.285999999999999588e+00 1.042000000000000082e-31
9.541000000000000369e+00 7.645000000000000322e-31
1.099000000000000021e+01 3.134999999999999841e-30
1.265000000000000036e+01 1.302999999999999912e-29
1.456000000000000050e+01 5.588000000000000129e-29
1.676999999999999957e+01 2.542999999999999792e-28
1.930999999999999872e+01 1.193999999999999999e-27
2.223000000000000043e+01 5.561000000000000211e-27
2.560000000000000142e+01 2.369000000000000008e-26
2.946999999999999886e+01 8.906999999999999806e-26
3.392999999999999972e+01 2.884000000000000100e-25
3.907000000000000028e+01 8.085000000000000067e-25
4.497999999999999687e+01 1.961000000000000141e-24
5.178999999999999915e+01 4.174999999999999750e-24
5.964000000000000057e+01 7.850000000000000182e-24
6.865999999999999659e+01 1.315000000000000060e-23
7.906000000000000227e+01 1.975999999999999989e-23
9.103000000000000114e+01 2.683999999999999894e-23
1.047999999999999972e+02 3.333999999999999891e-23
1.207000000000000028e+02 3.833000000000000204e-23
1.389000000000000057e+02 4.139999999999999886e-23
1.600000000000000000e+02 4.253999999999999931e-23
1.841999999999999886e+02 4.204999999999999886e-23
2.120999999999999943e+02 4.035000000000000294e-23
2.441999999999999886e+02 3.784000000000000159e-23
2.811999999999999886e+02 3.486999999999999935e-23
3.236999999999999886e+02 3.169000000000000027e-23
3.728000000000000114e+02 2.848999999999999758e-23
4.291999999999999886e+02 2.539000000000000121e-23
4.941999999999999886e+02 2.248999999999999987e-23
5.690000000000000000e+02 1.983000000000000079e-23
6.551000000000000227e+02 1.742999999999999877e-23
7.542999999999999545e+02 1.529999999999999856e-23
8.685000000000000000e+02 1.343000000000000128e-23
1.000000000000000000e+03 1.180000000000000039e-23
-----------------------


C00 O4+ Electron Recombination
COMMENT: generated by bolsig_convert.py
-----------------------
1.000000000000000000e+00 5.287082163022380270e-13
1.151000000000000023e+00 5.118548219495799871e-13
1.326000000000000068e+00 4.935638762282817079e-13
1.526000000000000023e+00 4.735009059005697782e-13
1.758000000000000007e+00 4.520111973297125966e-13
2.024000000000000021e+00 4.295609234709172760e-13
2.330000000000000071e+00 4.069249516603543735e-13
2.682999999999999829e+00 3.852129478329673551e-13
3.088999999999999968e+00 3.653523725380344952e-13
3.556000000000000050e+00 3.479168173001152849e-13
4.094999999999999751e+00 3.330519541536734553e-13
4.714999999999999858e+00 3.206562314946362572e-13
5.429000000000000270e+00 3.104307562673819539e-13
6.251000000000000334e+00 3.020997077100241948e-13
7.197000000000000064e+00 2.952821132629779752e-13
8.285999999999999588e+00 2.897346378027188415e-13
9.541000000000000369e+00 2.850658518766953916e-13
1.099000000000000021e+01 2.811990067042712803e-13
1.265000000000000036e+01 2.780068912427499988e-13
1.456000000000000050e+01 2.752771712496736687e-13
1.676999999999999957e+01 2.728398438391041615e-13
1.930999999999999872e+01 2.707268219545457364e-13
2.223000000000000043e+01 2.686621449398849363e-13
2.560000000000000142e+01 2.665193678400951652e-13
2.946999999999999886e+01 2.643055091787161540e-13
3.392999999999999972e+01 2.623832617825258862e-13
3.907000000000000028e+01 2.587752474634791449e-13
4.497999999999999687e+01 2.532570175539076071e-13
5.178999999999999915e+01 2.446351188955744124e-13
5.964000000000000057e+01 2.319260772091748075e-13
6.865999999999999659e+01 2.156724328018265930e-13
7.906000000000000227e+01 1.974761919056357634e-13
9.103000000000000114e+01 1.796491669164699059e-13
1.047999999999999972e+02 1.637071131343452837e-13
1.207000000000000028e+02 1.503563619086523948e-13
1.389000000000000057e+02 1.393688573488943855e-13
1.600000000000000000e+02 1.304259717366875687e-13
1.841999999999999886e+02 1.229484417413335052e-13
2.120999999999999943e+02 1.165210035195818289e-13
2.441999999999999886e+02 1.108359390913210280e-13
2.811999999999999886e+02 1.056523098207468056e-13
3.236999999999999886e+02 1.008156449818274860e-13
3.728000000000000114e+02 9.622225610351213503e-14
4.291999999999999886e+02 9.179974395234879341e-14
4.941999999999999886e+02 8.752276956268340400e-14
5.690000000000000000e+02 8.335122794879407869e-14
6.551000000000000227e+02 7.932082018250410695e-14
7.542999999999999545e+02 7.534082557337262529e-14
8.685000000000000000e+02 7.149327288779129290e-14
1.000000000000000000e+03 6.770619383490792171e-14
-----------------------


C25 N2 Ionization 15.60 eV
COMMENT: generated by bolsig_convert.py
-----------------------
1.000000000000000000e+00 0.000000000000000000e+00
1.151000000000000023e+00 0.000000000000000000e+00
1.326000000000000068e+00 0.000000000000000000e+00
1.526000000000000023e+00 0.000000000000000000e+00
1.758000000000000007e+00 0.000000000000000000e+00
2.024000000000000021e+00 0.000000000000000000e+00
2.330000000000000071e+00 0.000000000000000000e+00
2.682999999999999829e+00 0.000000000000000000e+00
3.088999999999999968e+00 0.000000000000000000e+00
3.556000000000000050e+00 0.000000000000000000e+00
4.094999999999999751e+00 0.000000000000000000e+00
4.714999999999999858e+00 0.000000000000000000e+00
5.429000000000000270e+00 0.000000000000000000e+00
6.251000000000000334e+00 0.000000000000000000e+00
7.197000000000000064e+00 0.000000000000000000e+00
8.285999999999999588e+00 0.000000000000000000e+00
9.541000000000000369e+00 0.000000000000000000e+00
1.099000000000000021e+01 0.000000000000000000e+00
1.265000000000000036e+01 0.000000000000000000e+00
1.456000000000000050e+01 0.000000000000000000e+00
1.676999999999999957e+01 0.000000000000000000e+00
1.930999999999999872e+01 0.000000000000000000e+00
2.223000000000000043e+01 0.000000000000000000e+00
2.560000000000000142e+01 0.000000000000000000e+00
2.946999999999999886e+01 2.286000000000000157e-27
3.392999999999999972e+01 7.147999999999999506e-26
3.907000000000000028e+01 1.865999999999999859e-24
4.497999999999999687e+01 2.852999999999999893e-23
5.178999999999999915e+01 3.176999999999999828e-22
5.964000000000000057e+01 2.640000000000000072e-21
6.865999999999999659e+01 1.698999999999999949e-20
7.906000000000000227e+01 8.666999999999999797e-20
9.103000000000000114e+01 3.600000000000000103e-19
1.047999999999999972e+02 1.250999999999999930e-18
1.207000000000000028e+02 3.724000000000000368e-18
1.389000000000000057e+02 9.734999999999999429e-18
1.600000000000000000e+02 2.283999999999999864e-17
1.841999999999999886e+02 4.893999999999999997e-17
2.120999999999999943e+02 9.728999999999999923e-17
2.441999999999999886e+02 1.813999999999999993e-16
2.811999999999999886e+02 3.202000000000000064e-16
3.236999999999999886e+02 5.386000000000000153e-16
3.728000000000000114e+02 8.683999999999999706e-16
4.291999999999999886e+02 1.348000000000000013e-15
4.941999999999999886e+02 2.022999999999999938e-15
5.690000000000000000e+02 2.944000000000000112e-15
6.551000000000000227e+02 4.167999999999999885e-15
7.542999999999999545e+02 5.755999999999999657e-15
8.685000000000000000e+02 7.771999999999999283e-15
1.000000000000000000e+03 1.027999999999999980e-14
-----------------------


C26 N2 Ionization 18.80 eV
COMMENT: generated by bolsig_convert.py
-----------------------
1.000000000000000000e+00 0.000000000000000000e+00
1.151000000000000023e+00 0.000000000000000000e+00
1.326000000000000068e+00 0.000000000000000000e+00
1.526000000000000023e+00 0.000000000000000000e+00
1.758000000000000007e+00 0.000000000000000000e+00
2.024000000000000021e+00 0.000000000000000000e+00
2.330000000000000071e+00 0.000000000000000000e+00
2.682999999999999829e+00 0.000000000000000000e+00
3.088999999999999968e+00 0.000000000000000000e+00
3.556000000000000050e+00 0.000000000000000000e+00
4.094999999999999751e+00 0.000000000000000000e+00
4.714999999999999858e+00 0.000000000000000000e+00
5.429000000000000270e+00 0.000000000000000000e+00
6.251000000000000334e+00 0.000000000000000000e+00
7.197000000000000064e+00 0.000000000000000000e+00
8.285999999999999588e+00 0.000000000000000000e+00
9.541000000000000369e+00 0.000000000000000000e+00
1.099000000000000021e+01 0.000000000000000000e+00
1.265000000000000036e+01 0.000000000000000000e+00
1.456000000000000050e+01 0.000000000000000000e+00
1.676999999999999957e+01 0.000000000000000000e+00
1.930999999999999872e+01 0.000000000000000000e+00
2.223000000000000043e+01 0.000000000000000000e+00
2.560000000000000142e+01 0.000000000000000000e+00
2.946999999999999886e+01 0.000000000000000000e+00
3.392999999999999972e+01 0.000000000000000000e+00
3.907000000000000028e+01 4.983000000000000219e-28
4.497999999999999687e+01 1.517000000000000067e-26
5.178999999999999915e+01 4.499000000000000119e-25
5.964000000000000057e+01 6.640000000000000302e-24
6.865999999999999659e+01 7.051000000000000277e-23
7.906000000000000227e+01 5.525999999999999914e-22
9.103000000000000114e+01 3.320999999999999914e-21
1.047999999999999972e+02 1.587000000000000083e-20
1.207000000000000028e+02 6.210000000000000323e-20
1.389000000000000057e+02 2.055000000000000091e-19
1.600000000000000000e+02 5.904999999999999587e-19
1.841999999999999886e+02 1.506999999999999955e-18
2.120999999999999943e+02 3.481000000000000197e-18
2.441999999999999886e+02 7.389999999999999966e-18
2.811999999999999886e+02 1.458000000000000100e-17
3.236999999999999886e+02 2.700000000000000116e-17
3.728000000000000114e+02 4.728000000000000110e-17
4.291999999999999886e+02 7.877999999999999527e-17
4.941999999999999886e+02 1.254999999999999932e-16
5.690000000000000000e+02 1.921000000000000055e-16
6.551000000000000227e+02 2.837000000000000050e-16
7.542999999999999545e+02 4.054999999999999824e-16
8.685000000000000000e+02 5.631000000000000189e-16
1.000000000000000000e+03 7.617000000000000315e-16
-----------------------


C27 O2 Attachment
COMMENT: generated by bolsig_convert.py
-----------------------
1.000000000000000000e+00 2.205000000000000122e-36
1.151000000000000023e+00 2.086999999999999896e-36
1.326000000000000068e+00 1.964999999999999923e-36
1.526000000000000023e+00 1.838999999999999868e-36
1.758000000000000007e+00 1.707999999999999962e-36
2.024000000000000021e+00 1.572999999999999975e-36
2.330000000000000071e+00 1.435000000000000011e-36
2.682999999999999829e+00 1.297000000000000046e-36
3.088999999999999968e+00 1.165000000000000037e-36
3.556000000000000050e+00 1.043000000000000063e-36
4.094999999999999751e+00 9.343000000000000676e-37
4.714999999999999858e+00 8.398999999999999869e-37
5.429000000000000270e+00 7.599000000000000317e-37
6.251000000000000334e+00 6.939999999999999871e-37
7.197000000000000064e+00 6.401000000000000194e-37
8.285999999999999588e+00 5.968000000000000165e-37
9.541000000000000369e+00 5.604999999999999888e-37
1.099000000000000021e+01 5.312999999999999801e-37
1.265000000000000036e+01 5.087000000000000220e-37
1.456000000000000050e+01 4.898999999999999741e-37
1.676999999999999957e+01 4.744000000000000350e-37
1.930999999999999872e+01 4.614000000000000214e-37
2.223000000000000043e+01 4.513000000000000249e-37
2.560000000000000142e+01 4.412000000000000285e-37
2.946999999999999886e+01 4.356999999999999585e-37
3.392999999999999972e+01 4.240000000000000131e-37
3.907000000000000028e+01 4.143000000000000248e-37
4.497999999999999687e+01 4.019000000000000234e-37
5.178999999999999915e+01 3.859000000000000323e-37
5.964000000000000057e+01 3.654999999999999937e-37
6.865999999999999659e+01 3.416000000000000091e-37
7.906000000000000227e+01 3.055999999999999875e-37
9.103000000000000114e+01 2.661999999999999804e-37
1.047999999999999972e+02 2.268000000000000150e-37
1.207000000000000028e+02 1.899000000000000168e-37
1.389000000000000057e+02 1.543000000000000034e-37
1.600000000000000000e+02 1.270999999999999935e-37
1.841999999999999886e+02 1.066999999999999966e-37
2.120999999999999943e+02 8.683000000000000419e-38
2.441999999999999886e+02 7.155000000000000273e-38
2.811999999999999886e+02 5.913000000000000509e-38
3.236999999999999886e+02 4.968999999999999910e-38
3.728000000000000114e+02 4.185999999999999764e-38
4.291999999999999886e+02 3.583999999999999955e-38
4.941999999999999886e+02 3.055999999999999771e-38
5.690000000000000000e+02 2.542000000000000080e-38
6.551000000000000227e+02 2.200000000000000073e-38
7.542999999999999545e+02 1.873999999999999921e-38
8.685000000000000000e+02 1.598000000000000003e-38
1.000000000000000000e+03 1.358000000000000085e-38
-----------------------


C28 O2 Attachment
COMMENT: generated by bolsig_convert.py
-----------------------
1.000000000000000000e+00 0.000000000000000000e+00
1.151000000000000023e+00 0.000000000000000000e+00
1.326000000000000068e+00 0.000000000000000000e+00
1.526000000000000023e+00 0.000000000000000000e+00
1.758000000000000007e+00 0.000000000000000000e+00
2.024000000000000021e+00 0.000000000000000000e+00
2.330000000000000071e+00 0.000000000000000000e+00
2.682999999999999829e+00 0.000000000000000000e+00
3.088999999999999968e+00 0.000000000000000000e+00
3.556000000000000050e+00 0.000000000000000000e+00
4.094999999999999751e+00 0.000000000000000000e+00
4.714999999999999858e+00 0.000000000000000000e+00
5.429000000000000270e+00 0.000000000000000000e+00
6.251000000000000334e+00 0.000000000000000000e+00
7.197000000000000064e+00 1.822999999999999956e-29
8.285999999999999588e+00 9.288999999999999356e-27
9.541000000000000369e+00 7.444000000000000275e-26
1.099000000000000021e+01 3.350000000000000158e-25
1.265000000000000036e+01 1.537000000000000056e-24
1.456000000000000050e+01 7.300999999999999348e-24
1.676999999999999957e+01 3.691999999999999979e-23
1.930999999999999872e+01 1.930999999999999962e-22
2.223000000000000043e+01 1.005000000000000036e-21
2.560000000000000142e+01 4.786999999999999787e-21
2.946999999999999886e+01 2.015000000000000087e-20
3.392999999999999972e+01 7.302000000000000223e-20
3.907000000000000028e+01 2.288999999999999915e-19
4.497999999999999687e+01 6.206999999999999983e-19
5.178999999999999915e+01 1.476000000000000081e-18
5.964000000000000057e+01 3.095000000000000094e-18
6.865999999999999659e+01 5.784000000000000192e-18
7.906000000000000227e+01 9.683000000000000014e-18
9.103000000000000114e+01 1.466000000000000057e-17
1.047999999999999972e+02 2.031000000000000055e-17
1.207000000000000028e+02 2.605999999999999846e-17
1.389000000000000057e+02 3.140000000000000240e-17
1.600000000000000000e+02 3.599000000000000032e-17
1.841999999999999886e+02 3.966999999999999923e-17
2.120999999999999943e+02 4.240000000000000242e-17
2.441999999999999886e+02 4.425999999999999714e-17
2.811999999999999886e+02 4.534000000000000064e-17
3.236999999999999886e+02 4.574999999999999769e-17
3.728000000000000114e+02 4.563000000000000141e-17
4.291999999999999886e+02 4.507999999999999740e-17
4.941999999999999886e+02 4.420000000000000208e-17
5.690000000000000000e+02 4.309000000000000106e-17
6.551000000000000227e+02 4.183000000000000006e-17
7.542999999999999545e+02 4.049999999999999866e-17
8.685000000000000000e+02 3.916999999999999726e-17
1.000000000000000000e+03 3.791000000000000243e-17
-----------------------


C43 O2 Ionization 12.06 eV
COMMENT: generated by bolsig_convert.py
-----------------------
1.000000000000000000e+00 0.000000000000000000e+00
1.151000000000000023e+00 0.000000000000000000e+00
1.326000000000000068e+00 0.000000000000000000e+00
1.526000000000000023e+00 0.000000000000000000e+00
1.758000000000000007e+00 0.000000000000000000e+00
2.024000000000000021e+00 0.000000000000000000e+00
2.330000000000000071e+00 0.000000000000000000e+00
2.682999999999999829e+00 0.000000000000000000e+00
3.088999999999999968e+00 0.000000000000000000e+00
3.556000000000000050e+00 0.000000000000000000e+00
4.094999999999999751e+00 0.000000000000000000e+00
4.714999999999999858e+00 0.000000000000000000e+00
5.429000000000000270e+00 0.000000000000000000e+00
6.251000000000000334e+00 0.000000000000000000e+00
7.197000000000000064e+00 0.000000000000000000e+00
8.285999999999999588e+00 0.000000000000000000e+00
9.541000000000000369e+00 0.000000000000000000e+00
1.099000000000000021e+01 0.000000000000000000e+00
1.265000000000000036e+01 0.000000000000000000e+00
1.456000000000000050e+01 0.000000000000000000e+00
1.676999999999999957e+01 0.000000000000000000e+00
1.930999999999999872e+01 0.000000000000000000e+00
2.223000000000000043e+01 1.700000000000000065e-26
2.560000000000000142e+01 3.440999999999999900e-25
2.946999999999999886e+01 5.312999999999999834e-24
3.392999999999999972e+01 6.072000000000000146e-23
3.907000000000000028e+01 5.333999999999999988e-22
4.497999999999999687e+01 3.662000000000000055e-21
5.178999999999999915e+01 2.022999999999999992e-20
5.964000000000000057e+01 9.169000000000000573e-20
6.865999999999999659e+01 3.479999999999999972e-19
7.906000000000000227e+01 1.122999999999999918e-18
9.103000000000000114e+01 3.136000000000000107e-18
1.047999999999999972e+02 7.722999999999999658e-18
1.207000000000000028e+02 1.706999999999999930e-17
1.389000000000000057e+02 3.451999999999999812e-17
1.600000000000000000e+02 6.491000000000000359e-17
1.841999999999999886e+02 1.151000000000000115e-16
2.120999999999999943e+02 1.945000000000000051e-16
2.441999999999999886e+02 3.160000000000000072e-16
2.811999999999999886e+02 4.962999999999999985e-16
3.236999999999999886e+02 7.574000000000000405e-16
3.728000000000000114e+02 1.126999999999999972e-15
4.291999999999999886e+02 1.639000000000000009e-15
4.941999999999999886e+02 2.336000000000000093e-15
5.690000000000000000e+02 3.267999999999999855e-15
6.551000000000000227e+02 4.494000000000000055e-15
7.542999999999999545e+02 6.080000000000000188e-15
8.685000000000000000e+02 8.102999999999999337e-15
1.000000000000000000e+03 1.065000000000000069e-14
-----------------------
