

Mean energy (eV)
COMMENT: generated by bolsig_convert.py
-----------------------
1.000000000000000000e+00 2.273000000000000020e-01
1.151000000000000023e+00 2.449999999999999956e-01
1.326000000000000068e+00 2.656999999999999917e-01
1.526000000000000023e+00 2.908000000000000029e-01
1.758000000000000007e+00 3.219000000000000195e-01
2.024000000000000021e+00 3.603000000000000091e-01
2.330000000000000071e+00 4.069999999999999729e-01
2.682999999999999829e+00 4.617999999999999883e-01
3.088999999999999968e+00 5.223999999999999755e-01
3.556000000000000050e+00 5.862000000000000544e-01
4.094999999999999751e+00 6.497000000000000552e-01
4.714999999999999858e+00 7.102000000000000535e-01
5.429000000000000270e+00 7.657000000000000473e-01
6.251000000000000334e+00 8.153000000000000247e-01
7.197000000000000064e+00 8.588000000000000078e-01
8.285999999999999588e+00 8.963999999999999746e-01
9.541000000000000369e+00 9.287999999999999590e-01
1.099000000000000021e+01 9.565000000000000169e-01
1.265000000000000036e+01 9.805000000000000382e-01
1.456000000000000050e+01 1.000999999999999890e+00
1.676999999999999957e+01 1.018999999999999906e+00
1.930999999999999872e+01 1.036000000000000032e+00
2.223000000000000043e+01 1.052000000000000046e+00
2.560000000000000142e+01 1.068000000000000060e+00
2.946999999999999886e+01 1.084000000000000075e+00
3.392999999999999972e+01 1.104999999999999982e+00
3.907000000000000028e+01 1.129999999999999893e+00
4.497999999999999687e+01 1.175999999999999934e+00
5.178999999999999915e+01 1.256000000000000005e+00
5.964000000000000057e+01 1.391000000000000014e+00
6.865999999999999659e+01 1.604999999999999982e+00
7.906000000000000227e+01 1.915000000000000036e+00
9.103000000000000114e+01 2.318999999999999950e+00
1.047999999999999972e+02 2.802000000000000046e+00
1.207000000000000028e+02 3.330999999999999961e+00
1.389000000000000057e+02 3.886000000000000121e+00
1.600000000000000000e+02 4.448000000000000398e+00
1.841999999999999886e+02 5.011999999999999567e+00
2.120999999999999943e+02 5.584999999999999964e+00
2.441999999999999886e+02 6.177999999999999936e+00
2.811999999999999886e+02 6.801000000000000156e+00
3.236999999999999886e+02 7.472000000000000419e+00
3.728000000000000114e+02 8.205000000000000071e+00
4.291999999999999886e+02 9.015000000000000568e+00
4.941999999999999886e+02 9.919000000000000483e+00
5.690000000000000000e+02 1.093999999999999950e+01
6.551000000000000227e+02 1.208000000000000007e+01
7.542999999999999545e+02 1.338000000000000078e+01
8.685000000000000000e+02 1.486999999999999922e+01
1.000000000000000000e+03 1.657000000000000028e+01
-----------------------


Mobility *N (1/m/V/s)
COMMENT: generated by bolsig_convert.py
-----------------------
1.000000000000000000e+00 6.329999999999999996e+24
1.151000000000000023e+00 5.991999999999999715e+24
1.326000000000000068e+00 5.669000000000000317e+24
1.526000000000000023e+00 5.354000000000000029e+24
1.758000000000000007e+00 5.040000000000000302e+24
2.024000000000000021e+00 4.721999999999999945e+24
2.330000000000000071e+00 4.399000000000000010e+24
2.682999999999999829e+00 4.073000000000000006e+24
3.088999999999999968e+00 3.753000000000000141e+24
3.556000000000000050e+00 3.448000000000000084e+24
4.094999999999999751e+00 3.164999999999999998e+24
4.714999999999999858e+00 2.912000000000000067e+24
5.429000000000000270e+00 2.688999999999999755e+24
6.251000000000000334e+00 2.495000000000000111e+24
7.197000000000000064e+00 2.330000000000000063e+24
8.285999999999999588e+00 2.188000000000000008e+24
9.541000000000000369e+00 2.066999999999999901e+24
1.099000000000000021e+01 1.963999999999999941e+24
1.265000000000000036e+01 1.876000000000000059e+24
1.456000000000000050e+01 1.798999999999999893e+24
1.676999999999999957e+01 1.734000000000000004e+24
1.930999999999999872e+01 1.676000000000000008e+24
2.223000000000000043e+01 1.623999999999999883e+24
2.560000000000000142e+01 1.576999999999999872e+24
2.946999999999999886e+01 1.533999999999999954e+24
3.392999999999999972e+01 1.491000000000000036e+24
3.907000000000000028e+01 1.447000000000000094e+24
4.497999999999999687e+01 1.405999999999999954e+24
5.178999999999999915e+01 1.363000000000000036e+24
5.964000000000000057e+01 1.321999999999999895e+24
6.865999999999999659e+01 1.280000000000000000e+24
7.906000000000000227e+01 1.238000000000000105e+24
9.103000000000000114e+01 1.199000000000000010e+24
1.047999999999999972e+02 1.161999999999999962e+24
1.207000000000000028e+02 1.125999999999999937e+24
1.389000000000000057e+02 1.091999999999999958e+24
1.600000000000000000e+02 1.057999999999999979e+24
1.841999999999999886e+02 1.024000000000000000e+24
2.120999999999999943e+02 9.908999999999999612e+23
2.441999999999999886e+02 9.579999999999999539e+23
2.811999999999999886e+02 9.247999999999999664e+23
3.236999999999999886e+02 8.920000000000000419e+23
3.728000000000000114e+02 8.594999999999999633e+23
4.291999999999999886e+02 8.272999999999999990e+23
4.941999999999999886e+02 7.954000000000000147e+23
5.690000000000000000e+02 7.638000000000000105e+23
6.551000000000000227e+02 7.325999999999999350e+23
7.542999999999999545e+02 7.019000000000000052e+23
8.685000000000000000e+02 6.716999999999999528e+23
1.000000000000000000e+03 6.423999999999999748e+23
-----------------------


Diffusion coefficient *N (1/m/s)
COMMENT: generated by bolsig_convert.py
-----------------------
1.000000000000000000e+00 1.286999999999999893e+24
1.151000000000000023e+00 1.302999999999999994e+24
1.326000000000000068e+00 1.322999999999999918e+24
1.526000000000000023e+00 1.347999999999999958e+24
1.758000000000000007e+00 1.378999999999999868e+24
2.024000000000000021e+00 1.416999999999999939e+24
2.330000000000000071e+00 1.461999999999999904e+24
2.682999999999999829e+00 1.514000000000000029e+24
3.088999999999999968e+00 1.569999999999999979e+24
3.556000000000000050e+00 1.625999999999999929e+24
4.094999999999999751e+00 1.679000000000000078e+24
4.714999999999999858e+00 1.727000000000000111e+24
5.429000000000000270e+00 1.767999999999999983e+24
6.251000000000000334e+00 1.800999999999999939e+24
7.197000000000000064e+00 1.828000000000000025e+24
8.285999999999999588e+00 1.848999999999999973e+24
9.541000000000000369e+00 1.865000000000000073e+24
1.099000000000000021e+01 1.876000000000000059e+24
1.265000000000000036e+01 1.883999999999999975e+24
1.456000000000000050e+01 1.888000000000000067e+24
1.676999999999999957e+01 1.889000000000000090e+24
1.930999999999999872e+01 1.890000000000000113e+24
2.223000000000000043e+01 1.889000000000000090e+24
2.560000000000000142e+01 1.886000000000000021e+24
2.946999999999999886e+01 1.881999999999999929e+24
3.392999999999999972e+01 1.877000000000000082e+24
3.907000000000000028e+01 1.875000000000000036e+24
4.497999999999999687e+01 1.879999999999999883e+24
5.178999999999999915e+01 1.901000000000000099e+24
5.964000000000000057e+01 1.951999999999999933e+24
6.865999999999999659e+01 2.048000000000000000e+24
7.906000000000000227e+01 2.197999999999999971e+24
9.103000000000000114e+01 2.403999999999999891e+24
1.047999999999999972e+02 2.657000000000000090e+24
1.207000000000000028e+02 2.934000000000000038e+24
1.389000000000000057e+02 3.222000000000000239e+24
1.600000000000000000e+02 3.505999999999999811e+24
1.841999999999999886e+02 3.781000000000000250e+24
2.120999999999999943e+02 4.045999999999999920e+24
2.441999999999999886e+02 4.304999999999999990e+24
2.811999999999999886e+02 4.557999999999999920e+24
3.236999999999999886e+02 4.814999999999999943e+24
3.728000000000000114e+02 5.078999999999999591e+24
4.291999999999999886e+02 5.354999999999999516e+24
4.941999999999999886e+02 5.644999999999999763e+24
5.690000000000000000e+02 5.953999999999999912e+24
6.551000000000000227e+02 6.284999999999999495e+24
7.542999999999999545e+02 6.641999999999999677e+24
8.685000000000000000e+02 7.030000000000000038e+24
1.000000000000000000e+03 7.460000000000000294e+24
-----------------------


Townsend ioniz. coef. alpha/N (m2)
COMMENT: generated by bolsig_convert.py
-----------------------
1.000000000000000000e+00 0.000000000000000000e+00
1.151000000000000023e+00 0.000000000000000000e+00
1.326000000000000068e+00 0.000000000000000000e+00
1.526000000000000023e+00 0.000000000000000000e+00
1.758000000000000007e+00 0.000000000000000000e+00
2.024000000000000021e+00 0.000000000000000000e+00
2.330000000000000071e+00 0.000000000000000000e+00
2.682999999999999829e+00 0.000000000000000000e+00
3.088999999999999968e+00 0.000000000000000000e+00
3.556000000000000050e+00 0.000000000000000000e+00
4.094999999999999751e+00 0.000000000000000000e+00
4.714999999999999858e+00 0.000000000000000000e+00
5.429000000000000270e+00 0.000000000000000000e+00
6.251000000000000334e+00 0.000000000000000000e+00
7.197000000000000064e+00 0.000000000000000000e+00
8.285999999999999588e+00 0.000000000000000000e+00
9.541000000000000369e+00 0.000000000000000000e+00
1.099000000000000021e+01 0.000000000000000000e+00
1.265000000000000036e+01 0.000000000000000000e+00
1.456000000000000050e+01 0.000000000000000000e+00
1.676999999999999957e+01 0.000000000000000000e+00
1.930999999999999872e+01 0.000000000000000000e+00
2.223000000000000043e+01 2.993000000000000250e-32
2.560000000000000142e+01 7.906000000000000827e-31
2.946999999999999886e+01 1.400000000000000117e-29
3.392999999999999972e+01 1.674000000000000083e-28
3.907000000000000028e+01 1.473000000000000005e-27
4.497999999999999687e+01 9.881999999999999915e-27
5.178999999999999915e+01 5.311000000000000345e-26
5.964000000000000057e+01 2.348999999999999778e-25
6.865999999999999659e+01 8.808000000000000775e-25
7.906000000000000227e+01 2.855000000000000182e-24
9.103000000000000114e+01 8.108999999999999999e-24
1.047999999999999972e+02 2.048999999999999966e-23
1.207000000000000028e+02 4.661000000000000064e-23
1.389000000000000057e+02 9.680999999999999810e-23
1.600000000000000000e+02 1.859999999999999935e-22
1.841999999999999886e+02 3.341999999999999927e-22
2.120999999999999943e+02 5.667000000000000375e-22
2.441999999999999886e+02 9.136000000000000816e-22
2.811999999999999886e+02 1.409000000000000026e-21
3.236999999999999886e+02 2.089000000000000182e-21
3.728000000000000114e+02 2.986999999999999840e-21
4.291999999999999886e+02 4.135999999999999962e-21
4.941999999999999886e+02 5.559999999999999809e-21
5.690000000000000000e+02 7.276000000000000082e-21
6.551000000000000227e+02 9.291000000000000470e-21
7.542999999999999545e+02 1.161000000000000054e-20
8.685000000000000000e+02 1.421000000000000109e-20
1.000000000000000000e+03 1.706999999999999853e-20
-----------------------


Townsend attach. coef. eta/N (m2)
COMMENT: generated by bolsig_convert.py
-----------------------
1.000000000000000000e+00 8.029000000000000151e-41
1.151000000000000023e+00 6.909000000000000287e-41
1.326000000000000068e+00 5.929999999999999597e-41
1.526000000000000023e+00 5.074000000000000160e-41
1.758000000000000007e+00 4.328999999999999964e-41
2.024000000000000021e+00 3.679000000000000234e-41
2.330000000000000071e+00 3.114999999999999971e-41
2.682999999999999829e+00 2.626999999999999878e-41
3.088999999999999968e+00 2.207999999999999884e-41
3.556000000000000050e+00 1.853000000000000087e-41
4.094999999999999751e+00 1.552999999999999996e-41
4.714999999999999858e+00 1.304000000000000045e-41
5.429000000000000270e+00 1.097999999999999956e-41
6.251000000000000334e+00 9.280000000000000400e-42
7.197000000000000064e+00 7.887000000000000130e-42
8.285999999999999588e+00 6.738000000000000161e-42
9.541000000000000369e+00 5.786000000000000175e-42
1.099000000000000021e+01 4.992000000000000259e-42
1.265000000000000036e+01 4.324000000000000060e-42
1.456000000000000050e+01 9.876999999999999478e-31
1.676999999999999957e+01 1.803999999999999982e-29
1.930999999999999872e+01 2.205999999999999791e-28
2.223000000000000043e+01 1.866000000000000055e-27
2.560000000000000142e+01 1.147999999999999993e-26
2.946999999999999886e+01 5.452000000000000405e-26
3.392999999999999972e+01 2.045999999999999947e-25
3.907000000000000028e+01 6.331000000000000442e-25
4.497999999999999687e+01 1.642999999999999940e-24
5.178999999999999915e+01 3.677000000000000058e-24
5.964000000000000057e+01 7.157999999999999937e-24
6.865999999999999659e+01 1.231000000000000004e-23
7.906000000000000227e+01 1.885999999999999876e-23
9.103000000000000114e+01 2.599000000000000098e-23
1.047999999999999972e+02 3.261000000000000208e-23
1.207000000000000028e+02 3.777000000000000069e-23
1.389000000000000057e+02 4.099000000000000112e-23
1.600000000000000000e+02 4.226999999999999750e-23
1.841999999999999886e+02 4.187000000000000157e-23
2.120999999999999943e+02 4.024000000000000068e-23
2.441999999999999886e+02 3.777000000000000069e-23
2.811999999999999886e+02 3.482000000000000206e-23
3.236999999999999886e+02 3.166000000000000073e-23
3.728000000000000114e+02 2.846999999999999984e-23
4.291999999999999886e+02 2.539000000000000121e-23
4.941999999999999886e+02 2.248999999999999987e-23
5.690000000000000000e+02 1.983000000000000079e-23
6.551000000000000227e+02 1.742999999999999877e-23
7.542999999999999545e+02 1.529999999999999856e-23
8.685000000000000000e+02 1.343000000000000128e-23
1.000000000000000000e+03 1.180000000000000039e-23
-----------------------


C25 N2 Ionization 15.60 eV
COMMENT: generated by bolsig_convert.py
-----------------------
1.000000000000000000e+00 0.000000000000000000e+00
1.151000000000000023e+00 0.000000000000000000e+00
1.326000000000000068e+00 0.000000000000000000e+00
1.526000000000000023e+00 0.000000000000000000e+00
1.758000000000000007e+00 0.000000000000000000e+00
2.024000000000000021e+00 0.000000000000000000e+00
2.330000000000000071e+00 0.000000000000000000e+00
2.682999999999999829e+00 0.000000000000000000e+00
3.088999999999999968e+00 0.000000000000000000e+00
3.556000000000000050e+00 0.000000000000000000e+00
4.094999999999999751e+00 0.000000000000000000e+00
4.714999999999999858e+00 0.000000000000000000e+00
5.429000000000000270e+00 0.000000000000000000e+00
6.251000000000000334e+00 0.000000000000000000e+00
7.197000000000000064e+00 0.000000000000000000e+00
8.285999999999999588e+00 0.000000000000000000e+00
9.541000000000000369e+00 0.000000000000000000e+00
1.099000000000000021e+01 0.000000000000000000e+00
1.265000000000000036e+01 0.000000000000000000e+00
1.456000000000000050e+01 0.000000000000000000e+00
1.676999999999999957e+01 0.000000000000000000e+00
1.930999999999999872e+01 0.000000000000000000e+00
2.223000000000000043e+01 0.000000000000000000e+00
2.560000000000000142e+01 0.000000000000000000e+00
2.946999999999999886e+01 1.247000000000000042e-27
3.392999999999999972e+01 4.479999999999999943e-26
3.907000000000000028e+01 1.427000000000000000e-24
4.497999999999999687e+01 2.349000000000000145e-23
5.178999999999999915e+01 2.761999999999999894e-22
5.964000000000000057e+01 2.386999999999999858e-21
6.865999999999999659e+01 1.577000000000000051e-20
7.906000000000000227e+01 8.221999999999999468e-20
9.103000000000000114e+01 3.470000000000000121e-19
1.047999999999999972e+02 1.220000000000000056e-18
1.207000000000000028e+02 3.659999999999999784e-18
1.389000000000000057e+02 9.620999999999999882e-18
1.600000000000000000e+02 2.266000000000000114e-17
1.841999999999999886e+02 4.869000000000000207e-17
2.120999999999999943e+02 9.694000000000000341e-17
2.441999999999999886e+02 1.810000000000000076e-16
2.811999999999999886e+02 3.196000000000000065e-16
3.236999999999999886e+02 5.379000000000000236e-16
3.728000000000000114e+02 8.676999999999999790e-16
4.291999999999999886e+02 1.348000000000000013e-15
4.941999999999999886e+02 2.022000000000000118e-15
5.690000000000000000e+02 2.944000000000000112e-15
6.551000000000000227e+02 4.167000000000000066e-15
7.542999999999999545e+02 5.754999999999999838e-15
8.685000000000000000e+02 7.770999999999999464e-15
1.000000000000000000e+03 1.027999999999999980e-14
-----------------------


C26 N2 Ionization 18.80 eV
COMMENT: generated by bolsig_convert.py
-----------------------
1.000000000000000000e+00 0.000000000000000000e+00
1.151000000000000023e+00 0.000000000000000000e+00
1.326000000000000068e+00 0.000000000000000000e+00
1.526000000000000023e+00 0.000000000000000000e+00
1.758000000000000007e+00 0.000000000000000000e+00
2.024000000000000021e+00 0.000000000000000000e+00
2.330000000000000071e+00 0.000000000000000000e+00
2.682999999999999829e+00 0.000000000000000000e+00
3.088999999999999968e+00 0.000000000000000000e+00
3.556000000000000050e+00 0.000000000000000000e+00
4.094999999999999751e+00 0.000000000000000000e+00
4.714999999999999858e+00 0.000000000000000000e+00
5.429000000000000270e+00 0.000000000000000000e+00
6.251000000000000334e+00 0.000000000000000000e+00
7.197000000000000064e+00 0.000000000000000000e+00
8.285999999999999588e+00 0.000000000000000000e+00
9.541000000000000369e+00 0.000000000000000000e+00
1.099000000000000021e+01 0.000000000000000000e+00
1.265000000000000036e+01 0.000000000000000000e+00
1.456000000000000050e+01 0.000000000000000000e+00
1.676999999999999957e+01 0.000000000000000000e+00
1.930999999999999872e+01 0.000000000000000000e+00
2.223000000000000043e+01 0.000000000000000000e+00
2.560000000000000142e+01 0.000000000000000000e+00
2.946999999999999886e+01 0.000000000000000000e+00
3.392999999999999972e+01 0.000000000000000000e+00
3.907000000000000028e+01 3.259999999999999935e-28
4.497999999999999687e+01 1.040999999999999951e-26
5.178999999999999915e+01 3.898999999999999981e-25
5.964000000000000057e+01 6.015999999999999864e-24
6.865999999999999659e+01 6.537999999999999782e-23
7.906000000000000227e+01 5.237000000000000432e-22
9.103000000000000114e+01 3.199000000000000092e-21
1.047999999999999972e+02 1.546999999999999958e-20
1.207000000000000028e+02 6.102000000000000108e-20
1.389000000000000057e+02 2.029999999999999983e-19
1.600000000000000000e+02 5.857999999999999952e-19
1.841999999999999886e+02 1.499000000000000074e-18
2.120999999999999943e+02 3.469000000000000184e-18
2.441999999999999886e+02 7.372000000000000524e-18
2.811999999999999886e+02 1.455999999999999956e-17
3.236999999999999886e+02 2.697000000000000055e-17
3.728000000000000114e+02 4.723999999999999823e-17
4.291999999999999886e+02 7.872999999999999938e-17
4.941999999999999886e+02 1.254999999999999932e-16
5.690000000000000000e+02 1.921000000000000055e-16
6.551000000000000227e+02 2.836000000000000132e-16
7.542999999999999545e+02 4.054999999999999824e-16
8.685000000000000000e+02 5.629999999999999779e-16
1.000000000000000000e+03 7.617000000000000315e-16
-----------------------


C27 O2 Attachment
COMMENT: generated by bolsig_convert.py
-----------------------
1.000000000000000000e+00 2.540999999999999934e-36
1.151000000000000023e+00 2.382999999999999897e-36
1.326000000000000068e+00 2.227999999999999838e-36
1.526000000000000023e+00 2.073999999999999882e-36
1.758000000000000007e+00 1.916999999999999949e-36
2.024000000000000021e+00 1.758000000000000143e-36
2.330000000000000071e+00 1.596000000000000025e-36
2.682999999999999829e+00 1.435000000000000011e-36
3.088999999999999968e+00 1.279999999999999951e-36
3.556000000000000050e+00 1.136000000000000032e-36
4.094999999999999751e+00 1.007000000000000000e-36
4.714999999999999858e+00 8.949000000000000187e-37
5.429000000000000270e+00 8.009999999999999899e-37
6.251000000000000334e+00 7.236999999999999642e-37
7.197000000000000064e+00 6.611999999999999888e-37
8.285999999999999588e+00 6.107999999999999669e-37
9.541000000000000369e+00 5.705999999999999853e-37
1.099000000000000021e+01 5.384999999999999594e-37
1.265000000000000036e+01 5.129000000000000238e-37
1.456000000000000050e+01 4.917000000000000107e-37
1.676999999999999957e+01 4.759999999999999840e-37
1.930999999999999872e+01 4.620000000000000336e-37
2.223000000000000043e+01 4.509999999999999771e-37
2.560000000000000142e+01 4.412000000000000285e-37
2.946999999999999886e+01 4.330000000000000289e-37
3.392999999999999972e+01 4.219999999999999724e-37
3.907000000000000028e+01 4.143000000000000248e-37
4.497999999999999687e+01 4.023999999999999918e-37
5.178999999999999915e+01 3.876999999999999854e-37
5.964000000000000057e+01 3.679000000000000007e-37
6.865999999999999659e+01 3.421999999999999796e-37
7.906000000000000227e+01 3.093999999999999812e-37
9.103000000000000114e+01 2.702000000000000199e-37
1.047999999999999972e+02 2.310000000000000168e-37
1.207000000000000028e+02 1.921999999999999800e-37
1.389000000000000057e+02 1.610999999999999954e-37
1.600000000000000000e+02 1.280999999999999930e-37
1.841999999999999886e+02 1.060000000000000033e-37
2.120999999999999943e+02 8.663999999999999825e-38
2.441999999999999886e+02 7.190999999999999752e-38
2.811999999999999886e+02 5.956999999999999524e-38
3.236999999999999886e+02 5.066000000000000420e-38
3.728000000000000114e+02 4.204000000000000026e-38
4.291999999999999886e+02 3.556000000000000013e-38
4.941999999999999886e+02 2.996999999999999929e-38
5.690000000000000000e+02 2.487000000000000006e-38
6.551000000000000227e+02 2.203000000000000029e-38
7.542999999999999545e+02 1.877999999999999950e-38
8.685000000000000000e+02 1.599999999999999887e-38
1.000000000000000000e+03 1.358999999999999897e-38
-----------------------


C28 O2 Attachment
COMMENT: generated by bolsig_convert.py
-----------------------
1.000000000000000000e+00 0.000000000000000000e+00
1.151000000000000023e+00 0.000000000000000000e+00
1.326000000000000068e+00 0.000000000000000000e+00
1.526000000000000023e+00 0.000000000000000000e+00
1.758000000000000007e+00 0.000000000000000000e+00
2.024000000000000021e+00 0.000000000000000000e+00
2.330000000000000071e+00 0.000000000000000000e+00
2.682999999999999829e+00 0.000000000000000000e+00
3.088999999999999968e+00 0.000000000000000000e+00
3.556000000000000050e+00 0.000000000000000000e+00
4.094999999999999751e+00 0.000000000000000000e+00
4.714999999999999858e+00 0.000000000000000000e+00
5.429000000000000270e+00 0.000000000000000000e+00
6.251000000000000334e+00 0.000000000000000000e+00
7.197000000000000064e+00 0.000000000000000000e+00
8.285999999999999588e+00 0.000000000000000000e+00
9.541000000000000369e+00 0.000000000000000000e+00
1.099000000000000021e+01 0.000000000000000000e+00
1.265000000000000036e+01 0.000000000000000000e+00
1.456000000000000050e+01 1.294000000000000010e-25
1.676999999999999957e+01 2.623000000000000104e-24
1.930999999999999872e+01 3.569000000000000070e-23
2.223000000000000043e+01 3.369000000000000225e-22
2.560000000000000142e+01 2.315999999999999878e-21
2.946999999999999886e+01 1.232000000000000034e-20
3.392999999999999972e+01 5.176000000000000182e-20
3.907000000000000028e+01 1.789999999999999961e-19
4.497999999999999687e+01 5.196000000000000124e-19
5.178999999999999915e+01 1.297999999999999950e-18
5.964000000000000057e+01 2.820999999999999857e-18
6.865999999999999659e+01 5.406999999999999810e-18
7.906000000000000227e+01 9.230999999999999646e-18
9.103000000000000114e+01 1.418000000000000004e-17
1.047999999999999972e+02 1.986999999999999981e-17
1.207000000000000028e+02 2.566000000000000059e-17
1.389000000000000057e+02 3.108999999999999712e-17
1.600000000000000000e+02 3.576000000000000077e-17
1.841999999999999886e+02 3.950000000000000090e-17
2.120999999999999943e+02 4.227999999999999997e-17
2.441999999999999886e+02 4.417999999999999757e-17
2.811999999999999886e+02 4.527000000000000024e-17
3.236999999999999886e+02 4.571000000000000098e-17
3.728000000000000114e+02 4.561000000000000306e-17
4.291999999999999886e+02 4.506999999999999822e-17
4.941999999999999886e+02 4.420000000000000208e-17
5.690000000000000000e+02 4.309000000000000106e-17
6.551000000000000227e+02 4.183000000000000006e-17
7.542999999999999545e+02 4.049999999999999866e-17
8.685000000000000000e+02 3.916999999999999726e-17
1.000000000000000000e+03 3.791000000000000243e-17
-----------------------


C43 O2 Ionization 12.06 eV
COMMENT: generated by bolsig_convert.py
-----------------------
1.000000000000000000e+00 0.000000000000000000e+00
1.151000000000000023e+00 0.000000000000000000e+00
1.326000000000000068e+00 0.000000000000000000e+00
1.526000000000000023e+00 0.000000000000000000e+00
1.758000000000000007e+00 0.000000000000000000e+00
2.024000000000000021e+00 0.000000000000000000e+00
2.330000000000000071e+00 0.000000000000000000e+00
2.682999999999999829e+00 0.000000000000000000e+00
3.088999999999999968e+00 0.000000000000000000e+00
3.556000000000000050e+00 0.000000000000000000e+00
4.094999999999999751e+00 0.000000000000000000e+00
4.714999999999999858e+00 0.000000000000000000e+00
5.429000000000000270e+00 0.000000000000000000e+00
6.251000000000000334e+00 0.000000000000000000e+00
7.197000000000000064e+00 0.000000000000000000e+00
8.285999999999999588e+00 0.000000000000000000e+00
9.541000000000000369e+00 0.000000000000000000e+00
1.099000000000000021e+01 0.000000000000000000e+00
1.265000000000000036e+01 0.000000000000000000e+00
1.456000000000000050e+01 0.000000000000000000e+00
1.676999999999999957e+01 0.000000000000000000e+00
1.930999999999999872e+01 0.000000000000000000e+00
2.223000000000000043e+01 5.404000000000000024e-27
2.560000000000000142e+01 1.596000000000000073e-25
2.946999999999999886e+01 3.159999999999999869e-24
3.392999999999999972e+01 4.216000000000000112e-23
3.907000000000000028e+01 4.107999999999999977e-22
4.497999999999999687e+01 3.029999999999999929e-21
5.178999999999999915e+01 1.764999999999999913e-20
5.964000000000000057e+01 8.301999999999999716e-20
6.865999999999999659e+01 3.236000000000000057e-19
7.906000000000000227e+01 1.065999999999999951e-18
9.103000000000000114e+01 3.025000000000000082e-18
1.047999999999999972e+02 7.536000000000000576e-18
1.207000000000000028e+02 1.677999999999999853e-17
1.389000000000000057e+02 3.412000000000000025e-17
1.600000000000000000e+02 6.443000000000000614e-17
1.841999999999999886e+02 1.145000000000000117e-16
2.120999999999999943e+02 1.937999999999999888e-16
2.441999999999999886e+02 3.153000000000000155e-16
2.811999999999999886e+02 4.954999999999999657e-16
3.236999999999999886e+02 7.564999999999999667e-16
3.728000000000000114e+02 1.125999999999999956e-15
4.291999999999999886e+02 1.637999999999999992e-15
4.941999999999999886e+02 2.336000000000000093e-15
5.690000000000000000e+02 3.267999999999999855e-15
6.551000000000000227e+02 4.493000000000000236e-15
7.542999999999999545e+02 6.079000000000000369e-15
8.685000000000000000e+02 8.101999999999999518e-15
1.000000000000000000e+03 1.065000000000000069e-14
-----------------------
