# Generated at STP using the analytical form for electron drif velocity and diffusion coefficients from Dutton and effective ionization coefficents from Hartmann!

efield[V/m]_vs_mu[m2/Vs]
-----------------------
 5.0000000e+04  1.4396215e-01
 5.0660749e+04  1.4347159e-01
 5.1330229e+04  1.4298270e-01
 5.2008557e+04  1.4249548e-01
 5.2695848e+04  1.4200992e-01
 5.3392223e+04  1.4152601e-01
 5.4097800e+04  1.4104375e-01
 5.4812700e+04  1.4056313e-01
 5.5537049e+04  1.4008415e-01
 5.6270970e+04  1.3960681e-01
 5.7014589e+04  1.3913109e-01
 5.7768035e+04  1.3865699e-01
 5.8531438e+04  1.3818450e-01
 5.9304930e+04  1.3771363e-01
 6.0088643e+04  1.3724436e-01
 6.0882713e+04  1.3677669e-01
 6.1687276e+04  1.3631062e-01
 6.2502472e+04  1.3584613e-01
 6.3328440e+04  1.3538322e-01
 6.4165324e+04  1.3492190e-01
 6.5013267e+04  1.3446214e-01
 6.5872416e+04  1.3400395e-01
 6.6742918e+04  1.3354732e-01
 6.7624924e+04  1.3309225e-01
 6.8518585e+04  1.3263873e-01
 6.9424057e+04  1.3218675e-01
 7.0341494e+04  1.3173632e-01
 7.1271055e+04  1.3128742e-01
 7.2212900e+04  1.3084005e-01
 7.3167191e+04  1.3039420e-01
 7.4134094e+04  1.2994987e-01
 7.5113774e+04  1.2950706e-01
 7.6106400e+04  1.2906576e-01
 7.7112144e+04  1.2862596e-01
 7.8131179e+04  1.2818765e-01
 7.9163681e+04  1.2775085e-01
 8.0209827e+04  1.2731553e-01
 8.1269798e+04  1.2688169e-01
 8.2343776e+04  1.2644933e-01
 8.3431947e+04  1.2601845e-01
 8.4534498e+04  1.2558903e-01
 8.5651619e+04  1.2516108e-01
 8.6783503e+04  1.2473458e-01
 8.7930344e+04  1.2430954e-01
 8.9092341e+04  1.2388595e-01
 9.0269694e+04  1.2346380e-01
 9.1462606e+04  1.2304308e-01
 9.2671282e+04  1.2262381e-01
 9.3895930e+04  1.2220596e-01
 9.5136763e+04  1.2178953e-01
 9.6393992e+04  1.2137453e-01
 9.7667837e+04  1.2096093e-01
 9.8958514e+04  1.2054875e-01
 1.0026625e+05  1.2013797e-01
 1.0159126e+05  1.1972859e-01
 1.0293379e+05  1.1932061e-01
 1.0429406e+05  1.1891402e-01
 1.0567230e+05  1.1850881e-01
 1.0706876e+05  1.1810498e-01
 1.0848367e+05  1.1770253e-01
 1.0991728e+05  1.1730145e-01
 1.1136983e+05  1.1690174e-01
 1.1284158e+05  1.1650339e-01
 1.1433278e+05  1.1610639e-01
 1.1584368e+05  1.1571075e-01
 1.1737455e+05  1.1531646e-01
 1.1892566e+05  1.1492351e-01
 1.2049726e+05  1.1453190e-01
 1.2208962e+05  1.1414163e-01
 1.2370303e+05  1.1375268e-01
 1.2533777e+05  1.1336506e-01
 1.2699410e+05  1.1297876e-01
 1.2867233e+05  1.1259378e-01
 1.3037273e+05  1.1221011e-01
 1.3209560e+05  1.1182774e-01
 1.3384124e+05  1.1144668e-01
 1.3560995e+05  1.1106692e-01
 1.3740203e+05  1.1068845e-01
 1.3921779e+05  1.1031127e-01
 1.4105755e+05  1.0993538e-01
 1.4292163e+05  1.0956077e-01
 1.4481033e+05  1.0918743e-01
 1.4672400e+05  1.0881537e-01
 1.4866295e+05  1.0844457e-01
 1.5062753e+05  1.0807504e-01
 1.5261807e+05  1.0770677e-01
 1.5463491e+05  1.0733975e-01
 1.5667840e+05  1.0697398e-01
 1.5874891e+05  1.0660946e-01
 1.6084677e+05  1.0624618e-01
 1.6297235e+05  1.0588414e-01
 1.6512603e+05  1.0552333e-01
 1.6730817e+05  1.0516375e-01
 1.6951914e+05  1.0480540e-01
 1.7175933e+05  1.0444827e-01
 1.7402912e+05  1.0409235e-01
 1.7632891e+05  1.0373765e-01
 1.7865910e+05  1.0338416e-01
 1.8102007e+05  1.0303187e-01
 1.8341225e+05  1.0268078e-01
 1.8583604e+05  1.0233089e-01
 1.8829185e+05  1.0198219e-01
 1.9078013e+05  1.0163468e-01
 1.9330128e+05  1.0128835e-01
 1.9585575e+05  1.0094321e-01
 1.9844398e+05  1.0059923e-01
 2.0106641e+05  1.0025644e-01
 2.0372350e+05  9.9914805e-02
 2.0641570e+05  9.9574338e-02
 2.0914348e+05  9.9235031e-02
 2.1190730e+05  9.8896881e-02
 2.1470765e+05  9.8559883e-02
 2.1754501e+05  9.8224034e-02
 2.2041986e+05  9.7889328e-02
 2.2333270e+05  9.7555764e-02
 2.2628404e+05  9.7223336e-02
 2.2927438e+05  9.6892040e-02
 2.3230423e+05  9.6561874e-02
 2.3537413e+05  9.6232833e-02
 2.3848459e+05  9.5904913e-02
 2.4163616e+05  9.5578110e-02
 2.4482937e+05  9.5252421e-02
 2.4806478e+05  9.4927842e-02
 2.5134295e+05  9.4604368e-02
 2.5466444e+05  9.4281997e-02
 2.5802983e+05  9.3960725e-02
 2.6143969e+05  9.3640547e-02
 2.6489460e+05  9.3321461e-02
 2.6839518e+05  9.3003461e-02
 2.7194202e+05  9.2686545e-02
 2.7553572e+05  9.2370710e-02
 2.7917692e+05  9.2055950e-02
 2.8286623e+05  9.1742263e-02
 2.8660430e+05  9.1429645e-02
 2.9039177e+05  9.1118092e-02
 2.9422929e+05  9.0807601e-02
 2.9811752e+05  9.0498167e-02
 3.0205714e+05  9.0189789e-02
 3.0604882e+05  8.9882461e-02
 3.1009324e+05  8.9576180e-02
 3.1419112e+05  8.9270943e-02
 3.1834315e+05  8.8966746e-02
 3.2255004e+05  8.8663585e-02
 3.2681253e+05  8.8361458e-02
 3.3113135e+05  8.8060360e-02
 3.3550724e+05  8.7760289e-02
 3.3994096e+05  8.7461239e-02
 3.4443327e+05  8.7163209e-02
 3.4898495e+05  8.6866194e-02
 3.5359678e+05  8.6570192e-02
 3.5826955e+05  8.6275198e-02
 3.6300407e+05  8.5981209e-02
 3.6780116e+05  8.5688222e-02
 3.7266164e+05  8.5396233e-02
 3.7758636e+05  8.5105240e-02
 3.8257615e+05  8.4815238e-02
 3.8763188e+05  8.4526224e-02
 3.9275443e+05  8.4238195e-02
 3.9794467e+05  8.3951148e-02
 4.0320350e+05  8.3665078e-02
 4.0853182e+05  8.3379984e-02
 4.1393056e+05  8.3095860e-02
 4.1940064e+05  8.2812706e-02
 4.2494301e+05  8.2530515e-02
 4.3055862e+05  8.2249287e-02
 4.3624844e+05  8.1969017e-02
 4.4201345e+05  8.1689702e-02
 4.4785465e+05  8.1411338e-02
 4.5377303e+05  8.1133924e-02
 4.5976963e+05  8.0857454e-02
 4.6584548e+05  8.0581927e-02
 4.7200161e+05  8.0307338e-02
 4.7823910e+05  8.0033685e-02
 4.8455902e+05  7.9760965e-02
 4.9096245e+05  7.9489174e-02
 4.9745051e+05  7.9218309e-02
 5.0402430e+05  7.8948367e-02
 5.1068497e+05  7.8679345e-02
 5.1743366e+05  7.8411240e-02
 5.2427153e+05  7.8144048e-02
 5.3119977e+05  7.7877767e-02
 5.3821956e+05  7.7612393e-02
 5.4533211e+05  7.7347923e-02
 5.5253866e+05  7.7084355e-02
 5.5984045e+05  7.6821684e-02
 5.6723872e+05  7.6559909e-02
 5.7473477e+05  7.6299026e-02
 5.8232987e+05  7.6039032e-02
 5.9002535e+05  7.5779923e-02
 5.9782252e+05  7.5521698e-02
 6.0572272e+05  7.5264353e-02
 6.1372733e+05  7.5007884e-02
 6.2183772e+05  7.4752290e-02
 6.3005529e+05  7.4497566e-02
 6.3838146e+05  7.4243710e-02
 6.4681765e+05  7.3990720e-02
 6.5536533e+05  7.3738591e-02
 6.6402597e+05  7.3487322e-02
 6.7280105e+05  7.3236909e-02
 6.8169210e+05  7.2987349e-02
 6.9070064e+05  7.2738639e-02
 6.9982823e+05  7.2490777e-02
 7.0907644e+05  7.2243760e-02
 7.1844687e+05  7.1997584e-02
 7.2794113e+05  7.1752248e-02
 7.3756085e+05  7.1507747e-02
 7.4730770e+05  7.1264079e-02
 7.5718335e+05  7.1021242e-02
 7.6718951e+05  7.0779232e-02
 7.7732790e+05  7.0538047e-02
 7.8760026e+05  7.0297684e-02
 7.9800838e+05  7.0058139e-02
 8.0855404e+05  6.9819411e-02
 8.1923906e+05  6.9581497e-02
 8.3006528e+05  6.9344393e-02
 8.4103457e+05  6.9108097e-02
 8.5214882e+05  6.8872607e-02
 8.6340995e+05  6.8637918e-02
 8.7481989e+05  6.8404030e-02
 8.8638061e+05  6.8170938e-02
 8.9809410e+05  6.7938641e-02
 9.0996239e+05  6.7707136e-02
 9.2198752e+05  6.7476419e-02
 9.3417156e+05  6.7246488e-02
 9.4651662e+05  6.7017341e-02
 9.5902481e+05  6.6788975e-02
 9.7169830e+05  6.6561387e-02
 9.8453926e+05  6.6334574e-02
 9.9754992e+05  6.6108535e-02
 1.0107325e+06  6.5883265e-02
 1.0240893e+06  6.5658763e-02
 1.0376226e+06  6.5435026e-02
 1.0513348e+06  6.5212052e-02
 1.0652282e+06  6.4989837e-02
 1.0793051e+06  6.4768380e-02
 1.0935681e+06  6.4547677e-02
 1.1080196e+06  6.4327727e-02
 1.1226620e+06  6.4108525e-02
 1.1374980e+06  6.3890071e-02
 1.1525300e+06  6.3672361e-02
 1.1677606e+06  6.3455393e-02
 1.1831926e+06  6.3239165e-02
 1.1988284e+06  6.3023673e-02
 1.2146709e+06  6.2808915e-02
 1.2307227e+06  6.2594889e-02
 1.2469867e+06  6.2381593e-02
 1.2634656e+06  6.2169023e-02
 1.2801623e+06  6.1957178e-02
 1.2970796e+06  6.1746055e-02
 1.3142205e+06  6.1535651e-02
 1.3315879e+06  6.1325964e-02
 1.3491847e+06  6.1116991e-02
 1.3670142e+06  6.0908731e-02
 1.3850792e+06  6.0701180e-02
 1.4033830e+06  6.0494337e-02
 1.4219287e+06  6.0288198e-02
 1.4407195e+06  6.0082762e-02
 1.4597585e+06  5.9878026e-02
 1.4790492e+06  5.9673987e-02
 1.4985948e+06  5.9470644e-02
 1.5183987e+06  5.9267993e-02
 1.5384643e+06  5.9066034e-02
 1.5587950e+06  5.8864762e-02
 1.5793945e+06  5.8664176e-02
 1.6002661e+06  5.8464274e-02
 1.6214136e+06  5.8265053e-02
 1.6428405e+06  5.8066511e-02
 1.6645506e+06  5.7868645e-02
 1.6865476e+06  5.7671454e-02
 1.7088353e+06  5.7474934e-02
 1.7314175e+06  5.7279084e-02
 1.7542982e+06  5.7083902e-02
 1.7774812e+06  5.6889384e-02
 1.8009705e+06  5.6695530e-02
 1.8247703e+06  5.6502336e-02
 1.8488846e+06  5.6309800e-02
 1.8733176e+06  5.6117921e-02
 1.8980734e+06  5.5926695e-02
 1.9231564e+06  5.5736121e-02
 1.9485709e+06  5.5546196e-02
 1.9743212e+06  5.5356919e-02
 2.0004118e+06  5.5168286e-02
 2.0268472e+06  5.4980296e-02
 2.0536319e+06  5.4792947e-02
 2.0807706e+06  5.4606236e-02
 2.1082679e+06  5.4420162e-02
 2.1361286e+06  5.4234721e-02
 2.1643575e+06  5.4049913e-02
 2.1929594e+06  5.3865734e-02
 2.2219393e+06  5.3682183e-02
 2.2513022e+06  5.3499257e-02
 2.2810531e+06  5.3316954e-02
 2.3111972e+06  5.3135273e-02
 2.3417396e+06  5.2954211e-02
 2.3726856e+06  5.2773766e-02
 2.4040406e+06  5.2593936e-02
 2.4358099e+06  5.2414718e-02
 2.4679991e+06  5.2236111e-02
 2.5006136e+06  5.2058113e-02
 2.5336591e+06  5.1880722e-02
 2.5671414e+06  5.1703934e-02
 2.6010661e+06  5.1527750e-02
 2.6354391e+06  5.1352165e-02
 2.6702664e+06  5.1177179e-02
 2.7055539e+06  5.1002789e-02
 2.7413077e+06  5.0828994e-02
 2.7775340e+06  5.0655790e-02
 2.8142390e+06  5.0483177e-02
 2.8514291e+06  5.0311152e-02
 2.8891107e+06  5.0139714e-02
 2.9272902e+06  4.9968859e-02
 2.9659743e+06  4.9798587e-02
 3.0051695e+06  4.9628895e-02
 3.0448828e+06  4.9459781e-02
 3.0851208e+06  4.9291243e-02
 3.1258906e+06  4.9123280e-02
 3.1671992e+06  4.8955889e-02
 3.2090536e+06  4.8789068e-02
 3.2514612e+06  4.8622816e-02
 3.2944292e+06  4.8457130e-02
 3.3379650e+06  4.8292009e-02
 3.3820761e+06  4.8127451e-02
 3.4267701e+06  4.7963453e-02
 3.4720548e+06  4.7800014e-02
 3.5179379e+06  4.7637133e-02
 3.5644274e+06  4.7474806e-02
 3.6115312e+06  4.7313032e-02
 3.6592575e+06  4.7151810e-02
 3.7076145e+06  4.6991136e-02
 3.7566105e+06  4.6831011e-02
 3.8062540e+06  4.6671431e-02
 3.8565535e+06  4.6512395e-02
 3.9075178e+06  4.6353901e-02
 3.9591555e+06  4.6195946e-02
 4.0114757e+06  4.6038531e-02
 4.0644872e+06  4.5881651e-02
 4.1181993e+06  4.5725306e-02
 4.1726212e+06  4.5569494e-02
 4.2277623e+06  4.5414213e-02
 4.2836321e+06  4.5259461e-02
 4.3402401e+06  4.5105236e-02
 4.3975963e+06  4.4951537e-02
 4.4557104e+06  4.4798361e-02
 4.5145925e+06  4.4645708e-02
 4.5742527e+06  4.4493574e-02
 4.6347014e+06  4.4341959e-02
 4.6959488e+06  4.4190861e-02
 4.7580057e+06  4.4040278e-02
 4.8208826e+06  4.3890207e-02
 4.8845904e+06  4.3740648e-02
 4.9491401e+06  4.3591599e-02
 5.0145429e+06  4.3443058e-02
 5.0808100e+06  4.3295022e-02
 5.1479527e+06  4.3147492e-02
 5.2159828e+06  4.3000464e-02
 5.2849119e+06  4.2853937e-02
 5.3547518e+06  4.2707909e-02
 5.4255147e+06  4.2562379e-02
 5.4972128e+06  4.2417344e-02
 5.5698583e+06  4.2272804e-02
 5.6434638e+06  4.2128757e-02
 5.7180420e+06  4.1985200e-02
 5.7936058e+06  4.1842133e-02
 5.8701682e+06  4.1699553e-02
 5.9477423e+06  4.1557458e-02
 6.0263415e+06  4.1415849e-02
 6.1059795e+06  4.1274721e-02
 6.1866698e+06  4.1134075e-02
 6.2684265e+06  4.0993907e-02
 6.3512636e+06  4.0854218e-02
 6.4351954e+06  4.0715004e-02
 6.5202363e+06  4.0576265e-02
 6.6064011e+06  4.0437999e-02
 6.6937045e+06  4.0300203e-02
 6.7821616e+06  4.0162878e-02
 6.8717877e+06  4.0026020e-02
 6.9625982e+06  3.9889628e-02
 7.0546087e+06  3.9753702e-02
 7.1478352e+06  3.9618238e-02
 7.2422937e+06  3.9483236e-02
 7.3380004e+06  3.9348694e-02
 7.4349719e+06  3.9214611e-02
 7.5332248e+06  3.9080984e-02
 7.6327762e+06  3.8947813e-02
 7.7336431e+06  3.8815096e-02
 7.8358430e+06  3.8682831e-02
 7.9393935e+06  3.8551016e-02
 8.0443123e+06  3.8419651e-02
 8.1506177e+06  3.8288733e-02
 8.2583279e+06  3.8158262e-02
 8.3674615e+06  3.8028235e-02
 8.4780373e+06  3.7898651e-02
 8.5900743e+06  3.7769509e-02
 8.7035919e+06  3.7640807e-02
 8.8186097e+06  3.7512543e-02
 8.9351474e+06  3.7384716e-02
 9.0532251e+06  3.7257325e-02
 9.1728632e+06  3.7130368e-02
 9.2940824e+06  3.7003844e-02
 9.4169034e+06  3.6877751e-02
 9.5413476e+06  3.6752087e-02
 9.6674362e+06  3.6626852e-02
 9.7951911e+06  3.6502044e-02
 9.9246343e+06  3.6377660e-02
 1.0055788e+07  3.6253701e-02
 1.0188675e+07  3.6130164e-02
 1.0323318e+07  3.6007048e-02
 1.0459741e+07  3.5884351e-02
 1.0597966e+07  3.5762073e-02
 1.0738018e+07  3.5640211e-02
 1.0879920e+07  3.5518765e-02
 1.1023698e+07  3.5397732e-02
 1.1169376e+07  3.5277112e-02
 1.1316979e+07  3.5156903e-02
 1.1466532e+07  3.5037103e-02
 1.1618062e+07  3.4917712e-02
 1.1771595e+07  3.4798727e-02
 1.1927156e+07  3.4680148e-02
 1.2084773e+07  3.4561973e-02
 1.2244473e+07  3.4444201e-02
 1.2406284e+07  3.4326830e-02
 1.2570232e+07  3.4209859e-02
 1.2736348e+07  3.4093286e-02
 1.2904658e+07  3.3977111e-02
 1.3075193e+07  3.3861331e-02
 1.3247981e+07  3.3745947e-02
 1.3423053e+07  3.3630955e-02
 1.3600438e+07  3.3516355e-02
 1.3780167e+07  3.3402146e-02
 1.3962272e+07  3.3288326e-02
 1.4146783e+07  3.3174893e-02
 1.4333732e+07  3.3061848e-02
 1.4523152e+07  3.2949187e-02
 1.4715075e+07  3.2836910e-02
 1.4909535e+07  3.2725016e-02
 1.5106564e+07  3.2613504e-02
 1.5306197e+07  3.2502371e-02
 1.5508468e+07  3.2391617e-02
 1.5713412e+07  3.2281240e-02
 1.5921064e+07  3.2171239e-02
 1.6131460e+07  3.2061614e-02
 1.6344637e+07  3.1952362e-02
 1.6560631e+07  3.1843482e-02
 1.6779479e+07  3.1734973e-02
 1.7001220e+07  3.1626834e-02
 1.7225891e+07  3.1519063e-02
 1.7453530e+07  3.1411660e-02
 1.7684178e+07  3.1304622e-02
 1.7917874e+07  3.1197950e-02
 1.8154658e+07  3.1091640e-02
 1.8394572e+07  3.0985693e-02
 1.8637655e+07  3.0880108e-02
 1.8883952e+07  3.0774881e-02
 1.9133503e+07  3.0670014e-02
 1.9386351e+07  3.0565504e-02
 1.9642541e+07  3.0461350e-02
 1.9902117e+07  3.0357550e-02
 2.0165123e+07  3.0254105e-02
 2.0431605e+07  3.0151012e-02
 2.0701608e+07  3.0048270e-02
 2.0975179e+07  2.9945879e-02
 2.1252365e+07  2.9843836e-02
 2.1533215e+07  2.9742141e-02
 2.1817776e+07  2.9640793e-02
 2.2106097e+07  2.9539790e-02
 2.2398228e+07  2.9439131e-02
 2.2694220e+07  2.9338815e-02
 2.2994124e+07  2.9238841e-02
 2.3297991e+07  2.9139207e-02
 2.3605873e+07  2.9039914e-02
 2.3917824e+07  2.8940958e-02
 2.4233897e+07  2.8842340e-02
 2.4554148e+07  2.8744057e-02
 2.4878630e+07  2.8646110e-02
 2.5207401e+07  2.8548496e-02
 2.5540516e+07  2.8451215e-02
 2.5878033e+07  2.8354266e-02
 2.6220010e+07  2.8257647e-02
 2.6566507e+07  2.8161357e-02
 2.6917583e+07  2.8065395e-02
 2.7273298e+07  2.7969760e-02
 2.7633714e+07  2.7874451e-02
 2.7998893e+07  2.7779467e-02
 2.8368897e+07  2.7684807e-02
 2.8743792e+07  2.7590469e-02
 2.9123640e+07  2.7496452e-02
 2.9508508e+07  2.7402756e-02
 2.9898462e+07  2.7309380e-02
 3.0293570e+07  2.7216321e-02
 3.0693898e+07  2.7123580e-02
 3.1099517e+07  2.7031154e-02
 3.1510497e+07  2.6939043e-02
 3.1926907e+07  2.6847247e-02
 3.2348820e+07  2.6755763e-02
 3.2776309e+07  2.6664591e-02
 3.3209447e+07  2.6573729e-02
 3.3648309e+07  2.6483178e-02
 3.4092971e+07  2.6392934e-02
 3.4543508e+07  2.6302999e-02
 3.5000000e+07  2.6213369e-02
-----------------------

efield[V/m]_vs_dif[m2/s]
-----------------------
 5.0000000e+04  4.7155732e-02
 5.0660749e+04  4.7292126e-02
 5.1330229e+04  4.7428915e-02
 5.2008557e+04  4.7566100e-02
 5.2695848e+04  4.7703681e-02
 5.3392223e+04  4.7841661e-02
 5.4097800e+04  4.7980039e-02
 5.4812700e+04  4.8118818e-02
 5.5537049e+04  4.8257998e-02
 5.6270970e+04  4.8397581e-02
 5.7014589e+04  4.8537567e-02
 5.7768035e+04  4.8677959e-02
 5.8531438e+04  4.8818756e-02
 5.9304930e+04  4.8959961e-02
 6.0088643e+04  4.9101574e-02
 6.0882713e+04  4.9243597e-02
 6.1687276e+04  4.9386030e-02
 6.2502472e+04  4.9528876e-02
 6.3328440e+04  4.9672134e-02
 6.4165324e+04  4.9815807e-02
 6.5013267e+04  4.9959896e-02
 6.5872416e+04  5.0104401e-02
 6.6742918e+04  5.0249324e-02
 6.7624924e+04  5.0394667e-02
 6.8518585e+04  5.0540430e-02
 6.9424057e+04  5.0686614e-02
 7.0341494e+04  5.0833222e-02
 7.1271055e+04  5.0980253e-02
 7.2212900e+04  5.1127710e-02
 7.3167191e+04  5.1275593e-02
 7.4134094e+04  5.1423904e-02
 7.5113774e+04  5.1572644e-02
 7.6106400e+04  5.1721814e-02
 7.7112144e+04  5.1871415e-02
 7.8131179e+04  5.2021450e-02
 7.9163681e+04  5.2171918e-02
 8.0209827e+04  5.2322821e-02
 8.1269798e+04  5.2474161e-02
 8.2343776e+04  5.2625939e-02
 8.3431947e+04  5.2778156e-02
 8.4534498e+04  5.2930812e-02
 8.5651619e+04  5.3083911e-02
 8.6783503e+04  5.3237452e-02
 8.7930344e+04  5.3391438e-02
 8.9092341e+04  5.3545869e-02
 9.0269694e+04  5.3700746e-02
 9.1462606e+04  5.3856072e-02
 9.2671282e+04  5.4011846e-02
 9.3895930e+04  5.4168072e-02
 9.5136763e+04  5.4324749e-02
 9.6393992e+04  5.4481879e-02
 9.7667837e+04  5.4639464e-02
 9.8958514e+04  5.4797505e-02
 1.0026625e+05  5.4956002e-02
 1.0159126e+05  5.5114959e-02
 1.0293379e+05  5.5274375e-02
 1.0429406e+05  5.5434252e-02
 1.0567230e+05  5.5594591e-02
 1.0706876e+05  5.5755395e-02
 1.0848367e+05  5.5916663e-02
 1.0991728e+05  5.6078398e-02
 1.1136983e+05  5.6240600e-02
 1.1284158e+05  5.6403272e-02
 1.1433278e+05  5.6566415e-02
 1.1584368e+05  5.6730029e-02
 1.1737455e+05  5.6894116e-02
 1.1892566e+05  5.7058678e-02
 1.2049726e+05  5.7223716e-02
 1.2208962e+05  5.7389232e-02
 1.2370303e+05  5.7555226e-02
 1.2533777e+05  5.7721700e-02
 1.2699410e+05  5.7888656e-02
 1.2867233e+05  5.8056095e-02
 1.3037273e+05  5.8224018e-02
 1.3209560e+05  5.8392427e-02
 1.3384124e+05  5.8561322e-02
 1.3560995e+05  5.8730707e-02
 1.3740203e+05  5.8900581e-02
 1.3921779e+05  5.9070947e-02
 1.4105755e+05  5.9241805e-02
 1.4292163e+05  5.9413158e-02
 1.4481033e+05  5.9585006e-02
 1.4672400e+05  5.9757351e-02
 1.4866295e+05  5.9930195e-02
 1.5062753e+05  6.0103539e-02
 1.5261807e+05  6.0277384e-02
 1.5463491e+05  6.0451732e-02
 1.5667840e+05  6.0626584e-02
 1.5874891e+05  6.0801942e-02
 1.6084677e+05  6.0977807e-02
 1.6297235e+05  6.1154181e-02
 1.6512603e+05  6.1331065e-02
 1.6730817e+05  6.1508460e-02
 1.6951914e+05  6.1686369e-02
 1.7175933e+05  6.1864792e-02
 1.7402912e+05  6.2043732e-02
 1.7632891e+05  6.2223189e-02
 1.7865910e+05  6.2403165e-02
 1.8102007e+05  6.2583661e-02
 1.8341225e+05  6.2764680e-02
 1.8583604e+05  6.2946222e-02
 1.8829185e+05  6.3128290e-02
 1.9078013e+05  6.3310884e-02
 1.9330128e+05  6.3494006e-02
 1.9585575e+05  6.3677657e-02
 1.9844398e+05  6.3861840e-02
 2.0106641e+05  6.4046556e-02
 2.0372350e+05  6.4231806e-02
 2.0641570e+05  6.4417592e-02
 2.0914348e+05  6.4603915e-02
 2.1190730e+05  6.4790777e-02
 2.1470765e+05  6.4978180e-02
 2.1754501e+05  6.5166124e-02
 2.2041986e+05  6.5354613e-02
 2.2333270e+05  6.5543646e-02
 2.2628404e+05  6.5733226e-02
 2.2927438e+05  6.5923355e-02
 2.3230423e+05  6.6114033e-02
 2.3537413e+05  6.6305263e-02
 2.3848459e+05  6.6497046e-02
 2.4163616e+05  6.6689384e-02
 2.4482937e+05  6.6882278e-02
 2.4806478e+05  6.7075731e-02
 2.5134295e+05  6.7269742e-02
 2.5466444e+05  6.7464315e-02
 2.5802983e+05  6.7659451e-02
 2.6143969e+05  6.7855151e-02
 2.6489460e+05  6.8051417e-02
 2.6839518e+05  6.8248250e-02
 2.7194202e+05  6.8445653e-02
 2.7553572e+05  6.8643628e-02
 2.7917692e+05  6.8842174e-02
 2.8286623e+05  6.9041295e-02
 2.8660430e+05  6.9240992e-02
 2.9039177e+05  6.9441267e-02
 2.9422929e+05  6.9642120e-02
 2.9811752e+05  6.9843555e-02
 3.0205714e+05  7.0045572e-02
 3.0604882e+05  7.0248174e-02
 3.1009324e+05  7.0451362e-02
 3.1419112e+05  7.0655137e-02
 3.1834315e+05  7.0859502e-02
 3.2255004e+05  7.1064458e-02
 3.2681253e+05  7.1270007e-02
 3.3113135e+05  7.1476150e-02
 3.3550724e+05  7.1682890e-02
 3.3994096e+05  7.1890227e-02
 3.4443327e+05  7.2098164e-02
 3.4898495e+05  7.2306703e-02
 3.5359678e+05  7.2515845e-02
 3.5826955e+05  7.2725592e-02
 3.6300407e+05  7.2935945e-02
 3.6780116e+05  7.3146907e-02
 3.7266164e+05  7.3358479e-02
 3.7758636e+05  7.3570663e-02
 3.8257615e+05  7.3783461e-02
 3.8763188e+05  7.3996874e-02
 3.9275443e+05  7.4210905e-02
 3.9794467e+05  7.4425554e-02
 4.0320350e+05  7.4640825e-02
 4.0853182e+05  7.4856718e-02
 4.1393056e+05  7.5073235e-02
 4.1940064e+05  7.5290379e-02
 4.2494301e+05  7.5508151e-02
 4.3055862e+05  7.5726553e-02
 4.3624844e+05  7.5945587e-02
 4.4201345e+05  7.6165254e-02
 4.4785465e+05  7.6385556e-02
 4.5377303e+05  7.6606496e-02
 4.5976963e+05  7.6828074e-02
 4.6584548e+05  7.7050294e-02
 4.7200161e+05  7.7273156e-02
 4.7823910e+05  7.7496663e-02
 4.8455902e+05  7.7720817e-02
 4.9096245e+05  7.7945618e-02
 4.9745051e+05  7.8171070e-02
 5.0402430e+05  7.8397175e-02
 5.1068497e+05  7.8623933e-02
 5.1743366e+05  7.8851347e-02
 5.2427153e+05  7.9079418e-02
 5.3119977e+05  7.9308150e-02
 5.3821956e+05  7.9537543e-02
 5.4533211e+05  7.9767599e-02
 5.5253866e+05  7.9998321e-02
 5.5984045e+05  8.0229711e-02
 5.6723872e+05  8.0461769e-02
 5.7473477e+05  8.0694499e-02
 5.8232987e+05  8.0927902e-02
 5.9002535e+05  8.1161980e-02
 5.9782252e+05  8.1396735e-02
 6.0572272e+05  8.1632169e-02
 6.1372733e+05  8.1868284e-02
 6.2183772e+05  8.2105082e-02
 6.3005529e+05  8.2342565e-02
 6.3838146e+05  8.2580735e-02
 6.4681765e+05  8.2819594e-02
 6.5536533e+05  8.3059143e-02
 6.6402597e+05  8.3299386e-02
 6.7280105e+05  8.3540323e-02
 6.8169210e+05  8.3781957e-02
 6.9070064e+05  8.4024291e-02
 6.9982823e+05  8.4267325e-02
 7.0907644e+05  8.4511062e-02
 7.1844687e+05  8.4755504e-02
 7.2794113e+05  8.5000653e-02
 7.3756085e+05  8.5246511e-02
 7.4730770e+05  8.5493081e-02
 7.5718335e+05  8.5740363e-02
 7.6718951e+05  8.5988361e-02
 7.7732790e+05  8.6237076e-02
 7.8760026e+05  8.6486510e-02
 7.9800838e+05  8.6736666e-02
 8.0855404e+05  8.6987546e-02
 8.1923906e+05  8.7239151e-02
 8.3006528e+05  8.7491484e-02
 8.4103457e+05  8.7744546e-02
 8.5214882e+05  8.7998341e-02
 8.6340995e+05  8.8252870e-02
 8.7481989e+05  8.8508135e-02
 8.8638061e+05  8.8764138e-02
 8.9809410e+05  8.9020882e-02
 9.0996239e+05  8.9278368e-02
 9.2198752e+05  8.9536599e-02
 9.3417156e+05  8.9795577e-02
 9.4651662e+05  9.0055305e-02
 9.5902481e+05  9.0315783e-02
 9.7169830e+05  9.0577015e-02
 9.8453926e+05  9.0839002e-02
 9.9754992e+05  9.1101747e-02
 1.0107325e+06  9.1365252e-02
 1.0240893e+06  9.1629520e-02
 1.0376226e+06  9.1894551e-02
 1.0513348e+06  9.2160350e-02
 1.0652282e+06  9.2426917e-02
 1.0793051e+06  9.2694255e-02
 1.0935681e+06  9.2962366e-02
 1.1080196e+06  9.3231253e-02
 1.1226620e+06  9.3500918e-02
 1.1374980e+06  9.3771362e-02
 1.1525300e+06  9.4042589e-02
 1.1677606e+06  9.4314600e-02
 1.1831926e+06  9.4587398e-02
 1.1988284e+06  9.4860986e-02
 1.2146709e+06  9.5135364e-02
 1.2307227e+06  9.5410536e-02
 1.2469867e+06  9.5686504e-02
 1.2634656e+06  9.5963270e-02
 1.2801623e+06  9.6240837e-02
 1.2970796e+06  9.6519207e-02
 1.3142205e+06  9.6798381e-02
 1.3315879e+06  9.7078364e-02
 1.3491847e+06  9.7359156e-02
 1.3670142e+06  9.7640760e-02
 1.3850792e+06  9.7923179e-02
 1.4033830e+06  9.8206414e-02
 1.4219287e+06  9.8490469e-02
 1.4407195e+06  9.8775346e-02
 1.4597585e+06  9.9061046e-02
 1.4790492e+06  9.9347573e-02
 1.4985948e+06  9.9634929e-02
 1.5183987e+06  9.9923115e-02
 1.5384643e+06  1.0021214e-01
 1.5587950e+06  1.0050199e-01
 1.5793945e+06  1.0079269e-01
 1.6002661e+06  1.0108422e-01
 1.6214136e+06  1.0137660e-01
 1.6428405e+06  1.0166983e-01
 1.6645506e+06  1.0196390e-01
 1.6865476e+06  1.0225882e-01
 1.7088353e+06  1.0255460e-01
 1.7314175e+06  1.0285123e-01
 1.7542982e+06  1.0314872e-01
 1.7774812e+06  1.0344707e-01
 1.8009705e+06  1.0374628e-01
 1.8247703e+06  1.0404636e-01
 1.8488846e+06  1.0434731e-01
 1.8733176e+06  1.0464912e-01
 1.8980734e+06  1.0495181e-01
 1.9231564e+06  1.0525538e-01
 1.9485709e+06  1.0555982e-01
 1.9743212e+06  1.0586515e-01
 2.0004118e+06  1.0617135e-01
 2.0268472e+06  1.0647845e-01
 2.0536319e+06  1.0678643e-01
 2.0807706e+06  1.0709530e-01
 2.1082679e+06  1.0740506e-01
 2.1361286e+06  1.0771573e-01
 2.1643575e+06  1.0802729e-01
 2.1929594e+06  1.0833975e-01
 2.2219393e+06  1.0865311e-01
 2.2513022e+06  1.0896738e-01
 2.2810531e+06  1.0928256e-01
 2.3111972e+06  1.0959865e-01
 2.3417396e+06  1.0991566e-01
 2.3726856e+06  1.1023358e-01
 2.4040406e+06  1.1055243e-01
 2.4358099e+06  1.1087219e-01
 2.4679991e+06  1.1119288e-01
 2.5006136e+06  1.1151450e-01
 2.5336591e+06  1.1183705e-01
 2.5671414e+06  1.1216053e-01
 2.6010661e+06  1.1248494e-01
 2.6354391e+06  1.1281030e-01
 2.6702664e+06  1.1313659e-01
 2.7055539e+06  1.1346383e-01
 2.7413077e+06  1.1379202e-01
 2.7775340e+06  1.1412115e-01
 2.8142390e+06  1.1445124e-01
 2.8514291e+06  1.1478228e-01
 2.8891107e+06  1.1511428e-01
 2.9272902e+06  1.1544724e-01
 2.9659743e+06  1.1578116e-01
 3.0051695e+06  1.1611605e-01
 3.0448828e+06  1.1645191e-01
 3.0851208e+06  1.1678874e-01
 3.1258906e+06  1.1712654e-01
 3.1671992e+06  1.1746532e-01
 3.2090536e+06  1.1780508e-01
 3.2514612e+06  1.1814582e-01
 3.2944292e+06  1.1848755e-01
 3.3379650e+06  1.1883027e-01
 3.3820761e+06  1.1917398e-01
 3.4267701e+06  1.1951868e-01
 3.4720548e+06  1.1986438e-01
 3.5179379e+06  1.2021108e-01
 3.5644274e+06  1.2055878e-01
 3.6115312e+06  1.2090748e-01
 3.6592575e+06  1.2125720e-01
 3.7076145e+06  1.2160793e-01
 3.7566105e+06  1.2195967e-01
 3.8062540e+06  1.2231243e-01
 3.8565535e+06  1.2266621e-01
 3.9075178e+06  1.2302101e-01
 3.9591555e+06  1.2337684e-01
 4.0114757e+06  1.2373370e-01
 4.0644872e+06  1.2409159e-01
 4.1181993e+06  1.2445052e-01
 4.1726212e+06  1.2481048e-01
 4.2277623e+06  1.2517149e-01
 4.2836321e+06  1.2553354e-01
 4.3402401e+06  1.2589663e-01
 4.3975963e+06  1.2626078e-01
 4.4557104e+06  1.2662598e-01
 4.5145925e+06  1.2699224e-01
 4.5742527e+06  1.2735955e-01
 4.6347014e+06  1.2772793e-01
 4.6959488e+06  1.2809737e-01
 4.7580057e+06  1.2846789e-01
 4.8208826e+06  1.2883947e-01
 4.8845904e+06  1.2921213e-01
 4.9491401e+06  1.2958586e-01
 5.0145429e+06  1.2996068e-01
 5.0808100e+06  1.3033658e-01
 5.1479527e+06  1.3071357e-01
 5.2159828e+06  1.3109165e-01
 5.2849119e+06  1.3147083e-01
 5.3547518e+06  1.3185110e-01
 5.4255147e+06  1.3223247e-01
 5.4972128e+06  1.3261494e-01
 5.5698583e+06  1.3299852e-01
 5.6434638e+06  1.3338321e-01
 5.7180420e+06  1.3376901e-01
 5.7936058e+06  1.3415592e-01
 5.8701682e+06  1.3454396e-01
 5.9477423e+06  1.3493312e-01
 6.0263415e+06  1.3532340e-01
 6.1059795e+06  1.3571482e-01
 6.1866698e+06  1.3610736e-01
 6.2684265e+06  1.3650104e-01
 6.3512636e+06  1.3689586e-01
 6.4351954e+06  1.3729182e-01
 6.5202363e+06  1.3768893e-01
 6.6064011e+06  1.3808718e-01
 6.6937045e+06  1.3848659e-01
 6.7821616e+06  1.3888715e-01
 6.8717877e+06  1.3928887e-01
 6.9625982e+06  1.3969176e-01
 7.0546087e+06  1.4009580e-01
 7.1478352e+06  1.4050102e-01
 7.2422937e+06  1.4090741e-01
 7.3380004e+06  1.4131498e-01
 7.4349719e+06  1.4172372e-01
 7.5332248e+06  1.4213364e-01
 7.6327762e+06  1.4254475e-01
 7.7336431e+06  1.4295706e-01
 7.8358430e+06  1.4337055e-01
 7.9393935e+06  1.4378524e-01
 8.0443123e+06  1.4420113e-01
 8.1506177e+06  1.4461822e-01
 8.2583279e+06  1.4503651e-01
 8.3674615e+06  1.4545602e-01
 8.4780373e+06  1.4587674e-01
 8.5900743e+06  1.4629868e-01
 8.7035919e+06  1.4672184e-01
 8.8186097e+06  1.4714622e-01
 8.9351474e+06  1.4757183e-01
 9.0532251e+06  1.4799867e-01
 9.1728632e+06  1.4842675e-01
 9.2940824e+06  1.4885606e-01
 9.4169034e+06  1.4928662e-01
 9.5413476e+06  1.4971842e-01
 9.6674362e+06  1.5015147e-01
 9.7951911e+06  1.5058577e-01
 9.9246343e+06  1.5102133e-01
 1.0055788e+07  1.5145814e-01
 1.0188675e+07  1.5189623e-01
 1.0323318e+07  1.5233557e-01
 1.0459741e+07  1.5277619e-01
 1.0597966e+07  1.5321809e-01
 1.0738018e+07  1.5366126e-01
 1.0879920e+07  1.5410571e-01
 1.1023698e+07  1.5455145e-01
 1.1169376e+07  1.5499848e-01
 1.1316979e+07  1.5544680e-01
 1.1466532e+07  1.5589642e-01
 1.1618062e+07  1.5634734e-01
 1.1771595e+07  1.5679956e-01
 1.1927156e+07  1.5725310e-01
 1.2084773e+07  1.5770794e-01
 1.2244473e+07  1.5816410e-01
 1.2406284e+07  1.5862158e-01
 1.2570232e+07  1.5908038e-01
 1.2736348e+07  1.5954051e-01
 1.2904658e+07  1.6000196e-01
 1.3075193e+07  1.6046476e-01
 1.3247981e+07  1.6092889e-01
 1.3423053e+07  1.6139437e-01
 1.3600438e+07  1.6186119e-01
 1.3780167e+07  1.6232936e-01
 1.3962272e+07  1.6279889e-01
 1.4146783e+07  1.6326977e-01
 1.4333732e+07  1.6374201e-01
 1.4523152e+07  1.6421563e-01
 1.4715075e+07  1.6469061e-01
 1.4909535e+07  1.6516696e-01
 1.5106564e+07  1.6564470e-01
 1.5306197e+07  1.6612381e-01
 1.5508468e+07  1.6660431e-01
 1.5713412e+07  1.6708620e-01
 1.5921064e+07  1.6756949e-01
 1.6131460e+07  1.6805417e-01
 1.6344637e+07  1.6854026e-01
 1.6560631e+07  1.6902775e-01
 1.6779479e+07  1.6951665e-01
 1.7001220e+07  1.7000696e-01
 1.7225891e+07  1.7049869e-01
 1.7453530e+07  1.7099185e-01
 1.7684178e+07  1.7148643e-01
 1.7917874e+07  1.7198244e-01
 1.8154658e+07  1.7247989e-01
 1.8394572e+07  1.7297877e-01
 1.8637655e+07  1.7347910e-01
 1.8883952e+07  1.7398088e-01
 1.9133503e+07  1.7448411e-01
 1.9386351e+07  1.7498879e-01
 1.9642541e+07  1.7549493e-01
 1.9902117e+07  1.7600254e-01
 2.0165123e+07  1.7651161e-01
 2.0431605e+07  1.7702216e-01
 2.0701608e+07  1.7753418e-01
 2.0975179e+07  1.7804769e-01
 2.1252365e+07  1.7856268e-01
 2.1533215e+07  1.7907916e-01
 2.1817776e+07  1.7959713e-01
 2.2106097e+07  1.8011660e-01
 2.2398228e+07  1.8063757e-01
 2.2694220e+07  1.8116006e-01
 2.2994124e+07  1.8168405e-01
 2.3297991e+07  1.8220956e-01
 2.3605873e+07  1.8273658e-01
 2.3917824e+07  1.8326514e-01
 2.4233897e+07  1.8379522e-01
 2.4554148e+07  1.8432683e-01
 2.4878630e+07  1.8485998e-01
 2.5207401e+07  1.8539468e-01
 2.5540516e+07  1.8593092e-01
 2.5878033e+07  1.8646871e-01
 2.6220010e+07  1.8700806e-01
 2.6566507e+07  1.8754896e-01
 2.6917583e+07  1.8809143e-01
 2.7273298e+07  1.8863548e-01
 2.7633714e+07  1.8918109e-01
 2.7998893e+07  1.8972828e-01
 2.8368897e+07  1.9027706e-01
 2.8743792e+07  1.9082742e-01
 2.9123640e+07  1.9137937e-01
 2.9508508e+07  1.9193292e-01
 2.9898462e+07  1.9248808e-01
 3.0293570e+07  1.9304483e-01
 3.0693898e+07  1.9360320e-01
 3.1099517e+07  1.9416319e-01
 3.1510497e+07  1.9472479e-01
 3.1926907e+07  1.9528802e-01
 3.2348820e+07  1.9585287e-01
 3.2776309e+07  1.9641936e-01
 3.3209447e+07  1.9698749e-01
 3.3648309e+07  1.9755726e-01
 3.4092971e+07  1.9812868e-01
 3.4543508e+07  1.9870176e-01
 3.5000000e+07  1.9927649e-01
-----------------------

efield[V/m]_vs_alpha[1/m]
-----------------------
 5.0000000e+04  -3.4098719e+02
 5.0660749e+04  -3.4098719e+02
 5.1330229e+04  -3.4098719e+02
 5.2008557e+04  -3.4098719e+02
 5.2695848e+04  -3.4098719e+02
 5.3392223e+04  -3.4098719e+02
 5.4097800e+04  -3.4098719e+02
 5.4812700e+04  -3.4098719e+02
 5.5537049e+04  -3.4098719e+02
 5.6270970e+04  -3.4098719e+02
 5.7014589e+04  -3.4098719e+02
 5.7768035e+04  -3.4098719e+02
 5.8531438e+04  -3.4098719e+02
 5.9304930e+04  -3.4098719e+02
 6.0088643e+04  -3.4098719e+02
 6.0882713e+04  -3.4098719e+02
 6.1687276e+04  -3.4098719e+02
 6.2502472e+04  -3.4098719e+02
 6.3328440e+04  -3.4098719e+02
 6.4165324e+04  -3.4098719e+02
 6.5013267e+04  -3.4098719e+02
 6.5872416e+04  -3.4098719e+02
 6.6742918e+04  -3.4098719e+02
 6.7624924e+04  -3.4098719e+02
 6.8518585e+04  -3.4098719e+02
 6.9424057e+04  -3.4098719e+02
 7.0341494e+04  -3.4098719e+02
 7.1271055e+04  -3.4098719e+02
 7.2212900e+04  -3.4098719e+02
 7.3167191e+04  -3.4098719e+02
 7.4134094e+04  -3.4098719e+02
 7.5113774e+04  -3.4098719e+02
 7.6106400e+04  -3.4098719e+02
 7.7112144e+04  -3.4098719e+02
 7.8131179e+04  -3.4098719e+02
 7.9163681e+04  -3.4098719e+02
 8.0209827e+04  -3.4098719e+02
 8.1269798e+04  -3.4098719e+02
 8.2343776e+04  -3.4098719e+02
 8.3431947e+04  -3.4098719e+02
 8.4534498e+04  -3.4098719e+02
 8.5651619e+04  -3.4098719e+02
 8.6783503e+04  -3.4098719e+02
 8.7930344e+04  -3.4098719e+02
 8.9092341e+04  -3.4098719e+02
 9.0269694e+04  -3.4098719e+02
 9.1462606e+04  -3.4098719e+02
 9.2671282e+04  -3.4098719e+02
 9.3895930e+04  -3.4098719e+02
 9.5136763e+04  -3.4098719e+02
 9.6393992e+04  -3.4098719e+02
 9.7667837e+04  -3.4098719e+02
 9.8958514e+04  -3.4098719e+02
 1.0026625e+05  -3.4098719e+02
 1.0159126e+05  -3.4098719e+02
 1.0293379e+05  -3.4098719e+02
 1.0429406e+05  -3.4098719e+02
 1.0567230e+05  -3.4098719e+02
 1.0706876e+05  -3.4098719e+02
 1.0848367e+05  -3.4098719e+02
 1.0991728e+05  -3.4098719e+02
 1.1136983e+05  -3.4098719e+02
 1.1284158e+05  -3.4098719e+02
 1.1433278e+05  -3.4098719e+02
 1.1584368e+05  -3.4098719e+02
 1.1737455e+05  -3.4098719e+02
 1.1892566e+05  -3.4098719e+02
 1.2049726e+05  -3.4098719e+02
 1.2208962e+05  -3.4098719e+02
 1.2370303e+05  -3.4098719e+02
 1.2533777e+05  -3.4098719e+02
 1.2699410e+05  -3.4098719e+02
 1.2867233e+05  -3.4098719e+02
 1.3037273e+05  -3.4098719e+02
 1.3209560e+05  -3.4098719e+02
 1.3384124e+05  -3.4098719e+02
 1.3560995e+05  -3.4098719e+02
 1.3740203e+05  -3.4098719e+02
 1.3921779e+05  -3.4098719e+02
 1.4105755e+05  -3.4098719e+02
 1.4292163e+05  -3.4098719e+02
 1.4481033e+05  -3.4098719e+02
 1.4672400e+05  -3.4098719e+02
 1.4866295e+05  -3.4098719e+02
 1.5062753e+05  -3.4098719e+02
 1.5261807e+05  -3.4098719e+02
 1.5463491e+05  -3.4098719e+02
 1.5667840e+05  -3.4098719e+02
 1.5874891e+05  -3.4098719e+02
 1.6084677e+05  -3.4098719e+02
 1.6297235e+05  -3.4098719e+02
 1.6512603e+05  -3.4098719e+02
 1.6730817e+05  -3.4098719e+02
 1.6951914e+05  -3.4098719e+02
 1.7175933e+05  -3.4098719e+02
 1.7402912e+05  -3.4098719e+02
 1.7632891e+05  -3.4098719e+02
 1.7865910e+05  -3.4098719e+02
 1.8102007e+05  -3.4098719e+02
 1.8341225e+05  -3.4098719e+02
 1.8583604e+05  -3.4098719e+02
 1.8829185e+05  -3.4098719e+02
 1.9078013e+05  -3.4098719e+02
 1.9330128e+05  -3.4098719e+02
 1.9585575e+05  -3.4098719e+02
 1.9844398e+05  -3.4098719e+02
 2.0106641e+05  -3.4098719e+02
 2.0372350e+05  -3.4098719e+02
 2.0641570e+05  -3.4098719e+02
 2.0914348e+05  -3.4098719e+02
 2.1190730e+05  -3.4098719e+02
 2.1470765e+05  -3.4098719e+02
 2.1754501e+05  -3.4098719e+02
 2.2041986e+05  -3.4098719e+02
 2.2333270e+05  -3.4098719e+02
 2.2628404e+05  -3.4098719e+02
 2.2927438e+05  -3.4098719e+02
 2.3230423e+05  -3.4098719e+02
 2.3537413e+05  -3.4098719e+02
 2.3848459e+05  -3.4098719e+02
 2.4163616e+05  -3.4098719e+02
 2.4482937e+05  -3.4098719e+02
 2.4806478e+05  -3.4098719e+02
 2.5134295e+05  -3.4098719e+02
 2.5466444e+05  -3.4098719e+02
 2.5802983e+05  -3.4098719e+02
 2.6143969e+05  -3.4098719e+02
 2.6489460e+05  -3.4098719e+02
 2.6839518e+05  -3.4098719e+02
 2.7194202e+05  -3.4098719e+02
 2.7553572e+05  -3.4098719e+02
 2.7917692e+05  -3.4098719e+02
 2.8286623e+05  -3.4098719e+02
 2.8660430e+05  -3.4098719e+02
 2.9039177e+05  -3.4098719e+02
 2.9422929e+05  -3.4098719e+02
 2.9811752e+05  -3.4098719e+02
 3.0205714e+05  -3.4098719e+02
 3.0604882e+05  -3.4098719e+02
 3.1009324e+05  -3.4098719e+02
 3.1419112e+05  -3.4098719e+02
 3.1834315e+05  -3.4098719e+02
 3.2255004e+05  -3.4098719e+02
 3.2681253e+05  -3.4098719e+02
 3.3113135e+05  -3.4098719e+02
 3.3550724e+05  -3.4098719e+02
 3.3994096e+05  -3.4098719e+02
 3.4443327e+05  -3.4098719e+02
 3.4898495e+05  -3.4098719e+02
 3.5359678e+05  -3.4098719e+02
 3.5826955e+05  -3.4098719e+02
 3.6300407e+05  -3.4098719e+02
 3.6780116e+05  -3.4098719e+02
 3.7266164e+05  -3.4098719e+02
 3.7758636e+05  -3.4098719e+02
 3.8257615e+05  -3.4098719e+02
 3.8763188e+05  -3.4098719e+02
 3.9275443e+05  -3.4098719e+02
 3.9794467e+05  -3.4098719e+02
 4.0320350e+05  -3.4098719e+02
 4.0853182e+05  -3.4098719e+02
 4.1393056e+05  -3.4098719e+02
 4.1940064e+05  -3.4098719e+02
 4.2494301e+05  -3.4098719e+02
 4.3055862e+05  -3.4098719e+02
 4.3624844e+05  -3.4098719e+02
 4.4201345e+05  -3.4098719e+02
 4.4785465e+05  -3.4098719e+02
 4.5377303e+05  -3.4098719e+02
 4.5976963e+05  -3.4098719e+02
 4.6584548e+05  -3.4098719e+02
 4.7200161e+05  -3.4098719e+02
 4.7823910e+05  -3.4098719e+02
 4.8455902e+05  -3.4098719e+02
 4.9096245e+05  -3.4098719e+02
 4.9745051e+05  -3.4098719e+02
 5.0402430e+05  -3.4098719e+02
 5.1068497e+05  -3.4098719e+02
 5.1743366e+05  -3.4098719e+02
 5.2427153e+05  -3.4098719e+02
 5.3119977e+05  -3.4098719e+02
 5.3821956e+05  -3.4098719e+02
 5.4533211e+05  -3.4098719e+02
 5.5253866e+05  -3.4098719e+02
 5.5984045e+05  -3.4098719e+02
 5.6723872e+05  -3.4098719e+02
 5.7473477e+05  -3.4098719e+02
 5.8232987e+05  -3.4098719e+02
 5.9002535e+05  -3.4098719e+02
 5.9782252e+05  -3.4098719e+02
 6.0572272e+05  -3.4098719e+02
 6.1372733e+05  -3.4098719e+02
 6.2183772e+05  -3.4098719e+02
 6.3005529e+05  -3.4098719e+02
 6.3838146e+05  -3.4098719e+02
 6.4681765e+05  -3.4098719e+02
 6.5536533e+05  -3.4098719e+02
 6.6402597e+05  -3.4098719e+02
 6.7280105e+05  -3.4098719e+02
 6.8169210e+05  -3.4098719e+02
 6.9070064e+05  -3.4098719e+02
 6.9982823e+05  -3.4098719e+02
 7.0907644e+05  -3.4098719e+02
 7.1844687e+05  -3.4098719e+02
 7.2794113e+05  -3.4098719e+02
 7.3756085e+05  -3.4098719e+02
 7.4730770e+05  -3.4098719e+02
 7.5718335e+05  -3.4098719e+02
 7.6718951e+05  -3.4098719e+02
 7.7732790e+05  -3.4098719e+02
 7.8760026e+05  -3.4098719e+02
 7.9800838e+05  -3.4098719e+02
 8.0855404e+05  -3.4098719e+02
 8.1923906e+05  -3.4098719e+02
 8.3006528e+05  -3.4098719e+02
 8.4103457e+05  -3.4098718e+02
 8.5214882e+05  -3.4098718e+02
 8.6340995e+05  -3.4098718e+02
 8.7481989e+05  -3.4098717e+02
 8.8638061e+05  -3.4098716e+02
 8.9809410e+05  -3.4098715e+02
 9.0996239e+05  -3.4098714e+02
 9.2198752e+05  -3.4098711e+02
 9.3417156e+05  -3.4098708e+02
 9.4651662e+05  -3.4098704e+02
 9.5902481e+05  -3.4098698e+02
 9.7169830e+05  -3.4098689e+02
 9.8453926e+05  -3.4098678e+02
 9.9754992e+05  -3.4098662e+02
 1.0107325e+06  -3.4098641e+02
 1.0240893e+06  -3.4098612e+02
 1.0376226e+06  -3.4098574e+02
 1.0513348e+06  -3.4098522e+02
 1.0652282e+06  -3.4098454e+02
 1.0793051e+06  -3.4098363e+02
 1.0935681e+06  -3.4098242e+02
 1.1080196e+06  -3.4098084e+02
 1.1226620e+06  -3.4097877e+02
 1.1374980e+06  -3.4097607e+02
 1.1525300e+06  -3.4097257e+02
 1.1677606e+06  -3.4096804e+02
 1.1831926e+06  -3.4096221e+02
 1.1988284e+06  -3.4095473e+02
 1.2146709e+06  -3.4094518e+02
 1.2307227e+06  -3.4093302e+02
 1.2469867e+06  -3.4091762e+02
 1.2634656e+06  -3.4089817e+02
 1.2801623e+06  -3.4087370e+02
 1.2970796e+06  -3.4084304e+02
 1.3142205e+06  -3.4080476e+02
 1.3315879e+06  -3.4075713e+02
 1.3491847e+06  -3.4069810e+02
 1.3670142e+06  -3.4062517e+02
 1.3850792e+06  -3.4053541e+02
 1.4033830e+06  -3.4042529e+02
 1.4219287e+06  -3.4029066e+02
 1.4407195e+06  -3.4012662e+02
 1.4597585e+06  -3.3992741e+02
 1.4790492e+06  -3.3968626e+02
 1.4985948e+06  -3.3939530e+02
 1.5183987e+06  -3.3904535e+02
 1.5384643e+06  -3.3862576e+02
 1.5587950e+06  -3.3812424e+02
 1.5793945e+06  -3.3752662e+02
 1.6002661e+06  -3.3681664e+02
 1.6214136e+06  -3.3597567e+02
 1.6428405e+06  -3.3498248e+02
 1.6645506e+06  -3.3381291e+02
 1.6865476e+06  -3.3243960e+02
 1.7088353e+06  -3.3083158e+02
 1.7314175e+06  -3.2895401e+02
 1.7542982e+06  -3.2676773e+02
 1.7774812e+06  -3.2422889e+02
 1.8009705e+06  -3.2128854e+02
 1.8247703e+06  -3.1789218e+02
 1.8488846e+06  -3.1397933e+02
 1.8733176e+06  -3.0948307e+02
 1.8980734e+06  -3.0432953e+02
 1.9231564e+06  -2.9843743e+02
 1.9485709e+06  -2.9171762e+02
 1.9743212e+06  -2.8407252e+02
 2.0004118e+06  -2.7539568e+02
 2.0268472e+06  -2.6557129e+02
 2.0536319e+06  -2.5447364e+02
 2.0807706e+06  -2.4196675e+02
 2.1082679e+06  -2.2790383e+02
 2.1361286e+06  -2.1212690e+02
 2.1643575e+06  -1.9446638e+02
 2.1929594e+06  -1.7474071e+02
 2.2219393e+06  -1.5275602e+02
 2.2513022e+06  -1.2830584e+02
 2.2810531e+06  -1.0117083e+02
 2.3111972e+06  -7.1118628e+01
 2.3417396e+06  -3.7903653e+01
 2.3726856e+06  -1.2670503e+00
 2.4040406e+06  3.9063345e+01
 2.4358099e+06  8.3372967e+01
 2.4679991e+06  1.3196041e+02
 2.5006136e+06  1.8513726e+02
 2.5336591e+06  2.4322783e+02
 2.5671414e+06  3.0656887e+02
 2.6010661e+06  3.7550913e+02
 2.6354391e+06  4.5040896e+02
 2.6702664e+06  5.3163971e+02
 2.7055539e+06  6.1958317e+02
 2.7413077e+06  7.1463087e+02
 2.7775340e+06  8.1718338e+02
 2.8142390e+06  9.2764950e+02
 2.8514291e+06  1.0464454e+03
 2.8891107e+06  1.1739937e+03
 2.9272902e+06  1.3107225e+03
 2.9659743e+06  1.4570648e+03
 3.0051695e+06  1.6134566e+03
 3.0448828e+06  1.7803368e+03
 3.0851208e+06  1.9581457e+03
 3.1258906e+06  2.1473240e+03
 3.1671992e+06  2.3483115e+03
 3.2090536e+06  2.5615467e+03
 3.2514612e+06  2.7874651e+03
 3.2944292e+06  3.0264986e+03
 3.3379650e+06  3.2790742e+03
 3.3820761e+06  3.5456136e+03
 3.4267701e+06  3.8265317e+03
 3.4720548e+06  4.1222362e+03
 3.5179379e+06  4.4331268e+03
 3.5644274e+06  4.7595944e+03
 3.6115312e+06  5.1020206e+03
 3.6592575e+06  5.4607771e+03
 3.7076145e+06  5.8362253e+03
 3.7566105e+06  6.2287163e+03
 3.8062540e+06  6.6385901e+03
 3.8565535e+06  7.0661758e+03
 3.9075178e+06  7.5117916e+03
 3.9591555e+06  7.9757448e+03
 4.0114757e+06  8.4583321e+03
 4.0644872e+06  8.9598397e+03
 4.1181993e+06  9.4805436e+03
 4.1726212e+06  1.0020711e+04
 4.2277623e+06  1.0580598e+04
 4.2836321e+06  1.1160456e+04
 4.3402401e+06  1.1760525e+04
 4.3975963e+06  1.2381042e+04
 4.4557104e+06  1.3022235e+04
 4.5145925e+06  1.3684329e+04
 4.5742527e+06  1.4367546e+04
 4.6347014e+06  1.5072102e+04
 4.6959488e+06  1.5798215e+04
 4.7580057e+06  1.6546101e+04
 4.8208826e+06  1.7315978e+04
 4.8845904e+06  1.8108065e+04
 4.9491401e+06  1.8922585e+04
 5.0145429e+06  1.9759766e+04
 5.0808100e+06  2.0619839e+04
 5.1479527e+06  2.1503047e+04
 5.2159828e+06  2.2409637e+04
 5.2849119e+06  2.3339867e+04
 5.3547518e+06  2.4294007e+04
 5.4255147e+06  2.5272335e+04
 5.4972128e+06  2.6275145e+04
 5.5698583e+06  2.7302742e+04
 5.6434638e+06  2.8355448e+04
 5.7180420e+06  2.9433597e+04
 5.7936058e+06  3.0537542e+04
 5.8701682e+06  3.1667650e+04
 5.9477423e+06  3.2824306e+04
 6.0263415e+06  3.4007913e+04
 6.1059795e+06  3.5218891e+04
 6.1866698e+06  3.6457678e+04
 6.2684265e+06  3.7724730e+04
 6.3512636e+06  3.9020521e+04
 6.4351954e+06  4.0345543e+04
 6.5202363e+06  4.1700305e+04
 6.6064011e+06  4.3085336e+04
 6.6937045e+06  4.4501178e+04
 6.7821616e+06  4.5948393e+04
 6.8717877e+06  4.7427557e+04
 6.9625982e+06  4.8939261e+04
 7.0546087e+06  5.0484112e+04
 7.1478352e+06  5.2062727e+04
 7.2422937e+06  5.3675738e+04
 7.3380004e+06  5.5323789e+04
 7.4349719e+06  5.7007530e+04
 7.5332248e+06  5.8727624e+04
 7.6327762e+06  6.0484740e+04
 7.7336431e+06  6.2279553e+04
 7.8358430e+06  6.4112742e+04
 7.9393935e+06  6.5984991e+04
 8.0443123e+06  6.7896984e+04
 8.1506177e+06  6.9849407e+04
 8.2583279e+06  7.1842943e+04
 8.3674615e+06  7.3878273e+04
 8.4780373e+06  7.5956073e+04
 8.5900743e+06  7.8077013e+04
 8.7035919e+06  8.0241754e+04
 8.8186097e+06  8.2450950e+04
 8.9351474e+06  8.4705242e+04
 9.0532251e+06  8.7005259e+04
 9.1728632e+06  8.9351614e+04
 9.2940824e+06  9.1744908e+04
 9.4169034e+06  9.4185720e+04
 9.5413476e+06  9.6674614e+04
 9.6674362e+06  9.9212131e+04
 9.7951911e+06  1.0179879e+05
 9.9246343e+06  1.0443509e+05
 1.0055788e+07  1.0712151e+05
 1.0188675e+07  1.0985848e+05
 1.0323318e+07  1.1264644e+05
 1.0459741e+07  1.1548576e+05
 1.0597966e+07  1.1837682e+05
 1.0738018e+07  1.2131995e+05
 1.0879920e+07  1.2431545e+05
 1.1023698e+07  1.2736359e+05
 1.1169376e+07  1.3046461e+05
 1.1316979e+07  1.3361870e+05
 1.1466532e+07  1.3682605e+05
 1.1618062e+07  1.4008678e+05
 1.1771595e+07  1.4340099e+05
 1.1927156e+07  1.4676875e+05
 1.2084773e+07  1.5019009e+05
 1.2244473e+07  1.5366500e+05
 1.2406284e+07  1.5719343e+05
 1.2570232e+07  1.6077531e+05
 1.2736348e+07  1.6441051e+05
 1.2904658e+07  1.6809888e+05
 1.3075193e+07  1.7184023e+05
 1.3247981e+07  1.7563434e+05
 1.3423053e+07  1.7948094e+05
 1.3600438e+07  1.8337973e+05
 1.3780167e+07  1.8733038e+05
 1.3962272e+07  1.9133251e+05
 1.4146783e+07  1.9538572e+05
 1.4333732e+07  1.9948958e+05
 1.4523152e+07  2.0364361e+05
 1.4715075e+07  2.0784730e+05
 1.4909535e+07  2.1210013e+05
 1.5106564e+07  2.1640151e+05
 1.5306197e+07  2.2075084e+05
 1.5508468e+07  2.2514750e+05
 1.5713412e+07  2.2959083e+05
 1.5921064e+07  2.3408014e+05
 1.6131460e+07  2.3861470e+05
 1.6344637e+07  2.4319379e+05
 1.6560631e+07  2.4781662e+05
 1.6779479e+07  2.5248240e+05
 1.7001220e+07  2.5719032e+05
 1.7225891e+07  2.6193954e+05
 1.7453530e+07  2.6672918e+05
 1.7684178e+07  2.7155838e+05
 1.7917874e+07  2.7642622e+05
 1.8154658e+07  2.8133178e+05
 1.8394572e+07  2.8627412e+05
 1.8637655e+07  2.9125229e+05
 1.8883952e+07  2.9626531e+05
 1.9133503e+07  3.0131219e+05
 1.9386351e+07  3.0639193e+05
 1.9642541e+07  3.1150353e+05
 1.9902117e+07  3.1664594e+05
 2.0165123e+07  3.2181815e+05
 2.0431605e+07  3.2701909e+05
 2.0701608e+07  3.3224773e+05
 2.0975179e+07  3.3750299e+05
 2.1252365e+07  3.4278381e+05
 2.1533215e+07  3.4808912e+05
 2.1817776e+07  3.5341784e+05
 2.2106097e+07  3.5876888e+05
 2.2398228e+07  3.6414117e+05
 2.2694220e+07  3.6953361e+05
 2.2994124e+07  3.7494513e+05
 2.3297991e+07  3.8037463e+05
 2.3605873e+07  3.8582102e+05
 2.3917824e+07  3.9128323e+05
 2.4233897e+07  3.9676017e+05
 2.4554148e+07  4.0225076e+05
 2.4878630e+07  4.0775393e+05
 2.5207401e+07  4.1326861e+05
 2.5540516e+07  4.1879373e+05
 2.5878033e+07  4.2432824e+05
 2.6220010e+07  4.2987107e+05
 2.6566507e+07  4.3542120e+05
 2.6917583e+07  4.4097758e+05
 2.7273298e+07  4.4653918e+05
 2.7633714e+07  4.5210499e+05
 2.7998893e+07  4.5767399e+05
 2.8368897e+07  4.6324520e+05
 2.8743792e+07  4.6881761e+05
 2.9123640e+07  4.7439026e+05
 2.9508508e+07  4.7996218e+05
 2.9898462e+07  4.8553241e+05
 3.0293570e+07  4.9110002e+05
 3.0693898e+07  4.9666407e+05
 3.1099517e+07  5.0222366e+05
 3.1510497e+07  5.0777788e+05
 3.1926907e+07  5.1332584e+05
 3.2348820e+07  5.1886667e+05
 3.2776309e+07  5.2439952e+05
 3.3209447e+07  5.2992353e+05
 3.3648309e+07  5.3543788e+05
 3.4092971e+07  5.4094176e+05
 3.4543508e+07  5.4643436e+05
 3.5000000e+07  5.5191490e+05
-----------------------

efield[V/m]_vs_eta[1/m]
-----------------------
 5.0000000e+04  0.0000000e+00
 5.0660749e+04  0.0000000e+00
 5.1330229e+04  0.0000000e+00
 5.2008557e+04  0.0000000e+00
 5.2695848e+04  0.0000000e+00
 5.3392223e+04  0.0000000e+00
 5.4097800e+04  0.0000000e+00
 5.4812700e+04  0.0000000e+00
 5.5537049e+04  0.0000000e+00
 5.6270970e+04  0.0000000e+00
 5.7014589e+04  0.0000000e+00
 5.7768035e+04  0.0000000e+00
 5.8531438e+04  0.0000000e+00
 5.9304930e+04  0.0000000e+00
 6.0088643e+04  0.0000000e+00
 6.0882713e+04  0.0000000e+00
 6.1687276e+04  0.0000000e+00
 6.2502472e+04  0.0000000e+00
 6.3328440e+04  0.0000000e+00
 6.4165324e+04  0.0000000e+00
 6.5013267e+04  0.0000000e+00
 6.5872416e+04  0.0000000e+00
 6.6742918e+04  0.0000000e+00
 6.7624924e+04  0.0000000e+00
 6.8518585e+04  0.0000000e+00
 6.9424057e+04  0.0000000e+00
 7.0341494e+04  0.0000000e+00
 7.1271055e+04  0.0000000e+00
 7.2212900e+04  0.0000000e+00
 7.3167191e+04  0.0000000e+00
 7.4134094e+04  0.0000000e+00
 7.5113774e+04  0.0000000e+00
 7.6106400e+04  0.0000000e+00
 7.7112144e+04  0.0000000e+00
 7.8131179e+04  0.0000000e+00
 7.9163681e+04  0.0000000e+00
 8.0209827e+04  0.0000000e+00
 8.1269798e+04  0.0000000e+00
 8.2343776e+04  0.0000000e+00
 8.3431947e+04  0.0000000e+00
 8.4534498e+04  0.0000000e+00
 8.5651619e+04  0.0000000e+00
 8.6783503e+04  0.0000000e+00
 8.7930344e+04  0.0000000e+00
 8.9092341e+04  0.0000000e+00
 9.0269694e+04  0.0000000e+00
 9.1462606e+04  0.0000000e+00
 9.2671282e+04  0.0000000e+00
 9.3895930e+04  0.0000000e+00
 9.5136763e+04  0.0000000e+00
 9.6393992e+04  0.0000000e+00
 9.7667837e+04  0.0000000e+00
 9.8958514e+04  0.0000000e+00
 1.0026625e+05  0.0000000e+00
 1.0159126e+05  0.0000000e+00
 1.0293379e+05  0.0000000e+00
 1.0429406e+05  0.0000000e+00
 1.0567230e+05  0.0000000e+00
 1.0706876e+05  0.0000000e+00
 1.0848367e+05  0.0000000e+00
 1.0991728e+05  0.0000000e+00
 1.1136983e+05  0.0000000e+00
 1.1284158e+05  0.0000000e+00
 1.1433278e+05  0.0000000e+00
 1.1584368e+05  0.0000000e+00
 1.1737455e+05  0.0000000e+00
 1.1892566e+05  0.0000000e+00
 1.2049726e+05  0.0000000e+00
 1.2208962e+05  0.0000000e+00
 1.2370303e+05  0.0000000e+00
 1.2533777e+05  0.0000000e+00
 1.2699410e+05  0.0000000e+00
 1.2867233e+05  0.0000000e+00
 1.3037273e+05  0.0000000e+00
 1.3209560e+05  0.0000000e+00
 1.3384124e+05  0.0000000e+00
 1.3560995e+05  0.0000000e+00
 1.3740203e+05  0.0000000e+00
 1.3921779e+05  0.0000000e+00
 1.4105755e+05  0.0000000e+00
 1.4292163e+05  0.0000000e+00
 1.4481033e+05  0.0000000e+00
 1.4672400e+05  0.0000000e+00
 1.4866295e+05  0.0000000e+00
 1.5062753e+05  0.0000000e+00
 1.5261807e+05  0.0000000e+00
 1.5463491e+05  0.0000000e+00
 1.5667840e+05  0.0000000e+00
 1.5874891e+05  0.0000000e+00
 1.6084677e+05  0.0000000e+00
 1.6297235e+05  0.0000000e+00
 1.6512603e+05  0.0000000e+00
 1.6730817e+05  0.0000000e+00
 1.6951914e+05  0.0000000e+00
 1.7175933e+05  0.0000000e+00
 1.7402912e+05  0.0000000e+00
 1.7632891e+05  0.0000000e+00
 1.7865910e+05  0.0000000e+00
 1.8102007e+05  0.0000000e+00
 1.8341225e+05  0.0000000e+00
 1.8583604e+05  0.0000000e+00
 1.8829185e+05  0.0000000e+00
 1.9078013e+05  0.0000000e+00
 1.9330128e+05  0.0000000e+00
 1.9585575e+05  0.0000000e+00
 1.9844398e+05  0.0000000e+00
 2.0106641e+05  0.0000000e+00
 2.0372350e+05  0.0000000e+00
 2.0641570e+05  0.0000000e+00
 2.0914348e+05  0.0000000e+00
 2.1190730e+05  0.0000000e+00
 2.1470765e+05  0.0000000e+00
 2.1754501e+05  0.0000000e+00
 2.2041986e+05  0.0000000e+00
 2.2333270e+05  0.0000000e+00
 2.2628404e+05  0.0000000e+00
 2.2927438e+05  0.0000000e+00
 2.3230423e+05  0.0000000e+00
 2.3537413e+05  0.0000000e+00
 2.3848459e+05  0.0000000e+00
 2.4163616e+05  0.0000000e+00
 2.4482937e+05  0.0000000e+00
 2.4806478e+05  0.0000000e+00
 2.5134295e+05  0.0000000e+00
 2.5466444e+05  0.0000000e+00
 2.5802983e+05  0.0000000e+00
 2.6143969e+05  0.0000000e+00
 2.6489460e+05  0.0000000e+00
 2.6839518e+05  0.0000000e+00
 2.7194202e+05  0.0000000e+00
 2.7553572e+05  0.0000000e+00
 2.7917692e+05  0.0000000e+00
 2.8286623e+05  0.0000000e+00
 2.8660430e+05  0.0000000e+00
 2.9039177e+05  0.0000000e+00
 2.9422929e+05  0.0000000e+00
 2.9811752e+05  0.0000000e+00
 3.0205714e+05  0.0000000e+00
 3.0604882e+05  0.0000000e+00
 3.1009324e+05  0.0000000e+00
 3.1419112e+05  0.0000000e+00
 3.1834315e+05  0.0000000e+00
 3.2255004e+05  0.0000000e+00
 3.2681253e+05  0.0000000e+00
 3.3113135e+05  0.0000000e+00
 3.3550724e+05  0.0000000e+00
 3.3994096e+05  0.0000000e+00
 3.4443327e+05  0.0000000e+00
 3.4898495e+05  0.0000000e+00
 3.5359678e+05  0.0000000e+00
 3.5826955e+05  0.0000000e+00
 3.6300407e+05  0.0000000e+00
 3.6780116e+05  0.0000000e+00
 3.7266164e+05  0.0000000e+00
 3.7758636e+05  0.0000000e+00
 3.8257615e+05  0.0000000e+00
 3.8763188e+05  0.0000000e+00
 3.9275443e+05  0.0000000e+00
 3.9794467e+05  0.0000000e+00
 4.0320350e+05  0.0000000e+00
 4.0853182e+05  0.0000000e+00
 4.1393056e+05  0.0000000e+00
 4.1940064e+05  0.0000000e+00
 4.2494301e+05  0.0000000e+00
 4.3055862e+05  0.0000000e+00
 4.3624844e+05  0.0000000e+00
 4.4201345e+05  0.0000000e+00
 4.4785465e+05  0.0000000e+00
 4.5377303e+05  0.0000000e+00
 4.5976963e+05  0.0000000e+00
 4.6584548e+05  0.0000000e+00
 4.7200161e+05  0.0000000e+00
 4.7823910e+05  0.0000000e+00
 4.8455902e+05  0.0000000e+00
 4.9096245e+05  0.0000000e+00
 4.9745051e+05  0.0000000e+00
 5.0402430e+05  0.0000000e+00
 5.1068497e+05  0.0000000e+00
 5.1743366e+05  0.0000000e+00
 5.2427153e+05  0.0000000e+00
 5.3119977e+05  0.0000000e+00
 5.3821956e+05  0.0000000e+00
 5.4533211e+05  0.0000000e+00
 5.5253866e+05  0.0000000e+00
 5.5984045e+05  0.0000000e+00
 5.6723872e+05  0.0000000e+00
 5.7473477e+05  0.0000000e+00
 5.8232987e+05  0.0000000e+00
 5.9002535e+05  0.0000000e+00
 5.9782252e+05  0.0000000e+00
 6.0572272e+05  0.0000000e+00
 6.1372733e+05  0.0000000e+00
 6.2183772e+05  0.0000000e+00
 6.3005529e+05  0.0000000e+00
 6.3838146e+05  0.0000000e+00
 6.4681765e+05  0.0000000e+00
 6.5536533e+05  0.0000000e+00
 6.6402597e+05  0.0000000e+00
 6.7280105e+05  0.0000000e+00
 6.8169210e+05  0.0000000e+00
 6.9070064e+05  0.0000000e+00
 6.9982823e+05  0.0000000e+00
 7.0907644e+05  0.0000000e+00
 7.1844687e+05  0.0000000e+00
 7.2794113e+05  0.0000000e+00
 7.3756085e+05  0.0000000e+00
 7.4730770e+05  0.0000000e+00
 7.5718335e+05  0.0000000e+00
 7.6718951e+05  0.0000000e+00
 7.7732790e+05  0.0000000e+00
 7.8760026e+05  0.0000000e+00
 7.9800838e+05  0.0000000e+00
 8.0855404e+05  0.0000000e+00
 8.1923906e+05  0.0000000e+00
 8.3006528e+05  0.0000000e+00
 8.4103457e+05  0.0000000e+00
 8.5214882e+05  0.0000000e+00
 8.6340995e+05  0.0000000e+00
 8.7481989e+05  0.0000000e+00
 8.8638061e+05  0.0000000e+00
 8.9809410e+05  0.0000000e+00
 9.0996239e+05  0.0000000e+00
 9.2198752e+05  0.0000000e+00
 9.3417156e+05  0.0000000e+00
 9.4651662e+05  0.0000000e+00
 9.5902481e+05  0.0000000e+00
 9.7169830e+05  0.0000000e+00
 9.8453926e+05  0.0000000e+00
 9.9754992e+05  0.0000000e+00
 1.0107325e+06  0.0000000e+00
 1.0240893e+06  0.0000000e+00
 1.0376226e+06  0.0000000e+00
 1.0513348e+06  0.0000000e+00
 1.0652282e+06  0.0000000e+00
 1.0793051e+06  0.0000000e+00
 1.0935681e+06  0.0000000e+00
 1.1080196e+06  0.0000000e+00
 1.1226620e+06  0.0000000e+00
 1.1374980e+06  0.0000000e+00
 1.1525300e+06  0.0000000e+00
 1.1677606e+06  0.0000000e+00
 1.1831926e+06  0.0000000e+00
 1.1988284e+06  0.0000000e+00
 1.2146709e+06  0.0000000e+00
 1.2307227e+06  0.0000000e+00
 1.2469867e+06  0.0000000e+00
 1.2634656e+06  0.0000000e+00
 1.2801623e+06  0.0000000e+00
 1.2970796e+06  0.0000000e+00
 1.3142205e+06  0.0000000e+00
 1.3315879e+06  0.0000000e+00
 1.3491847e+06  0.0000000e+00
 1.3670142e+06  0.0000000e+00
 1.3850792e+06  0.0000000e+00
 1.4033830e+06  0.0000000e+00
 1.4219287e+06  0.0000000e+00
 1.4407195e+06  0.0000000e+00
 1.4597585e+06  0.0000000e+00
 1.4790492e+06  0.0000000e+00
 1.4985948e+06  0.0000000e+00
 1.5183987e+06  0.0000000e+00
 1.5384643e+06  0.0000000e+00
 1.5587950e+06  0.0000000e+00
 1.5793945e+06  0.0000000e+00
 1.6002661e+06  0.0000000e+00
 1.6214136e+06  0.0000000e+00
 1.6428405e+06  0.0000000e+00
 1.6645506e+06  0.0000000e+00
 1.6865476e+06  0.0000000e+00
 1.7088353e+06  0.0000000e+00
 1.7314175e+06  0.0000000e+00
 1.7542982e+06  0.0000000e+00
 1.7774812e+06  0.0000000e+00
 1.8009705e+06  0.0000000e+00
 1.8247703e+06  0.0000000e+00
 1.8488846e+06  0.0000000e+00
 1.8733176e+06  0.0000000e+00
 1.8980734e+06  0.0000000e+00
 1.9231564e+06  0.0000000e+00
 1.9485709e+06  0.0000000e+00
 1.9743212e+06  0.0000000e+00
 2.0004118e+06  0.0000000e+00
 2.0268472e+06  0.0000000e+00
 2.0536319e+06  0.0000000e+00
 2.0807706e+06  0.0000000e+00
 2.1082679e+06  0.0000000e+00
 2.1361286e+06  0.0000000e+00
 2.1643575e+06  0.0000000e+00
 2.1929594e+06  0.0000000e+00
 2.2219393e+06  0.0000000e+00
 2.2513022e+06  0.0000000e+00
 2.2810531e+06  0.0000000e+00
 2.3111972e+06  0.0000000e+00
 2.3417396e+06  0.0000000e+00
 2.3726856e+06  0.0000000e+00
 2.4040406e+06  0.0000000e+00
 2.4358099e+06  0.0000000e+00
 2.4679991e+06  0.0000000e+00
 2.5006136e+06  0.0000000e+00
 2.5336591e+06  0.0000000e+00
 2.5671414e+06  0.0000000e+00
 2.6010661e+06  0.0000000e+00
 2.6354391e+06  0.0000000e+00
 2.6702664e+06  0.0000000e+00
 2.7055539e+06  0.0000000e+00
 2.7413077e+06  0.0000000e+00
 2.7775340e+06  0.0000000e+00
 2.8142390e+06  0.0000000e+00
 2.8514291e+06  0.0000000e+00
 2.8891107e+06  0.0000000e+00
 2.9272902e+06  0.0000000e+00
 2.9659743e+06  0.0000000e+00
 3.0051695e+06  0.0000000e+00
 3.0448828e+06  0.0000000e+00
 3.0851208e+06  0.0000000e+00
 3.1258906e+06  0.0000000e+00
 3.1671992e+06  0.0000000e+00
 3.2090536e+06  0.0000000e+00
 3.2514612e+06  0.0000000e+00
 3.2944292e+06  0.0000000e+00
 3.3379650e+06  0.0000000e+00
 3.3820761e+06  0.0000000e+00
 3.4267701e+06  0.0000000e+00
 3.4720548e+06  0.0000000e+00
 3.5179379e+06  0.0000000e+00
 3.5644274e+06  0.0000000e+00
 3.6115312e+06  0.0000000e+00
 3.6592575e+06  0.0000000e+00
 3.7076145e+06  0.0000000e+00
 3.7566105e+06  0.0000000e+00
 3.8062540e+06  0.0000000e+00
 3.8565535e+06  0.0000000e+00
 3.9075178e+06  0.0000000e+00
 3.9591555e+06  0.0000000e+00
 4.0114757e+06  0.0000000e+00
 4.0644872e+06  0.0000000e+00
 4.1181993e+06  0.0000000e+00
 4.1726212e+06  0.0000000e+00
 4.2277623e+06  0.0000000e+00
 4.2836321e+06  0.0000000e+00
 4.3402401e+06  0.0000000e+00
 4.3975963e+06  0.0000000e+00
 4.4557104e+06  0.0000000e+00
 4.5145925e+06  0.0000000e+00
 4.5742527e+06  0.0000000e+00
 4.6347014e+06  0.0000000e+00
 4.6959488e+06  0.0000000e+00
 4.7580057e+06  0.0000000e+00
 4.8208826e+06  0.0000000e+00
 4.8845904e+06  0.0000000e+00
 4.9491401e+06  0.0000000e+00
 5.0145429e+06  0.0000000e+00
 5.0808100e+06  0.0000000e+00
 5.1479527e+06  0.0000000e+00
 5.2159828e+06  0.0000000e+00
 5.2849119e+06  0.0000000e+00
 5.3547518e+06  0.0000000e+00
 5.4255147e+06  0.0000000e+00
 5.4972128e+06  0.0000000e+00
 5.5698583e+06  0.0000000e+00
 5.6434638e+06  0.0000000e+00
 5.7180420e+06  0.0000000e+00
 5.7936058e+06  0.0000000e+00
 5.8701682e+06  0.0000000e+00
 5.9477423e+06  0.0000000e+00
 6.0263415e+06  0.0000000e+00
 6.1059795e+06  0.0000000e+00
 6.1866698e+06  0.0000000e+00
 6.2684265e+06  0.0000000e+00
 6.3512636e+06  0.0000000e+00
 6.4351954e+06  0.0000000e+00
 6.5202363e+06  0.0000000e+00
 6.6064011e+06  0.0000000e+00
 6.6937045e+06  0.0000000e+00
 6.7821616e+06  0.0000000e+00
 6.8717877e+06  0.0000000e+00
 6.9625982e+06  0.0000000e+00
 7.0546087e+06  0.0000000e+00
 7.1478352e+06  0.0000000e+00
 7.2422937e+06  0.0000000e+00
 7.3380004e+06  0.0000000e+00
 7.4349719e+06  0.0000000e+00
 7.5332248e+06  0.0000000e+00
 7.6327762e+06  0.0000000e+00
 7.7336431e+06  0.0000000e+00
 7.8358430e+06  0.0000000e+00
 7.9393935e+06  0.0000000e+00
 8.0443123e+06  0.0000000e+00
 8.1506177e+06  0.0000000e+00
 8.2583279e+06  0.0000000e+00
 8.3674615e+06  0.0000000e+00
 8.4780373e+06  0.0000000e+00
 8.5900743e+06  0.0000000e+00
 8.7035919e+06  0.0000000e+00
 8.8186097e+06  0.0000000e+00
 8.9351474e+06  0.0000000e+00
 9.0532251e+06  0.0000000e+00
 9.1728632e+06  0.0000000e+00
 9.2940824e+06  0.0000000e+00
 9.4169034e+06  0.0000000e+00
 9.5413476e+06  0.0000000e+00
 9.6674362e+06  0.0000000e+00
 9.7951911e+06  0.0000000e+00
 9.9246343e+06  0.0000000e+00
 1.0055788e+07  0.0000000e+00
 1.0188675e+07  0.0000000e+00
 1.0323318e+07  0.0000000e+00
 1.0459741e+07  0.0000000e+00
 1.0597966e+07  0.0000000e+00
 1.0738018e+07  0.0000000e+00
 1.0879920e+07  0.0000000e+00
 1.1023698e+07  0.0000000e+00
 1.1169376e+07  0.0000000e+00
 1.1316979e+07  0.0000000e+00
 1.1466532e+07  0.0000000e+00
 1.1618062e+07  0.0000000e+00
 1.1771595e+07  0.0000000e+00
 1.1927156e+07  0.0000000e+00
 1.2084773e+07  0.0000000e+00
 1.2244473e+07  0.0000000e+00
 1.2406284e+07  0.0000000e+00
 1.2570232e+07  0.0000000e+00
 1.2736348e+07  0.0000000e+00
 1.2904658e+07  0.0000000e+00
 1.3075193e+07  0.0000000e+00
 1.3247981e+07  0.0000000e+00
 1.3423053e+07  0.0000000e+00
 1.3600438e+07  0.0000000e+00
 1.3780167e+07  0.0000000e+00
 1.3962272e+07  0.0000000e+00
 1.4146783e+07  0.0000000e+00
 1.4333732e+07  0.0000000e+00
 1.4523152e+07  0.0000000e+00
 1.4715075e+07  0.0000000e+00
 1.4909535e+07  0.0000000e+00
 1.5106564e+07  0.0000000e+00
 1.5306197e+07  0.0000000e+00
 1.5508468e+07  0.0000000e+00
 1.5713412e+07  0.0000000e+00
 1.5921064e+07  0.0000000e+00
 1.6131460e+07  0.0000000e+00
 1.6344637e+07  0.0000000e+00
 1.6560631e+07  0.0000000e+00
 1.6779479e+07  0.0000000e+00
 1.7001220e+07  0.0000000e+00
 1.7225891e+07  0.0000000e+00
 1.7453530e+07  0.0000000e+00
 1.7684178e+07  0.0000000e+00
 1.7917874e+07  0.0000000e+00
 1.8154658e+07  0.0000000e+00
 1.8394572e+07  0.0000000e+00
 1.8637655e+07  0.0000000e+00
 1.8883952e+07  0.0000000e+00
 1.9133503e+07  0.0000000e+00
 1.9386351e+07  0.0000000e+00
 1.9642541e+07  0.0000000e+00
 1.9902117e+07  0.0000000e+00
 2.0165123e+07  0.0000000e+00
 2.0431605e+07  0.0000000e+00
 2.0701608e+07  0.0000000e+00
 2.0975179e+07  0.0000000e+00
 2.1252365e+07  0.0000000e+00
 2.1533215e+07  0.0000000e+00
 2.1817776e+07  0.0000000e+00
 2.2106097e+07  0.0000000e+00
 2.2398228e+07  0.0000000e+00
 2.2694220e+07  0.0000000e+00
 2.2994124e+07  0.0000000e+00
 2.3297991e+07  0.0000000e+00
 2.3605873e+07  0.0000000e+00
 2.3917824e+07  0.0000000e+00
 2.4233897e+07  0.0000000e+00
 2.4554148e+07  0.0000000e+00
 2.4878630e+07  0.0000000e+00
 2.5207401e+07  0.0000000e+00
 2.5540516e+07  0.0000000e+00
 2.5878033e+07  0.0000000e+00
 2.6220010e+07  0.0000000e+00
 2.6566507e+07  0.0000000e+00
 2.6917583e+07  0.0000000e+00
 2.7273298e+07  0.0000000e+00
 2.7633714e+07  0.0000000e+00
 2.7998893e+07  0.0000000e+00
 2.8368897e+07  0.0000000e+00
 2.8743792e+07  0.0000000e+00
 2.9123640e+07  0.0000000e+00
 2.9508508e+07  0.0000000e+00
 2.9898462e+07  0.0000000e+00
 3.0293570e+07  0.0000000e+00
 3.0693898e+07  0.0000000e+00
 3.1099517e+07  0.0000000e+00
 3.1510497e+07  0.0000000e+00
 3.1926907e+07  0.0000000e+00
 3.2348820e+07  0.0000000e+00
 3.2776309e+07  0.0000000e+00
 3.3209447e+07  0.0000000e+00
 3.3648309e+07  0.0000000e+00
 3.4092971e+07  0.0000000e+00
 3.4543508e+07  0.0000000e+00
 3.5000000e+07  0.0000000e+00
-----------------------
