# Generated at STP using Siglo cross sections with particle swarms.

efield[V/m]_vs_mu[m2/Vs]
-----------------------
 5.000e+04  1.900e-01
 5.910e+04  1.760e-01
 7.000e+04  1.600e-01
 8.280e+04  1.450e-01
 9.790e+04  1.310e-01
 1.160e+05  1.190e-01
 1.370e+05  1.080e-01
 1.620e+05  9.930e-02
 1.920e+05  9.210e-02
 2.270e+05  8.610e-02
 2.680e+05  8.110e-02
 3.170e+05  7.640e-02
 3.750e+05  7.250e-02
 4.440e+05  7.010e-02
 5.250e+05  6.710e-02
 6.210e+05  6.440e-02
 7.350e+05  6.220e-02
 8.690e+05  6.000e-02
 1.030e+06  5.770e-02
 1.220e+06  5.540e-02
 1.440e+06  5.380e-02
 1.700e+06  5.160e-02
 2.010e+06  4.950e-02
 2.380e+06  4.790e-02
 2.820e+06  4.610e-02
 3.330e+06  4.470e-02
 3.940e+06  4.310e-02
 4.660e+06  4.150e-02
 5.520e+06  3.990e-02
 6.520e+06  3.830e-02
 7.720e+06  3.680e-02
 9.130e+06  3.520e-02
 1.080e+07  3.350e-02
 1.280e+07  3.190e-02
 1.510e+07  3.020e-02
 1.790e+07  2.880e-02
 2.110e+07  2.710e-02
 2.500e+07  2.560e-02
 2.960e+07  2.420e-02
 3.500e+07  2.280e-02
-----------------------

efield[V/m]_vs_dif[m2/s]
-----------------------
 5.000e+04  5.810e-02
 5.910e+04  6.050e-02
 7.000e+04  6.320e-02
 8.280e+04  6.590e-02
 9.790e+04  6.840e-02
 1.160e+05  7.080e-02
 1.370e+05  7.250e-02
 1.620e+05  7.420e-02
 1.920e+05  7.510e-02
 2.270e+05  7.600e-02
 2.680e+05  7.660e-02
 3.170e+05  7.700e-02
 3.750e+05  7.670e-02
 4.440e+05  7.630e-02
 5.250e+05  7.630e-02
 6.210e+05  7.580e-02
 7.350e+05  7.500e-02
 8.690e+05  7.490e-02
 1.030e+06  7.410e-02
 1.220e+06  7.410e-02
 1.440e+06  7.590e-02
 1.700e+06  8.040e-02
 2.010e+06  8.800e-02
 2.380e+06  9.680e-02
 2.820e+06  1.100e-01
 3.330e+06  1.230e-01
 3.940e+06  1.330e-01
 4.660e+06  1.430e-01
 5.520e+06  1.560e-01
 6.520e+06  1.660e-01
 7.720e+06  1.750e-01
 9.130e+06  1.840e-01
 1.080e+07  1.930e-01
 1.280e+07  2.050e-01
 1.510e+07  2.160e-01
 1.790e+07  2.260e-01
 2.110e+07  2.390e-01
 2.500e+07  2.520e-01
 2.960e+07  2.690e-01
 3.500e+07  2.870e-01
-----------------------

efield[V/m]_vs_alpha[1/m]
-----------------------
 5.000e+04  0.000e+00
 5.910e+04  0.000e+00
 7.000e+04  0.000e+00
 8.280e+04  0.000e+00
 9.790e+04  0.000e+00
 1.160e+05  0.000e+00
 1.370e+05  0.000e+00
 1.620e+05  0.000e+00
 1.920e+05  0.000e+00
 2.270e+05  0.000e+00
 2.680e+05  0.000e+00
 3.170e+05  0.000e+00
 3.750e+05  0.000e+00
 4.440e+05  0.000e+00
 5.250e+05  0.000e+00
 6.210e+05  0.000e+00
 7.350e+05  0.000e+00
 8.690e+05  4.490e-02
 1.030e+06  2.750e-01
 1.220e+06  1.290e+00
 1.440e+06  8.210e+00
 1.700e+06  3.160e+01
 2.010e+06  1.090e+02
 2.380e+06  3.570e+02
 2.820e+06  9.300e+02
 3.330e+06  2.340e+03
 3.940e+06  4.890e+03
 4.660e+06  9.470e+03
 5.520e+06  1.760e+04
 6.520e+06  2.960e+04
 7.720e+06  4.740e+04
 9.130e+06  7.420e+04
 1.080e+07  1.070e+05
 1.280e+07  1.510e+05
 1.510e+07  2.060e+05
 1.790e+07  2.710e+05
 2.110e+07  3.430e+05
 2.500e+07  4.300e+05
 2.960e+07  5.190e+05
 3.500e+07  6.200e+05
-----------------------

efield[V/m]_vs_eta[1/m]
-----------------------
 5.000e+04  4.190e+03
 5.910e+04  3.430e+03
 7.000e+04  2.780e+03
 8.280e+04  2.260e+03
 9.790e+04  1.840e+03
 1.160e+05  1.490e+03
 1.370e+05  1.220e+03
 1.620e+05  9.970e+02
 1.920e+05  8.240e+02
 2.270e+05  6.850e+02
 2.680e+05  5.740e+02
 3.170e+05  4.860e+02
 3.750e+05  4.130e+02
 4.440e+05  3.490e+02
 5.250e+05  2.970e+02
 6.210e+05  2.530e+02
 7.350e+05  2.200e+02
 8.690e+05  2.010e+02
 1.030e+06  2.010e+02
 1.220e+06  2.450e+02
 1.440e+06  3.360e+02
 1.700e+06  4.910e+02
 2.010e+06  6.730e+02
 2.380e+06  8.480e+02
 2.820e+06  9.840e+02
 3.330e+06  1.050e+03
 3.940e+06  1.060e+03
 4.660e+06  1.020e+03
 5.520e+06  9.590e+02
 6.520e+06  8.770e+02
 7.720e+06  7.850e+02
 9.130e+06  6.930e+02
 1.080e+07  6.090e+02
 1.280e+07  5.280e+02
 1.510e+07  4.570e+02
 1.790e+07  3.920e+02
 2.110e+07  3.400e+02
 2.500e+07  2.930e+02
 2.960e+07  2.530e+02
 3.500e+07  2.200e+02
-----------------------

Mean energy (eV)
COMMENT: E/N vs eV, this is just to test the output of the electron energy
COMMENT: this is copied in from some other Bolsig+ data for air
-----------------------
1.000000000000000000e+00 2.273000000000000020e-01
1.151000000000000023e+00 2.449999999999999956e-01
1.326000000000000068e+00 2.656999999999999917e-01
1.526000000000000023e+00 2.908000000000000029e-01
1.758000000000000007e+00 3.219000000000000195e-01
2.024000000000000021e+00 3.603000000000000091e-01
2.330000000000000071e+00 4.069999999999999729e-01
2.682999999999999829e+00 4.617999999999999883e-01
3.088999999999999968e+00 5.223999999999999755e-01
3.556000000000000050e+00 5.862000000000000544e-01
4.094999999999999751e+00 6.497000000000000552e-01
4.714999999999999858e+00 7.102000000000000535e-01
5.429000000000000270e+00 7.657000000000000473e-01
6.251000000000000334e+00 8.153000000000000247e-01
7.197000000000000064e+00 8.588000000000000078e-01
8.285999999999999588e+00 8.963999999999999746e-01
9.541000000000000369e+00 9.287999999999999590e-01
1.099000000000000021e+01 9.565000000000000169e-01
1.265000000000000036e+01 9.805000000000000382e-01
1.456000000000000050e+01 1.000999999999999890e+00
1.676999999999999957e+01 1.018999999999999906e+00
1.930999999999999872e+01 1.036000000000000032e+00
2.223000000000000043e+01 1.052000000000000046e+00
2.560000000000000142e+01 1.068000000000000060e+00
2.946999999999999886e+01 1.084000000000000075e+00
3.392999999999999972e+01 1.104999999999999982e+00
3.907000000000000028e+01 1.129999999999999893e+00
4.497999999999999687e+01 1.175999999999999934e+00
5.178999999999999915e+01 1.256000000000000005e+00
5.964000000000000057e+01 1.391000000000000014e+00
6.865999999999999659e+01 1.604999999999999982e+00
7.906000000000000227e+01 1.915000000000000036e+00
9.103000000000000114e+01 2.318999999999999950e+00
1.047999999999999972e+02 2.802000000000000046e+00
1.207000000000000028e+02 3.330999999999999961e+00
1.389000000000000057e+02 3.886000000000000121e+00
1.600000000000000000e+02 4.448000000000000398e+00
1.841999999999999886e+02 5.011999999999999567e+00
2.120999999999999943e+02 5.584999999999999964e+00
2.441999999999999886e+02 6.177999999999999936e+00
2.811999999999999886e+02 6.801000000000000156e+00
3.236999999999999886e+02 7.472000000000000419e+00
3.728000000000000114e+02 8.205000000000000071e+00
4.291999999999999886e+02 9.015000000000000568e+00
4.941999999999999886e+02 9.919000000000000483e+00
5.690000000000000000e+02 1.093999999999999950e+01
6.551000000000000227e+02 1.208000000000000007e+01
7.542999999999999545e+02 1.338000000000000078e+01
8.685000000000000000e+02 1.486999999999999922e+01
1.000000000000000000e+03 1.657000000000000028e+01
-----------------------
