

Mean energy (eV)
COMMENT: generated by bolsig_convert.py
-----------------------
1.000000000000000056e-01 8.416999999999999482e-02
1.207000000000000017e-01 8.863000000000000045e-02
1.456000000000000072e-01 9.382999999999999674e-02
1.758000000000000118e-01 1.000000000000000056e-01
2.121000000000000107e-01 1.071000000000000008e-01
2.560000000000000053e-01 1.151999999999999968e-01
3.089000000000000079e-01 1.241000000000000020e-01
3.728000000000000203e-01 1.338000000000000023e-01
4.497999999999999776e-01 1.446000000000000063e-01
5.429000000000000492e-01 1.567999999999999949e-01
6.551000000000000156e-01 1.710000000000000131e-01
7.905999999999999694e-01 1.880999999999999894e-01
9.540999999999999481e-01 2.088000000000000134e-01
1.151000000000000023e+00 2.343000000000000083e-01
1.389000000000000012e+00 2.661999999999999922e-01
1.677000000000000046e+00 3.073000000000000176e-01
2.024000000000000021e+00 3.607000000000000206e-01
2.442000000000000171e+00 4.282000000000000250e-01
2.947000000000000064e+00 5.077000000000000401e-01
3.556000000000000050e+00 5.927000000000000046e-01
4.291999999999999815e+00 6.750000000000000444e-01
5.179000000000000270e+00 7.487000000000000322e-01
6.251000000000000334e+00 8.112000000000000322e-01
7.543000000000000149e+00 8.628000000000000114e-01
9.102999999999999758e+00 9.048000000000000487e-01
1.099000000000000021e+01 9.393000000000000238e-01
1.325999999999999979e+01 9.679999999999999716e-01
1.600000000000000000e+01 9.929000000000000048e-01
1.930999999999999872e+01 1.016000000000000014e+00
2.330000000000000071e+01 1.038000000000000034e+00
2.812000000000000099e+01 1.060999999999999943e+00
3.392999999999999972e+01 1.088999999999999968e+00
4.095000000000000284e+01 1.131999999999999895e+00
4.942000000000000171e+01 1.215000000000000080e+00
5.964000000000000057e+01 1.383999999999999897e+00
7.196999999999999886e+01 1.695999999999999952e+00
8.684999999999999432e+01 2.190999999999999837e+00
1.047999999999999972e+02 2.837000000000000188e+00
1.265000000000000000e+02 3.576999999999999957e+00
1.525999999999999943e+02 4.350999999999999979e+00
1.841999999999999886e+02 5.137999999999999901e+00
2.223000000000000114e+02 5.934000000000000163e+00
2.683000000000000114e+02 6.767000000000000348e+00
3.236999999999999886e+02 7.661999999999999922e+00
3.906999999999999886e+02 8.643000000000000682e+00
4.715000000000000000e+02 9.743000000000000327e+00
5.690000000000000000e+02 1.099000000000000021e+01
6.866000000000000227e+02 1.244999999999999929e+01
8.286000000000000227e+02 1.415000000000000036e+01
1.000000000000000000e+03 1.617999999999999972e+01
-----------------------


Mobility *N (1/m/V/s)
COMMENT: generated by bolsig_convert.py
-----------------------
1.000000000000000056e-01 1.568000000000000094e+25
1.207000000000000017e-01 1.500000000000000029e+25
1.456000000000000072e-01 1.429999999999999917e+25
1.758000000000000118e-01 1.352999999999999966e+25
2.121000000000000107e-01 1.271000000000000007e+25
2.560000000000000053e-01 1.186000000000000086e+25
3.089000000000000079e-01 1.100000000000000035e+25
3.728000000000000203e-01 1.016999999999999946e+25
4.497999999999999776e-01 9.395999999999999857e+24
5.429000000000000492e-01 8.681999999999999492e+24
6.551000000000000156e-01 8.016999999999999721e+24
7.905999999999999694e-01 7.391999999999999799e+24
9.540999999999999481e-01 6.795000000000000522e+24
1.151000000000000023e+00 6.221999999999999652e+24
1.389000000000000012e+00 5.669000000000000317e+24
1.677000000000000046e+00 5.136999999999999855e+24
2.024000000000000021e+00 4.626999999999999901e+24
2.442000000000000171e+00 4.145000000000000057e+24
2.947000000000000064e+00 3.701000000000000015e+24
3.556000000000000050e+00 3.308000000000000075e+24
4.291999999999999815e+00 2.973999999999999887e+24
5.179000000000000270e+00 2.696999999999999939e+24
6.251000000000000334e+00 2.471000000000000094e+24
7.543000000000000149e+00 2.286000000000000122e+24
9.102999999999999758e+00 2.134000000000000105e+24
1.099000000000000021e+01 2.006000000000000105e+24
1.325999999999999979e+01 1.898000000000000029e+24
1.600000000000000000e+01 1.801999999999999962e+24
1.930999999999999872e+01 1.716000000000000126e+24
2.330000000000000071e+01 1.636999999999999914e+24
2.812000000000000099e+01 1.563000000000000086e+24
3.392999999999999972e+01 1.490000000000000013e+24
4.095000000000000284e+01 1.417999999999999962e+24
4.942000000000000171e+01 1.351000000000000027e+24
5.964000000000000057e+01 1.292000000000000008e+24
7.196999999999999886e+01 1.243999999999999975e+24
8.684999999999999432e+01 1.217999999999999912e+24
1.047999999999999972e+02 1.199000000000000010e+24
1.265000000000000000e+02 1.182000000000000021e+24
1.525999999999999943e+02 1.158000000000000004e+24
1.841999999999999886e+02 1.125999999999999937e+24
2.223000000000000114e+02 1.084000000000000042e+24
2.683000000000000114e+02 1.034999999999999985e+24
3.236999999999999886e+02 9.819999999999999706e+23
3.906999999999999886e+02 9.257000000000000409e+23
4.715000000000000000e+02 8.680999999999999738e+23
5.690000000000000000e+02 8.102000000000000608e+23
6.866000000000000227e+02 7.541000000000000283e+23
8.286000000000000227e+02 6.995999999999999790e+23
1.000000000000000000e+03 6.480000000000000503e+23
-----------------------


Diffusion coefficient *N (1/m/s)
COMMENT: generated by bolsig_convert.py
-----------------------
1.000000000000000056e-01 1.155999999999999958e+24
1.207000000000000017e-01 1.156999999999999981e+24
1.456000000000000072e-01 1.158000000000000004e+24
1.758000000000000118e-01 1.159000000000000027e+24
2.121000000000000107e-01 1.160999999999999939e+24
2.560000000000000053e-01 1.164000000000000008e+24
3.089000000000000079e-01 1.167999999999999966e+24
3.728000000000000203e-01 1.172000000000000059e+24
4.497999999999999776e-01 1.177000000000000040e+24
5.429000000000000492e-01 1.184999999999999956e+24
6.551000000000000156e-01 1.195000000000000052e+24
7.905999999999999694e-01 1.207000000000000061e+24
9.540999999999999481e-01 1.223000000000000027e+24
1.151000000000000023e+00 1.243999999999999975e+24
1.389000000000000012e+00 1.271000000000000061e+24
1.677000000000000046e+00 1.305000000000000040e+24
2.024000000000000021e+00 1.350000000000000004e+24
2.442000000000000171e+00 1.406999999999999977e+24
2.947000000000000064e+00 1.474999999999999935e+24
3.556000000000000050e+00 1.546999999999999985e+24
4.291999999999999815e+00 1.614999999999999943e+24
5.179000000000000270e+00 1.674999999999999985e+24
6.251000000000000334e+00 1.723000000000000019e+24
7.543000000000000149e+00 1.759000000000000044e+24
9.102999999999999758e+00 1.786999999999999885e+24
1.099000000000000021e+01 1.806000000000000055e+24
1.325999999999999979e+01 1.819000000000000086e+24
1.600000000000000000e+01 1.825999999999999979e+24
1.930999999999999872e+01 1.827000000000000002e+24
2.330000000000000071e+01 1.829000000000000048e+24
2.812000000000000099e+01 1.827000000000000002e+24
3.392999999999999972e+01 1.821000000000000132e+24
4.095000000000000284e+01 1.819000000000000086e+24
4.942000000000000171e+01 1.843000000000000103e+24
5.964000000000000057e+01 1.922000000000000046e+24
7.196999999999999886e+01 2.103999999999999950e+24
8.684999999999999432e+01 2.423000000000000061e+24
1.047999999999999972e+02 2.853999999999999803e+24
1.265000000000000000e+02 3.345999999999999878e+24
1.525999999999999943e+02 3.841000000000000023e+24
1.841999999999999886e+02 4.310000000000000105e+24
2.223000000000000114e+02 4.736999999999999755e+24
2.683000000000000114e+02 5.134999999999999809e+24
3.236999999999999886e+02 5.506999999999999801e+24
3.906999999999999886e+02 5.859000000000000405e+24
4.715000000000000000e+02 6.198000000000000172e+24
5.690000000000000000e+02 6.530000000000000315e+24
6.866000000000000227e+02 6.873000000000000174e+24
8.286000000000000227e+02 7.224999999999999704e+24
1.000000000000000000e+03 7.606999999999999927e+24
-----------------------


Townsend ioniz. coef. alpha/N (m2)
COMMENT: generated by bolsig_convert.py
-----------------------
1.000000000000000056e-01 0.000000000000000000e+00
1.207000000000000017e-01 0.000000000000000000e+00
1.456000000000000072e-01 0.000000000000000000e+00
1.758000000000000118e-01 0.000000000000000000e+00
2.121000000000000107e-01 0.000000000000000000e+00
2.560000000000000053e-01 0.000000000000000000e+00
3.089000000000000079e-01 0.000000000000000000e+00
3.728000000000000203e-01 0.000000000000000000e+00
4.497999999999999776e-01 0.000000000000000000e+00
5.429000000000000492e-01 0.000000000000000000e+00
6.551000000000000156e-01 0.000000000000000000e+00
7.905999999999999694e-01 0.000000000000000000e+00
9.540999999999999481e-01 0.000000000000000000e+00
1.151000000000000023e+00 0.000000000000000000e+00
1.389000000000000012e+00 0.000000000000000000e+00
1.677000000000000046e+00 0.000000000000000000e+00
2.024000000000000021e+00 0.000000000000000000e+00
2.442000000000000171e+00 0.000000000000000000e+00
2.947000000000000064e+00 0.000000000000000000e+00
3.556000000000000050e+00 0.000000000000000000e+00
4.291999999999999815e+00 0.000000000000000000e+00
5.179000000000000270e+00 0.000000000000000000e+00
6.251000000000000334e+00 0.000000000000000000e+00
7.543000000000000149e+00 0.000000000000000000e+00
9.102999999999999758e+00 0.000000000000000000e+00
1.099000000000000021e+01 0.000000000000000000e+00
1.325999999999999979e+01 0.000000000000000000e+00
1.600000000000000000e+01 0.000000000000000000e+00
1.930999999999999872e+01 0.000000000000000000e+00
2.330000000000000071e+01 7.539999999999999656e-34
2.812000000000000099e+01 4.580999999999999849e-30
3.392999999999999972e+01 1.658000000000000082e-28
4.095000000000000284e+01 3.262000000000000149e-27
4.942000000000000171e+01 3.965000000000000253e-26
5.964000000000000057e+01 3.251999999999999976e-25
7.196999999999999886e+01 1.904000000000000119e-24
8.684999999999999432e+01 8.294999999999999840e-24
1.047999999999999972e+02 2.797999999999999939e-23
1.265000000000000000e+02 7.690000000000000047e-23
1.525999999999999943e+02 1.802000000000000026e-22
1.841999999999999886e+02 3.733000000000000223e-22
2.223000000000000114e+02 7.029000000000000060e-22
2.683000000000000114e+02 1.225999999999999917e-21
3.236999999999999886e+02 2.006999999999999882e-21
3.906999999999999886e+02 3.115000000000000042e-21
4.715000000000000000e+02 4.620999999999999813e-21
5.690000000000000000e+02 6.587000000000000109e-21
6.866000000000000227e+02 9.066000000000000524e-21
8.286000000000000227e+02 1.208999999999999932e-20
1.000000000000000000e+03 1.567000000000000020e-20
-----------------------


Townsend attach. coef. eta/N (m2)
COMMENT: generated by bolsig_convert.py
-----------------------
1.000000000000000056e-01 1.711999999999999853e-39
1.207000000000000017e-01 1.503000000000000030e-39
1.456000000000000072e-01 1.323999999999999936e-39
1.758000000000000118e-01 1.173999999999999987e-39
2.121000000000000107e-01 1.049999999999999967e-39
2.560000000000000053e-01 9.464000000000000225e-40
3.089000000000000079e-01 8.564999999999999627e-40
3.728000000000000203e-01 7.762000000000000445e-40
4.497999999999999776e-01 7.024000000000000267e-40
5.429000000000000492e-01 6.335999999999999637e-40
6.551000000000000156e-01 5.698000000000000186e-40
7.905999999999999694e-01 5.110000000000000283e-40
9.540999999999999481e-01 4.573000000000000164e-40
1.151000000000000023e+00 4.082000000000000281e-40
1.389000000000000012e+00 3.629999999999999800e-40
1.677000000000000046e+00 3.207000000000000037e-40
2.024000000000000021e+00 2.804999999999999920e-40
2.442000000000000171e+00 2.420999999999999967e-40
2.947000000000000064e+00 2.058999999999999896e-40
3.556000000000000050e+00 1.729000000000000025e-40
4.291999999999999815e+00 1.438999999999999997e-40
5.179000000000000270e+00 1.192999999999999938e-40
6.251000000000000334e+00 9.906999999999998992e-41
7.543000000000000149e+00 8.252000000000000500e-41
9.102999999999999758e+00 6.898999999999999970e-41
1.099000000000000021e+01 5.790000000000000251e-41
1.325999999999999979e+01 1.458000000000000127e-35
1.600000000000000000e+01 2.015999999999999916e-30
1.930999999999999872e+01 7.837000000000000289e-29
2.330000000000000071e+01 1.578999999999999913e-27
2.812000000000000099e+01 1.832000000000000036e-26
3.392999999999999972e+01 1.343000000000000100e-25
4.095000000000000284e+01 6.645999999999999550e-25
4.942000000000000171e+01 2.367000000000000094e-24
5.964000000000000057e+01 6.332999999999999885e-24
7.196999999999999886e+01 1.306999999999999936e-23
8.684999999999999432e+01 2.132999999999999875e-23
1.047999999999999972e+02 2.848999999999999758e-23
1.265000000000000000e+02 3.271000000000000253e-23
1.525999999999999943e+02 3.372999999999999890e-23
1.841999999999999886e+02 3.232999999999999846e-23
2.223000000000000114e+02 2.949999999999999802e-23
2.683000000000000114e+02 2.602000000000000053e-23
3.236999999999999886e+02 2.238999999999999942e-23
3.906999999999999886e+02 1.890999999999999899e-23
4.715000000000000000e+02 1.572999999999999991e-23
5.690000000000000000e+02 1.292000000000000015e-23
6.866000000000000227e+02 1.047999999999999971e-23
8.286000000000000227e+02 8.405000000000000631e-24
1.000000000000000000e+03 6.666000000000000595e-24
-----------------------


C46 N2 Ionization 15.58 eV
COMMENT: generated by bolsig_convert.py
-----------------------
1.000000000000000056e-01 0.000000000000000000e+00
1.207000000000000017e-01 0.000000000000000000e+00
1.456000000000000072e-01 0.000000000000000000e+00
1.758000000000000118e-01 0.000000000000000000e+00
2.121000000000000107e-01 0.000000000000000000e+00
2.560000000000000053e-01 0.000000000000000000e+00
3.089000000000000079e-01 0.000000000000000000e+00
3.728000000000000203e-01 0.000000000000000000e+00
4.497999999999999776e-01 0.000000000000000000e+00
5.429000000000000492e-01 0.000000000000000000e+00
6.551000000000000156e-01 0.000000000000000000e+00
7.905999999999999694e-01 0.000000000000000000e+00
9.540999999999999481e-01 0.000000000000000000e+00
1.151000000000000023e+00 0.000000000000000000e+00
1.389000000000000012e+00 0.000000000000000000e+00
1.677000000000000046e+00 0.000000000000000000e+00
2.024000000000000021e+00 0.000000000000000000e+00
2.442000000000000171e+00 0.000000000000000000e+00
2.947000000000000064e+00 0.000000000000000000e+00
3.556000000000000050e+00 0.000000000000000000e+00
4.291999999999999815e+00 0.000000000000000000e+00
5.179000000000000270e+00 0.000000000000000000e+00
6.251000000000000334e+00 0.000000000000000000e+00
7.543000000000000149e+00 0.000000000000000000e+00
9.102999999999999758e+00 0.000000000000000000e+00
1.099000000000000021e+01 0.000000000000000000e+00
1.325999999999999979e+01 0.000000000000000000e+00
1.600000000000000000e+01 0.000000000000000000e+00
1.930999999999999872e+01 0.000000000000000000e+00
2.330000000000000071e+01 0.000000000000000000e+00
2.812000000000000099e+01 0.000000000000000000e+00
3.392999999999999972e+01 1.229999999999999961e-25
4.095000000000000284e+01 8.391999999999999749e-24
4.942000000000000171e+01 2.657999999999999895e-22
5.964000000000000057e+01 4.757000000000000145e-21
7.196999999999999886e+01 5.231000000000000202e-20
8.684999999999999432e+01 3.819000000000000152e-19
1.047999999999999972e+02 1.960999999999999811e-18
1.265000000000000000e+02 7.630000000000000230e-18
1.525999999999999943e+02 2.389000000000000153e-17
1.841999999999999886e+02 6.331999999999999895e-17
2.223000000000000114e+02 1.472000000000000056e-16
2.683000000000000114e+02 3.093000000000000167e-16
3.236999999999999886e+02 5.987000000000000452e-16
3.906999999999999886e+02 1.082000000000000030e-15
4.715000000000000000e+02 1.846999999999999839e-15
5.690000000000000000e+02 3.001000000000000052e-15
6.866000000000000227e+02 4.677000000000000070e-15
8.286000000000000227e+02 7.018999999999999867e-15
1.000000000000000000e+03 1.020000000000000008e-14
-----------------------


C47 O2 Attachment
COMMENT: generated by bolsig_convert.py
-----------------------
1.000000000000000056e-01 1.342000000000000109e-35
1.207000000000000017e-01 1.361000000000000077e-35
1.456000000000000072e-01 1.378000000000000105e-35
1.758000000000000118e-01 1.397000000000000074e-35
2.121000000000000107e-01 1.416000000000000042e-35
2.560000000000000053e-01 1.435999999999999981e-35
3.089000000000000079e-01 1.454999999999999949e-35
3.728000000000000203e-01 1.471000000000000007e-35
4.497999999999999776e-01 1.483999999999999887e-35
5.429000000000000492e-01 1.492999999999999886e-35
6.551000000000000156e-01 1.496000000000000064e-35
7.905999999999999694e-01 1.492999999999999886e-35
9.540999999999999481e-01 1.482999999999999917e-35
1.151000000000000023e+00 1.462000000000000008e-35
1.389000000000000012e+00 1.429999999999999892e-35
1.677000000000000046e+00 1.381000000000000016e-35
2.024000000000000021e+00 1.312999999999999904e-35
2.442000000000000171e+00 1.225000000000000120e-35
2.947000000000000064e+00 1.122999999999999951e-35
3.556000000000000050e+00 1.017000000000000036e-35
4.291999999999999815e+00 9.180999999999999890e-36
5.179000000000000270e+00 8.335000000000000239e-36
6.251000000000000334e+00 7.651000000000000037e-36
7.543000000000000149e+00 7.115000000000000504e-36
9.102999999999999758e+00 6.701000000000000277e-36
1.099000000000000021e+01 6.381000000000000456e-36
1.325999999999999979e+01 6.130000000000000450e-36
1.600000000000000000e+01 5.929000000000000292e-36
1.930999999999999872e+01 5.757999999999999907e-36
2.330000000000000071e+01 5.607999999999999699e-36
2.812000000000000099e+01 5.466000000000000321e-36
3.392999999999999972e+01 5.318000000000000321e-36
4.095000000000000284e+01 5.140999999999999981e-36
4.942000000000000171e+01 4.908999999999999944e-36
5.964000000000000057e+01 4.589000000000000123e-36
7.196999999999999886e+01 4.125000000000000049e-36
8.684999999999999432e+01 3.561999999999999717e-36
1.047999999999999972e+02 2.946999999999999999e-36
1.265000000000000000e+02 2.391000000000000060e-36
1.525999999999999943e+02 1.934000000000000044e-36
1.841999999999999886e+02 1.584999999999999885e-36
2.223000000000000114e+02 1.332000000000000006e-36
2.683000000000000114e+02 1.147999999999999942e-36
3.236999999999999886e+02 1.014999999999999995e-36
3.906999999999999886e+02 9.198999999999999421e-37
4.715000000000000000e+02 8.524999999999999923e-37
5.690000000000000000e+02 8.069000000000000680e-37
6.866000000000000227e+02 7.765999999999999952e-37
8.286000000000000227e+02 7.619999999999999491e-37
1.000000000000000000e+03 7.593999999999999797e-37
-----------------------


C48 O2 Attachment
COMMENT: generated by bolsig_convert.py
-----------------------
1.000000000000000056e-01 0.000000000000000000e+00
1.207000000000000017e-01 0.000000000000000000e+00
1.456000000000000072e-01 0.000000000000000000e+00
1.758000000000000118e-01 0.000000000000000000e+00
2.121000000000000107e-01 0.000000000000000000e+00
2.560000000000000053e-01 0.000000000000000000e+00
3.089000000000000079e-01 0.000000000000000000e+00
3.728000000000000203e-01 0.000000000000000000e+00
4.497999999999999776e-01 0.000000000000000000e+00
5.429000000000000492e-01 0.000000000000000000e+00
6.551000000000000156e-01 0.000000000000000000e+00
7.905999999999999694e-01 0.000000000000000000e+00
9.540999999999999481e-01 0.000000000000000000e+00
1.151000000000000023e+00 0.000000000000000000e+00
1.389000000000000012e+00 0.000000000000000000e+00
1.677000000000000046e+00 0.000000000000000000e+00
2.024000000000000021e+00 0.000000000000000000e+00
2.442000000000000171e+00 0.000000000000000000e+00
2.947000000000000064e+00 0.000000000000000000e+00
3.556000000000000050e+00 0.000000000000000000e+00
4.291999999999999815e+00 0.000000000000000000e+00
5.179000000000000270e+00 0.000000000000000000e+00
6.251000000000000334e+00 0.000000000000000000e+00
7.543000000000000149e+00 0.000000000000000000e+00
9.102999999999999758e+00 0.000000000000000000e+00
1.099000000000000021e+01 0.000000000000000000e+00
1.325999999999999979e+01 1.834000000000000055e-30
1.600000000000000000e+01 2.906000000000000037e-25
1.930999999999999872e+01 1.298000000000000072e-23
2.330000000000000071e+01 3.012999999999999793e-22
2.812000000000000099e+01 4.025999999999999771e-21
3.392999999999999972e+01 3.395000000000000159e-20
4.095000000000000284e+01 1.929000000000000001e-19
4.942000000000000171e+01 7.900000000000000334e-19
5.964000000000000057e+01 2.438999999999999887e-18
7.196999999999999886e+01 5.849000000000000231e-18
8.684999999999999432e+01 1.128000000000000007e-17
1.047999999999999972e+02 1.788999999999999956e-17
1.265000000000000000e+02 2.443999999999999938e-17
1.525999999999999943e+02 2.980999999999999776e-17
1.841999999999999886e+02 3.352999999999999954e-17
2.223000000000000114e+02 3.554000000000000040e-17
2.683000000000000114e+02 3.613000000000000111e-17
3.236999999999999886e+02 3.559000000000000245e-17
3.906999999999999886e+02 3.419999999999999983e-17
4.715000000000000000e+02 3.218999999999999897e-17
5.690000000000000000e+02 2.978000000000000024e-17
6.866000000000000227e+02 2.712999999999999970e-17
8.286000000000000227e+02 2.435999999999999980e-17
1.000000000000000000e+03 2.159999999999999908e-17
-----------------------


C61 O2 Ionization 12.07 eV
COMMENT: generated by bolsig_convert.py
-----------------------
1.000000000000000056e-01 0.000000000000000000e+00
1.207000000000000017e-01 0.000000000000000000e+00
1.456000000000000072e-01 0.000000000000000000e+00
1.758000000000000118e-01 0.000000000000000000e+00
2.121000000000000107e-01 0.000000000000000000e+00
2.560000000000000053e-01 0.000000000000000000e+00
3.089000000000000079e-01 0.000000000000000000e+00
3.728000000000000203e-01 0.000000000000000000e+00
4.497999999999999776e-01 0.000000000000000000e+00
5.429000000000000492e-01 0.000000000000000000e+00
6.551000000000000156e-01 0.000000000000000000e+00
7.905999999999999694e-01 0.000000000000000000e+00
9.540999999999999481e-01 0.000000000000000000e+00
1.151000000000000023e+00 0.000000000000000000e+00
1.389000000000000012e+00 0.000000000000000000e+00
1.677000000000000046e+00 0.000000000000000000e+00
2.024000000000000021e+00 0.000000000000000000e+00
2.442000000000000171e+00 0.000000000000000000e+00
2.947000000000000064e+00 0.000000000000000000e+00
3.556000000000000050e+00 0.000000000000000000e+00
4.291999999999999815e+00 0.000000000000000000e+00
5.179000000000000270e+00 0.000000000000000000e+00
6.251000000000000334e+00 0.000000000000000000e+00
7.543000000000000149e+00 0.000000000000000000e+00
9.102999999999999758e+00 0.000000000000000000e+00
1.099000000000000021e+01 0.000000000000000000e+00
1.325999999999999979e+01 0.000000000000000000e+00
1.600000000000000000e+01 0.000000000000000000e+00
1.930999999999999872e+01 0.000000000000000000e+00
2.330000000000000071e+01 1.437999999999999952e-28
2.812000000000000099e+01 1.007000000000000088e-24
3.392999999999999972e+01 4.142000000000000248e-23
4.095000000000000284e+01 9.132000000000000563e-22
4.942000000000000171e+01 1.216999999999999987e-20
5.964000000000000057e+01 1.061999999999999987e-19
7.196999999999999886e+01 6.427999999999999616e-19
8.684999999999999432e+01 2.858999999999999963e-18
1.047999999999999972e+02 9.729999999999999841e-18
1.265000000000000000e+02 2.693999999999999994e-17
1.525999999999999943e+02 6.369000000000000546e-17
1.841999999999999886e+02 1.338999999999999916e-16
2.223000000000000114e+02 2.576999999999999769e-16
2.683000000000000114e+02 4.644000000000000126e-16
3.236999999999999886e+02 7.948000000000000171e-16
3.906999999999999886e+02 1.304000000000000087e-15
4.715000000000000000e+02 2.066999999999999864e-15
5.690000000000000000e+02 3.179000000000000184e-15
6.866000000000000227e+02 4.765999999999999742e-15
8.286000000000000227e+02 6.974999999999999940e-15
1.000000000000000000e+03 9.987000000000000763e-15
-----------------------
