

efield[V/m]_vs_mu[m2/Vs]
AIR
COMMENT: generated by bolsig_convert.py
-----------------------
2.414323855084169736e+03 2.620195292640000062e+00
2.795787024187467978e+03 2.476469752560000348e+00
3.235193965812787610e+03 2.337300353520000318e+00
3.744616299235547103e+03 2.202272900880000162e+00
4.336125643731168566e+03 2.068073837520000069e+00
5.016964970864903989e+03 1.930147022400000356e+00
5.808863195332512078e+03 1.791391818000000136e+00
6.723891936409412665e+03 1.651394029680000264e+00
7.783780108791363091e+03 1.515538187760000266e+00
9.010256627174121604e+03 1.386723654720000143e+00
1.042987905396361202e+04 1.269920766240000054e+00
1.207403359927593374e+04 1.165957911600000063e+00
1.397652079708225756e+04 1.075663480080000012e+00
1.617838415291901947e+04 9.986232770400000902e-01
1.872791014388790427e+04 9.323521346400001075e-01
2.167821389480075959e+04 8.768500528800000637e-01
2.508482485432452449e+04 8.292176692800000692e-01
2.904431597666256130e+04 7.890407892000000922e-01
3.363153130132248043e+04 7.546626340800000055e-01
3.891890054395682091e+04 7.248406200000001576e-01
4.505128313587060256e+04 6.987463576800000409e-01
5.214939526981807285e+04 6.759656524800000676e-01
6.038223961565508216e+04 6.556701151200000632e-01
6.989467560468670854e+04 6.357887724000000906e-01
8.090399238387052901e+04 6.175642082400001343e-01
9.365162233871493663e+04 5.997538387200000987e-01
1.084272843318300438e+05 5.827718584800000157e-01
1.254965539872751397e+05 5.637189050400001067e-01
1.452698663604144822e+05 5.459085355200000711e-01
1.681576565066124313e+05 5.268555820800000511e-01
1.946669324354365817e+05 5.094594072000000473e-01
2.253529886335564079e+05 4.928916216000000516e-01
2.607469763490903133e+05 4.771522252800000641e-01
3.020319142710296437e+05 4.618270236000000528e-01
3.495940942161877756e+05 4.477444058400000260e-01
4.046406781121068052e+05 4.332475934400000228e-01
4.683788278863289161e+05 4.187507810400000197e-01
5.422571378519044956e+05 4.045439048880000721e-01
6.277242023218841059e+05 3.906269649840000135e-01
7.264700479948265711e+05 3.766686056160000184e-01
8.409089987258162582e+05 3.623374710720000391e-01
9.734553783699371852e+05 3.485033700960000203e-01
1.127006375553290360e+06 3.347521080480000411e-01
1.304459178901976906e+06 3.210836849280000460e-01
1.510159571355148219e+06 3.077880369840000352e-01
1.747970471080938820e+06 2.942438722560000719e-01
2.023444822946042754e+06 2.814038384160000295e-01
2.342377004202661570e+06 2.686052240400000346e-01
2.711285689259522595e+06 2.563450626959999923e-01
3.138621011609420180e+06 2.443334181360000135e-01
-----------------------


efield[V/m]_vs_dif[m2/s]
AIR
COMMENT: generated by bolsig_convert.py
-----------------------
2.414323855084169736e+03 5.338968909600000368e-01
2.795787024187467978e+03 5.413523944800000542e-01
3.235193965812787610e+03 5.496362872800000243e-01
3.744616299235547103e+03 5.604053479200000742e-01
4.336125643731168566e+03 5.740737710400001248e-01
5.016964970864903989e+03 5.910557512799999857e-01
5.808863195332512078e+03 6.109370940000000694e-01
6.723891936409412665e+03 6.337177992000001536e-01
7.783780108791363091e+03 6.577410883200001113e-01
9.010256627174121604e+03 6.817643774400000689e-01
1.042987905396361202e+04 7.037166933600000895e-01
1.207403359927593374e+04 7.231838414400000303e-01
1.397652079708225756e+04 7.393374324000001607e-01
1.617838415291901947e+04 7.525916608800000684e-01
1.872791014388790427e+04 7.629465268800000866e-01
2.167821389480075959e+04 7.704020304000001040e-01
2.508482485432452449e+04 7.762007553600001053e-01
2.904431597666256130e+04 7.803427017600000903e-01
3.363153130132248043e+04 7.832420642399999799e-01
3.891890054395682091e+04 7.844846481600000754e-01
4.505128313587060256e+04 7.848988428000001072e-01
5.214939526981807285e+04 7.844846481600000754e-01
6.038223961565508216e+04 7.836562588800000118e-01
6.989467560468670854e+04 7.819994803200001066e-01
8.090399238387052901e+04 7.799285071200000585e-01
9.365162233871493663e+04 7.791001178399999949e-01
1.084272843318300438e+05 7.811710910400000429e-01
1.254965539872751397e+05 7.906975677600001084e-01
1.452698663604144822e+05 8.134782729600000817e-01
1.681576565066124313e+05 8.569687101600000911e-01
1.946669324354365817e+05 9.240682418400000264e-01
2.253529886335564079e+05 1.016847841200000158e+00
2.607469763490903133e+05 1.127023615440000182e+00
3.020319142710296437e+05 1.247554255680000335e+00
3.495940942161877756e+05 1.371812647680000108e+00
4.046406781121068052e+05 1.492757482560000071e+00
4.683788278863289161e+05 1.608317787120000064e+00
5.422571378519044956e+05 1.720978729200000057e+00
6.277242023218841059e+05 1.831568698080000113e+00
7.264700479948265711e+05 1.941744472320000359e+00
8.409089987258162582e+05 2.052748635840000446e+00
9.734553783699371852e+05 2.168308940400000218e+00
1.127006375553290360e+06 2.290496359200000054e+00
1.304459178901976906e+06 2.419725086880000209e+00
1.510159571355148219e+06 2.559722875200000303e+00
1.747970471080938820e+06 2.708418750960000398e+00
2.023444822946042754e+06 2.872854023040000371e+00
2.342377004202661570e+06 3.052200302160000156e+00
2.711285689259522595e+06 3.251427924000000136e+00
3.138621011609420180e+06 3.475093029600000438e+00
-----------------------


efield[V/m]_vs_alpha[1/m]
AIR
COMMENT: generated by bolsig_convert.py
-----------------------
2.414323855084169736e+03 0.000000000000000000e+00
2.795787024187467978e+03 0.000000000000000000e+00
3.235193965812787610e+03 0.000000000000000000e+00
3.744616299235547103e+03 0.000000000000000000e+00
4.336125643731168566e+03 0.000000000000000000e+00
5.016964970864903989e+03 0.000000000000000000e+00
5.808863195332512078e+03 0.000000000000000000e+00
6.723891936409412665e+03 0.000000000000000000e+00
7.783780108791363091e+03 0.000000000000000000e+00
9.010256627174121604e+03 0.000000000000000000e+00
1.042987905396361202e+04 0.000000000000000000e+00
1.207403359927593374e+04 0.000000000000000000e+00
1.397652079708225756e+04 0.000000000000000000e+00
1.617838415291901947e+04 0.000000000000000000e+00
1.872791014388790427e+04 0.000000000000000000e+00
2.167821389480075959e+04 0.000000000000000000e+00
2.508482485432452449e+04 0.000000000000000000e+00
2.904431597666256130e+04 0.000000000000000000e+00
3.363153130132248043e+04 0.000000000000000000e+00
3.891890054395682091e+04 0.000000000000000000e+00
4.505128313587060256e+04 0.000000000000000000e+00
5.214939526981807285e+04 3.696329822133864321e-08
6.038223961565508216e+04 1.245066812066906333e-06
6.989467560468670854e+04 2.508482485432452511e-05
8.090399238387052901e+04 3.406610959523763849e-04
9.365162233871493663e+04 3.285894766769555542e-03
1.084272843318300438e+05 2.378833294414432753e-02
1.254965539872751397e+05 1.355159979858744645e-01
1.452698663604144822e+05 6.267584727798505284e-01
1.681576565066124313e+05 2.445710065200264349e+00
1.946669324354365817e+05 8.085570590676885772e+00
2.253529886335564079e+05 2.345032760443254460e+01
2.607469763490903133e+05 5.977865865188404371e+01
3.020319142710296437e+05 1.368680193447215743e+02
3.495940942161877756e+05 2.853730796709488686e+02
4.046406781121068052e+05 5.492586770316486309e+02
4.683788278863289161e+05 9.869755919584086996e+02
5.422571378519044956e+05 1.670953540103753994e+03
6.277242023218841059e+05 2.689556774563764975e+03
7.264700479948265711e+05 4.130908116049014097e+03
8.409089987258162582e+05 6.100996381797697723e+03
9.734553783699371852e+05 8.679494259027591397e+03
1.127006375553290360e+06 1.195090308266664215e+04
1.304459178901976906e+06 1.596592365367161619e+04
1.510159571355148219e+06 2.075111353444843917e+04
1.747970471080938820e+06 2.631613002041745131e+04
2.023444822946042754e+06 3.264165852073797578e+04
2.342377004202661570e+06 3.966734093903291068e+04
2.711285689259522595e+06 4.732074755964973156e+04
3.138621011609420180e+06 5.548116218983422732e+04
-----------------------


efield[V/m]_vs_eta[1/m]
AIR
COMMENT: generated by bolsig_convert.py
-----------------------
2.414323855084169736e+03 1.938219190861571611e-16
2.795787024187467978e+03 1.658157623671807952e-16
3.235193965812787610e+03 1.416725238163390919e-16
3.744616299235547103e+03 1.203057576988441759e-16
4.336125643731168566e+03 1.019568964002044913e-16
5.016964970864903989e+03 8.604650219519981407e-17
5.808863195332512078e+03 7.235728593687256168e-17
6.723891936409412665e+03 6.074438819391771204e-17
7.783780108791363091e+03 5.055594152546251154e-17
9.010256627174121604e+03 4.210580803266792157e-17
1.042987905396361202e+04 3.508012561437298692e-17
1.207403359927593374e+04 2.928574836217098060e-17
1.397652079708225756e+04 2.452953036765516642e-17
1.617838415291901947e+04 2.066419787566541020e-17
1.872791014388790427e+04 1.750143362550514745e-17
2.167821389480075959e+04 1.493500736755067432e-17
2.508482485432452449e+04 1.276935886954017491e-17
2.904431597666256130e+04 1.099965948376347749e-17
3.363153130132248043e+04 1.012808857207809274e-06
3.891890054395682091e+04 2.217556460894809950e-05
4.505128313587060256e+04 3.295552062189891895e-04
5.214939526981807285e+04 3.235193965812787741e-03
6.038223961565508216e+04 2.228662350628197314e-02
6.989467560468670854e+04 1.139802291985236443e-01
8.090399238387052901e+04 4.572729381529417325e-01
9.365162233871493663e+04 1.482636279407188784e+00
1.084272843318300438e+05 3.995705980164300897e+00
1.254965539872751397e+05 9.172016325464761977e+00
1.452698663604144822e+05 1.813881512324736534e+01
1.681576565066124313e+05 3.160349926305178414e+01
1.946669324354365817e+05 4.816576090892918671e+01
2.253529886335564079e+05 6.620076010640792674e+01
2.607469763490903133e+05 8.203872459576008680e+01
3.020319142710296437e+05 9.382062500857082910e+01
3.495940942161877756e+05 1.004841588486031441e+02
4.046406781121068052e+05 1.022224720242637517e+02
4.683788278863289161e+05 1.000254373161371575e+02
5.422571378519044956e+05 9.497950045901124838e+01
6.277242023218841059e+05 8.817110718767388278e+01
7.264700479948265711e+05 8.044527085140454403e+01
8.409089987258162582e+05 7.245385889107593869e+01
9.734553783699371852e+05 6.453487664639986576e+01
1.127006375553290360e+06 5.707461593418977230e+01
1.304459178901976906e+06 5.016964970864904672e+01
1.510159571355148219e+06 4.391655092398104898e+01
1.747970471080938820e+06 3.836360605728745554e+01
2.023444822946042754e+06 3.351081510856828061e+01
2.342377004202661570e+06 2.930989160072182287e+01
2.711285689259522595e+06 2.568840581809556767e+01
3.138621011609420180e+06 2.262945749370392079e+01
-----------------------


efield[V/m]_vs_energy[eV]
AIR
COMMENT: generated by bolsig_convert.py
-----------------------
2.414323855084169736e+03 2.273000000000000020e-01
2.795787024187467978e+03 2.457000000000000017e-01
3.235193965812787610e+03 2.674000000000000266e-01
3.744616299235547103e+03 2.942000000000000171e-01
4.336125643731168566e+03 3.271000000000000019e-01
5.016964970864903989e+03 3.687000000000000277e-01
5.808863195332512078e+03 4.188999999999999946e-01
6.723891936409412665e+03 4.772000000000000131e-01
7.783780108791363091e+03 5.413999999999999924e-01
9.010256627174121604e+03 6.078999999999999959e-01
1.042987905396361202e+04 6.731000000000000316e-01
1.207403359927593374e+04 7.338999999999999968e-01
1.397652079708225756e+04 7.889000000000000457e-01
1.617838415291901947e+04 8.374000000000000332e-01
1.872791014388790427e+04 8.796000000000000485e-01
2.167821389480075959e+04 9.153000000000000025e-01
2.508482485432452449e+04 9.459999999999999520e-01
2.904431597666256130e+04 9.720999999999999641e-01
3.363153130132248043e+04 9.949000000000000066e-01
3.891890054395682091e+04 1.014000000000000012e+00
4.505128313587060256e+04 1.032000000000000028e+00
5.214939526981807285e+04 1.048000000000000043e+00
6.038223961565508216e+04 1.062999999999999945e+00
6.989467560468670854e+04 1.080000000000000071e+00
8.090399238387052901e+04 1.100000000000000089e+00
9.365162233871493663e+04 1.127999999999999892e+00
1.084272843318300438e+05 1.175000000000000044e+00
1.254965539872751397e+05 1.258999999999999897e+00
1.452698663604144822e+05 1.403000000000000025e+00
1.681576565066124313e+05 1.635000000000000009e+00
1.946669324354365817e+05 1.965999999999999970e+00
2.253529886335564079e+05 2.403999999999999915e+00
2.607469763490903133e+05 2.912999999999999812e+00
3.020319142710296437e+05 3.467999999999999972e+00
3.495940942161877756e+05 4.049000000000000377e+00
4.046406781121068052e+05 4.633000000000000007e+00
4.683788278863289161e+05 5.216999999999999638e+00
5.422571378519044956e+05 5.817999999999999616e+00
6.277242023218841059e+05 6.448999999999999844e+00
7.264700479948265711e+05 7.118999999999999773e+00
8.409089987258162582e+05 7.842999999999999972e+00
9.734553783699371852e+05 8.644000000000000128e+00
1.127006375553290360e+06 9.539999999999999147e+00
1.304459178901976906e+06 1.055000000000000071e+01
1.510159571355148219e+06 1.168999999999999950e+01
1.747970471080938820e+06 1.298000000000000043e+01
2.023444822946042754e+06 1.448000000000000043e+01
2.342377004202661570e+06 1.619000000000000128e+01
2.711285689259522595e+06 1.817000000000000171e+01
3.138621011609420180e+06 2.046999999999999886e+01
-----------------------
