
efield[V/m]_vs_mu[m2/Vs]
N2
COMMENT: generated by bolsig_convert.py
-----------------------
2.414323855084169554e+04 1.860148128240000365e-01
2.803029995752720788e+04 1.699026413280000369e-01
3.254508556653460619e+04 1.561099598160000101e-01
3.778416833206725278e+04 1.442639931120000274e-01
4.386826444687935873e+04 1.341990633600000371e-01
5.091809010372513876e+04 1.255009759200000352e-01
5.912679121101131022e+04 1.179626334720000197e-01
6.863922720004293660e+04 1.113355192320000103e-01
7.967268721777758037e+04 1.053711164160000269e-01
9.249274688827453065e+04 9.994516663200002371e-02
1.073891250741438707e+05 9.497483095200001668e-02
1.246756838765465072e+05 9.033585098400001567e-02
1.447387151122959622e+05 8.598680726400001473e-02
1.680369403138582129e+05 8.201053872000001188e-02
1.951015107293517212e+05 7.832420642400000910e-02
2.265118640839967993e+05 7.492781037600002025e-02
2.629198678186660982e+05 7.186277004000000967e-02
3.051705352826390299e+05 6.904624648800000708e-02
3.544227419263561023e+05 6.656107864800001050e-02
4.114007849063424510e+05 6.424158866400001000e-02
4.777946909211570746e+05 6.221203492800000956e-02
5.545701895128337201e+05 6.030673958400001311e-02
6.439001721509479685e+05 5.856712209600000579e-02
7.474746655340589350e+05 5.691034353600001039e-02
8.677079935172505211e+05 5.529498444000000706e-02
1.007497344726623851e+06 5.367962534400001068e-02
1.169739907788280165e+06 5.206426624800000735e-02
1.358057168484845199e+06 5.040748768800000501e-02
1.576553477369962493e+06 4.870928966400001059e-02
1.830298914539308986e+06 4.709393056800000726e-02
2.124846424859577790e+06 4.547857147200000394e-02
2.467438979896021541e+06 4.398747076800000461e-02
2.863388092129825149e+06 4.262062845600000233e-02
3.324523948450901080e+06 4.134905091120000958e-02
3.860503844279587269e+06 4.017688008000000477e-02
4.480985075036218390e+06 3.904612871280000591e-02
5.202867907706385478e+06 3.792366123840000547e-02
6.040638285420591943e+06 3.681361960320000265e-02
7.013610799019511789e+06 3.570357796800000677e-02
8.141100039343819954e+06 3.458111049360000633e-02
9.452077892654523253e+06 3.344621718000000132e-02
1.097310192135755159e+07 3.230718192000000405e-02
1.274038698327916302e+07 3.115157887440000301e-02
1.479014793624562211e+07 2.998769193600000701e-02
1.717067125735861436e+07 2.881552110480000220e-02
1.993507207142999023e+07 2.764335027360000432e-02
2.314370847483684868e+07 2.647117944240000645e-02
2.687142450708680972e+07 2.531557639680000540e-02
3.119306420768747106e+07 2.418896697600000228e-02
3.621485782626254112e+07 2.309963507280000244e-02
-----------------------


efield[V/m]_vs_dif[m2/s]
N2
COMMENT: generated by bolsig_convert.py
-----------------------
2.414323855084169554e+04 5.347252802400000865e-02
2.803029995752720788e+04 5.558492068800001407e-02
3.254508556653460619e+04 5.778015228000001058e-02
3.778416833206725278e+04 5.993396440800001501e-02
4.386826444687935873e+04 6.196351814400000158e-02
5.091809010372513876e+04 6.378597456000001387e-02
5.912679121101131022e+04 6.548417258400000829e-02
6.863922720004293660e+04 6.693385382400000860e-02
7.967268721777758037e+04 6.817643774400002077e-02
9.249274688827453065e+04 6.929476327200000119e-02
1.073891250741438707e+05 7.020599148000000733e-02
1.246756838765465072e+05 7.095154183200001741e-02
1.447387151122959622e+05 7.161425325600000169e-02
1.680369403138582129e+05 7.206986736000001170e-02
1.951015107293517212e+05 7.248406200000001576e-02
2.265118640839967993e+05 7.273257878400000986e-02
2.629198678186660982e+05 7.293967610400001189e-02
3.051705352826390299e+05 7.302251503200000993e-02
3.544227419263561023e+05 7.306393449600000201e-02
4.114007849063424510e+05 7.298109556800001785e-02
4.777946909211570746e+05 7.289825664000001981e-02
5.545701895128337201e+05 7.277399824800001582e-02
6.439001721509479685e+05 7.256690092799999992e-02
7.474746655340589350e+05 7.235980360800001177e-02
8.677079935172505211e+05 7.211128682400000378e-02
1.007497344726623851e+06 7.182135057600001760e-02
1.169739907788280165e+06 7.173851164800000568e-02
1.358057168484845199e+06 7.215270628800000974e-02
1.576553477369962493e+06 7.368522645600000809e-02
1.830298914539308986e+06 7.712304196800001677e-02
2.124846424859577790e+06 8.317028371200001213e-02
2.467438979896021541e+06 9.211688793600002201e-02
2.863388092129825149e+06 1.033829821440000185e-01
3.324523948450901080e+06 1.160159186640000312e-01
3.860503844279587269e+06 1.288973719680000241e-01
4.480985075036218390e+06 1.414474695600000109e-01
5.202867907706385478e+06 1.533348557280000135e-01
6.040638285420591943e+06 1.647252083280000279e-01
7.013610799019511789e+06 1.758670441440000343e-01
8.141100039343819954e+06 1.869260410320000287e-01
9.452077892654523253e+06 1.982749741680000233e-01
1.097310192135755159e+07 2.101623603360000259e-01
1.274038698327916302e+07 2.227952968560000246e-01
1.479014793624562211e+07 2.363808810480000355e-01
1.717067125735861436e+07 2.511262102320000467e-01
1.993507207142999023e+07 2.673626401200000502e-01
2.314370847483684868e+07 2.852972680320000620e-01
2.687142450708680972e+07 3.053857080720000505e-01
3.119306420768747106e+07 3.281249938080000317e-01
3.621485782626254112e+07 3.544263534480000533e-01
-----------------------


efield[V/m]_vs_alpha[1/m]
N2
COMMENT: generated by bolsig_convert.py
-----------------------
2.414323855084169554e+04 0.000000000000000000e+00
2.803029995752720788e+04 0.000000000000000000e+00
3.254508556653460619e+04 0.000000000000000000e+00
3.778416833206725278e+04 0.000000000000000000e+00
4.386826444687935873e+04 0.000000000000000000e+00
5.091809010372513876e+04 0.000000000000000000e+00
5.912679121101131022e+04 0.000000000000000000e+00
6.863922720004293660e+04 0.000000000000000000e+00
7.967268721777758037e+04 0.000000000000000000e+00
9.249274688827453065e+04 0.000000000000000000e+00
1.073891250741438707e+05 0.000000000000000000e+00
1.246756838765465072e+05 0.000000000000000000e+00
1.447387151122959622e+05 0.000000000000000000e+00
1.680369403138582129e+05 0.000000000000000000e+00
1.951015107293517212e+05 0.000000000000000000e+00
2.265118640839967993e+05 0.000000000000000000e+00
2.629198678186660982e+05 0.000000000000000000e+00
3.051705352826390299e+05 0.000000000000000000e+00
3.544227419263561023e+05 0.000000000000000000e+00
4.114007849063424510e+05 0.000000000000000000e+00
4.777946909211570746e+05 0.000000000000000000e+00
5.545701895128337201e+05 0.000000000000000000e+00
6.439001721509479685e+05 0.000000000000000000e+00
7.474746655340589350e+05 5.560187838258843389e-07
8.677079935172505211e+05 1.805672811217450379e-05
1.007497344726623851e+06 1.046367958793479160e-03
1.169739907788280165e+06 1.653811840732656233e-02
1.358057168484845199e+06 1.815088674252278711e-01
1.576553477369962493e+06 1.462597391409990122e+00
1.830298914539308986e+06 8.906440701405502480e+00
2.124846424859577790e+06 4.215409450976959960e+01
2.467438979896021541e+06 1.594419473897585533e+02
2.863388092129825149e+06 4.942120931357295035e+02
3.324523948450901080e+06 1.293111856783081294e+03
3.860503844279587269e+06 2.940646455492518726e+03
4.480985075036218390e+06 5.973037217478236016e+03
5.202867907706385478e+06 1.107208919941600107e+04
6.040638285420591943e+06 1.906591548359968874e+04
7.013610799019511789e+06 3.090334534507737044e+04
8.141100039343819954e+06 4.756217994515814644e+04
9.452077892654523253e+06 7.003953503599176474e+04
1.097310192135755159e+07 9.925285368251022010e+04
1.274038698327916302e+07 1.359264330412387499e+05
1.479014793624562211e+07 1.805431378831941984e+05
1.717067125735861436e+07 2.333685438324358256e+05
1.993507207142999023e+07 2.943060779347603093e+05
2.314370847483684868e+07 3.631143078046591254e+05
2.687142450708680972e+07 4.391655092398104607e+05
3.119306420768747106e+07 5.210110879271638114e+05
3.621485782626254112e+07 6.072024495536687318e+05
-----------------------

efield[V/m]_vs_eta[1/m]
N2
COMMENT: generated by bolsig_convert.py
-----------------------
2.414323855084169736e+03 0.0
3.138621011609420180e+06 0.0
-----------------------
