
efield[V/m]_vs_mu[m2/Vs]
COMMENT: generated by bolsig_convert.py
-----------------------
3.287765249756258709e+04 5.417053422935338425e-01
3.455441277493828238e+04 5.341013930754886507e-01
3.632980600980666350e+04 5.268016018261654221e-01
3.820383220216772315e+04 5.198059685455638235e-01
4.014361369952392124e+04 5.128103352649623359e-01
4.218202815437280515e+04 5.061188599530827004e-01
4.435195321921192954e+04 4.997315426099248059e-01
4.662051124154374702e+04 4.933442252667669115e-01
4.902057987386582681e+04 4.872610658923307581e-01
5.151928146368057060e+04 4.811779065178947157e-01
5.414949366348557669e+04 4.753989051121804699e-01
5.694409412577839976e+04 4.699240616751879096e-01
5.983732754556390137e+04 4.641450602694736638e-01
6.289494922783722723e+04 4.589743748012029556e-01
6.611695917259836278e+04 4.534995313642105064e-01
6.950335737984730804e+04 4.483288458959397982e-01
7.308702150208162493e+04 4.440706343338345907e-01
7.680219623430620413e+04 4.395082648030075312e-01
8.074751453401370964e+04 4.346417373034586196e-01
8.489009874870660133e+04 4.300793677726315045e-01
8.922994887838486466e+04 4.252128402730827039e-01
9.379994257554606884e+04 4.218671026171428307e-01
9.860007984019019932e+04 4.166964171488721225e-01
1.036303606723172707e+05 4.133506794929323047e-01
1.089236627244248666e+05 4.093966258995488383e-01
1.145128636490104982e+05 4.039217824625563891e-01
1.203650857935766398e+05 4.005760448066165158e-01
1.265460844631184009e+05 3.960136752757894563e-01
1.330229820051382412e+05 3.923637796511277864e-01
1.398286560721336864e+05 3.881055680890225235e-01
1.469631066641047655e+05 3.835431985581955194e-01
1.544920890860466170e+05 3.805016188709773872e-01
1.624156033379591827e+05 3.768517232463158284e-01
1.707007717673449661e+05 3.710727218406014716e-01
1.794462273316966021e+05 3.689436160595488956e-01
1.886519700310141197e+05 3.634687726225563908e-01
1.982851222127999645e+05 3.601230349666165176e-01
2.084443168345468293e+05 3.561689813732330512e-01
2.190966762437570724e+05 3.500858219987969533e-01
2.303408333979235031e+05 3.470442423115789321e-01
2.421110329920508957e+05 3.446109785618045041e-01
2.545059079836319725e+05 3.403527669996992411e-01
2.675254583726667915e+05 3.354862395001503295e-01
2.812354394641504041e+05 3.336612916878194945e-01
2.956358512580828392e+05 3.278822902821052487e-01
3.107595714069615351e+05 3.260573424697744138e-01
3.266723552157818922e+05 3.205824990327819646e-01
3.432426920745534590e+05 3.202783410640601125e-01
3.609966244232372264e+05 3.157159715332330530e-01
3.794081098218723200e+05 3.120660759085714386e-01
3.988059247954341699e+05 3.108494440336841969e-01
4.191900693439230090e+05 3.071995484090225270e-01
4.405605434673387208e+05 3.047662846592480990e-01
4.632461236906568520e+05 3.028196736594285232e-01
4.869180334889019141e+05 2.998085097690826872e-01
5.119050493870494538e+05 2.977706513786466114e-01
5.382071713850995293e+05 2.949419822695338311e-01
5.654956229580765357e+05 2.916874920042105135e-01
5.947567336809072876e+05 2.916874920042105135e-01
6.250041739786647959e+05 2.891629808638195298e-01
6.568954969013005029e+05 2.846918587236090259e-01
6.907594789737899555e+05 2.840531269892931920e-01
7.259385671461820602e+05 2.812548736770525970e-01
7.630903144684275612e+05 2.780307992086014646e-01
8.022147209405271569e+05 2.766012567556089818e-01
8.433117865624804981e+05 2.741375772089623686e-01
8.863815113342874683e+05 2.714305712873383292e-01
9.317526717809237307e+05 2.682977442095037524e-01
9.794252679023895180e+05 2.662598858190676210e-01
1.029728076223660144e+06 2.645261853973533417e-01
1.082332320219760295e+06 2.615454373038796909e-01
1.137895552940641297e+06 2.585951050072781698e-01
1.196088997861327138e+06 2.558880990856541304e-01
1.257241431506793248e+06 2.536981617108571285e-01
1.321681630402015988e+06 2.508086610079999779e-01
1.389080818022019463e+06 2.482233182738646515e-01
1.460425323941729963e+06 2.453946491647518713e-01
1.535057595111197094e+06 2.423226536806616371e-01
1.613635184580371715e+06 2.394939845715488569e-01
1.696158092349253828e+06 2.367261470561804193e-01
1.782955094942819094e+06 2.340495569314285651e-01
1.874354968886043178e+06 2.311296404316992292e-01
1.970028937653950416e+06 2.277839027757593837e-01
2.070963330821467331e+06 2.249248178697744183e-01
2.177158148388594855e+06 2.221569803544060084e-01
2.288284613830355927e+06 2.192978954484210430e-01
2.405657833246654831e+06 2.163475631518195497e-01
2.528620253587538842e+06 2.134276466520902138e-01
2.658158204427935183e+06 2.103556511680000074e-01
2.794271685767844319e+06 2.074053188713984586e-01
2.937289474132241216e+06 2.043029075904360670e-01
3.087540346046102699e+06 2.012309121063458606e-01
3.245353078034403268e+06 1.983718272003608951e-01
3.412700329246996902e+06 1.953910791068871888e-01
3.586951887484078296e+06 1.925015784040300659e-01
3.771066741470429115e+06 1.897033250917894709e-01
3.961757125956292264e+06 1.868138243889323202e-01
4.165598571441180073e+06 1.839851552798195400e-01
4.379303312675337307e+06 1.810956545769624171e-01
4.602871349658762105e+06 1.782669854678496091e-01
-----------------------


efield[V/m]_vs_dif[m2/s]
COMMENT: generated by bolsig_convert.py
-----------------------
3.287765249756258709e+04 5.341013930754886507e-01
3.455441277493828238e+04 5.344055510442105028e-01
3.632980600980666350e+04 5.347097090129323549e-01
3.820383220216772315e+04 5.350138669816540959e-01
4.014361369952392124e+04 5.353180249503759480e-01
4.218202815437280515e+04 5.356221829190976891e-01
4.435195321921192954e+04 5.356221829190976891e-01
4.662051124154374702e+04 5.356221829190976891e-01
4.902057987386582681e+04 5.359263408878195412e-01
5.151928146368057060e+04 5.356221829190976891e-01
5.414949366348557669e+04 5.356221829190976891e-01
5.694409412577839976e+04 5.353180249503759480e-01
5.983732754556390137e+04 5.353180249503759480e-01
6.289494922783722723e+04 5.350138669816540959e-01
6.611695917259836278e+04 5.347097090129323549e-01
6.950335737984730804e+04 5.344055510442105028e-01
7.308702150208162493e+04 5.341013930754886507e-01
7.680219623430620413e+04 5.337972351067669097e-01
8.074751453401370964e+04 5.334930771380450576e-01
8.489009874870660133e+04 5.328847612006014645e-01
8.922994887838486466e+04 5.322764452631578713e-01
9.379994257554606884e+04 5.319722872944361303e-01
9.860007984019019932e+04 5.313639713569924261e-01
1.036303606723172707e+05 5.307556554195488330e-01
1.089236627244248666e+05 5.301473394821052398e-01
1.145128636490104982e+05 5.295390235446615357e-01
1.203650857935766398e+05 5.286265496384962015e-01
1.265460844631184009e+05 5.280182337010526084e-01
1.330229820051382412e+05 5.274099177636090152e-01
1.398286560721336864e+05 5.271057597948871631e-01
1.469631066641047655e+05 5.264974438574435700e-01
1.544920890860466170e+05 5.264974438574435700e-01
1.624156033379591827e+05 5.268016018261654221e-01
1.707007717673449661e+05 5.274099177636090152e-01
1.794462273316966021e+05 5.286265496384962015e-01
1.886519700310141197e+05 5.307556554195488330e-01
1.982851222127999645e+05 5.334930771380450576e-01
2.084443168345468293e+05 5.377512887001503206e-01
2.190966762437570724e+05 5.432261321371428808e-01
2.303408333979235031e+05 5.505259233864661095e-01
2.421110329920508957e+05 5.593465044793984875e-01
2.545059079836319725e+05 5.709045072908270901e-01
2.675254583726667915e+05 5.830708260396991749e-01
2.812354394641504041e+05 5.997995143193984857e-01
2.956358512580828392e+05 6.162240446303759445e-01
3.107595714069615351e+05 6.375151024409022593e-01
3.266723552157818922e+05 6.588061602514285742e-01
3.432426920745534590e+05 6.846595875927820041e-01
3.609966244232372264e+05 7.092963830592481367e-01
3.794081098218723200e+05 7.372789161816540870e-01
3.988059247954341699e+05 7.667822391476691868e-01
4.191900693439230090e+05 7.968938780511276576e-01
4.405605434673387208e+05 8.273096749233082026e-01
4.632461236906568520e+05 8.595504196078195269e-01
4.869180334889019141e+05 8.893579005425562567e-01
5.119050493870494538e+05 9.203820133521803948e-01
5.382071713850995293e+05 9.507978102243609397e-01
5.654956229580765357e+05 9.793886592842104832e-01
5.947567336809072876e+05 1.015279299593383477e+00
6.250041739786647959e+05 1.044174306621954651e+00
6.568954969013005029e+05 1.069115260057142747e+00
6.907594789737899555e+05 1.101964320679097664e+00
7.259385671461820602e+05 1.128730221926616650e+00
7.630903144684275612e+05 1.156104439111578897e+00
8.022147209405271569e+05 1.186216078015037478e+00
8.433117865624804981e+05 1.213894453168721910e+00
8.863815113342874683e+05 1.241572828322405897e+00
9.317526717809237307e+05 1.268034571601202920e+00
9.794252679023895180e+05 1.296929578629774316e+00
1.029728076223660144e+06 1.327345375501954639e+00
1.082332320219760295e+06 1.354111276749473625e+00
1.137895552940641297e+06 1.381485493934436093e+00
1.196088997861327138e+06 1.410684658931729230e+00
1.257241431506793248e+06 1.442012929710074998e+00
1.321681630402015988e+06 1.470907936738646393e+00
1.389080818022019463e+06 1.501932049548270642e+00
1.460425323941729963e+06 1.532652004389172706e+00
1.535057595111197094e+06 1.564588591104962179e+00
1.613635184580371715e+06 1.596829335789473614e+00
1.696158092349253828e+06 1.630590870317593755e+00
1.782955094942819094e+06 1.665873194689323267e+00
1.874354968886043178e+06 1.701155519061052335e+00
1.970028937653950416e+06 1.735525369526616402e+00
2.070963330821467331e+06 1.773240957648120286e+00
2.177158148388594855e+06 1.812477335613232876e+00
2.288284613830355927e+06 1.853234503421954837e+00
2.405657833246654831e+06 1.894599987168120281e+00
2.528620253587538842e+06 1.937182102789172911e+00
2.658158204427935183e+06 1.980372534347669244e+00
2.794271685767844319e+06 2.025387913718495803e+00
2.937289474132241216e+06 2.071619924964210213e+00
3.087540346046102699e+06 2.119676884022255514e+00
3.245353078034403268e+06 2.170775422767518670e+00
3.412700329246996902e+06 2.223394751356390753e+00
3.586951887484078296e+06 2.278143185726315689e+00
3.771066741470429115e+06 2.335324883846014998e+00
3.961757125956292264e+06 2.394331529778045198e+00
4.165598571441180073e+06 2.455771439459849770e+00
4.379303312675337307e+06 2.518732138985263269e+00
4.602871349658762105e+06 2.584734418197894623e+00
-----------------------


efield[V/m]_vs_alpha[1/m]
COMMENT: generated by bolsig_convert.py
-----------------------
3.287765249756258709e+04 0.000000000000000000e+00
3.455441277493828238e+04 0.000000000000000000e+00
3.632980600980666350e+04 0.000000000000000000e+00
3.820383220216772315e+04 0.000000000000000000e+00
4.014361369952392124e+04 0.000000000000000000e+00
4.218202815437280515e+04 0.000000000000000000e+00
4.435195321921192954e+04 0.000000000000000000e+00
4.662051124154374702e+04 0.000000000000000000e+00
4.902057987386582681e+04 0.000000000000000000e+00
5.151928146368057060e+04 0.000000000000000000e+00
5.414949366348557669e+04 0.000000000000000000e+00
5.694409412577839976e+04 0.000000000000000000e+00
5.983732754556390137e+04 0.000000000000000000e+00
6.289494922783722723e+04 0.000000000000000000e+00
6.611695917259836278e+04 0.000000000000000000e+00
6.950335737984730804e+04 0.000000000000000000e+00
7.308702150208162493e+04 0.000000000000000000e+00
7.680219623430620413e+04 0.000000000000000000e+00
8.074751453401370964e+04 0.000000000000000000e+00
8.489009874870660133e+04 0.000000000000000000e+00
8.922994887838486466e+04 0.000000000000000000e+00
9.379994257554606884e+04 0.000000000000000000e+00
9.860007984019019932e+04 2.692679739550376394e-09
1.036303606723172707e+05 8.656685902608230330e-08
1.089236627244248666e+05 5.434675957847095795e-07
1.145128636490104982e+05 1.909534057058435400e-06
1.203650857935766398e+05 6.236890678787623555e-06
1.265460844631184009e+05 1.906575068333654524e-05
1.330229820051382412e+05 5.493855732342708818e-05
1.398286560721336864e+05 1.508755473113147262e-04
1.469631066641047655e+05 3.932167238708485679e-04
1.544920890860466170e+05 9.850144688269752737e-04
1.624156033379591827e+05 2.366533426774555457e-03
1.707007717673449661e+05 5.451114784095878463e-03
1.794462273316966021e+05 1.215815589359864508e-02
1.886519700310141197e+05 2.590101463757981184e-02
1.982851222127999645e+05 5.349194061353433616e-02
2.084443168345468293e+05 1.070167588795662289e-01
2.190966762437570724e+05 2.061428811597174338e-01
2.303408333979235031e+05 3.886138525211898509e-01
2.421110329920508957e+05 7.055544225976931871e-01
2.545059079836319725e+05 1.253953666257037414e+00
2.675254583726667915e+05 2.134417200141763615e+00
2.812354394641504041e+05 3.606678478982616287e+00
2.956358512580828392e+05 5.825920022568091383e+00
3.107595714069615351e+05 9.307663422059968994e+00
3.266723552157818922e+05 1.442671391593046515e+01
3.432426920745534590e+05 2.188007773712790538e+01
3.609966244232372264e+05 3.236476111860061167e+01
3.794081098218723200e+05 4.714655368150476278e+01
3.988059247954341699e+05 6.700465579003255812e+01
4.191900693439230090e+05 9.403008614302900980e+01
4.405605434673387208e+05 1.289461530954404793e+02
4.632461236906568520e+05 1.745145794570622115e+02
4.869180334889019141e+05 2.317545724553187085e+02
5.119050493870494538e+05 3.038552643824734787e+02
5.382071713850995293e+05 3.935455003958242628e+02
5.654956229580765357e+05 5.023705301627564381e+02
5.947567336809072876e+05 6.378264584527142915e+02
6.250041739786647959e+05 7.969542965409173121e+02
6.568954969013005029e+05 9.869871279768290151e+02
6.907594789737899555e+05 1.212527824110108440e+03
7.259385671461820602e+05 1.474233937990706636e+03
7.630903144684275612e+05 1.781968765367892274e+03
8.022147209405271569e+05 2.136718635816592723e+03
8.433117865624804981e+05 2.543086420686466226e+03
8.863815113342874683e+05 3.008962756576928314e+03
9.317526717809237307e+05 3.537635408737734906e+03
9.794252679023895180e+05 4.136008684193374393e+03
1.029728076223660144e+06 4.803425029893894134e+03
1.082332320219760295e+06 5.553035506838321453e+03
1.137895552940641297e+06 6.388127880276411815e+03
1.196088997861327138e+06 7.311989915457920688e+03
1.257241431506793248e+06 8.334484908132117198e+03
1.321681630402015988e+06 9.452325093049244970e+03
1.389080818022019463e+06 1.067866153120833042e+04
1.460425323941729963e+06 1.201020645735961625e+04
1.535057595111197094e+06 1.347326199350114985e+04
1.613635184580371715e+06 1.504481378288464111e+04
1.696158092349253828e+06 1.673143735600960281e+04
1.782955094942819094e+06 1.853970824337554586e+04
1.874354968886043178e+06 2.048606527123125124e+04
1.970028937653950416e+06 2.255735737857769345e+04
2.070963330821467331e+06 2.476016009591439069e+04
2.177158148388594855e+06 2.709118565799157295e+04
2.288284613830355927e+06 2.955700959530876935e+04
2.405657833246654831e+06 3.215434414261621714e+04
2.528620253587538842e+06 3.488318929991390905e+04
2.658158204427935183e+06 3.771066741470429406e+04
2.794271685767844319e+06 4.070253379198248876e+04
2.937289474132241216e+06 4.379303312675337656e+04
3.087540346046102699e+06 4.701504307151450485e+04
3.245353078034403268e+06 5.036856362626589544e+04
3.412700329246996902e+06 5.382071713850995729e+04
3.586951887484078296e+06 5.737150360824671952e+04
3.771066741470429115e+06 6.098804538297860563e+04
3.961757125956292264e+06 6.470322011520317756e+04
4.165598571441180073e+06 6.848415015242288064e+04
4.379303312675337307e+06 7.233083549463769305e+04
4.602871349658762105e+06 7.624327614184765844e+04
-----------------------

efield[V/m]_vs_eta[1/m]
-----------------------
0.0 0.0
1e7 0.0
-----------------------
