

Mean energy (eV)
COMMENT: generated by bolsig_convert.py
-----------------------
1.000000000000000000e+00 3.015999999999999931e-02
1.038999999999999924e+00 3.040999999999999953e-02
1.078999999999999959e+00 3.067999999999999894e-02
1.120999999999999996e+00 3.096000000000000141e-02
1.165000000000000036e+00 3.126000000000000306e-02
1.209999999999999964e+00 3.157999999999999696e-02
1.258000000000000007e+00 3.191999999999999699e-02
1.306999999999999940e+00 3.228000000000000314e-02
1.356999999999999984e+00 3.266999999999999765e-02
1.409999999999999920e+00 3.309000000000000136e-02
1.465000000000000080e+00 3.355000000000000343e-02
1.522000000000000020e+00 3.404999999999999694e-02
1.580999999999999961e+00 3.459999999999999881e-02
1.643000000000000016e+00 3.520999999999999824e-02
1.707000000000000073e+00 3.586999999999999911e-02
1.772999999999999909e+00 3.660999999999999671e-02
1.842999999999999972e+00 3.742000000000000187e-02
1.913999999999999924e+00 3.831999999999999990e-02
1.989000000000000101e+00 3.930999999999999772e-02
2.065999999999999837e+00 4.041000000000000147e-02
2.146999999999999797e+00 4.163000000000000034e-02
2.229999999999999982e+00 4.297000000000000125e-02
2.317000000000000171e+00 4.444000000000000034e-02
2.407000000000000028e+00 4.603999999999999759e-02
2.500999999999999890e+00 4.775999999999999690e-02
2.597999999999999865e+00 4.961000000000000132e-02
2.700000000000000178e+00 5.156000000000000166e-02
2.805000000000000160e+00 5.358999999999999875e-02
2.914000000000000146e+00 5.566999999999999726e-02
3.027000000000000135e+00 5.777999999999999803e-02
3.145000000000000018e+00 5.990000000000000185e-02
3.267999999999999794e+00 6.199999999999999956e-02
3.395000000000000018e+00 6.406000000000000583e-02
3.527000000000000135e+00 6.608999999999999597e-02
3.664000000000000146e+00 6.805999999999999550e-02
3.806999999999999940e+00 7.000000000000000666e-02
3.955000000000000071e+00 7.190000000000000557e-02
4.108999999999999986e+00 7.376000000000000612e-02
4.269000000000000128e+00 7.557999999999999441e-02
4.434999999999999609e+00 7.739999999999999658e-02
4.607999999999999652e+00 7.918999999999999651e-02
4.788000000000000256e+00 8.097999999999999643e-02
4.974000000000000199e+00 8.278000000000000635e-02
5.168000000000000149e+00 8.458999999999999853e-02
5.368999999999999773e+00 8.644000000000000294e-02
5.578000000000000291e+00 8.862000000000000433e-02
5.794999999999999929e+00 1.168000000000000010e-01
6.020999999999999908e+00 1.501000000000000112e-01
6.254999999999999893e+00 1.852999999999999925e-01
6.498999999999999666e+00 2.194000000000000117e-01
6.751999999999999780e+00 2.536999999999999811e-01
7.014000000000000234e+00 2.883000000000000007e-01
7.288000000000000256e+00 3.229000000000000203e-01
7.570999999999999730e+00 3.574999999999999845e-01
7.865999999999999659e+00 3.920000000000000151e-01
8.172000000000000597e+00 4.264000000000000012e-01
8.490000000000000213e+00 4.606000000000000094e-01
8.820999999999999730e+00 4.944999999999999951e-01
9.164999999999999147e+00 5.280000000000000249e-01
9.521000000000000796e+00 5.613000000000000211e-01
9.891999999999999460e+00 5.941999999999999504e-01
1.027999999999999936e+01 6.267000000000000348e-01
1.067999999999999972e+01 6.586999999999999522e-01
1.108999999999999986e+01 6.904000000000000137e-01
1.151999999999999957e+01 7.216000000000000192e-01
1.197000000000000064e+01 7.522999999999999687e-01
1.243999999999999950e+01 7.826999999999999513e-01
1.291999999999999993e+01 8.125999999999999890e-01
1.342999999999999972e+01 8.421999999999999487e-01
1.394999999999999929e+01 8.715000000000000524e-01
1.449000000000000021e+01 9.005999999999999561e-01
1.506000000000000050e+01 9.294000000000000039e-01
1.564000000000000057e+01 9.580999999999999517e-01
1.625000000000000000e+01 9.866000000000000325e-01
1.689000000000000057e+01 1.014999999999999902e+00
1.753999999999999915e+01 1.044000000000000039e+00
1.823000000000000043e+01 1.072000000000000064e+00
1.894000000000000128e+01 1.100999999999999979e+00
1.967000000000000171e+01 1.129999999999999893e+00
2.044000000000000128e+01 1.159000000000000030e+00
2.123000000000000043e+01 1.187999999999999945e+00
2.205999999999999872e+01 1.217999999999999972e+00
2.292000000000000171e+01 1.247999999999999998e+00
2.380999999999999872e+01 1.278000000000000025e+00
2.473999999999999844e+01 1.308000000000000052e+00
2.569999999999999929e+01 1.338999999999999968e+00
2.669999999999999929e+01 1.370000000000000107e+00
2.773999999999999844e+01 1.403000000000000025e+00
2.882000000000000028e+01 1.435999999999999943e+00
2.994999999999999929e+01 1.469999999999999973e+00
3.110999999999999943e+01 1.504999999999999893e+00
3.232000000000000028e+01 1.542000000000000037e+00
3.357999999999999829e+01 1.580000000000000071e+00
3.489000000000000057e+01 1.620999999999999996e+00
3.625000000000000000e+01 1.663999999999999924e+00
3.765999999999999659e+01 1.709000000000000075e+00
3.913000000000000256e+01 1.756999999999999895e+00
4.064999999999999858e+01 1.808000000000000052e+00
4.222999999999999687e+01 1.862000000000000099e+00
4.388000000000000256e+01 1.919000000000000039e+00
4.557999999999999829e+01 1.979000000000000092e+00
4.735999999999999943e+01 2.041999999999999815e+00
4.920000000000000284e+01 2.108000000000000096e+00
5.111999999999999744e+01 2.176000000000000156e+00
5.310999999999999943e+01 2.248000000000000220e+00
5.517999999999999972e+01 2.322000000000000064e+00
5.732000000000000028e+01 2.398000000000000131e+00
5.956000000000000227e+01 2.475999999999999979e+00
6.186999999999999744e+01 2.556000000000000050e+00
6.428000000000000114e+01 2.637999999999999901e+00
6.679000000000000625e+01 2.721000000000000085e+00
6.939000000000000057e+01 2.806000000000000050e+00
7.209000000000000341e+01 2.891999999999999904e+00
7.490000000000000568e+01 2.979000000000000092e+00
7.781000000000000227e+01 3.067000000000000171e+00
8.084000000000000341e+01 3.156000000000000139e+00
8.398999999999999488e+01 3.245999999999999996e+00
8.726000000000000512e+01 3.337000000000000188e+00
9.065999999999999659e+01 3.428999999999999826e+00
9.418999999999999773e+01 3.521999999999999797e+00
9.784999999999999432e+01 3.615000000000000213e+00
1.017000000000000028e+02 3.709999999999999964e+00
1.055999999999999943e+02 3.805000000000000160e+00
1.097000000000000028e+02 3.900999999999999801e+00
1.140000000000000000e+02 3.998000000000000220e+00
1.184000000000000057e+02 4.096000000000000085e+00
1.230999999999999943e+02 4.195999999999999730e+00
1.277999999999999972e+02 4.296000000000000263e+00
1.328000000000000114e+02 4.397000000000000242e+00
1.380000000000000000e+02 4.500000000000000000e+00
1.434000000000000057e+02 4.602999999999999758e+00
1.489000000000000057e+02 4.708000000000000185e+00
1.546999999999999886e+02 4.814000000000000057e+00
1.608000000000000114e+02 4.921000000000000263e+00
1.670000000000000000e+02 5.030000000000000249e+00
1.735000000000000000e+02 5.139999999999999680e+00
1.803000000000000114e+02 5.251000000000000334e+00
1.873000000000000114e+02 5.363999999999999879e+00
1.945999999999999943e+02 5.477999999999999758e+00
2.021999999999999886e+02 5.594000000000000306e+00
2.100999999999999943e+02 5.711000000000000298e+00
2.181999999999999886e+02 5.830000000000000071e+00
2.266999999999999886e+02 5.950999999999999623e+00
2.355999999999999943e+02 6.073000000000000398e+00
2.446999999999999886e+02 6.197000000000000064e+00
2.543000000000000114e+02 6.323000000000000398e+00
2.641999999999999886e+02 6.450999999999999623e+00
2.743999999999999773e+02 6.580000000000000071e+00
2.851000000000000227e+02 6.711999999999999744e+00
2.961999999999999886e+02 6.846000000000000085e+00
3.078000000000000114e+02 6.982000000000000206e+00
3.196999999999999886e+02 7.120000000000000107e+00
3.321999999999999886e+02 7.259999999999999787e+00
3.451000000000000227e+02 7.402999999999999581e+00
3.586000000000000227e+02 7.548000000000000043e+00
3.725000000000000000e+02 7.695000000000000284e+00
3.870000000000000000e+02 7.846000000000000085e+00
4.021000000000000227e+02 7.998000000000000220e+00
4.178000000000000114e+02 8.153999999999999915e+00
4.340000000000000000e+02 8.311999999999999389e+00
4.508999999999999773e+02 8.473000000000000753e+00
4.685000000000000000e+02 8.637000000000000455e+00
4.866999999999999886e+02 8.804999999999999716e+00
5.056999999999999886e+02 8.974999999999999645e+00
5.252999999999999545e+02 9.150000000000000355e+00
5.457999999999999545e+02 9.326999999999999957e+00
5.671000000000000227e+02 9.509000000000000341e+00
5.891000000000000227e+02 9.694000000000000838e+00
6.121000000000000227e+02 9.882999999999999119e+00
6.358999999999999773e+02 1.008000000000000007e+01
6.607000000000000455e+02 1.026999999999999957e+01
6.863999999999999773e+02 1.048000000000000043e+01
7.131000000000000227e+02 1.067999999999999972e+01
7.408999999999999773e+02 1.090000000000000036e+01
7.697000000000000455e+02 1.110999999999999943e+01
7.997000000000000455e+02 1.133999999999999986e+01
8.307999999999999545e+02 1.157000000000000028e+01
8.632000000000000455e+02 1.180000000000000071e+01
8.967999999999999545e+02 1.203999999999999915e+01
9.317000000000000455e+02 1.228999999999999915e+01
9.680000000000000000e+02 1.255000000000000071e+01
1.006000000000000000e+03 1.281000000000000050e+01
1.045000000000000000e+03 1.308000000000000007e+01
1.085000000000000000e+03 1.335999999999999943e+01
1.128000000000000000e+03 1.365000000000000036e+01
1.172000000000000000e+03 1.394999999999999929e+01
1.217000000000000000e+03 1.425999999999999979e+01
1.265000000000000000e+03 1.458000000000000007e+01
1.314000000000000000e+03 1.491000000000000014e+01
1.365000000000000000e+03 1.525000000000000000e+01
1.418000000000000000e+03 1.559999999999999964e+01
1.473000000000000000e+03 1.596000000000000085e+01
1.531000000000000000e+03 1.633999999999999986e+01
1.590000000000000000e+03 1.673999999999999844e+01
1.652000000000000000e+03 1.714000000000000057e+01
1.717000000000000000e+03 1.757000000000000028e+01
1.783000000000000000e+03 1.801000000000000156e+01
1.853000000000000000e+03 1.846000000000000085e+01
1.925000000000000000e+03 1.894000000000000128e+01
2.000000000000000000e+03 1.942999999999999972e+01
-----------------------


Mobility *N (1/m/V/s)
COMMENT: generated by bolsig_convert.py
-----------------------
1.000000000000000000e+00 1.860999999999999981e+24
1.038999999999999924e+00 1.860999999999999981e+24
1.078999999999999959e+00 1.860999999999999981e+24
1.120999999999999996e+00 1.860999999999999981e+24
1.165000000000000036e+00 1.860999999999999981e+24
1.209999999999999964e+00 1.860999999999999981e+24
1.258000000000000007e+00 1.862000000000000004e+24
1.306999999999999940e+00 1.862000000000000004e+24
1.356999999999999984e+00 1.863000000000000027e+24
1.409999999999999920e+00 1.864000000000000050e+24
1.465000000000000080e+00 1.864000000000000050e+24
1.522000000000000020e+00 1.865000000000000073e+24
1.580999999999999961e+00 1.866000000000000096e+24
1.643000000000000016e+00 1.867999999999999874e+24
1.707000000000000073e+00 1.868999999999999897e+24
1.772999999999999909e+00 1.870999999999999943e+24
1.842999999999999972e+00 1.872999999999999990e+24
1.913999999999999924e+00 1.876000000000000059e+24
1.989000000000000101e+00 1.879000000000000128e+24
2.065999999999999837e+00 1.881999999999999929e+24
2.146999999999999797e+00 1.886000000000000021e+24
2.229999999999999982e+00 1.890000000000000113e+24
2.317000000000000171e+00 1.894999999999999960e+24
2.407000000000000028e+00 1.901000000000000099e+24
2.500999999999999890e+00 1.906999999999999969e+24
2.597999999999999865e+00 1.914000000000000130e+24
2.700000000000000178e+00 1.922000000000000046e+24
2.805000000000000160e+00 1.929999999999999962e+24
2.914000000000000146e+00 1.938999999999999901e+24
3.027000000000000135e+00 1.948000000000000109e+24
3.145000000000000018e+00 1.957000000000000048e+24
3.267999999999999794e+00 1.965999999999999987e+24
3.395000000000000018e+00 1.975999999999999950e+24
3.527000000000000135e+00 1.984999999999999889e+24
3.664000000000000146e+00 1.995000000000000120e+24
3.806999999999999940e+00 2.005000000000000082e+24
3.955000000000000071e+00 2.015000000000000044e+24
4.108999999999999986e+00 2.025000000000000006e+24
4.269000000000000128e+00 2.034999999999999969e+24
4.434999999999999609e+00 2.044999999999999931e+24
4.607999999999999652e+00 2.055999999999999916e+24
4.788000000000000256e+00 2.066999999999999901e+24
4.974000000000000199e+00 2.077999999999999887e+24
5.168000000000000149e+00 2.089999999999999895e+24
5.368999999999999773e+00 2.101999999999999904e+24
5.578000000000000291e+00 2.114999999999999935e+24
5.794999999999999929e+00 2.205000000000000132e+24
6.020999999999999908e+00 2.302999999999999977e+24
6.254999999999999893e+00 2.399000000000000044e+24
6.498999999999999666e+00 2.484999999999999880e+24
6.751999999999999780e+00 2.564000000000000092e+24
7.014000000000000234e+00 2.636000000000000143e+24
7.288000000000000256e+00 2.702000000000000055e+24
7.570999999999999730e+00 2.761999999999999828e+24
7.865999999999999659e+00 2.813999999999999954e+24
8.172000000000000597e+00 2.860999999999999964e+24
8.490000000000000213e+00 2.900999999999999813e+24
8.820999999999999730e+00 2.935000000000000061e+24
9.164999999999999147e+00 2.963000000000000170e+24
9.521000000000000796e+00 2.986000000000000164e+24
9.891999999999999460e+00 3.003000000000000019e+24
1.027999999999999936e+01 3.015999999999999782e+24
1.067999999999999972e+01 3.023999999999999966e+24
1.108999999999999986e+01 3.028000000000000059e+24
1.151999999999999957e+01 3.028000000000000059e+24
1.197000000000000064e+01 3.024999999999999990e+24
1.243999999999999950e+01 3.018999999999999851e+24
1.291999999999999993e+01 3.010000000000000180e+24
1.342999999999999972e+01 2.997999999999999904e+24
1.394999999999999929e+01 2.984000000000000117e+24
1.449000000000000021e+01 2.967999999999999748e+24
1.506000000000000050e+01 2.949999999999999870e+24
1.564000000000000057e+01 2.930999999999999969e+24
1.625000000000000000e+01 2.910000000000000021e+24
1.689000000000000057e+01 2.887000000000000027e+24
1.753999999999999915e+01 2.863000000000000010e+24
1.823000000000000043e+01 2.837999999999999971e+24
1.894000000000000128e+01 2.810999999999999885e+24
1.967000000000000171e+01 2.781999999999999753e+24
2.044000000000000128e+01 2.752000000000000134e+24
2.123000000000000043e+01 2.719999999999999933e+24
2.205999999999999872e+01 2.687000000000000245e+24
2.292000000000000171e+01 2.652999999999999998e+24
2.380999999999999872e+01 2.616000000000000218e+24
2.473999999999999844e+01 2.577999999999999878e+24
2.569999999999999929e+01 2.539000000000000052e+24
2.669999999999999929e+01 2.498000000000000180e+24
2.773999999999999844e+01 2.455000000000000262e+24
2.882000000000000028e+01 2.412000000000000075e+24
2.994999999999999929e+01 2.367000000000000111e+24
3.110999999999999943e+01 2.320000000000000101e+24
3.232000000000000028e+01 2.273000000000000090e+24
3.357999999999999829e+01 2.225000000000000057e+24
3.489000000000000057e+01 2.177000000000000023e+24
3.625000000000000000e+01 2.126999999999999943e+24
3.765999999999999659e+01 2.077999999999999887e+24
3.913000000000000256e+01 2.028000000000000075e+24
4.064999999999999858e+01 1.977999999999999996e+24
4.222999999999999687e+01 1.928999999999999939e+24
4.388000000000000256e+01 1.880999999999999906e+24
4.557999999999999829e+01 1.832999999999999872e+24
4.735999999999999943e+01 1.786000000000000130e+24
4.920000000000000284e+01 1.740999999999999897e+24
5.111999999999999744e+01 1.695999999999999933e+24
5.310999999999999943e+01 1.654000000000000038e+24
5.517999999999999972e+01 1.611999999999999874e+24
5.732000000000000028e+01 1.572000000000000025e+24
5.956000000000000227e+01 1.533999999999999954e+24
6.186999999999999744e+01 1.497999999999999929e+24
6.428000000000000114e+01 1.462999999999999927e+24
6.679000000000000625e+01 1.429999999999999971e+24
6.939000000000000057e+01 1.398000000000000038e+24
7.209000000000000341e+01 1.367999999999999883e+24
7.490000000000000568e+01 1.339000000000000019e+24
7.781000000000000227e+01 1.310999999999999910e+24
8.084000000000000341e+01 1.284000000000000092e+24
8.398999999999999488e+01 1.259000000000000052e+24
8.726000000000000512e+01 1.235000000000000036e+24
9.065999999999999659e+01 1.211000000000000019e+24
9.418999999999999773e+01 1.189000000000000048e+24
9.784999999999999432e+01 1.166999999999999943e+24
1.017000000000000028e+02 1.145999999999999996e+24
1.055999999999999943e+02 1.125999999999999937e+24
1.097000000000000028e+02 1.106000000000000013e+24
1.140000000000000000e+02 1.086999999999999977e+24
1.184000000000000057e+02 1.068999999999999964e+24
1.230999999999999943e+02 1.050999999999999952e+24
1.277999999999999972e+02 1.032999999999999939e+24
1.328000000000000114e+02 1.015999999999999950e+24
1.380000000000000000e+02 9.994999999999999717e+23
1.434000000000000057e+02 9.832000000000000252e+23
1.489000000000000057e+02 9.673000000000000073e+23
1.546999999999999886e+02 9.516999999999999696e+23
1.608000000000000114e+02 9.364999999999999948e+23
1.670000000000000000e+02 9.215000000000000514e+23
1.735000000000000000e+02 9.067999999999999539e+23
1.803000000000000114e+02 8.923999999999999706e+23
1.873000000000000114e+02 8.782999999999999675e+23
1.945999999999999943e+02 8.643999999999999958e+23
2.021999999999999886e+02 8.507000000000000556e+23
2.100999999999999943e+02 8.372999999999999612e+23
2.181999999999999886e+02 8.241000000000000325e+23
2.266999999999999886e+02 8.111000000000000010e+23
2.355999999999999943e+02 7.983000000000000010e+23
2.446999999999999886e+02 7.857000000000000325e+23
2.543000000000000114e+02 7.732999999999999612e+23
2.641999999999999886e+02 7.611000000000000556e+23
2.743999999999999773e+02 7.491000000000000472e+23
2.851000000000000227e+02 7.372999999999999360e+23
2.961999999999999886e+02 7.256999999999999906e+23
3.078000000000000114e+02 7.142999999999999423e+23
3.196999999999999886e+02 7.031000000000000598e+23
3.321999999999999886e+02 6.919999999999999916e+23
3.451000000000000227e+02 6.810999999999999549e+23
3.586000000000000227e+02 6.703999999999999497e+23
3.725000000000000000e+02 6.598999999999999759e+23
3.870000000000000000e+02 6.494999999999999507e+23
4.021000000000000227e+02 6.392999999999999570e+23
4.178000000000000114e+02 6.292999999999999948e+23
4.340000000000000000e+02 6.193999999999999811e+23
4.508999999999999773e+02 6.096999999999999990e+23
4.685000000000000000e+02 6.001999999999999811e+23
4.866999999999999886e+02 5.907999999999999790e+23
5.056999999999999886e+02 5.816000000000000084e+23
5.252999999999999545e+02 5.724999999999999864e+23
5.457999999999999545e+02 5.637000000000000115e+23
5.671000000000000227e+02 5.548999999999999696e+23
5.891000000000000227e+02 5.463000000000000262e+23
6.121000000000000227e+02 5.378000000000000315e+23
6.358999999999999773e+02 5.295000000000000010e+23
6.607000000000000455e+02 5.212999999999999864e+23
6.863999999999999773e+02 5.133000000000000031e+23
7.131000000000000227e+02 5.053999999999999685e+23
7.408999999999999773e+02 4.976000000000000168e+23
7.697000000000000455e+02 4.900000000000000294e+23
7.997000000000000455e+02 4.824999999999999906e+23
8.307999999999999545e+02 4.750999999999999675e+23
8.632000000000000455e+02 4.678999999999999759e+23
8.967999999999999545e+02 4.608000000000000000e+23
9.317000000000000455e+02 4.537999999999999727e+23
9.680000000000000000e+02 4.469000000000000283e+23
1.006000000000000000e+03 4.401999999999999811e+23
1.045000000000000000e+03 4.335000000000000010e+23
1.085000000000000000e+03 4.269999999999999853e+23
1.128000000000000000e+03 4.205999999999999853e+23
1.172000000000000000e+03 4.143000000000000010e+23
1.217000000000000000e+03 4.081000000000000325e+23
1.265000000000000000e+03 4.020000000000000126e+23
1.314000000000000000e+03 3.961000000000000241e+23
1.365000000000000000e+03 3.901999999999999685e+23
1.418000000000000000e+03 3.843999999999999958e+23
1.473000000000000000e+03 3.787999999999999874e+23
1.531000000000000000e+03 3.731999999999999790e+23
1.590000000000000000e+03 3.676999999999999864e+23
1.652000000000000000e+03 3.623000000000000094e+23
1.717000000000000000e+03 3.569999999999999811e+23
1.783000000000000000e+03 3.517999999999999685e+23
1.853000000000000000e+03 3.466999999999999717e+23
1.925000000000000000e+03 3.415999999999999748e+23
2.000000000000000000e+03 3.367000000000000094e+23
-----------------------


Diffusion coefficient *N (1/m/s)
COMMENT: generated by bolsig_convert.py
-----------------------
1.000000000000000000e+00 3.712000000000000000e+22
1.038999999999999924e+00 3.745999999999999895e+22
1.078999999999999959e+00 3.780999999999999948e+22
1.120999999999999996e+00 3.817999999999999895e+22
1.165000000000000036e+00 3.857000000000000157e+22
1.209999999999999964e+00 3.897999999999999895e+22
1.258000000000000007e+00 3.943000000000000262e+22
1.306999999999999940e+00 3.990000000000000105e+22
1.356999999999999984e+00 4.040999999999999738e+22
1.409999999999999920e+00 4.097000000000000157e+22
1.465000000000000080e+00 4.157000000000000367e+22
1.522000000000000020e+00 4.222999999999999843e+22
1.580999999999999961e+00 4.295000000000000262e+22
1.643000000000000016e+00 4.374000000000000105e+22
1.707000000000000073e+00 4.461999999999999685e+22
1.772999999999999909e+00 4.557999999999999685e+22
1.842999999999999972e+00 4.664000000000000419e+22
1.913999999999999924e+00 4.781999999999999685e+22
1.989000000000000101e+00 4.913000000000000157e+22
2.065999999999999837e+00 5.058000000000000315e+22
2.146999999999999797e+00 5.218000000000000315e+22
2.229999999999999982e+00 5.394999999999999633e+22
2.317000000000000171e+00 5.590000000000000105e+22
2.407000000000000028e+00 5.801999999999999895e+22
2.500999999999999890e+00 6.032000000000000000e+22
2.597999999999999865e+00 6.278000000000000105e+22
2.700000000000000178e+00 6.540000000000000210e+22
2.805000000000000160e+00 6.813999999999999685e+22
2.914000000000000146e+00 7.096999999999999738e+22
3.027000000000000135e+00 7.385999999999999895e+22
3.145000000000000018e+00 7.676999999999999528e+22
3.267999999999999794e+00 7.970000000000000315e+22
3.395000000000000018e+00 8.261000000000000786e+22
3.527000000000000135e+00 8.549000000000000786e+22
3.664000000000000146e+00 8.833000000000000157e+22
3.806999999999999940e+00 9.115999999999999371e+22
3.955000000000000071e+00 9.399000000000000262e+22
4.108999999999999986e+00 9.679000000000000682e+22
4.269000000000000128e+00 9.959999999999999581e+22
4.434999999999999609e+00 1.024000000000000000e+23
4.607999999999999652e+00 1.053000000000000031e+23
4.788000000000000256e+00 1.082000000000000063e+23
4.974000000000000199e+00 1.112000000000000084e+23
5.168000000000000149e+00 1.141999999999999937e+23
5.368999999999999773e+00 1.174999999999999927e+23
5.578000000000000291e+00 1.216000000000000000e+23
5.794999999999999929e+00 2.089999999999999895e+23
6.020999999999999908e+00 3.121999999999999811e+23
6.254999999999999893e+00 4.209999999999999811e+23
6.498999999999999666e+00 5.257000000000000073e+23
6.751999999999999780e+00 6.301999999999999350e+23
7.014000000000000234e+00 7.343999999999999497e+23
7.288000000000000256e+00 8.377000000000000241e+23
7.570999999999999730e+00 9.396999999999999612e+23
7.865999999999999659e+00 1.039999999999999966e+24
8.172000000000000597e+00 1.138999999999999969e+24
8.490000000000000213e+00 1.236000000000000059e+24
8.820999999999999730e+00 1.330000000000000080e+24
9.164999999999999147e+00 1.422000000000000055e+24
9.521000000000000796e+00 1.510999999999999960e+24
9.891999999999999460e+00 1.598000000000000088e+24
1.027999999999999936e+01 1.681999999999999878e+24
1.067999999999999972e+01 1.762999999999999868e+24
1.108999999999999986e+01 1.841000000000000057e+24
1.151999999999999957e+01 1.916999999999999931e+24
1.197000000000000064e+01 1.988999999999999981e+24
1.243999999999999950e+01 2.058999999999999985e+24
1.291999999999999993e+01 2.125999999999999920e+24
1.342999999999999972e+01 2.191000000000000078e+24
1.394999999999999929e+01 2.253999999999999920e+24
1.449000000000000021e+01 2.314999999999999985e+24
1.506000000000000050e+01 2.372999999999999981e+24
1.564000000000000057e+01 2.430000000000000222e+24
1.625000000000000000e+01 2.484999999999999880e+24
1.689000000000000057e+01 2.539000000000000052e+24
1.753999999999999915e+01 2.591000000000000178e+24
1.823000000000000043e+01 2.641000000000000258e+24
1.894000000000000128e+01 2.690999999999999801e+24
1.967000000000000171e+01 2.738999999999999834e+24
2.044000000000000128e+01 2.785999999999999845e+24
2.123000000000000043e+01 2.831999999999999832e+24
2.205999999999999872e+01 2.876999999999999797e+24
2.292000000000000171e+01 2.920000000000000252e+24
2.380999999999999872e+01 2.961000000000000124e+24
2.473999999999999844e+01 3.000999999999999973e+24
2.569999999999999929e+01 3.038999999999999776e+24
2.669999999999999929e+01 3.075000000000000069e+24
2.773999999999999844e+01 3.109999999999999803e+24
2.882000000000000028e+01 3.143000000000000027e+24
2.994999999999999929e+01 3.173000000000000182e+24
3.110999999999999943e+01 3.201999999999999778e+24
3.232000000000000028e+01 3.227999999999999841e+24
3.357999999999999829e+01 3.252999999999999880e+24
3.489000000000000057e+01 3.274999999999999851e+24
3.625000000000000000e+01 3.295999999999999799e+24
3.765999999999999659e+01 3.315000000000000237e+24
3.913000000000000256e+01 3.332000000000000092e+24
4.064999999999999858e+01 3.346999999999999901e+24
4.222999999999999687e+01 3.361000000000000224e+24
4.388000000000000256e+01 3.373999999999999987e+24
4.557999999999999829e+01 3.385000000000000241e+24
4.735999999999999943e+01 3.395999999999999958e+24
4.920000000000000284e+01 3.405000000000000166e+24
5.111999999999999744e+01 3.413999999999999836e+24
5.310999999999999943e+01 3.422000000000000021e+24
5.517999999999999972e+01 3.430000000000000206e+24
5.732000000000000028e+01 3.437999999999999853e+24
5.956000000000000227e+01 3.445000000000000015e+24
6.186999999999999744e+01 3.453000000000000199e+24
6.428000000000000114e+01 3.460999999999999847e+24
6.679000000000000625e+01 3.470000000000000055e+24
6.939000000000000057e+01 3.478000000000000239e+24
7.209000000000000341e+01 3.486999999999999910e+24
7.490000000000000568e+01 3.497000000000000141e+24
7.781000000000000227e+01 3.506999999999999834e+24
8.084000000000000341e+01 3.517000000000000065e+24
8.398999999999999488e+01 3.526999999999999759e+24
8.726000000000000512e+01 3.538000000000000013e+24
9.065999999999999659e+01 3.549999999999999753e+24
9.418999999999999773e+01 3.562000000000000029e+24
9.784999999999999432e+01 3.573999999999999769e+24
1.017000000000000028e+02 3.586000000000000046e+24
1.055999999999999943e+02 3.598999999999999809e+24
1.097000000000000028e+02 3.612000000000000109e+24
1.140000000000000000e+02 3.625999999999999895e+24
1.184000000000000057e+02 3.639000000000000195e+24
1.230999999999999943e+02 3.652999999999999981e+24
1.277999999999999972e+02 3.667999999999999790e+24
1.328000000000000114e+02 3.682000000000000113e+24
1.380000000000000000e+02 3.696999999999999922e+24
1.434000000000000057e+02 3.711999999999999732e+24
1.489000000000000057e+02 3.727000000000000078e+24
1.546999999999999886e+02 3.741999999999999887e+24
1.608000000000000114e+02 3.757000000000000233e+24
1.670000000000000000e+02 3.772000000000000042e+24
1.735000000000000000e+02 3.787999999999999874e+24
1.803000000000000114e+02 3.803000000000000220e+24
1.873000000000000114e+02 3.819000000000000052e+24
1.945999999999999943e+02 3.833999999999999862e+24
2.021999999999999886e+02 3.850000000000000231e+24
2.100999999999999943e+02 3.865000000000000040e+24
2.181999999999999886e+02 3.879999999999999849e+24
2.266999999999999886e+02 3.896000000000000218e+24
2.355999999999999943e+02 3.911000000000000027e+24
2.446999999999999886e+02 3.926999999999999859e+24
2.543000000000000114e+02 3.942000000000000206e+24
2.641999999999999886e+02 3.957000000000000015e+24
2.743999999999999773e+02 3.971999999999999824e+24
2.851000000000000227e+02 3.987000000000000170e+24
2.961999999999999886e+02 4.001999999999999979e+24
3.078000000000000114e+02 4.016999999999999788e+24
3.196999999999999886e+02 4.032000000000000134e+24
3.321999999999999886e+02 4.046999999999999943e+24
3.451000000000000227e+02 4.061999999999999753e+24
3.586000000000000227e+02 4.076000000000000075e+24
3.725000000000000000e+02 4.090999999999999885e+24
3.870000000000000000e+02 4.105000000000000208e+24
4.021000000000000227e+02 4.120000000000000017e+24
4.178000000000000114e+02 4.133999999999999803e+24
4.340000000000000000e+02 4.148000000000000126e+24
4.508999999999999773e+02 4.161999999999999912e+24
4.685000000000000000e+02 4.177000000000000258e+24
4.866999999999999886e+02 4.191000000000000044e+24
5.056999999999999886e+02 4.204999999999999830e+24
5.252999999999999545e+02 4.219000000000000153e+24
5.457999999999999545e+02 4.233999999999999962e+24
5.671000000000000227e+02 4.247999999999999748e+24
5.891000000000000227e+02 4.262000000000000071e+24
6.121000000000000227e+02 4.276999999999999880e+24
6.358999999999999773e+02 4.291000000000000203e+24
6.607000000000000455e+02 4.306000000000000013e+24
6.863999999999999773e+02 4.319999999999999799e+24
7.131000000000000227e+02 4.335000000000000145e+24
7.408999999999999773e+02 4.349999999999999954e+24
7.697000000000000455e+02 4.364999999999999763e+24
7.997000000000000455e+02 4.380000000000000109e+24
8.307999999999999545e+02 4.395999999999999941e+24
8.632000000000000455e+02 4.411999999999999774e+24
8.967999999999999545e+02 4.429000000000000166e+24
9.317000000000000455e+02 4.444999999999999998e+24
9.680000000000000000e+02 4.462999999999999876e+24
1.006000000000000000e+03 4.480999999999999755e+24
1.045000000000000000e+03 4.499000000000000170e+24
1.085000000000000000e+03 4.518000000000000071e+24
1.128000000000000000e+03 4.537999999999999996e+24
1.172000000000000000e+03 4.557999999999999920e+24
1.217000000000000000e+03 4.578999999999999868e+24
1.265000000000000000e+03 4.600999999999999839e+24
1.314000000000000000e+03 4.623999999999999832e+24
1.365000000000000000e+03 4.647999999999999849e+24
1.418000000000000000e+03 4.672999999999999889e+24
1.473000000000000000e+03 4.698999999999999952e+24
1.531000000000000000e+03 4.726000000000000038e+24
1.590000000000000000e+03 4.755000000000000170e+24
1.652000000000000000e+03 4.784999999999999788e+24
1.717000000000000000e+03 4.815999999999999966e+24
1.783000000000000000e+03 4.848999999999999654e+24
1.853000000000000000e+03 4.883999999999999925e+24
1.925000000000000000e+03 4.919999999999999681e+24
2.000000000000000000e+03 4.957999999999999484e+24
-----------------------


Townsend ioniz. coef. alpha/N (m2)
COMMENT: generated by bolsig_convert.py
-----------------------
1.000000000000000000e+00 0.000000000000000000e+00
1.038999999999999924e+00 0.000000000000000000e+00
1.078999999999999959e+00 0.000000000000000000e+00
1.120999999999999996e+00 0.000000000000000000e+00
1.165000000000000036e+00 0.000000000000000000e+00
1.209999999999999964e+00 0.000000000000000000e+00
1.258000000000000007e+00 0.000000000000000000e+00
1.306999999999999940e+00 0.000000000000000000e+00
1.356999999999999984e+00 0.000000000000000000e+00
1.409999999999999920e+00 0.000000000000000000e+00
1.465000000000000080e+00 0.000000000000000000e+00
1.522000000000000020e+00 0.000000000000000000e+00
1.580999999999999961e+00 0.000000000000000000e+00
1.643000000000000016e+00 0.000000000000000000e+00
1.707000000000000073e+00 0.000000000000000000e+00
1.772999999999999909e+00 0.000000000000000000e+00
1.842999999999999972e+00 0.000000000000000000e+00
1.913999999999999924e+00 0.000000000000000000e+00
1.989000000000000101e+00 0.000000000000000000e+00
2.065999999999999837e+00 0.000000000000000000e+00
2.146999999999999797e+00 0.000000000000000000e+00
2.229999999999999982e+00 0.000000000000000000e+00
2.317000000000000171e+00 0.000000000000000000e+00
2.407000000000000028e+00 0.000000000000000000e+00
2.500999999999999890e+00 0.000000000000000000e+00
2.597999999999999865e+00 0.000000000000000000e+00
2.700000000000000178e+00 0.000000000000000000e+00
2.805000000000000160e+00 0.000000000000000000e+00
2.914000000000000146e+00 0.000000000000000000e+00
3.027000000000000135e+00 0.000000000000000000e+00
3.145000000000000018e+00 0.000000000000000000e+00
3.267999999999999794e+00 0.000000000000000000e+00
3.395000000000000018e+00 0.000000000000000000e+00
3.527000000000000135e+00 0.000000000000000000e+00
3.664000000000000146e+00 0.000000000000000000e+00
3.806999999999999940e+00 0.000000000000000000e+00
3.955000000000000071e+00 0.000000000000000000e+00
4.108999999999999986e+00 0.000000000000000000e+00
4.269000000000000128e+00 0.000000000000000000e+00
4.434999999999999609e+00 0.000000000000000000e+00
4.607999999999999652e+00 0.000000000000000000e+00
4.788000000000000256e+00 0.000000000000000000e+00
4.974000000000000199e+00 0.000000000000000000e+00
5.168000000000000149e+00 0.000000000000000000e+00
5.368999999999999773e+00 0.000000000000000000e+00
5.578000000000000291e+00 0.000000000000000000e+00
5.794999999999999929e+00 0.000000000000000000e+00
6.020999999999999908e+00 0.000000000000000000e+00
6.254999999999999893e+00 0.000000000000000000e+00
6.498999999999999666e+00 0.000000000000000000e+00
6.751999999999999780e+00 0.000000000000000000e+00
7.014000000000000234e+00 0.000000000000000000e+00
7.288000000000000256e+00 0.000000000000000000e+00
7.570999999999999730e+00 0.000000000000000000e+00
7.865999999999999659e+00 0.000000000000000000e+00
8.172000000000000597e+00 0.000000000000000000e+00
8.490000000000000213e+00 0.000000000000000000e+00
8.820999999999999730e+00 0.000000000000000000e+00
9.164999999999999147e+00 0.000000000000000000e+00
9.521000000000000796e+00 0.000000000000000000e+00
9.891999999999999460e+00 0.000000000000000000e+00
1.027999999999999936e+01 0.000000000000000000e+00
1.067999999999999972e+01 0.000000000000000000e+00
1.108999999999999986e+01 0.000000000000000000e+00
1.151999999999999957e+01 0.000000000000000000e+00
1.197000000000000064e+01 0.000000000000000000e+00
1.243999999999999950e+01 0.000000000000000000e+00
1.291999999999999993e+01 0.000000000000000000e+00
1.342999999999999972e+01 0.000000000000000000e+00
1.394999999999999929e+01 0.000000000000000000e+00
1.449000000000000021e+01 0.000000000000000000e+00
1.506000000000000050e+01 0.000000000000000000e+00
1.564000000000000057e+01 0.000000000000000000e+00
1.625000000000000000e+01 0.000000000000000000e+00
1.689000000000000057e+01 0.000000000000000000e+00
1.753999999999999915e+01 0.000000000000000000e+00
1.823000000000000043e+01 0.000000000000000000e+00
1.894000000000000128e+01 0.000000000000000000e+00
1.967000000000000171e+01 0.000000000000000000e+00
2.044000000000000128e+01 0.000000000000000000e+00
2.123000000000000043e+01 0.000000000000000000e+00
2.205999999999999872e+01 0.000000000000000000e+00
2.292000000000000171e+01 0.000000000000000000e+00
2.380999999999999872e+01 0.000000000000000000e+00
2.473999999999999844e+01 0.000000000000000000e+00
2.569999999999999929e+01 0.000000000000000000e+00
2.669999999999999929e+01 6.103999999999999745e-31
2.773999999999999844e+01 1.726999999999999850e-30
2.882000000000000028e+01 4.652999999999999771e-30
2.994999999999999929e+01 1.195999999999999988e-29
3.110999999999999943e+01 2.940999999999999993e-29
3.232000000000000028e+01 7.433999999999999891e-29
3.357999999999999829e+01 1.694999999999999945e-28
3.489000000000000057e+01 3.721000000000000058e-28
3.625000000000000000e+01 7.873999999999999703e-28
3.765999999999999659e+01 1.608999999999999972e-27
3.913000000000000256e+01 3.178999999999999867e-27
4.064999999999999858e+01 6.082999999999999795e-27
4.222999999999999687e+01 1.129999999999999957e-26
4.388000000000000256e+01 2.037999999999999912e-26
4.557999999999999829e+01 3.572999999999999871e-26
4.735999999999999943e+01 6.099999999999999948e-26
4.920000000000000284e+01 1.015999999999999993e-25
5.111999999999999744e+01 1.650999999999999917e-25
5.310999999999999943e+01 2.622999999999999920e-25
5.517999999999999972e+01 4.078999999999999930e-25
5.732000000000000028e+01 6.211999999999999860e-25
5.956000000000000227e+01 9.277000000000000366e-25
6.186999999999999744e+01 1.360000000000000006e-24
6.428000000000000114e+01 1.959000000000000147e-24
6.679000000000000625e+01 2.775999999999999854e-24
6.939000000000000057e+01 3.872000000000000057e-24
7.209000000000000341e+01 5.320999999999999812e-24
7.490000000000000568e+01 7.212999999999999598e-24
7.781000000000000227e+01 9.646000000000000239e-24
8.084000000000000341e+01 1.273999999999999993e-23
8.398999999999999488e+01 1.663000000000000104e-23
8.726000000000000512e+01 2.147000000000000056e-23
9.065999999999999659e+01 2.741999999999999804e-23
9.418999999999999773e+01 3.468000000000000026e-23
9.784999999999999432e+01 4.344999999999999930e-23
1.017000000000000028e+02 5.396999999999999743e-23
1.055999999999999943e+02 6.646000000000000505e-23
1.097000000000000028e+02 8.120000000000000225e-23
1.140000000000000000e+02 9.847000000000000442e-23
1.184000000000000057e+02 1.186000000000000066e-22
1.230999999999999943e+02 1.417999999999999938e-22
1.277999999999999972e+02 1.684999999999999909e-22
1.328000000000000114e+02 1.989999999999999934e-22
1.380000000000000000e+02 2.336999999999999797e-22
1.434000000000000057e+02 2.730000000000000220e-22
1.489000000000000057e+02 3.171999999999999982e-22
1.546999999999999886e+02 3.667999999999999871e-22
1.608000000000000114e+02 4.222000000000000139e-22
1.670000000000000000e+02 4.836999999999999566e-22
1.735000000000000000e+02 5.518000000000000349e-22
1.803000000000000114e+02 6.271000000000000046e-22
1.873000000000000114e+02 7.097999999999999725e-22
1.945999999999999943e+02 8.004999999999999765e-22
2.021999999999999886e+02 8.995999999999999479e-22
2.100999999999999943e+02 1.008000000000000038e-21
2.181999999999999886e+02 1.124999999999999919e-21
2.266999999999999886e+02 1.252000000000000058e-21
2.355999999999999943e+02 1.389999999999999952e-21
2.446999999999999886e+02 1.537999999999999915e-21
2.543000000000000114e+02 1.697999999999999886e-21
2.641999999999999886e+02 1.869999999999999863e-21
2.743999999999999773e+02 2.053000000000000160e-21
2.851000000000000227e+02 2.249999999999999839e-21
2.961999999999999886e+02 2.459999999999999964e-21
3.078000000000000114e+02 2.683000000000000160e-21
3.196999999999999886e+02 2.921000000000000177e-21
3.321999999999999886e+02 3.172999999999999951e-21
3.451000000000000227e+02 3.441000000000000362e-21
3.586000000000000227e+02 3.724000000000000218e-21
3.725000000000000000e+02 4.023999999999999644e-21
3.870000000000000000e+02 4.339000000000000021e-21
4.021000000000000227e+02 4.672000000000000031e-21
4.178000000000000114e+02 5.022999999999999677e-21
4.340000000000000000e+02 5.390999999999999646e-21
4.508999999999999773e+02 5.777000000000000002e-21
4.685000000000000000e+02 6.183000000000000119e-21
4.866999999999999886e+02 6.606999999999999870e-21
5.056999999999999886e+02 7.051000000000000136e-21
5.252999999999999545e+02 7.514999999999999410e-21
5.457999999999999545e+02 7.998000000000000638e-21
5.671000000000000227e+02 8.503000000000000250e-21
5.891000000000000227e+02 9.029000000000000439e-21
6.121000000000000227e+02 9.575000000000000389e-21
6.358999999999999773e+02 1.013999999999999928e-20
6.607000000000000455e+02 1.073000000000000051e-20
6.863999999999999773e+02 1.135000000000000063e-20
7.131000000000000227e+02 1.197999999999999988e-20
7.408999999999999773e+02 1.263999999999999952e-20
7.697000000000000455e+02 1.332000000000000043e-20
7.997000000000000455e+02 1.401999999999999960e-20
8.307999999999999545e+02 1.474999999999999915e-20
8.632000000000000455e+02 1.549999999999999998e-20
8.967999999999999545e+02 1.628000000000000120e-20
9.317000000000000455e+02 1.708000000000000067e-20
9.680000000000000000e+02 1.790000000000000141e-20
1.006000000000000000e+03 1.874000000000000041e-20
1.045000000000000000e+03 1.961999999999999893e-20
1.085000000000000000e+03 2.050999999999999958e-20
1.128000000000000000e+03 2.143000000000000063e-20
1.172000000000000000e+03 2.236999999999999994e-20
1.217000000000000000e+03 2.333999999999999964e-20
1.265000000000000000e+03 2.433999999999999974e-20
1.314000000000000000e+03 2.534999999999999896e-20
1.365000000000000000e+03 2.638999999999999858e-20
1.418000000000000000e+03 2.746000000000000160e-20
1.473000000000000000e+03 2.855000000000000288e-20
1.531000000000000000e+03 2.966000000000000241e-20
1.590000000000000000e+03 3.079000000000000021e-20
1.652000000000000000e+03 3.195000000000000140e-20
1.717000000000000000e+03 3.312000000000000172e-20
1.783000000000000000e+03 3.431999999999999943e-20
1.853000000000000000e+03 3.554000000000000141e-20
1.925000000000000000e+03 3.678000000000000165e-20
2.000000000000000000e+03 3.804000000000000015e-20
-----------------------


Townsend attach. coef. eta/N (m2)
COMMENT: generated by bolsig_convert.py
-----------------------
1.000000000000000000e+00 8.193000000000000431e-19
1.038999999999999924e+00 8.070000000000000200e-19
1.078999999999999959e+00 7.949000000000000035e-19
1.120999999999999996e+00 7.833000000000000036e-19
1.165000000000000036e+00 7.719000000000000103e-19
1.209999999999999964e+00 7.609000000000000303e-19
1.258000000000000007e+00 7.501999999999999640e-19
1.306999999999999940e+00 7.398000000000000039e-19
1.356999999999999984e+00 7.296999999999999575e-19
1.409999999999999920e+00 7.198000000000000141e-19
1.465000000000000080e+00 7.100999999999999809e-19
1.522000000000000020e+00 7.006999999999999578e-19
1.580999999999999961e+00 6.914000000000000342e-19
1.643000000000000016e+00 6.822000000000000177e-19
1.707000000000000073e+00 6.732000000000000078e-19
1.772999999999999909e+00 6.640999999999999946e-19
1.842999999999999972e+00 6.550999999999999847e-19
1.913999999999999924e+00 6.460999999999999748e-19
1.989000000000000101e+00 6.368999999999999583e-19
2.065999999999999837e+00 6.276000000000000347e-19
2.146999999999999797e+00 6.179000000000000016e-19
2.229999999999999982e+00 6.079999999999999618e-19
2.317000000000000171e+00 5.977000000000000051e-19
2.407000000000000028e+00 5.869000000000000317e-19
2.500999999999999890e+00 5.756000000000000418e-19
2.597999999999999865e+00 5.637000000000000319e-19
2.700000000000000178e+00 5.512000000000000021e-19
2.805000000000000160e+00 5.380000000000000454e-19
2.914000000000000146e+00 5.242999999999999758e-19
3.027000000000000135e+00 5.100999999999999859e-19
3.145000000000000018e+00 4.954999999999999827e-19
3.267999999999999794e+00 4.804999999999999662e-19
3.395000000000000018e+00 4.654000000000000427e-19
3.527000000000000135e+00 4.500000000000000129e-19
3.664000000000000146e+00 4.345999999999999832e-19
3.806999999999999940e+00 4.193000000000000049e-19
3.955000000000000071e+00 4.039999999999999784e-19
4.108999999999999986e+00 3.889000000000000068e-19
4.269000000000000128e+00 3.739999999999999936e-19
4.434999999999999609e+00 3.592999999999999871e-19
4.607999999999999652e+00 3.449999999999999939e-19
4.788000000000000256e+00 3.308000000000000039e-19
4.974000000000000199e+00 3.170999999999999825e-19
5.168000000000000149e+00 3.036000000000000158e-19
5.368999999999999773e+00 2.905000000000000142e-19
5.578000000000000291e+00 2.774000000000000127e-19
5.794999999999999929e+00 2.504999999999999863e-19
6.020999999999999908e+00 2.246999999999999965e-19
6.254999999999999893e+00 2.019000000000000100e-19
6.498999999999999666e+00 1.824999999999999919e-19
6.751999999999999780e+00 1.655000000000000053e-19
7.014000000000000234e+00 1.505999999999999921e-19
7.288000000000000256e+00 1.374000000000000113e-19
7.570999999999999730e+00 1.258000000000000114e-19
7.865999999999999659e+00 1.154000000000000032e-19
8.172000000000000597e+00 1.061999999999999987e-19
8.490000000000000213e+00 9.788000000000000178e-20
8.820999999999999730e+00 9.045000000000000549e-20
9.164999999999999147e+00 8.376000000000000488e-20
9.521000000000000796e+00 7.770999999999999663e-20
9.891999999999999460e+00 7.223999999999999800e-20
1.027999999999999936e+01 6.727000000000000393e-20
1.067999999999999972e+01 6.275000000000000073e-20
1.108999999999999986e+01 5.862999999999999877e-20
1.151999999999999957e+01 5.485999999999999640e-20
1.197000000000000064e+01 5.139999999999999709e-20
1.243999999999999950e+01 4.821999999999999745e-20
1.291999999999999993e+01 4.529999999999999922e-20
1.342999999999999972e+01 4.259000000000000073e-20
1.394999999999999929e+01 4.009000000000000200e-20
1.449000000000000021e+01 3.776000000000000048e-20
1.506000000000000050e+01 3.560000000000000220e-20
1.564000000000000057e+01 3.357999999999999773e-20
1.625000000000000000e+01 3.169999999999999912e-20
1.689000000000000057e+01 2.993000000000000295e-20
1.753999999999999915e+01 2.828000000000000234e-20
1.823000000000000043e+01 2.672999999999999903e-20
1.894000000000000128e+01 2.526999999999999992e-20
1.967000000000000171e+01 2.389999999999999898e-20
2.044000000000000128e+01 2.261999999999999921e-20
2.123000000000000043e+01 2.140999999999999937e-20
2.205999999999999872e+01 2.026999999999999944e-20
2.292000000000000171e+01 1.919999999999999943e-20
2.380999999999999872e+01 1.819000000000000020e-20
2.473999999999999844e+01 1.723999999999999876e-20
2.569999999999999929e+01 1.635000000000000111e-20
2.669999999999999929e+01 1.552000000000000124e-20
2.773999999999999844e+01 1.473000000000000090e-20
2.882000000000000028e+01 1.398999999999999920e-20
2.994999999999999929e+01 1.330000000000000067e-20
3.110999999999999943e+01 1.263999999999999952e-20
3.232000000000000028e+01 1.201999999999999940e-20
3.357999999999999829e+01 1.144000000000000031e-20
3.489000000000000057e+01 1.089000000000000011e-20
3.625000000000000000e+01 1.037000000000000030e-20
3.765999999999999659e+01 9.874000000000000505e-21
3.913000000000000256e+01 9.403999999999999346e-21
4.064999999999999858e+01 8.957000000000000396e-21
4.222999999999999687e+01 8.531000000000000518e-21
4.388000000000000256e+01 8.123999999999999585e-21
4.557999999999999829e+01 7.736000000000000607e-21
4.735999999999999943e+01 7.365000000000000448e-21
4.920000000000000284e+01 7.009999999999999798e-21
5.111999999999999744e+01 6.670000000000000096e-21
5.310999999999999943e+01 6.343999999999999776e-21
5.517999999999999972e+01 6.032999999999999653e-21
5.732000000000000028e+01 5.734000000000000289e-21
5.956000000000000227e+01 5.448000000000000244e-21
6.186999999999999744e+01 5.175000000000000269e-21
6.428000000000000114e+01 4.914000000000000301e-21
6.679000000000000625e+01 4.665000000000000341e-21
6.939000000000000057e+01 4.427000000000000324e-21
7.209000000000000341e+01 4.201000000000000314e-21
7.490000000000000568e+01 3.985000000000000185e-21
7.781000000000000227e+01 3.780000000000000000e-21
8.084000000000000341e+01 3.584999999999999696e-21
8.398999999999999488e+01 3.400000000000000024e-21
8.726000000000000512e+01 3.224000000000000170e-21
9.065999999999999659e+01 3.057999999999999820e-21
9.418999999999999773e+01 2.899999999999999976e-21
9.784999999999999432e+01 2.749999999999999887e-21
1.017000000000000028e+02 2.607999999999999927e-21
1.055999999999999943e+02 2.473000000000000035e-21
1.097000000000000028e+02 2.345999999999999896e-21
1.140000000000000000e+02 2.225000000000000138e-21
1.184000000000000057e+02 2.110000000000000006e-21
1.230999999999999943e+02 2.001999999999999942e-21
1.277999999999999972e+02 1.898999999999999817e-21
1.328000000000000114e+02 1.802000000000000073e-21
1.380000000000000000e+02 1.709999999999999893e-21
1.434000000000000057e+02 1.621999999999999966e-21
1.489000000000000057e+02 1.540000000000000042e-21
1.546999999999999886e+02 1.460999999999999932e-21
1.608000000000000114e+02 1.386999999999999951e-21
1.670000000000000000e+02 1.315999999999999971e-21
1.735000000000000000e+02 1.249000000000000056e-21
1.803000000000000114e+02 1.186000000000000019e-21
1.873000000000000114e+02 1.125999999999999983e-21
1.945999999999999943e+02 1.068999999999999949e-21
2.021999999999999886e+02 1.014999999999999916e-21
2.100999999999999943e+02 9.636000000000000488e-22
2.181999999999999886e+02 9.149999999999999822e-22
2.266999999999999886e+02 8.688000000000000674e-22
2.355999999999999943e+02 8.250000000000000225e-22
2.446999999999999886e+02 7.835000000000000290e-22
2.543000000000000114e+02 7.439999999999999741e-22
2.641999999999999886e+02 7.065999999999999580e-22
2.743999999999999773e+02 6.709999999999999618e-22
2.851000000000000227e+02 6.371999999999999855e-22
2.961999999999999886e+02 6.051000000000000228e-22
3.078000000000000114e+02 5.746999999999999796e-22
3.196999999999999886e+02 5.457000000000000249e-22
3.321999999999999886e+02 5.181999999999999772e-22
3.451000000000000227e+02 4.921000000000000180e-22
3.586000000000000227e+02 4.672999999999999530e-22
3.725000000000000000e+02 4.437999999999999704e-22
3.870000000000000000e+02 4.214000000000000103e-22
4.021000000000000227e+02 4.000999999999999787e-22
4.178000000000000114e+02 3.799000000000000168e-22
4.340000000000000000e+02 3.606999999999999772e-22
4.508999999999999773e+02 3.423999999999999944e-22
4.685000000000000000e+02 3.250999999999999810e-22
4.866999999999999886e+02 3.086000000000000181e-22
5.056999999999999886e+02 2.929000000000000119e-22
5.252999999999999545e+02 2.781000000000000156e-22
5.457999999999999545e+02 2.639000000000000103e-22
5.671000000000000227e+02 2.504000000000000022e-22
5.891000000000000227e+02 2.376999999999999978e-22
6.121000000000000227e+02 2.254999999999999779e-22
6.358999999999999773e+02 2.140000000000000024e-22
6.607000000000000455e+02 2.030000000000000115e-22
6.863999999999999773e+02 1.926000000000000116e-22
7.131000000000000227e+02 1.826999999999999963e-22
7.408999999999999773e+02 1.732999999999999891e-22
7.697000000000000455e+02 1.643999999999999900e-22
7.997000000000000455e+02 1.558999999999999928e-22
8.307999999999999545e+02 1.477999999999999974e-22
8.632000000000000455e+02 1.401000000000000037e-22
8.967999999999999545e+02 1.327999999999999884e-22
9.317000000000000455e+02 1.258999999999999984e-22
9.680000000000000000e+02 1.193000000000000038e-22
1.006000000000000000e+03 1.131000000000000111e-22
1.045000000000000000e+03 1.071000000000000075e-22
1.085000000000000000e+03 1.015000000000000058e-22
1.128000000000000000e+03 9.608999999999999720e-23
1.172000000000000000e+03 9.097999999999999587e-23
1.217000000000000000e+03 8.612999999999999454e-23
1.265000000000000000e+03 8.152000000000000135e-23
1.314000000000000000e+03 7.713999999999999685e-23
1.365000000000000000e+03 7.297000000000000094e-23
1.418000000000000000e+03 6.901000000000000187e-23
1.473000000000000000e+03 6.525000000000000370e-23
1.531000000000000000e+03 6.167999999999999875e-23
1.590000000000000000e+03 5.829000000000000284e-23
1.652000000000000000e+03 5.506999999999999652e-23
1.717000000000000000e+03 5.201000000000000151e-23
1.783000000000000000e+03 4.911000000000000017e-23
1.853000000000000000e+03 4.635000000000000064e-23
1.925000000000000000e+03 4.373999999999999885e-23
2.000000000000000000e+03 4.125000000000000112e-23
-----------------------


C3 C4F7N Ionization 14.00 eV
COMMENT: generated by bolsig_convert.py
-----------------------
1.000000000000000000e+00 0.000000000000000000e+00
1.038999999999999924e+00 0.000000000000000000e+00
1.078999999999999959e+00 0.000000000000000000e+00
1.120999999999999996e+00 0.000000000000000000e+00
1.165000000000000036e+00 0.000000000000000000e+00
1.209999999999999964e+00 0.000000000000000000e+00
1.258000000000000007e+00 0.000000000000000000e+00
1.306999999999999940e+00 0.000000000000000000e+00
1.356999999999999984e+00 0.000000000000000000e+00
1.409999999999999920e+00 0.000000000000000000e+00
1.465000000000000080e+00 0.000000000000000000e+00
1.522000000000000020e+00 0.000000000000000000e+00
1.580999999999999961e+00 0.000000000000000000e+00
1.643000000000000016e+00 0.000000000000000000e+00
1.707000000000000073e+00 0.000000000000000000e+00
1.772999999999999909e+00 0.000000000000000000e+00
1.842999999999999972e+00 0.000000000000000000e+00
1.913999999999999924e+00 0.000000000000000000e+00
1.989000000000000101e+00 0.000000000000000000e+00
2.065999999999999837e+00 0.000000000000000000e+00
2.146999999999999797e+00 0.000000000000000000e+00
2.229999999999999982e+00 0.000000000000000000e+00
2.317000000000000171e+00 0.000000000000000000e+00
2.407000000000000028e+00 0.000000000000000000e+00
2.500999999999999890e+00 0.000000000000000000e+00
2.597999999999999865e+00 0.000000000000000000e+00
2.700000000000000178e+00 0.000000000000000000e+00
2.805000000000000160e+00 0.000000000000000000e+00
2.914000000000000146e+00 0.000000000000000000e+00
3.027000000000000135e+00 0.000000000000000000e+00
3.145000000000000018e+00 0.000000000000000000e+00
3.267999999999999794e+00 0.000000000000000000e+00
3.395000000000000018e+00 0.000000000000000000e+00
3.527000000000000135e+00 0.000000000000000000e+00
3.664000000000000146e+00 0.000000000000000000e+00
3.806999999999999940e+00 0.000000000000000000e+00
3.955000000000000071e+00 0.000000000000000000e+00
4.108999999999999986e+00 0.000000000000000000e+00
4.269000000000000128e+00 0.000000000000000000e+00
4.434999999999999609e+00 0.000000000000000000e+00
4.607999999999999652e+00 0.000000000000000000e+00
4.788000000000000256e+00 0.000000000000000000e+00
4.974000000000000199e+00 0.000000000000000000e+00
5.168000000000000149e+00 0.000000000000000000e+00
5.368999999999999773e+00 0.000000000000000000e+00
5.578000000000000291e+00 0.000000000000000000e+00
5.794999999999999929e+00 0.000000000000000000e+00
6.020999999999999908e+00 0.000000000000000000e+00
6.254999999999999893e+00 0.000000000000000000e+00
6.498999999999999666e+00 0.000000000000000000e+00
6.751999999999999780e+00 0.000000000000000000e+00
7.014000000000000234e+00 0.000000000000000000e+00
7.288000000000000256e+00 0.000000000000000000e+00
7.570999999999999730e+00 0.000000000000000000e+00
7.865999999999999659e+00 0.000000000000000000e+00
8.172000000000000597e+00 0.000000000000000000e+00
8.490000000000000213e+00 0.000000000000000000e+00
8.820999999999999730e+00 0.000000000000000000e+00
9.164999999999999147e+00 0.000000000000000000e+00
9.521000000000000796e+00 0.000000000000000000e+00
9.891999999999999460e+00 0.000000000000000000e+00
1.027999999999999936e+01 0.000000000000000000e+00
1.067999999999999972e+01 0.000000000000000000e+00
1.108999999999999986e+01 0.000000000000000000e+00
1.151999999999999957e+01 0.000000000000000000e+00
1.197000000000000064e+01 0.000000000000000000e+00
1.243999999999999950e+01 0.000000000000000000e+00
1.291999999999999993e+01 0.000000000000000000e+00
1.342999999999999972e+01 0.000000000000000000e+00
1.394999999999999929e+01 0.000000000000000000e+00
1.449000000000000021e+01 0.000000000000000000e+00
1.506000000000000050e+01 0.000000000000000000e+00
1.564000000000000057e+01 0.000000000000000000e+00
1.625000000000000000e+01 0.000000000000000000e+00
1.689000000000000057e+01 0.000000000000000000e+00
1.753999999999999915e+01 0.000000000000000000e+00
1.823000000000000043e+01 0.000000000000000000e+00
1.894000000000000128e+01 0.000000000000000000e+00
1.967000000000000171e+01 0.000000000000000000e+00
2.044000000000000128e+01 0.000000000000000000e+00
2.123000000000000043e+01 0.000000000000000000e+00
2.205999999999999872e+01 0.000000000000000000e+00
2.292000000000000171e+01 0.000000000000000000e+00
2.380999999999999872e+01 0.000000000000000000e+00
2.473999999999999844e+01 0.000000000000000000e+00
2.569999999999999929e+01 0.000000000000000000e+00
2.669999999999999929e+01 7.523000000000000094e-28
2.773999999999999844e+01 2.238000000000000063e-27
2.882000000000000028e+01 6.326999999999999793e-27
2.994999999999999929e+01 1.703000000000000000e-26
3.110999999999999943e+01 4.376000000000000123e-26
3.232000000000000028e+01 2.551000000000000124e-25
3.357999999999999829e+01 6.420000000000000190e-25
3.489000000000000057e+01 1.553000000000000011e-24
3.625000000000000000e+01 3.617999999999999674e-24
3.765999999999999659e+01 8.127000000000000316e-24
3.913000000000000256e+01 1.762999999999999967e-23
4.064999999999999858e+01 3.699000000000000069e-23
4.222999999999999687e+01 7.632999999999999731e-23
4.388000000000000256e+01 1.509000000000000055e-22
4.557999999999999829e+01 2.899000000000000101e-22
4.735999999999999943e+01 5.417999999999999662e-22
4.920000000000000284e+01 9.867000000000000062e-22
5.111999999999999744e+01 1.752999999999999981e-21
5.310999999999999943e+01 3.041999999999999936e-21
5.517999999999999972e+01 5.165999999999999700e-21
5.732000000000000028e+01 8.581000000000000673e-21
5.956000000000000227e+01 1.397000000000000094e-20
6.186999999999999744e+01 2.232000000000000129e-20
6.428000000000000114e+01 3.502999999999999772e-20
6.679000000000000625e+01 5.403000000000000255e-20
6.939000000000000057e+01 8.200000000000000182e-20
7.209000000000000341e+01 1.226000000000000015e-19
7.490000000000000568e+01 1.807000000000000043e-19
7.781000000000000227e+01 2.624999999999999995e-19
8.084000000000000341e+01 3.764999999999999803e-19
8.398999999999999488e+01 5.332999999999999857e-19
8.726000000000000512e+01 7.466000000000000371e-19
9.065999999999999659e+01 1.034000000000000045e-18
9.418999999999999773e+01 1.416000000000000015e-18
9.784999999999999432e+01 1.920000000000000184e-18
1.017000000000000028e+02 2.578999999999999913e-18
1.055999999999999943e+02 3.433000000000000145e-18
1.097000000000000028e+02 4.529000000000000322e-18
1.140000000000000000e+02 5.925999999999999899e-18
1.184000000000000057e+02 7.692000000000000362e-18
1.230999999999999943e+02 9.909000000000000198e-18
1.277999999999999972e+02 1.266999999999999960e-17
1.328000000000000114e+02 1.609999999999999907e-17
1.380000000000000000e+02 2.031000000000000055e-17
1.434000000000000057e+02 2.545999999999999857e-17
1.489000000000000057e+02 3.172000000000000070e-17
1.546999999999999886e+02 3.928999999999999971e-17
1.608000000000000114e+02 4.840000000000000131e-17
1.670000000000000000e+02 5.929999999999999723e-17
1.735000000000000000e+02 7.227000000000000140e-17
1.803000000000000114e+02 8.764000000000000513e-17
1.873000000000000114e+02 1.058000000000000009e-16
1.945999999999999943e+02 1.271000000000000093e-16
2.021999999999999886e+02 1.520000000000000047e-16
2.100999999999999943e+02 1.810000000000000076e-16
2.181999999999999886e+02 2.146999999999999931e-16
2.266999999999999886e+02 2.536000000000000188e-16
2.355999999999999943e+02 2.985000000000000187e-16
2.446999999999999886e+02 3.500000000000000173e-16
2.543000000000000114e+02 4.088999999999999982e-16
2.641999999999999886e+02 4.760999999999999858e-16
2.743999999999999773e+02 5.525000000000000045e-16
2.851000000000000227e+02 6.390999999999999720e-16
2.961999999999999886e+02 7.370000000000000443e-16
3.078000000000000114e+02 8.472999999999999827e-16
3.196999999999999886e+02 9.713999999999999680e-16
3.321999999999999886e+02 1.110999999999999909e-15
3.451000000000000227e+02 1.266000000000000061e-15
3.586000000000000227e+02 1.439999999999999930e-15
3.725000000000000000e+02 1.632999999999999911e-15
3.870000000000000000e+02 1.848000000000000052e-15
4.021000000000000227e+02 2.085999999999999975e-15
4.178000000000000114e+02 2.349000000000000107e-15
4.340000000000000000e+02 2.639999999999999905e-15
4.508999999999999773e+02 2.959999999999999978e-15
4.685000000000000000e+02 3.312000000000000175e-15
4.866999999999999886e+02 3.699000000000000350e-15
5.056999999999999886e+02 4.122000000000000321e-15
5.252999999999999545e+02 4.585000000000000153e-15
5.457999999999999545e+02 5.091000000000000092e-15
5.671000000000000227e+02 5.643000000000000384e-15
5.891000000000000227e+02 6.242999999999999879e-15
6.121000000000000227e+02 6.895000000000000218e-15
6.358999999999999773e+02 7.603999999999999709e-15
6.607000000000000455e+02 8.370999999999999748e-15
6.863999999999999773e+02 9.201999999999999249e-15
7.131000000000000227e+02 1.009999999999999925e-14
7.408999999999999773e+02 1.107000000000000041e-14
7.697000000000000455e+02 1.210999999999999996e-14
7.997000000000000455e+02 1.324000000000000057e-14
8.307999999999999545e+02 1.445000000000000091e-14
8.632000000000000455e+02 1.574999999999999915e-14
8.967999999999999545e+02 1.715000000000000139e-14
9.317000000000000455e+02 1.863999999999999997e-14
9.680000000000000000e+02 2.024000000000000072e-14
1.006000000000000000e+03 2.195999999999999869e-14
1.045000000000000000e+03 2.378999999999999885e-14
1.085000000000000000e+03 2.573999999999999937e-14
1.128000000000000000e+03 2.781999999999999846e-14
1.172000000000000000e+03 3.003999999999999746e-14
1.217000000000000000e+03 3.239999999999999952e-14
1.265000000000000000e+03 3.490999999999999968e-14
1.314000000000000000e+03 3.756999999999999794e-14
1.365000000000000000e+03 4.039999999999999699e-14
1.418000000000000000e+03 4.338999999999999863e-14
1.473000000000000000e+03 4.656999999999999745e-14
1.531000000000000000e+03 4.991999999999999706e-14
1.590000000000000000e+03 5.346000000000000015e-14
1.652000000000000000e+03 5.719999999999999861e-14
1.717000000000000000e+03 6.114999999999999692e-14
1.783000000000000000e+03 6.529999999999999691e-14
1.853000000000000000e+03 6.966999999999999495e-14
1.925000000000000000e+03 7.426000000000000366e-14
2.000000000000000000e+03 7.908000000000000231e-14
-----------------------


C4 C4F7N Attachment
COMMENT: generated by bolsig_convert.py
-----------------------
1.000000000000000000e+00 3.811000000000000119e-14
1.038999999999999924e+00 3.899999999999999790e-14
1.078999999999999959e+00 3.990999999999999731e-14
1.120999999999999996e+00 4.086000000000000209e-14
1.165000000000000036e+00 4.184000000000000145e-14
1.209999999999999964e+00 4.285999999999999988e-14
1.258000000000000007e+00 4.390999999999999920e-14
1.306999999999999940e+00 4.499999999999999758e-14
1.356999999999999984e+00 4.613000000000000135e-14
1.409999999999999920e+00 4.728999999999999969e-14
1.465000000000000080e+00 4.848999999999999710e-14
1.522000000000000020e+00 4.973999999999999808e-14
1.580999999999999961e+00 5.101999999999999995e-14
1.643000000000000016e+00 5.234000000000000089e-14
1.707000000000000073e+00 5.370000000000000090e-14
1.772999999999999909e+00 5.509999999999999998e-14
1.842999999999999972e+00 5.652999999999999995e-14
1.913999999999999924e+00 5.800000000000000530e-14
1.989000000000000101e+00 5.948999999999999440e-14
2.065999999999999837e+00 6.100999999999999701e-14
2.146999999999999797e+00 6.254000000000000413e-14
2.229999999999999982e+00 6.408000000000000312e-14
2.317000000000000171e+00 6.562999999999999399e-14
2.407000000000000028e+00 6.714999999999999660e-14
2.500999999999999890e+00 6.865000000000000283e-14
2.597999999999999865e+00 7.009999999999999918e-14
2.700000000000000178e+00 7.149999999999999826e-14
2.805000000000000160e+00 7.281999999999999920e-14
2.914000000000000146e+00 7.404999999999999749e-14
3.027000000000000135e+00 7.519999999999999764e-14
3.145000000000000018e+00 7.623999999999999876e-14
3.267999999999999794e+00 7.718999999999999724e-14
3.395000000000000018e+00 7.802999999999999669e-14
3.527000000000000135e+00 7.878000000000000611e-14
3.664000000000000146e+00 7.942999999999999577e-14
3.806999999999999940e+00 7.999999999999999991e-14
3.955000000000000071e+00 8.049000000000000590e-14
4.108999999999999986e+00 8.088999999999999662e-14
4.269000000000000128e+00 8.122999999999999820e-14
4.434999999999999609e+00 8.149000000000000163e-14
4.607999999999999652e+00 8.169000000000000331e-14
4.788000000000000256e+00 8.183000000000000322e-14
4.974000000000000199e+00 8.192000000000000586e-14
5.168000000000000149e+00 8.194999999999999412e-14
5.368999999999999773e+00 8.194000000000000224e-14
5.578000000000000291e+00 8.181999999999999871e-14
5.794999999999999929e+00 8.001999999999999629e-14
6.020999999999999908e+00 7.787000000000000040e-14
6.254999999999999893e+00 7.572000000000000451e-14
6.498999999999999666e+00 7.364999999999999415e-14
6.751999999999999780e+00 7.162000000000000179e-14
7.014000000000000234e+00 6.961999999999999769e-14
7.288000000000000256e+00 6.765999999999999897e-14
7.570999999999999730e+00 6.574999999999999752e-14
7.865999999999999659e+00 6.386999999999999694e-14
8.172000000000000597e+00 6.204999999999999814e-14
8.490000000000000213e+00 6.026000000000000021e-14
8.820999999999999730e+00 5.853000000000000405e-14
9.164999999999999147e+00 5.685000000000000515e-14
9.521000000000000796e+00 5.523000000000000170e-14
9.891999999999999460e+00 5.364999999999999733e-14
1.027999999999999936e+01 5.213000000000000103e-14
1.067999999999999972e+01 5.064999999999999749e-14
1.108999999999999986e+01 4.923000000000000202e-14
1.151999999999999957e+01 4.785999999999999751e-14
1.197000000000000064e+01 4.654000000000000288e-14
1.243999999999999950e+01 4.526999999999999921e-14
1.291999999999999993e+01 4.404000000000000091e-14
1.342999999999999972e+01 4.285999999999999988e-14
1.394999999999999929e+01 4.170999999999999973e-14
1.449000000000000021e+01 4.060999999999999685e-14
1.506000000000000050e+01 3.953000000000000297e-14
1.564000000000000057e+01 3.849000000000000184e-14
1.625000000000000000e+01 3.746999999999999710e-14
1.689000000000000057e+01 3.647999999999999955e-14
1.753999999999999915e+01 3.550999999999999839e-14
1.823000000000000043e+01 3.455999999999999991e-14
1.894000000000000128e+01 3.362999999999999781e-14
1.967000000000000171e+01 3.271000000000000022e-14
2.044000000000000128e+01 3.180000000000000081e-14
2.123000000000000043e+01 3.090999999999999779e-14
2.205999999999999872e+01 3.003999999999999746e-14
2.292000000000000171e+01 2.918000000000000163e-14
2.380999999999999872e+01 2.833000000000000083e-14
2.473999999999999844e+01 2.749999999999999957e-14
2.569999999999999929e+01 2.667999999999999966e-14
2.669999999999999929e+01 2.587999999999999928e-14
2.773999999999999844e+01 2.509000000000000025e-14
2.882000000000000028e+01 2.432000000000000075e-14
2.994999999999999929e+01 2.355999999999999945e-14
3.110999999999999943e+01 2.282000000000000083e-14
3.232000000000000028e+01 2.209000000000000041e-14
3.357999999999999829e+01 2.137000000000000133e-14
3.489000000000000057e+01 2.066999999999999864e-14
3.625000000000000000e+01 1.998000000000000044e-14
3.765999999999999659e+01 1.930999999999999863e-14
3.913000000000000256e+01 1.865000000000000131e-14
4.064999999999999858e+01 1.799999999999999903e-14
4.222999999999999687e+01 1.736999999999999944e-14
4.388000000000000256e+01 1.675000000000000120e-14
4.557999999999999829e+01 1.614999999999999934e-14
4.735999999999999943e+01 1.555999999999999883e-14
4.920000000000000284e+01 1.499000000000000100e-14
5.111999999999999744e+01 1.443999999999999956e-14
5.310999999999999943e+01 1.389999999999999946e-14
5.517999999999999972e+01 1.339000000000000025e-14
5.732000000000000028e+01 1.288999999999999922e-14
5.956000000000000227e+01 1.240999999999999931e-14
6.186999999999999744e+01 1.195000000000000051e-14
6.428000000000000114e+01 1.150999999999999968e-14
6.679000000000000625e+01 1.108999999999999995e-14
6.939000000000000057e+01 1.067999999999999999e-14
7.209000000000000341e+01 1.029999999999999934e-14
7.490000000000000568e+01 9.924999999999999361e-15
7.781000000000000227e+01 9.571000000000000314e-15
8.084000000000000341e+01 9.232999999999999949e-15
8.398999999999999488e+01 8.910000000000000026e-15
8.726000000000000512e+01 8.602000000000000543e-15
9.065999999999999659e+01 8.306000000000000466e-15
9.418999999999999773e+01 8.023999999999999434e-15
9.784999999999999432e+01 7.752999999999999566e-15
1.017000000000000028e+02 7.494000000000000683e-15
1.055999999999999943e+02 7.245999999999999808e-15
1.097000000000000028e+02 7.008000000000000280e-15
1.140000000000000000e+02 6.778999999999999911e-15
1.184000000000000057e+02 6.559000000000000281e-15
1.230999999999999943e+02 6.347999999999999810e-15
1.277999999999999972e+02 6.145000000000000259e-15
1.328000000000000114e+02 5.949000000000000229e-15
1.380000000000000000e+02 5.761000000000000330e-15
1.434000000000000057e+02 5.579999999999999952e-15
1.489000000000000057e+02 5.405000000000000067e-15
1.546999999999999886e+02 5.235999999999999885e-15
1.608000000000000114e+02 5.073000000000000194e-15
1.670000000000000000e+02 4.915000000000000388e-15
1.735000000000000000e+02 4.763000000000000285e-15
1.803000000000000114e+02 4.616000000000000065e-15
1.873000000000000114e+02 4.472999999999999911e-15
1.945999999999999943e+02 4.336000000000000249e-15
2.021999999999999886e+02 4.202000000000000043e-15
2.100999999999999943e+02 4.072999999999999722e-15
2.181999999999999886e+02 3.949000000000000074e-15
2.266999999999999886e+02 3.827999999999999883e-15
2.355999999999999943e+02 3.710999999999999756e-15
2.446999999999999886e+02 3.596999999999999876e-15
2.543000000000000114e+02 3.487000000000000061e-15
2.641999999999999886e+02 3.380999999999999916e-15
2.743999999999999773e+02 3.278000000000000017e-15
2.851000000000000227e+02 3.177000000000000151e-15
2.961999999999999886e+02 3.079999999999999955e-15
3.078000000000000114e+02 2.986000000000000006e-15
3.196999999999999886e+02 2.894999999999999907e-15
3.321999999999999886e+02 2.805999999999999842e-15
3.451000000000000227e+02 2.720999999999999841e-15
3.586000000000000227e+02 2.637000000000000054e-15
3.725000000000000000e+02 2.556000000000000118e-15
3.870000000000000000e+02 2.478000000000000034e-15
4.021000000000000227e+02 2.401999999999999982e-15
4.178000000000000114e+02 2.327999999999999963e-15
4.340000000000000000e+02 2.257000000000000190e-15
4.508999999999999773e+02 2.186999999999999841e-15
4.685000000000000000e+02 2.120000000000000133e-15
4.866999999999999886e+02 2.055000000000000063e-15
5.056999999999999886e+02 1.990999999999999812e-15
5.252999999999999545e+02 1.929999999999999807e-15
5.457999999999999545e+02 1.870000000000000015e-15
5.671000000000000227e+02 1.811999999999999862e-15
5.891000000000000227e+02 1.755999999999999938e-15
6.121000000000000227e+02 1.701000000000000030e-15
6.358999999999999773e+02 1.648999999999999974e-15
6.607000000000000455e+02 1.596999999999999918e-15
6.863999999999999773e+02 1.547999999999999910e-15
7.131000000000000227e+02 1.498999999999999903e-15
7.408999999999999773e+02 1.451999999999999928e-15
7.697000000000000455e+02 1.406999999999999986e-15
7.997000000000000455e+02 1.363000000000000060e-15
8.307999999999999545e+02 1.319999999999999953e-15
8.632000000000000455e+02 1.278000000000000059e-15
8.967999999999999545e+02 1.238000000000000001e-15
9.317000000000000455e+02 1.198999999999999959e-15
9.680000000000000000e+02 1.160999999999999933e-15
1.006000000000000000e+03 1.123999999999999923e-15
1.045000000000000000e+03 1.087999999999999930e-15
1.085000000000000000e+03 1.052999999999999953e-15
1.128000000000000000e+03 1.018999999999999992e-15
1.172000000000000000e+03 9.864999999999999569e-16
1.217000000000000000e+03 9.546999999999999135e-16
1.265000000000000000e+03 9.236000000000000590e-16
1.314000000000000000e+03 8.934000000000000810e-16
1.365000000000000000e+03 8.640000000000000372e-16
1.418000000000000000e+03 8.354000000000000260e-16
1.473000000000000000e+03 8.076999999999999901e-16
1.531000000000000000e+03 7.807000000000000444e-16
1.590000000000000000e+03 7.545000000000000328e-16
1.652000000000000000e+03 7.290000000000000129e-16
1.717000000000000000e+03 7.041000000000000421e-16
1.783000000000000000e+03 6.800000000000000055e-16
1.853000000000000000e+03 6.565000000000000181e-16
1.925000000000000000e+03 6.335999999999999812e-16
2.000000000000000000e+03 6.114000000000000347e-16
-----------------------


C5 CO2 Attachment
COMMENT: generated by bolsig_convert.py
-----------------------
1.000000000000000000e+00 0.000000000000000000e+00
1.038999999999999924e+00 0.000000000000000000e+00
1.078999999999999959e+00 0.000000000000000000e+00
1.120999999999999996e+00 0.000000000000000000e+00
1.165000000000000036e+00 0.000000000000000000e+00
1.209999999999999964e+00 0.000000000000000000e+00
1.258000000000000007e+00 0.000000000000000000e+00
1.306999999999999940e+00 0.000000000000000000e+00
1.356999999999999984e+00 0.000000000000000000e+00
1.409999999999999920e+00 0.000000000000000000e+00
1.465000000000000080e+00 0.000000000000000000e+00
1.522000000000000020e+00 0.000000000000000000e+00
1.580999999999999961e+00 0.000000000000000000e+00
1.643000000000000016e+00 0.000000000000000000e+00
1.707000000000000073e+00 0.000000000000000000e+00
1.772999999999999909e+00 0.000000000000000000e+00
1.842999999999999972e+00 0.000000000000000000e+00
1.913999999999999924e+00 0.000000000000000000e+00
1.989000000000000101e+00 0.000000000000000000e+00
2.065999999999999837e+00 0.000000000000000000e+00
2.146999999999999797e+00 0.000000000000000000e+00
2.229999999999999982e+00 0.000000000000000000e+00
2.317000000000000171e+00 0.000000000000000000e+00
2.407000000000000028e+00 0.000000000000000000e+00
2.500999999999999890e+00 0.000000000000000000e+00
2.597999999999999865e+00 0.000000000000000000e+00
2.700000000000000178e+00 0.000000000000000000e+00
2.805000000000000160e+00 0.000000000000000000e+00
2.914000000000000146e+00 0.000000000000000000e+00
3.027000000000000135e+00 0.000000000000000000e+00
3.145000000000000018e+00 0.000000000000000000e+00
3.267999999999999794e+00 0.000000000000000000e+00
3.395000000000000018e+00 0.000000000000000000e+00
3.527000000000000135e+00 0.000000000000000000e+00
3.664000000000000146e+00 0.000000000000000000e+00
3.806999999999999940e+00 0.000000000000000000e+00
3.955000000000000071e+00 0.000000000000000000e+00
4.108999999999999986e+00 0.000000000000000000e+00
4.269000000000000128e+00 0.000000000000000000e+00
4.434999999999999609e+00 0.000000000000000000e+00
4.607999999999999652e+00 0.000000000000000000e+00
4.788000000000000256e+00 0.000000000000000000e+00
4.974000000000000199e+00 0.000000000000000000e+00
5.168000000000000149e+00 0.000000000000000000e+00
5.368999999999999773e+00 0.000000000000000000e+00
5.578000000000000291e+00 0.000000000000000000e+00
5.794999999999999929e+00 0.000000000000000000e+00
6.020999999999999908e+00 0.000000000000000000e+00
6.254999999999999893e+00 0.000000000000000000e+00
6.498999999999999666e+00 0.000000000000000000e+00
6.751999999999999780e+00 3.319999999999999939e-32
7.014000000000000234e+00 1.158999999999999998e-31
7.288000000000000256e+00 3.812000000000000216e-31
7.570999999999999730e+00 1.191000000000000022e-30
7.865999999999999659e+00 3.548000000000000240e-30
8.172000000000000597e+00 1.012000000000000000e-29
8.490000000000000213e+00 2.774000000000000063e-29
8.820999999999999730e+00 7.312000000000000385e-29
9.164999999999999147e+00 1.858000000000000099e-28
9.521000000000000796e+00 4.556000000000000043e-28
9.891999999999999460e+00 1.079999999999999955e-27
1.027999999999999936e+01 6.756000000000000272e-27
1.067999999999999972e+01 1.590000000000000090e-26
1.108999999999999986e+01 3.635999999999999922e-26
1.151999999999999957e+01 8.086999999999999832e-26
1.197000000000000064e+01 1.751000000000000093e-25
1.243999999999999950e+01 3.693000000000000105e-25
1.291999999999999993e+01 7.701000000000000236e-25
1.342999999999999972e+01 1.547000000000000028e-24
1.394999999999999929e+01 3.035999999999999853e-24
1.449000000000000021e+01 5.861999999999999933e-24
1.506000000000000050e+01 1.099999999999999971e-23
1.564000000000000057e+01 2.032000000000000124e-23
1.625000000000000000e+01 3.654999999999999753e-23
1.689000000000000057e+01 6.468999999999999647e-23
1.753999999999999915e+01 1.119000000000000057e-22
1.823000000000000043e+01 1.897999999999999989e-22
1.894000000000000128e+01 3.161999999999999819e-22
1.967000000000000171e+01 5.188000000000000151e-22
2.044000000000000128e+01 8.341000000000000342e-22
2.123000000000000043e+01 1.317999999999999909e-21
2.205999999999999872e+01 2.053999999999999847e-21
2.292000000000000171e+01 3.141000000000000183e-21
2.380999999999999872e+01 4.726999999999999751e-21
2.473999999999999844e+01 7.003999999999999418e-21
2.569999999999999929e+01 1.021999999999999983e-20
2.669999999999999929e+01 1.470999999999999963e-20
2.773999999999999844e+01 2.081999999999999964e-20
2.882000000000000028e+01 2.906000000000000055e-20
2.994999999999999929e+01 3.997999999999999955e-20
3.110999999999999943e+01 5.424000000000000230e-20
3.232000000000000028e+01 7.262999999999999410e-20
3.357999999999999829e+01 9.585000000000000420e-20
3.489000000000000057e+01 1.248000000000000023e-19
3.625000000000000000e+01 1.605000000000000078e-19
3.765999999999999659e+01 2.036999999999999975e-19
3.913000000000000256e+01 2.553000000000000012e-19
4.064999999999999858e+01 3.160999999999999974e-19
4.222999999999999687e+01 3.868999999999999885e-19
4.388000000000000256e+01 4.681000000000000360e-19
4.557999999999999829e+01 5.601000000000000087e-19
4.735999999999999943e+01 6.632999999999999680e-19
4.920000000000000284e+01 7.775000000000000036e-19
5.111999999999999744e+01 9.027000000000000192e-19
5.310999999999999943e+01 1.037999999999999985e-18
5.517999999999999972e+01 1.184000000000000017e-18
5.732000000000000028e+01 1.338999999999999963e-18
5.956000000000000227e+01 1.503000000000000014e-18
6.186999999999999744e+01 1.674999999999999946e-18
6.428000000000000114e+01 1.853999999999999918e-18
6.679000000000000625e+01 2.039000000000000090e-18
6.939000000000000057e+01 2.228999999999999849e-18
7.209000000000000341e+01 2.423000000000000126e-18
7.490000000000000568e+01 2.621000000000000151e-18
7.781000000000000227e+01 2.820000000000000017e-18
8.084000000000000341e+01 3.020999999999999949e-18
8.398999999999999488e+01 3.221999999999999881e-18
8.726000000000000512e+01 3.422999999999999813e-18
9.065999999999999659e+01 3.622999999999999904e-18
9.418999999999999773e+01 3.820999999999999929e-18
9.784999999999999432e+01 4.017000000000000273e-18
1.017000000000000028e+02 4.209999999999999939e-18
1.055999999999999943e+02 4.399000000000000243e-18
1.097000000000000028e+02 4.583999999999999644e-18
1.140000000000000000e+02 4.764999999999999682e-18
1.184000000000000057e+02 4.941000000000000132e-18
1.230999999999999943e+02 5.112000000000000224e-18
1.277999999999999972e+02 5.276999999999999731e-18
1.328000000000000114e+02 5.436000000000000195e-18
1.380000000000000000e+02 5.589000000000000074e-18
1.434000000000000057e+02 5.734999999999999913e-18
1.489000000000000057e+02 5.874999999999999939e-18
1.546999999999999886e+02 6.007999999999999924e-18
1.608000000000000114e+02 6.133999999999999870e-18
1.670000000000000000e+02 6.252000000000000321e-18
1.735000000000000000e+02 6.364000000000000187e-18
1.803000000000000114e+02 6.467999999999999788e-18
1.873000000000000114e+02 6.565000000000000119e-18
1.945999999999999943e+02 6.654999999999999640e-18
2.021999999999999886e+02 6.736999999999999666e-18
2.100999999999999943e+02 6.811999999999999652e-18
2.181999999999999886e+02 6.879000000000000143e-18
2.266999999999999886e+02 6.938999999999999824e-18
2.355999999999999943e+02 6.991999999999999465e-18
2.446999999999999886e+02 7.038000000000000607e-18
2.543000000000000114e+02 7.077000000000000168e-18
2.641999999999999886e+02 7.108999999999999690e-18
2.743999999999999773e+02 7.134000000000000712e-18
2.851000000000000227e+02 7.153000000000000380e-18
2.961999999999999886e+02 7.165000000000000008e-18
3.078000000000000114e+02 7.172000000000000048e-18
3.196999999999999886e+02 7.172000000000000048e-18
3.321999999999999886e+02 7.166000000000000234e-18
3.451000000000000227e+02 7.154999999999999291e-18
3.586000000000000227e+02 7.138000000000000075e-18
3.725000000000000000e+02 7.115999999999999729e-18
3.870000000000000000e+02 7.088999999999999796e-18
4.021000000000000227e+02 7.057000000000000275e-18
4.178000000000000114e+02 7.020999999999999850e-18
4.340000000000000000e+02 6.979999999999999837e-18
4.508999999999999773e+02 6.934999999999999691e-18
4.685000000000000000e+02 6.884999999999999957e-18
4.866999999999999886e+02 6.832000000000000316e-18
5.056999999999999886e+02 6.775999999999999998e-18
5.252999999999999545e+02 6.715000000000000091e-18
5.457999999999999545e+02 6.651999999999999733e-18
5.671000000000000227e+02 6.585000000000000013e-18
5.891000000000000227e+02 6.514999999999999615e-18
6.121000000000000227e+02 6.442000000000000080e-18
6.358999999999999773e+02 6.367000000000000094e-18
6.607000000000000455e+02 6.289000000000000201e-18
6.863999999999999773e+02 6.208999999999999856e-18
7.131000000000000227e+02 6.126000000000000375e-18
7.408999999999999773e+02 6.040999999999999672e-18
7.697000000000000455e+02 5.954000000000000058e-18
7.997000000000000455e+02 5.864999999999999992e-18
8.307999999999999545e+02 5.774000000000000245e-18
8.632000000000000455e+02 5.682000000000000272e-18
8.967999999999999545e+02 5.587999999999999848e-18
9.317000000000000455e+02 5.491999999999999743e-18
9.680000000000000000e+02 5.395999999999999637e-18
1.006000000000000000e+03 5.297999999999999851e-18
1.045000000000000000e+03 5.198999999999999838e-18
1.085000000000000000e+03 5.099000000000000370e-18
1.128000000000000000e+03 4.997999999999999906e-18
1.172000000000000000e+03 4.897000000000000212e-18
1.217000000000000000e+03 4.795000000000000293e-18
1.265000000000000000e+03 4.692000000000000148e-18
1.314000000000000000e+03 4.589000000000000002e-18
1.365000000000000000e+03 4.485999999999999857e-18
1.418000000000000000e+03 4.382000000000000256e-18
1.473000000000000000e+03 4.279000000000000111e-18
1.531000000000000000e+03 4.174999999999999740e-18
1.590000000000000000e+03 4.072000000000000365e-18
1.652000000000000000e+03 3.969000000000000220e-18
1.717000000000000000e+03 3.866000000000000075e-18
1.783000000000000000e+03 3.764000000000000155e-18
1.853000000000000000e+03 3.662999999999999691e-18
1.925000000000000000e+03 3.561999999999999998e-18
2.000000000000000000e+03 3.460999999999999919e-18
-----------------------


C20 CO2 Ionization 13.80 eV
COMMENT: generated by bolsig_convert.py
-----------------------
1.000000000000000000e+00 0.000000000000000000e+00
1.038999999999999924e+00 0.000000000000000000e+00
1.078999999999999959e+00 0.000000000000000000e+00
1.120999999999999996e+00 0.000000000000000000e+00
1.165000000000000036e+00 0.000000000000000000e+00
1.209999999999999964e+00 0.000000000000000000e+00
1.258000000000000007e+00 0.000000000000000000e+00
1.306999999999999940e+00 0.000000000000000000e+00
1.356999999999999984e+00 0.000000000000000000e+00
1.409999999999999920e+00 0.000000000000000000e+00
1.465000000000000080e+00 0.000000000000000000e+00
1.522000000000000020e+00 0.000000000000000000e+00
1.580999999999999961e+00 0.000000000000000000e+00
1.643000000000000016e+00 0.000000000000000000e+00
1.707000000000000073e+00 0.000000000000000000e+00
1.772999999999999909e+00 0.000000000000000000e+00
1.842999999999999972e+00 0.000000000000000000e+00
1.913999999999999924e+00 0.000000000000000000e+00
1.989000000000000101e+00 0.000000000000000000e+00
2.065999999999999837e+00 0.000000000000000000e+00
2.146999999999999797e+00 0.000000000000000000e+00
2.229999999999999982e+00 0.000000000000000000e+00
2.317000000000000171e+00 0.000000000000000000e+00
2.407000000000000028e+00 0.000000000000000000e+00
2.500999999999999890e+00 0.000000000000000000e+00
2.597999999999999865e+00 0.000000000000000000e+00
2.700000000000000178e+00 0.000000000000000000e+00
2.805000000000000160e+00 0.000000000000000000e+00
2.914000000000000146e+00 0.000000000000000000e+00
3.027000000000000135e+00 0.000000000000000000e+00
3.145000000000000018e+00 0.000000000000000000e+00
3.267999999999999794e+00 0.000000000000000000e+00
3.395000000000000018e+00 0.000000000000000000e+00
3.527000000000000135e+00 0.000000000000000000e+00
3.664000000000000146e+00 0.000000000000000000e+00
3.806999999999999940e+00 0.000000000000000000e+00
3.955000000000000071e+00 0.000000000000000000e+00
4.108999999999999986e+00 0.000000000000000000e+00
4.269000000000000128e+00 0.000000000000000000e+00
4.434999999999999609e+00 0.000000000000000000e+00
4.607999999999999652e+00 0.000000000000000000e+00
4.788000000000000256e+00 0.000000000000000000e+00
4.974000000000000199e+00 0.000000000000000000e+00
5.168000000000000149e+00 0.000000000000000000e+00
5.368999999999999773e+00 0.000000000000000000e+00
5.578000000000000291e+00 0.000000000000000000e+00
5.794999999999999929e+00 0.000000000000000000e+00
6.020999999999999908e+00 0.000000000000000000e+00
6.254999999999999893e+00 0.000000000000000000e+00
6.498999999999999666e+00 0.000000000000000000e+00
6.751999999999999780e+00 0.000000000000000000e+00
7.014000000000000234e+00 0.000000000000000000e+00
7.288000000000000256e+00 0.000000000000000000e+00
7.570999999999999730e+00 0.000000000000000000e+00
7.865999999999999659e+00 0.000000000000000000e+00
8.172000000000000597e+00 0.000000000000000000e+00
8.490000000000000213e+00 0.000000000000000000e+00
8.820999999999999730e+00 0.000000000000000000e+00
9.164999999999999147e+00 0.000000000000000000e+00
9.521000000000000796e+00 0.000000000000000000e+00
9.891999999999999460e+00 0.000000000000000000e+00
1.027999999999999936e+01 0.000000000000000000e+00
1.067999999999999972e+01 0.000000000000000000e+00
1.108999999999999986e+01 0.000000000000000000e+00
1.151999999999999957e+01 0.000000000000000000e+00
1.197000000000000064e+01 0.000000000000000000e+00
1.243999999999999950e+01 0.000000000000000000e+00
1.291999999999999993e+01 0.000000000000000000e+00
1.342999999999999972e+01 0.000000000000000000e+00
1.394999999999999929e+01 0.000000000000000000e+00
1.449000000000000021e+01 0.000000000000000000e+00
1.506000000000000050e+01 0.000000000000000000e+00
1.564000000000000057e+01 0.000000000000000000e+00
1.625000000000000000e+01 0.000000000000000000e+00
1.689000000000000057e+01 0.000000000000000000e+00
1.753999999999999915e+01 0.000000000000000000e+00
1.823000000000000043e+01 0.000000000000000000e+00
1.894000000000000128e+01 0.000000000000000000e+00
1.967000000000000171e+01 0.000000000000000000e+00
2.044000000000000128e+01 0.000000000000000000e+00
2.123000000000000043e+01 0.000000000000000000e+00
2.205999999999999872e+01 0.000000000000000000e+00
2.292000000000000171e+01 0.000000000000000000e+00
2.380999999999999872e+01 0.000000000000000000e+00
2.473999999999999844e+01 0.000000000000000000e+00
2.569999999999999929e+01 0.000000000000000000e+00
2.669999999999999929e+01 4.236999999999999827e-26
2.773999999999999844e+01 1.224999999999999975e-25
2.882000000000000028e+01 3.366000000000000112e-25
2.994999999999999929e+01 8.822999999999999814e-25
3.110999999999999943e+01 2.209999999999999987e-24
3.232000000000000028e+01 5.678999999999999900e-24
3.357999999999999829e+01 1.316999999999999981e-23
3.489000000000000057e+01 2.936999999999999803e-23
3.625000000000000000e+01 6.309000000000000100e-23
3.765999999999999659e+01 1.308000000000000029e-22
3.913000000000000256e+01 2.619999999999999841e-22
4.064999999999999858e+01 5.079999999999999899e-22
4.222999999999999687e+01 9.561999999999999566e-22
4.388000000000000256e+01 1.744999999999999851e-21
4.557999999999999829e+01 3.097000000000000031e-21
4.735999999999999943e+01 5.353000000000000250e-21
4.920000000000000284e+01 9.020000000000000622e-21
5.111999999999999744e+01 1.484000000000000034e-20
5.310999999999999943e+01 2.386999999999999858e-20
5.517999999999999972e+01 3.757999999999999812e-20
5.732000000000000028e+01 5.796999999999999612e-20
5.956000000000000227e+01 8.771999999999999671e-20
6.186999999999999744e+01 1.303999999999999956e-19
6.428000000000000114e+01 1.904999999999999926e-19
6.679000000000000625e+01 2.737999999999999895e-19
6.939000000000000057e+01 3.878000000000000184e-19
7.209000000000000341e+01 5.412999999999999624e-19
7.490000000000000568e+01 7.457000000000000072e-19
7.781000000000000227e+01 1.013999999999999959e-18
8.084000000000000341e+01 1.361999999999999956e-18
8.398999999999999488e+01 1.809999999999999999e-18
8.726000000000000512e+01 2.377999999999999981e-18
9.065999999999999659e+01 3.093000000000000028e-18
9.418999999999999773e+01 3.986000000000000207e-18
9.784999999999999432e+01 5.088999999999999653e-18
1.017000000000000028e+02 6.442000000000000080e-18
1.055999999999999943e+02 8.089000000000000638e-18
1.097000000000000028e+02 1.008000000000000029e-17
1.140000000000000000e+02 1.247000000000000067e-17
1.184000000000000057e+02 1.530999999999999942e-17
1.230999999999999943e+02 1.867999999999999921e-17
1.277999999999999972e+02 2.266000000000000114e-17
1.328000000000000114e+02 2.731000000000000028e-17
1.380000000000000000e+02 3.274000000000000297e-17
1.434000000000000057e+02 3.903000000000000263e-17
1.489000000000000057e+02 4.629000000000000252e-17
1.546999999999999886e+02 5.463999999999999892e-17
1.608000000000000114e+02 6.419000000000000126e-17
1.670000000000000000e+02 7.508000000000000417e-17
1.735000000000000000e+02 8.744999999999999613e-17
1.803000000000000114e+02 1.014000000000000059e-16
1.873000000000000114e+02 1.172000000000000112e-16
1.945999999999999943e+02 1.349999999999999996e-16
2.021999999999999886e+02 1.548999999999999877e-16
2.100999999999999943e+02 1.771000000000000083e-16
2.181999999999999886e+02 2.017999999999999955e-16
2.266999999999999886e+02 2.292999999999999986e-16
2.355999999999999943e+02 2.598000000000000012e-16
2.446999999999999886e+02 2.934999999999999867e-16
2.543000000000000114e+02 3.306999999999999798e-16
2.641999999999999886e+02 3.717000000000000051e-16
2.743999999999999773e+02 4.166999999999999968e-16
2.851000000000000227e+02 4.661000000000000205e-16
2.961999999999999886e+02 5.201000000000000105e-16
3.078000000000000114e+02 5.790999999999999831e-16
3.196999999999999886e+02 6.435000000000000041e-16
3.321999999999999886e+02 7.135999999999999993e-16
3.451000000000000227e+02 7.898000000000000345e-16
3.586000000000000227e+02 8.726000000000000191e-16
3.725000000000000000e+02 9.623000000000000765e-16
3.870000000000000000e+02 1.059000000000000050e-15
4.021000000000000227e+02 1.163999999999999982e-15
4.178000000000000114e+02 1.278000000000000059e-15
4.340000000000000000e+02 1.400000000000000069e-15
4.508999999999999773e+02 1.531000000000000029e-15
4.685000000000000000e+02 1.672999999999999969e-15
4.866999999999999886e+02 1.824999999999999876e-15
5.056999999999999886e+02 1.987999999999999960e-15
5.252999999999999545e+02 2.162999999999999846e-15
5.457999999999999545e+02 2.351000000000000140e-15
5.671000000000000227e+02 2.552000000000000053e-15
5.891000000000000227e+02 2.767000000000000194e-15
6.121000000000000227e+02 2.996000000000000168e-15
6.358999999999999773e+02 3.241000000000000008e-15
6.607000000000000455e+02 3.502000000000000107e-15
6.863999999999999773e+02 3.780999999999999710e-15
7.131000000000000227e+02 4.076999999999999787e-15
7.408999999999999773e+02 4.393000000000000189e-15
7.697000000000000455e+02 4.728000000000000307e-15
7.997000000000000455e+02 5.085000000000000389e-15
8.307999999999999545e+02 5.462999999999999826e-15
8.632000000000000455e+02 5.864999999999999653e-15
8.967999999999999545e+02 6.290999999999999870e-15
9.317000000000000455e+02 6.743000000000000115e-15
9.680000000000000000e+02 7.220999999999999599e-15
1.006000000000000000e+03 7.727999999999999357e-15
1.045000000000000000e+03 8.264000000000000178e-15
1.085000000000000000e+03 8.831000000000000123e-15
1.128000000000000000e+03 9.429000000000000768e-15
1.172000000000000000e+03 1.006000000000000017e-14
1.217000000000000000e+03 1.073000000000000041e-14
1.265000000000000000e+03 1.142999999999999995e-14
1.314000000000000000e+03 1.217999999999999991e-14
1.365000000000000000e+03 1.296000000000000075e-14
1.418000000000000000e+03 1.379000000000000044e-14
1.473000000000000000e+03 1.464999999999999942e-14
1.531000000000000000e+03 1.557000000000000017e-14
1.590000000000000000e+03 1.652999999999999999e-14
1.652000000000000000e+03 1.754000000000000023e-14
1.717000000000000000e+03 1.860000000000000089e-14
1.783000000000000000e+03 1.970999999999999881e-14
1.853000000000000000e+03 2.087999999999999850e-14
1.925000000000000000e+03 2.210999999999999995e-14
2.000000000000000000e+03 2.338999999999999866e-14
-----------------------
