#File created by Behnaz Bagheri on 20/02/2020 for pure CO2. The IST lisbon cross sections as retrieved on 20/02/2020 is used in Bolsig+ with TEMPORAL growth of electron density.
    
reaction_list
-----------------------
# Ionization
e + CO2 -> e + e + CO2+,field_table,C16 CO2 Ionization 13.80 eV
# Attachment
e + CO2 -> CO + O-,field_table,C1 CO2 Attachment
-----------------------


Mean energy (eV)
COMMENT: generated by bolsig_convert.py
-----------------------
1.000000000000000000e+00 2.989999999999999949e-02
1.034999999999999920e+00 3.004000000000000073e-02
1.072000000000000064e+00 3.017999999999999849e-02
1.110000000000000098e+00 3.032999999999999932e-02
1.149000000000000021e+00 3.048000000000000015e-02
1.189999999999999947e+00 3.064000000000000057e-02
1.231999999999999984e+00 3.081000000000000058e-02
1.274999999999999911e+00 3.098000000000000059e-02
1.320000000000000062e+00 3.115000000000000061e-02
1.366999999999999993e+00 3.133999999999999980e-02
1.415000000000000036e+00 3.151999999999999941e-02
1.465000000000000080e+00 3.171999999999999820e-02
1.516999999999999904e+00 3.191999999999999699e-02
1.570000000000000062e+00 3.212999999999999884e-02
1.625999999999999890e+00 3.234999999999999681e-02
1.683000000000000052e+00 3.257000000000000173e-02
1.743000000000000105e+00 3.280000000000000276e-02
1.804000000000000048e+00 3.303999999999999992e-02
1.868000000000000105e+00 3.329000000000000015e-02
1.933999999999999941e+00 3.355000000000000343e-02
2.001999999999999780e+00 3.380999999999999978e-02
2.072999999999999954e+00 3.409000000000000224e-02
2.145999999999999908e+00 3.436999999999999778e-02
2.221999999999999975e+00 3.466999999999999943e-02
2.299999999999999822e+00 3.497999999999999721e-02
2.382000000000000117e+00 3.529000000000000192e-02
2.466000000000000192e+00 3.563000000000000195e-02
2.552999999999999936e+00 3.597000000000000197e-02
2.642999999999999794e+00 3.633000000000000118e-02
2.736000000000000210e+00 3.670999999999999958e-02
2.833000000000000185e+00 3.708999999999999797e-02
2.932999999999999829e+00 3.749999999999999861e-02
3.036999999999999922e+00 3.792000000000000232e-02
3.144000000000000128e+00 3.835999999999999827e-02
3.254999999999999893e+00 3.882000000000000034e-02
3.370000000000000107e+00 3.930999999999999772e-02
3.488999999999999879e+00 3.980999999999999817e-02
3.612000000000000099e+00 4.034000000000000086e-02
3.740000000000000213e+00 4.089000000000000273e-02
3.871999999999999886e+00 4.146999999999999992e-02
4.009000000000000341e+00 4.209000000000000241e-02
4.150000000000000355e+00 4.272999999999999715e-02
4.296999999999999709e+00 4.340999999999999720e-02
4.448999999999999844e+00 4.411999999999999950e-02
4.605999999999999872e+00 4.485999999999999710e-02
4.769000000000000128e+00 4.565999999999999920e-02
4.937000000000000277e+00 4.651999999999999885e-02
5.110999999999999766e+00 4.741000000000000075e-02
5.291999999999999815e+00 4.834999999999999715e-02
5.479000000000000092e+00 4.934000000000000191e-02
5.671999999999999709e+00 5.040000000000000036e-02
5.873000000000000220e+00 5.156000000000000166e-02
6.080000000000000071e+00 5.274999999999999828e-02
6.294999999999999929e+00 5.403000000000000164e-02
6.517000000000000348e+00 5.537999999999999867e-02
6.748000000000000220e+00 5.682999999999999857e-02
6.985999999999999766e+00 5.836999999999999827e-02
7.232999999999999652e+00 6.010999999999999677e-02
7.488000000000000433e+00 6.187999999999999751e-02
7.753000000000000114e+00 6.376999999999999336e-02
8.025999999999999801e+00 6.579999999999999738e-02
8.310000000000000497e+00 6.798999999999999488e-02
8.602999999999999758e+00 7.038999999999999424e-02
8.907000000000000028e+00 7.295000000000000095e-02
9.221999999999999531e+00 7.574999999999999789e-02
9.548000000000000043e+00 7.881000000000000505e-02
9.884999999999999787e+00 8.218999999999999917e-02
1.023000000000000043e+01 8.594999999999999862e-02
1.059999999999999964e+01 9.017000000000000015e-02
1.097000000000000064e+01 9.493999999999999662e-02
1.135999999999999943e+01 1.004000000000000031e-01
1.175999999999999979e+01 1.066000000000000003e-01
1.216999999999999993e+01 1.139000000000000012e-01
1.259999999999999964e+01 1.223999999999999949e-01
1.305000000000000071e+01 1.323999999999999899e-01
1.350999999999999979e+01 1.441999999999999948e-01
1.399000000000000021e+01 1.580999999999999905e-01
1.448000000000000043e+01 1.749999999999999889e-01
1.499000000000000021e+01 1.943000000000000005e-01
1.551999999999999957e+01 2.167999999999999927e-01
1.607000000000000028e+01 2.427999999999999881e-01
1.664000000000000057e+01 2.728999999999999759e-01
1.723000000000000043e+01 3.069000000000000061e-01
1.782999999999999829e+01 3.461000000000000187e-01
1.846000000000000085e+01 3.882999999999999785e-01
1.912000000000000099e+01 4.353000000000000203e-01
1.978999999999999915e+01 4.849999999999999867e-01
2.048999999999999844e+01 5.377999999999999448e-01
2.121000000000000085e+01 5.956000000000000183e-01
2.196000000000000085e+01 6.529000000000000359e-01
2.273999999999999844e+01 7.116000000000000103e-01
2.353999999999999915e+01 7.710000000000000187e-01
2.437000000000000099e+01 8.304000000000000270e-01
2.523999999999999844e+01 8.897000000000000464e-01
2.612999999999999901e+01 9.485000000000000098e-01
2.705000000000000071e+01 1.006000000000000005e+00
2.801000000000000156e+01 1.062999999999999945e+00
2.898999999999999844e+01 1.118999999999999995e+00
3.001999999999999957e+01 1.173000000000000043e+00
3.107999999999999829e+01 1.227000000000000091e+00
3.217999999999999972e+01 1.278999999999999915e+00
3.331000000000000227e+01 1.330999999999999961e+00
3.449000000000000199e+01 1.383000000000000007e+00
3.571000000000000085e+01 1.433999999999999941e+00
3.696999999999999886e+01 1.485999999999999988e+00
3.827000000000000313e+01 1.538000000000000034e+00
3.963000000000000256e+01 1.590999999999999970e+00
4.103000000000000114e+01 1.645000000000000018e+00
4.247999999999999687e+01 1.701000000000000068e+00
4.397999999999999687e+01 1.758000000000000007e+00
4.553000000000000114e+01 1.816999999999999948e+00
4.714000000000000057e+01 1.877999999999999892e+00
4.879999999999999716e+01 1.941000000000000059e+00
5.053000000000000114e+01 2.005999999999999783e+00
5.231000000000000227e+01 2.072999999999999954e+00
5.415999999999999659e+01 2.141999999999999904e+00
5.607000000000000028e+01 2.213000000000000078e+00
5.804999999999999716e+01 2.286000000000000032e+00
6.010000000000000142e+01 2.361000000000000210e+00
6.222999999999999687e+01 2.438000000000000167e+00
6.442000000000000171e+01 2.516000000000000014e+00
6.670000000000000284e+01 2.595000000000000195e+00
6.906000000000000227e+01 2.676000000000000156e+00
7.148999999999999488e+01 2.758000000000000007e+00
7.401999999999999602e+01 2.841000000000000192e+00
7.662999999999999545e+01 2.924999999999999822e+00
7.934000000000000341e+01 3.009999999999999787e+00
8.214000000000000057e+01 3.096000000000000085e+00
8.504000000000000625e+01 3.181999999999999940e+00
8.804999999999999716e+01 3.269000000000000128e+00
9.115999999999999659e+01 3.357000000000000206e+00
9.437999999999999545e+01 3.446000000000000174e+00
9.770999999999999375e+01 3.536000000000000032e+00
1.012000000000000028e+02 3.625999999999999890e+00
1.047000000000000028e+02 3.716000000000000192e+00
1.084000000000000057e+02 3.807999999999999829e+00
1.122999999999999972e+02 3.899999999999999911e+00
1.162000000000000028e+02 3.992999999999999883e+00
1.202999999999999972e+02 4.086000000000000298e+00
1.245999999999999943e+02 4.181000000000000050e+00
1.290000000000000000e+02 4.275999999999999801e+00
1.335000000000000000e+02 4.371999999999999886e+00
1.383000000000000114e+02 4.469000000000000306e+00
1.430999999999999943e+02 4.567000000000000171e+00
1.481999999999999886e+02 4.665000000000000036e+00
1.534000000000000057e+02 4.764999999999999680e+00
1.589000000000000057e+02 4.865999999999999659e+00
1.645000000000000000e+02 4.967999999999999972e+00
1.703000000000000114e+02 5.070999999999999730e+00
1.763000000000000114e+02 5.174999999999999822e+00
1.825000000000000000e+02 5.280000000000000249e+00
1.890000000000000000e+02 5.386000000000000121e+00
1.955999999999999943e+02 5.493999999999999773e+00
2.025999999999999943e+02 5.602999999999999758e+00
2.096999999999999886e+02 5.714000000000000412e+00
2.170999999999999943e+02 5.825999999999999623e+00
2.248000000000000114e+02 5.939000000000000057e+00
2.326999999999999886e+02 6.054000000000000270e+00
2.409000000000000057e+02 6.169999999999999929e+00
2.495000000000000000e+02 6.288000000000000256e+00
2.583000000000000114e+02 6.408000000000000362e+00
2.673999999999999773e+02 6.528999999999999915e+00
2.768000000000000114e+02 6.652000000000000135e+00
2.866000000000000227e+02 6.777000000000000135e+00
2.966999999999999886e+02 6.903999999999999915e+00
3.071999999999999886e+02 7.033000000000000362e+00
3.181000000000000227e+02 7.163000000000000256e+00
3.293000000000000114e+02 7.296000000000000263e+00
3.408999999999999773e+02 7.431000000000000050e+00
3.530000000000000000e+02 7.567999999999999616e+00
3.653999999999999773e+02 7.706999999999999851e+00
3.783000000000000114e+02 7.849000000000000199e+00
3.916999999999999886e+02 7.991999999999999993e+00
4.055000000000000000e+02 8.138999999999999346e+00
4.198999999999999773e+02 8.288000000000000256e+00
4.346999999999999886e+02 8.439000000000000057e+00
4.501000000000000227e+02 8.592999999999999972e+00
4.660000000000000000e+02 8.750000000000000000e+00
4.823999999999999773e+02 8.910000000000000142e+00
4.995000000000000000e+02 9.073000000000000398e+00
5.171000000000000227e+02 9.239000000000000767e+00
5.353999999999999773e+02 9.407999999999999474e+00
5.542999999999999545e+02 9.580000000000000071e+00
5.737999999999999545e+02 9.756000000000000227e+00
5.941000000000000227e+02 9.935000000000000497e+00
6.151000000000000227e+02 1.011999999999999922e+01
6.367999999999999545e+02 1.030000000000000071e+01
6.592999999999999545e+02 1.050000000000000000e+01
6.826000000000000227e+02 1.068999999999999950e+01
7.067000000000000455e+02 1.089000000000000057e+01
7.317000000000000455e+02 1.108999999999999986e+01
7.575000000000000000e+02 1.130000000000000071e+01
7.842999999999999545e+02 1.151999999999999957e+01
8.120000000000000000e+02 1.173000000000000043e+01
8.407000000000000455e+02 1.196000000000000085e+01
8.703999999999999773e+02 1.218999999999999950e+01
9.011000000000000227e+02 1.241999999999999993e+01
9.328999999999999773e+02 1.266999999999999993e+01
9.658999999999999773e+02 1.291000000000000014e+01
1.000000000000000000e+03 1.316999999999999993e+01
-----------------------


Mobility *N (1/m/V/s)
COMMENT: generated by bolsig_convert.py
-----------------------
1.000000000000000000e+00 1.727000000000000111e+24
1.034999999999999920e+00 1.727000000000000111e+24
1.072000000000000064e+00 1.727000000000000111e+24
1.110000000000000098e+00 1.728000000000000134e+24
1.149000000000000021e+00 1.728000000000000134e+24
1.189999999999999947e+00 1.728000000000000134e+24
1.231999999999999984e+00 1.728999999999999889e+24
1.274999999999999911e+00 1.728999999999999889e+24
1.320000000000000062e+00 1.728999999999999889e+24
1.366999999999999993e+00 1.729999999999999912e+24
1.415000000000000036e+00 1.729999999999999912e+24
1.465000000000000080e+00 1.729999999999999912e+24
1.516999999999999904e+00 1.730999999999999935e+24
1.570000000000000062e+00 1.730999999999999935e+24
1.625999999999999890e+00 1.731999999999999958e+24
1.683000000000000052e+00 1.731999999999999958e+24
1.743000000000000105e+00 1.732999999999999981e+24
1.804000000000000048e+00 1.734000000000000004e+24
1.868000000000000105e+00 1.734000000000000004e+24
1.933999999999999941e+00 1.735000000000000027e+24
2.001999999999999780e+00 1.736000000000000050e+24
2.072999999999999954e+00 1.736000000000000050e+24
2.145999999999999908e+00 1.737000000000000073e+24
2.221999999999999975e+00 1.738000000000000096e+24
2.299999999999999822e+00 1.739000000000000120e+24
2.382000000000000117e+00 1.739000000000000120e+24
2.466000000000000192e+00 1.739999999999999874e+24
2.552999999999999936e+00 1.740999999999999897e+24
2.642999999999999794e+00 1.741999999999999920e+24
2.736000000000000210e+00 1.742999999999999943e+24
2.833000000000000185e+00 1.744999999999999990e+24
2.932999999999999829e+00 1.746000000000000013e+24
3.036999999999999922e+00 1.747000000000000036e+24
3.144000000000000128e+00 1.749000000000000082e+24
3.254999999999999893e+00 1.751000000000000128e+24
3.370000000000000107e+00 1.752999999999999906e+24
3.488999999999999879e+00 1.754999999999999952e+24
3.612000000000000099e+00 1.756999999999999998e+24
3.740000000000000213e+00 1.759000000000000044e+24
3.871999999999999886e+00 1.761000000000000090e+24
4.009000000000000341e+00 1.763999999999999891e+24
4.150000000000000355e+00 1.766999999999999960e+24
4.296999999999999709e+00 1.769000000000000006e+24
4.448999999999999844e+00 1.773000000000000099e+24
4.605999999999999872e+00 1.775999999999999899e+24
4.769000000000000128e+00 1.779999999999999992e+24
4.937000000000000277e+00 1.785000000000000107e+24
5.110999999999999766e+00 1.788999999999999931e+24
5.291999999999999815e+00 1.794000000000000046e+24
5.479000000000000092e+00 1.798999999999999893e+24
5.671999999999999709e+00 1.805000000000000031e+24
5.873000000000000220e+00 1.811999999999999925e+24
6.080000000000000071e+00 1.819000000000000086e+24
6.294999999999999929e+00 1.825999999999999979e+24
6.517000000000000348e+00 1.833999999999999895e+24
6.748000000000000220e+00 1.843000000000000103e+24
6.985999999999999766e+00 1.853000000000000065e+24
7.232999999999999652e+00 1.867000000000000120e+24
7.488000000000000433e+00 1.878000000000000105e+24
7.753000000000000114e+00 1.890999999999999868e+24
8.025999999999999801e+00 1.903999999999999899e+24
8.310000000000000497e+00 1.918999999999999977e+24
8.602999999999999758e+00 1.937000000000000124e+24
8.907000000000000028e+00 1.956000000000000025e+24
9.221999999999999531e+00 1.974999999999999927e+24
9.548000000000000043e+00 1.996999999999999897e+24
9.884999999999999787e+00 2.020999999999999914e+24
1.023000000000000043e+01 2.046999999999999977e+24
1.059999999999999964e+01 2.076000000000000109e+24
1.097000000000000064e+01 2.108000000000000042e+24
1.135999999999999943e+01 2.143000000000000044e+24
1.175999999999999979e+01 2.181000000000000115e+24
1.216999999999999993e+01 2.223000000000000010e+24
1.259999999999999964e+01 2.267999999999999975e+24
1.305000000000000071e+01 2.318000000000000055e+24
1.350999999999999979e+01 2.370999999999999935e+24
1.399000000000000021e+01 2.429000000000000199e+24
1.448000000000000043e+01 2.497000000000000157e+24
1.499000000000000021e+01 2.561000000000000023e+24
1.551999999999999957e+01 2.626999999999999935e+24
1.607000000000000028e+01 2.695999999999999916e+24
1.664000000000000057e+01 2.766999999999999943e+24
1.723000000000000043e+01 2.834999999999999901e+24
1.782999999999999829e+01 2.906999999999999952e+24
1.846000000000000085e+01 2.968999999999999771e+24
1.912000000000000099e+01 3.033000000000000174e+24
1.978999999999999915e+01 3.082000000000000231e+24
2.048999999999999844e+01 3.123000000000000103e+24
2.121000000000000085e+01 3.161999999999999929e+24
2.196000000000000085e+01 3.182999999999999876e+24
2.273999999999999844e+01 3.194000000000000130e+24
2.353999999999999915e+01 3.195000000000000153e+24
2.437000000000000099e+01 3.185999999999999945e+24
2.523999999999999844e+01 3.169000000000000090e+24
2.612999999999999901e+01 3.143000000000000027e+24
2.705000000000000071e+01 3.108999999999999780e+24
2.801000000000000156e+01 3.068999999999999931e+24
2.898999999999999844e+01 3.022999999999999943e+24
3.001999999999999957e+01 2.971999999999999841e+24
3.107999999999999829e+01 2.918000000000000206e+24
3.217999999999999972e+01 2.858999999999999918e+24
3.331000000000000227e+01 2.798000000000000122e+24
3.449000000000000199e+01 2.735999999999999765e+24
3.571000000000000085e+01 2.670999999999999876e+24
3.696999999999999886e+01 2.605999999999999987e+24
3.827000000000000313e+01 2.541000000000000099e+24
3.963000000000000256e+01 2.475000000000000187e+24
4.103000000000000114e+01 2.409000000000000006e+24
4.247999999999999687e+01 2.344000000000000117e+24
4.397999999999999687e+01 2.279999999999999983e+24
4.553000000000000114e+01 2.216000000000000117e+24
4.714000000000000057e+01 2.155000000000000052e+24
4.879999999999999716e+01 2.093999999999999987e+24
5.053000000000000114e+01 2.035999999999999992e+24
5.231000000000000227e+01 1.979000000000000019e+24
5.415999999999999659e+01 1.924000000000000092e+24
5.607000000000000028e+01 1.871999999999999966e+24
5.804999999999999716e+01 1.821000000000000132e+24
6.010000000000000142e+01 1.773000000000000099e+24
6.222999999999999687e+01 1.726000000000000088e+24
6.442000000000000171e+01 1.681999999999999878e+24
6.670000000000000284e+01 1.639999999999999983e+24
6.906000000000000227e+01 1.599999999999999866e+24
7.148999999999999488e+01 1.562000000000000063e+24
7.401999999999999602e+01 1.525000000000000015e+24
7.662999999999999545e+01 1.491000000000000036e+24
7.934000000000000341e+01 1.458000000000000080e+24
8.214000000000000057e+01 1.425999999999999878e+24
8.504000000000000625e+01 1.395999999999999992e+24
8.804999999999999716e+01 1.367000000000000128e+24
9.115999999999999659e+01 1.340000000000000042e+24
9.437999999999999545e+01 1.313999999999999979e+24
9.770999999999999375e+01 1.288999999999999939e+24
1.012000000000000028e+02 1.264999999999999922e+24
1.047000000000000028e+02 1.240999999999999906e+24
1.084000000000000057e+02 1.218999999999999935e+24
1.122999999999999972e+02 1.196999999999999964e+24
1.162000000000000028e+02 1.177000000000000040e+24
1.202999999999999972e+02 1.155999999999999958e+24
1.245999999999999943e+02 1.137000000000000057e+24
1.290000000000000000e+02 1.118000000000000021e+24
1.335000000000000000e+02 1.100000000000000008e+24
1.383000000000000114e+02 1.081999999999999996e+24
1.430999999999999943e+02 1.063999999999999983e+24
1.481999999999999886e+02 1.046999999999999994e+24
1.534000000000000057e+02 1.031000000000000027e+24
1.589000000000000057e+02 1.015000000000000061e+24
1.645000000000000000e+02 9.989999999999999602e+23
1.703000000000000114e+02 9.835000000000000052e+23
1.763000000000000114e+02 9.683000000000000304e+23
1.825000000000000000e+02 9.534999999999999843e+23
1.890000000000000000e+02 9.390000000000000524e+23
1.955999999999999943e+02 9.247000000000000178e+23
2.025999999999999943e+02 9.106999999999999633e+23
2.096999999999999886e+02 8.970000000000000231e+23
2.170999999999999943e+02 8.834999999999999801e+23
2.248000000000000114e+02 8.701999999999999685e+23
2.326999999999999886e+02 8.571999999999999371e+23
2.409000000000000057e+02 8.443999999999999371e+23
2.495000000000000000e+02 8.317000000000000199e+23
2.583000000000000114e+02 8.192999999999999486e+23
2.673999999999999773e+02 8.071000000000000430e+23
2.768000000000000114e+02 7.949999999999999518e+23
2.866000000000000227e+02 7.831999999999999748e+23
2.966999999999999886e+02 7.714999999999999465e+23
3.071999999999999886e+02 7.599999999999999497e+23
3.181000000000000227e+02 7.486000000000000357e+23
3.293000000000000114e+02 7.374999999999999675e+23
3.408999999999999773e+02 7.264999999999999822e+23
3.530000000000000000e+02 7.157000000000000283e+23
3.653999999999999773e+02 7.050000000000000231e+23
3.783000000000000114e+02 6.945000000000000493e+23
3.916999999999999886e+02 6.841999999999999727e+23
4.055000000000000000e+02 6.739999999999999790e+23
4.198999999999999773e+02 6.640000000000000168e+23
4.346999999999999886e+02 6.541000000000000031e+23
4.501000000000000227e+02 6.444000000000000210e+23
4.660000000000000000e+02 6.347999999999999874e+23
4.823999999999999773e+02 6.253999999999999853e+23
4.995000000000000000e+02 6.161000000000000661e+23
5.171000000000000227e+02 6.070000000000000440e+23
5.353999999999999773e+02 5.979999999999999706e+23
5.542999999999999545e+02 5.891999999999999958e+23
5.737999999999999545e+02 5.804999999999999696e+23
5.941000000000000227e+02 5.719000000000000262e+23
6.151000000000000227e+02 5.634999999999999801e+23
6.367999999999999545e+02 5.552000000000000168e+23
6.592999999999999545e+02 5.471000000000000178e+23
6.826000000000000227e+02 5.390000000000000189e+23
7.067000000000000455e+02 5.312000000000000000e+23
7.317000000000000455e+02 5.233999999999999811e+23
7.575000000000000000e+02 5.157999999999999937e+23
7.842999999999999545e+02 5.083000000000000220e+23
8.120000000000000000e+02 5.008999999999999990e+23
8.407000000000000455e+02 4.937000000000000073e+23
8.703999999999999773e+02 4.866000000000000315e+23
9.011000000000000227e+02 4.796000000000000042e+23
9.328999999999999773e+02 4.726999999999999927e+23
9.658999999999999773e+02 4.658999999999999969e+23
1.000000000000000000e+03 4.593000000000000325e+23
-----------------------


Diffusion coefficient *N (1/m/s)
COMMENT: generated by bolsig_convert.py
-----------------------
1.000000000000000000e+00 3.436000000000000210e+22
1.034999999999999920e+00 3.452000000000000210e+22
1.072000000000000064e+00 3.468999999999999948e+22
1.110000000000000098e+00 3.486000000000000105e+22
1.149000000000000021e+00 3.504000000000000000e+22
1.189999999999999947e+00 3.523000000000000052e+22
1.231999999999999984e+00 3.542000000000000105e+22
1.274999999999999911e+00 3.561999999999999895e+22
1.320000000000000062e+00 3.582000000000000105e+22
1.366999999999999993e+00 3.603999999999999790e+22
1.415000000000000036e+00 3.625999999999999895e+22
1.465000000000000080e+00 3.649000000000000157e+22
1.516999999999999904e+00 3.673000000000000157e+22
1.570000000000000062e+00 3.697000000000000157e+22
1.625999999999999890e+00 3.723000000000000052e+22
1.683000000000000052e+00 3.748999999999999948e+22
1.743000000000000105e+00 3.776000000000000000e+22
1.804000000000000048e+00 3.805000000000000367e+22
1.868000000000000105e+00 3.833999999999999895e+22
1.933999999999999941e+00 3.864999999999999738e+22
2.001999999999999780e+00 3.896999999999999738e+22
2.072999999999999954e+00 3.929999999999999895e+22
2.145999999999999908e+00 3.964000000000000210e+22
2.221999999999999975e+00 3.998999999999999843e+22
2.299999999999999822e+00 4.035999999999999790e+22
2.382000000000000117e+00 4.071000000000000262e+22
2.466000000000000192e+00 4.114000000000000315e+22
2.552999999999999936e+00 4.156000000000000210e+22
2.642999999999999794e+00 4.199000000000000262e+22
2.736000000000000210e+00 4.244999999999999948e+22
2.833000000000000185e+00 4.292999999999999948e+22
2.932999999999999829e+00 4.342000000000000105e+22
3.036999999999999922e+00 4.393999999999999895e+22
3.144000000000000128e+00 4.449000000000000157e+22
3.254999999999999893e+00 4.505999999999999895e+22
3.370000000000000107e+00 4.569999999999999895e+22
3.488999999999999879e+00 4.632999999999999738e+22
3.612000000000000099e+00 4.699000000000000052e+22
3.740000000000000213e+00 4.769000000000000157e+22
3.871999999999999886e+00 4.843000000000000052e+22
4.009000000000000341e+00 4.926999999999999843e+22
4.150000000000000355e+00 5.009000000000000157e+22
4.296999999999999709e+00 5.096999999999999738e+22
4.448999999999999844e+00 5.190000000000000105e+22
4.605999999999999872e+00 5.294999999999999843e+22
4.769000000000000128e+00 5.400000000000000419e+22
4.937000000000000277e+00 5.528000000000000419e+22
5.110999999999999766e+00 5.648000000000000000e+22
5.291999999999999815e+00 5.777000000000000157e+22
5.479000000000000092e+00 5.923999999999999790e+22
5.671999999999999709e+00 6.072999999999999738e+22
5.873000000000000220e+00 6.256000000000000000e+22
6.080000000000000071e+00 6.429000000000000367e+22
6.294999999999999929e+00 6.616000000000000419e+22
6.517000000000000348e+00 6.838000000000000105e+22
6.748000000000000220e+00 7.058000000000000315e+22
6.985999999999999766e+00 7.298000000000000315e+22
7.232999999999999652e+00 7.613999999999999685e+22
7.488000000000000433e+00 7.900999999999999528e+22
7.753000000000000114e+00 8.217000000000000577e+22
8.025999999999999801e+00 8.567000000000000262e+22
8.310000000000000497e+00 8.954999999999999214e+22
8.602999999999999758e+00 9.434999999999999214e+22
8.907000000000000028e+00 9.923000000000000472e+22
9.221999999999999531e+00 1.048000000000000084e+23
9.548000000000000043e+00 1.110999999999999927e+23
9.884999999999999787e+00 1.184000000000000000e+23
1.023000000000000043e+01 1.267999999999999958e+23
1.059999999999999964e+01 1.366999999999999927e+23
1.097000000000000064e+01 1.484000000000000042e+23
1.135999999999999943e+01 1.626999999999999885e+23
1.175999999999999979e+01 1.792000000000000000e+23
1.216999999999999993e+01 1.991000000000000094e+23
1.259999999999999964e+01 2.228999999999999948e+23
1.305000000000000071e+01 2.516000000000000126e+23
1.350999999999999979e+01 2.859999999999999874e+23
1.399000000000000021e+01 3.270999999999999759e+23
1.448000000000000043e+01 3.783999999999999916e+23
1.499000000000000021e+01 4.362000000000000231e+23
1.551999999999999957e+01 5.036999999999999696e+23
1.607000000000000028e+01 5.818999999999999885e+23
1.664000000000000057e+01 6.726000000000000273e+23
1.723000000000000043e+01 7.732999999999999612e+23
1.782999999999999829e+01 8.894000000000000357e+23
1.846000000000000085e+01 1.011999999999999992e+24
1.912000000000000099e+01 1.148000000000000042e+24
1.978999999999999915e+01 1.287999999999999916e+24
2.048999999999999844e+01 1.435000000000000086e+24
2.121000000000000085e+01 1.593999999999999996e+24
2.196000000000000085e+01 1.746000000000000013e+24
2.273999999999999844e+01 1.899000000000000052e+24
2.353999999999999915e+01 2.049000000000000023e+24
2.437000000000000099e+01 2.194999999999999901e+24
2.523999999999999844e+01 2.335999999999999933e+24
2.612999999999999901e+01 2.472000000000000117e+24
2.705000000000000071e+01 2.599999999999999849e+24
2.801000000000000156e+01 2.719999999999999933e+24
2.898999999999999844e+01 2.831999999999999832e+24
3.001999999999999957e+01 2.937000000000000107e+24
3.107999999999999829e+01 3.033000000000000174e+24
3.217999999999999972e+01 3.120000000000000034e+24
3.331000000000000227e+01 3.200999999999999755e+24
3.449000000000000199e+01 3.273999999999999828e+24
3.571000000000000085e+01 3.339999999999999740e+24
3.696999999999999886e+01 3.399000000000000027e+24
3.827000000000000313e+01 3.453000000000000199e+24
3.963000000000000256e+01 3.500000000000000210e+24
4.103000000000000114e+01 3.543000000000000128e+24
4.247999999999999687e+01 3.580999999999999931e+24
4.397999999999999687e+01 3.614000000000000155e+24
4.553000000000000114e+01 3.643999999999999774e+24
4.714000000000000057e+01 3.669999999999999836e+24
4.879999999999999716e+01 3.692999999999999830e+24
5.053000000000000114e+01 3.712999999999999755e+24
5.231000000000000227e+01 3.731000000000000170e+24
5.415999999999999659e+01 3.747000000000000002e+24
5.607000000000000028e+01 3.760999999999999788e+24
5.804999999999999716e+01 3.774000000000000088e+24
6.010000000000000142e+01 3.784999999999999805e+24
6.222999999999999687e+01 3.796000000000000059e+24
6.442000000000000171e+01 3.805999999999999753e+24
6.670000000000000284e+01 3.815999999999999983e+24
6.906000000000000227e+01 3.824000000000000168e+24
7.148999999999999488e+01 3.832999999999999839e+24
7.401999999999999602e+01 3.842000000000000046e+24
7.662999999999999545e+01 3.851000000000000254e+24
7.934000000000000341e+01 3.859999999999999925e+24
8.214000000000000057e+01 3.869000000000000132e+24
8.504000000000000625e+01 3.877999999999999803e+24
8.804999999999999716e+01 3.888000000000000034e+24
9.115999999999999659e+01 3.898000000000000264e+24
9.437999999999999545e+01 3.906999999999999935e+24
9.770999999999999375e+01 3.918000000000000189e+24
1.012000000000000028e+02 3.927999999999999883e+24
1.047000000000000028e+02 3.939000000000000136e+24
1.084000000000000057e+02 3.949999999999999853e+24
1.122999999999999972e+02 3.961000000000000107e+24
1.162000000000000028e+02 3.972999999999999847e+24
1.202999999999999972e+02 3.984000000000000101e+24
1.245999999999999943e+02 3.995999999999999841e+24
1.290000000000000000e+02 4.009000000000000141e+24
1.335000000000000000e+02 4.021999999999999904e+24
1.383000000000000114e+02 4.034000000000000180e+24
1.430999999999999943e+02 4.046999999999999943e+24
1.481999999999999886e+02 4.060000000000000243e+24
1.534000000000000057e+02 4.073000000000000006e+24
1.589000000000000057e+02 4.085999999999999769e+24
1.645000000000000000e+02 4.099000000000000069e+24
1.703000000000000114e+02 4.111999999999999832e+24
1.763000000000000114e+02 4.125000000000000132e+24
1.825000000000000000e+02 4.137999999999999895e+24
1.890000000000000000e+02 4.152000000000000218e+24
1.955999999999999943e+02 4.164999999999999981e+24
2.025999999999999943e+02 4.178999999999999767e+24
2.096999999999999886e+02 4.192000000000000067e+24
2.170999999999999943e+02 4.205999999999999853e+24
2.248000000000000114e+02 4.219000000000000153e+24
2.326999999999999886e+02 4.233999999999999962e+24
2.409000000000000057e+02 4.247000000000000262e+24
2.495000000000000000e+02 4.261000000000000048e+24
2.583000000000000114e+02 4.273999999999999811e+24
2.673999999999999773e+02 4.288000000000000134e+24
2.768000000000000114e+02 4.300999999999999897e+24
2.866000000000000227e+02 4.314000000000000197e+24
2.966999999999999886e+02 4.326999999999999960e+24
3.071999999999999886e+02 4.340000000000000260e+24
3.181000000000000227e+02 4.353000000000000023e+24
3.293000000000000114e+02 4.365999999999999786e+24
3.408999999999999773e+02 4.379000000000000086e+24
3.530000000000000000e+02 4.391999999999999849e+24
3.653999999999999773e+02 4.405000000000000149e+24
3.783000000000000114e+02 4.417999999999999912e+24
3.916999999999999886e+02 4.431000000000000212e+24
4.055000000000000000e+02 4.443999999999999975e+24
4.198999999999999773e+02 4.456000000000000252e+24
4.346999999999999886e+02 4.469000000000000015e+24
4.501000000000000227e+02 4.481999999999999778e+24
4.660000000000000000e+02 4.494000000000000055e+24
4.823999999999999773e+02 4.506999999999999818e+24
4.995000000000000000e+02 4.520000000000000117e+24
5.171000000000000227e+02 4.532999999999999880e+24
5.353999999999999773e+02 4.545000000000000157e+24
5.542999999999999545e+02 4.557999999999999920e+24
5.737999999999999545e+02 4.571000000000000220e+24
5.941000000000000227e+02 4.583999999999999983e+24
6.151000000000000227e+02 4.596999999999999746e+24
6.367999999999999545e+02 4.610000000000000046e+24
6.592999999999999545e+02 4.622999999999999809e+24
6.826000000000000227e+02 4.636000000000000109e+24
7.067000000000000455e+02 4.649999999999999895e+24
7.317000000000000455e+02 4.664000000000000218e+24
7.575000000000000000e+02 4.678000000000000004e+24
7.842999999999999545e+02 4.691999999999999790e+24
8.120000000000000000e+02 4.706000000000000113e+24
8.407000000000000455e+02 4.720999999999999922e+24
8.703999999999999773e+02 4.736999999999999755e+24
9.011000000000000227e+02 4.752000000000000101e+24
9.328999999999999773e+02 4.767999999999999933e+24
9.658999999999999773e+02 4.784999999999999788e+24
1.000000000000000000e+03 4.802000000000000180e+24
-----------------------


Townsend ioniz. coef. alpha/N (m2)
COMMENT: generated by bolsig_convert.py
-----------------------
1.000000000000000000e+00 0.000000000000000000e+00
1.034999999999999920e+00 0.000000000000000000e+00
1.072000000000000064e+00 0.000000000000000000e+00
1.110000000000000098e+00 0.000000000000000000e+00
1.149000000000000021e+00 0.000000000000000000e+00
1.189999999999999947e+00 0.000000000000000000e+00
1.231999999999999984e+00 0.000000000000000000e+00
1.274999999999999911e+00 0.000000000000000000e+00
1.320000000000000062e+00 0.000000000000000000e+00
1.366999999999999993e+00 0.000000000000000000e+00
1.415000000000000036e+00 0.000000000000000000e+00
1.465000000000000080e+00 0.000000000000000000e+00
1.516999999999999904e+00 0.000000000000000000e+00
1.570000000000000062e+00 0.000000000000000000e+00
1.625999999999999890e+00 0.000000000000000000e+00
1.683000000000000052e+00 0.000000000000000000e+00
1.743000000000000105e+00 0.000000000000000000e+00
1.804000000000000048e+00 0.000000000000000000e+00
1.868000000000000105e+00 0.000000000000000000e+00
1.933999999999999941e+00 0.000000000000000000e+00
2.001999999999999780e+00 0.000000000000000000e+00
2.072999999999999954e+00 0.000000000000000000e+00
2.145999999999999908e+00 0.000000000000000000e+00
2.221999999999999975e+00 0.000000000000000000e+00
2.299999999999999822e+00 0.000000000000000000e+00
2.382000000000000117e+00 0.000000000000000000e+00
2.466000000000000192e+00 0.000000000000000000e+00
2.552999999999999936e+00 0.000000000000000000e+00
2.642999999999999794e+00 0.000000000000000000e+00
2.736000000000000210e+00 0.000000000000000000e+00
2.833000000000000185e+00 0.000000000000000000e+00
2.932999999999999829e+00 0.000000000000000000e+00
3.036999999999999922e+00 0.000000000000000000e+00
3.144000000000000128e+00 0.000000000000000000e+00
3.254999999999999893e+00 0.000000000000000000e+00
3.370000000000000107e+00 0.000000000000000000e+00
3.488999999999999879e+00 0.000000000000000000e+00
3.612000000000000099e+00 0.000000000000000000e+00
3.740000000000000213e+00 0.000000000000000000e+00
3.871999999999999886e+00 0.000000000000000000e+00
4.009000000000000341e+00 0.000000000000000000e+00
4.150000000000000355e+00 0.000000000000000000e+00
4.296999999999999709e+00 0.000000000000000000e+00
4.448999999999999844e+00 0.000000000000000000e+00
4.605999999999999872e+00 0.000000000000000000e+00
4.769000000000000128e+00 0.000000000000000000e+00
4.937000000000000277e+00 0.000000000000000000e+00
5.110999999999999766e+00 0.000000000000000000e+00
5.291999999999999815e+00 0.000000000000000000e+00
5.479000000000000092e+00 0.000000000000000000e+00
5.671999999999999709e+00 0.000000000000000000e+00
5.873000000000000220e+00 0.000000000000000000e+00
6.080000000000000071e+00 0.000000000000000000e+00
6.294999999999999929e+00 0.000000000000000000e+00
6.517000000000000348e+00 0.000000000000000000e+00
6.748000000000000220e+00 0.000000000000000000e+00
6.985999999999999766e+00 0.000000000000000000e+00
7.232999999999999652e+00 0.000000000000000000e+00
7.488000000000000433e+00 0.000000000000000000e+00
7.753000000000000114e+00 0.000000000000000000e+00
8.025999999999999801e+00 0.000000000000000000e+00
8.310000000000000497e+00 0.000000000000000000e+00
8.602999999999999758e+00 0.000000000000000000e+00
8.907000000000000028e+00 0.000000000000000000e+00
9.221999999999999531e+00 0.000000000000000000e+00
9.548000000000000043e+00 0.000000000000000000e+00
9.884999999999999787e+00 0.000000000000000000e+00
1.023000000000000043e+01 0.000000000000000000e+00
1.059999999999999964e+01 0.000000000000000000e+00
1.097000000000000064e+01 0.000000000000000000e+00
1.135999999999999943e+01 0.000000000000000000e+00
1.175999999999999979e+01 0.000000000000000000e+00
1.216999999999999993e+01 0.000000000000000000e+00
1.259999999999999964e+01 0.000000000000000000e+00
1.305000000000000071e+01 0.000000000000000000e+00
1.350999999999999979e+01 0.000000000000000000e+00
1.399000000000000021e+01 0.000000000000000000e+00
1.448000000000000043e+01 0.000000000000000000e+00
1.499000000000000021e+01 0.000000000000000000e+00
1.551999999999999957e+01 0.000000000000000000e+00
1.607000000000000028e+01 0.000000000000000000e+00
1.664000000000000057e+01 0.000000000000000000e+00
1.723000000000000043e+01 0.000000000000000000e+00
1.782999999999999829e+01 0.000000000000000000e+00
1.846000000000000085e+01 0.000000000000000000e+00
1.912000000000000099e+01 0.000000000000000000e+00
1.978999999999999915e+01 0.000000000000000000e+00
2.048999999999999844e+01 0.000000000000000000e+00
2.121000000000000085e+01 0.000000000000000000e+00
2.196000000000000085e+01 0.000000000000000000e+00
2.273999999999999844e+01 0.000000000000000000e+00
2.353999999999999915e+01 0.000000000000000000e+00
2.437000000000000099e+01 0.000000000000000000e+00
2.523999999999999844e+01 0.000000000000000000e+00
2.612999999999999901e+01 0.000000000000000000e+00
2.705000000000000071e+01 6.548999999999999992e-32
2.801000000000000156e+01 1.888999999999999937e-31
2.898999999999999844e+01 5.182999999999999955e-31
3.001999999999999957e+01 1.355999999999999931e-30
3.107999999999999829e+01 3.390000000000000002e-30
3.217999999999999972e+01 1.452999999999999925e-29
3.331000000000000227e+01 3.441999999999999782e-29
3.449000000000000199e+01 7.845000000000000514e-29
3.571000000000000085e+01 1.723000000000000060e-28
3.696999999999999886e+01 3.651000000000000220e-28
3.827000000000000313e+01 7.479000000000000427e-28
3.963000000000000256e+01 1.483000000000000084e-27
4.103000000000000114e+01 2.863000000000000087e-27
4.247999999999999687e+01 5.344999999999999790e-27
4.397999999999999687e+01 9.703999999999999329e-27
4.553000000000000114e+01 1.715000000000000023e-26
4.714000000000000057e+01 2.952999999999999904e-26
4.879999999999999716e+01 4.961000000000000188e-26
5.053000000000000114e+01 8.141000000000000368e-26
5.231000000000000227e+01 1.306999999999999973e-25
5.415999999999999659e+01 2.052999999999999927e-25
5.607000000000000028e+01 3.158999999999999780e-25
5.804999999999999716e+01 4.768000000000000275e-25
6.010000000000000142e+01 7.064000000000000203e-25
6.222999999999999687e+01 1.028000000000000028e-24
6.442000000000000171e+01 1.472000000000000057e-24
6.670000000000000284e+01 2.074000000000000005e-24
6.906000000000000227e+01 2.879999999999999927e-24
7.148999999999999488e+01 3.941000000000000046e-24
7.401999999999999602e+01 5.320000000000000366e-24
7.662999999999999545e+01 7.089999999999999395e-24
7.934000000000000341e+01 9.337000000000000196e-24
8.214000000000000057e+01 1.215000000000000050e-23
8.504000000000000625e+01 1.565000000000000014e-23
8.804999999999999716e+01 1.994999999999999898e-23
9.115999999999999659e+01 2.518000000000000144e-23
9.437999999999999545e+01 3.150000000000000118e-23
9.770999999999999375e+01 3.905999999999999887e-23
1.012000000000000028e+02 4.804000000000000063e-23
1.047000000000000028e+02 5.861999999999999786e-23
1.084000000000000057e+02 7.100999999999999915e-23
1.122999999999999972e+02 8.542000000000000133e-23
1.162000000000000028e+02 1.020999999999999967e-22
1.202999999999999972e+02 1.212000000000000065e-22
1.245999999999999943e+02 1.431000000000000055e-22
1.290000000000000000e+02 1.679000000000000000e-22
1.335000000000000000e+02 1.959999999999999917e-22
1.383000000000000114e+02 2.277000000000000231e-22
1.430999999999999943e+02 2.632000000000000130e-22
1.481999999999999886e+02 3.027999999999999802e-22
1.534000000000000057e+02 3.468999999999999971e-22
1.589000000000000057e+02 3.956999999999999824e-22
1.645000000000000000e+02 4.495999999999999613e-22
1.703000000000000114e+02 5.088000000000000405e-22
1.763000000000000114e+02 5.738000000000000166e-22
1.825000000000000000e+02 6.449000000000000027e-22
1.890000000000000000e+02 7.223000000000000113e-22
1.955999999999999943e+02 8.064999999999999801e-22
2.025999999999999943e+02 8.979000000000000284e-22
2.096999999999999886e+02 9.966000000000000685e-22
2.170999999999999943e+02 1.103000000000000032e-21
2.248000000000000114e+02 1.217999999999999975e-21
2.326999999999999886e+02 1.341000000000000048e-21
2.409000000000000057e+02 1.472999999999999939e-21
2.495000000000000000e+02 1.615000000000000087e-21
2.583000000000000114e+02 1.766000000000000051e-21
2.673999999999999773e+02 1.927000000000000085e-21
2.768000000000000114e+02 2.097999999999999999e-21
2.866000000000000227e+02 2.279999999999999857e-21
2.966999999999999886e+02 2.473000000000000035e-21
3.071999999999999886e+02 2.677000000000000157e-21
3.181000000000000227e+02 2.892999999999999909e-21
3.293000000000000114e+02 3.122000000000000109e-21
3.408999999999999773e+02 3.361999999999999876e-21
3.530000000000000000e+02 3.616000000000000153e-21
3.653999999999999773e+02 3.881999999999999685e-21
3.783000000000000114e+02 4.162000000000000103e-21
3.916999999999999886e+02 4.455999999999999902e-21
4.055000000000000000e+02 4.762999999999999772e-21
4.198999999999999773e+02 5.084999999999999839e-21
4.346999999999999886e+02 5.422000000000000103e-21
4.501000000000000227e+02 5.772999999999999749e-21
4.660000000000000000e+02 6.139999999999999654e-21
4.823999999999999773e+02 6.521999999999999757e-21
4.995000000000000000e+02 6.920000000000000120e-21
5.171000000000000227e+02 7.334000000000000743e-21
5.353999999999999773e+02 7.763999999999999370e-21
5.542999999999999545e+02 8.210000000000000514e-21
5.737999999999999545e+02 8.673000000000000477e-21
5.941000000000000227e+02 9.152999999999999259e-21
6.151000000000000227e+02 9.649999999999999869e-21
6.367999999999999545e+02 1.016000000000000055e-20
6.592999999999999545e+02 1.070000000000000012e-20
6.826000000000000227e+02 1.123999999999999969e-20
7.067000000000000455e+02 1.180999999999999965e-20
7.317000000000000455e+02 1.239000000000000025e-20
7.575000000000000000e+02 1.299999999999999974e-20
7.842999999999999545e+02 1.362000000000000136e-20
8.120000000000000000e+02 1.425000000000000061e-20
8.407000000000000455e+02 1.491000000000000025e-20
8.703999999999999773e+02 1.557999999999999902e-20
9.011000000000000227e+02 1.628000000000000120e-20
9.328999999999999773e+02 1.698999999999999949e-20
9.658999999999999773e+02 1.771999999999999905e-20
1.000000000000000000e+03 1.846000000000000074e-20
-----------------------


Townsend attach. coef. eta/N (m2)
COMMENT: generated by bolsig_convert.py
-----------------------
1.000000000000000000e+00 0.000000000000000000e+00
1.034999999999999920e+00 0.000000000000000000e+00
1.072000000000000064e+00 0.000000000000000000e+00
1.110000000000000098e+00 0.000000000000000000e+00
1.149000000000000021e+00 0.000000000000000000e+00
1.189999999999999947e+00 0.000000000000000000e+00
1.231999999999999984e+00 0.000000000000000000e+00
1.274999999999999911e+00 0.000000000000000000e+00
1.320000000000000062e+00 0.000000000000000000e+00
1.366999999999999993e+00 0.000000000000000000e+00
1.415000000000000036e+00 0.000000000000000000e+00
1.465000000000000080e+00 0.000000000000000000e+00
1.516999999999999904e+00 0.000000000000000000e+00
1.570000000000000062e+00 0.000000000000000000e+00
1.625999999999999890e+00 0.000000000000000000e+00
1.683000000000000052e+00 0.000000000000000000e+00
1.743000000000000105e+00 0.000000000000000000e+00
1.804000000000000048e+00 0.000000000000000000e+00
1.868000000000000105e+00 0.000000000000000000e+00
1.933999999999999941e+00 0.000000000000000000e+00
2.001999999999999780e+00 0.000000000000000000e+00
2.072999999999999954e+00 0.000000000000000000e+00
2.145999999999999908e+00 0.000000000000000000e+00
2.221999999999999975e+00 0.000000000000000000e+00
2.299999999999999822e+00 0.000000000000000000e+00
2.382000000000000117e+00 0.000000000000000000e+00
2.466000000000000192e+00 0.000000000000000000e+00
2.552999999999999936e+00 0.000000000000000000e+00
2.642999999999999794e+00 0.000000000000000000e+00
2.736000000000000210e+00 0.000000000000000000e+00
2.833000000000000185e+00 0.000000000000000000e+00
2.932999999999999829e+00 0.000000000000000000e+00
3.036999999999999922e+00 0.000000000000000000e+00
3.144000000000000128e+00 0.000000000000000000e+00
3.254999999999999893e+00 0.000000000000000000e+00
3.370000000000000107e+00 0.000000000000000000e+00
3.488999999999999879e+00 0.000000000000000000e+00
3.612000000000000099e+00 0.000000000000000000e+00
3.740000000000000213e+00 0.000000000000000000e+00
3.871999999999999886e+00 0.000000000000000000e+00
4.009000000000000341e+00 0.000000000000000000e+00
4.150000000000000355e+00 0.000000000000000000e+00
4.296999999999999709e+00 0.000000000000000000e+00
4.448999999999999844e+00 0.000000000000000000e+00
4.605999999999999872e+00 0.000000000000000000e+00
4.769000000000000128e+00 0.000000000000000000e+00
4.937000000000000277e+00 0.000000000000000000e+00
5.110999999999999766e+00 0.000000000000000000e+00
5.291999999999999815e+00 0.000000000000000000e+00
5.479000000000000092e+00 0.000000000000000000e+00
5.671999999999999709e+00 0.000000000000000000e+00
5.873000000000000220e+00 0.000000000000000000e+00
6.080000000000000071e+00 0.000000000000000000e+00
6.294999999999999929e+00 0.000000000000000000e+00
6.517000000000000348e+00 0.000000000000000000e+00
6.748000000000000220e+00 0.000000000000000000e+00
6.985999999999999766e+00 0.000000000000000000e+00
7.232999999999999652e+00 0.000000000000000000e+00
7.488000000000000433e+00 0.000000000000000000e+00
7.753000000000000114e+00 0.000000000000000000e+00
8.025999999999999801e+00 0.000000000000000000e+00
8.310000000000000497e+00 0.000000000000000000e+00
8.602999999999999758e+00 0.000000000000000000e+00
8.907000000000000028e+00 0.000000000000000000e+00
9.221999999999999531e+00 0.000000000000000000e+00
9.548000000000000043e+00 0.000000000000000000e+00
9.884999999999999787e+00 0.000000000000000000e+00
1.023000000000000043e+01 0.000000000000000000e+00
1.059999999999999964e+01 0.000000000000000000e+00
1.097000000000000064e+01 0.000000000000000000e+00
1.135999999999999943e+01 3.278000000000000160e-33
1.175999999999999979e+01 9.540000000000000110e-33
1.216999999999999993e+01 2.662999999999999951e-32
1.259999999999999964e+01 7.138999999999999498e-32
1.305000000000000071e+01 1.838000000000000080e-31
1.350999999999999979e+01 4.551000000000000232e-31
1.399000000000000021e+01 1.083999999999999992e-30
1.448000000000000043e+01 3.127999999999999994e-30
1.499000000000000021e+01 7.075999999999999917e-30
1.551999999999999957e+01 1.546000000000000017e-29
1.607000000000000028e+01 3.263999999999999824e-29
1.664000000000000057e+01 6.691999999999999773e-29
1.723000000000000043e+01 1.323000000000000026e-28
1.782999999999999829e+01 2.551000000000000016e-28
1.846000000000000085e+01 4.740999999999999807e-28
1.912000000000000099e+01 8.602000000000000885e-28
1.978999999999999915e+01 1.511000000000000019e-27
2.048999999999999844e+01 2.585000000000000143e-27
2.121000000000000085e+01 4.337999999999999857e-27
2.196000000000000085e+01 7.061000000000000269e-27
2.273999999999999844e+01 1.123999999999999946e-26
2.353999999999999915e+01 1.749999999999999924e-26
2.437000000000000099e+01 2.673000000000000123e-26
2.523999999999999844e+01 3.999000000000000272e-26
2.612999999999999901e+01 5.874999999999999437e-26
2.705000000000000071e+01 8.490000000000000069e-26
2.801000000000000156e+01 1.205000000000000032e-25
2.898999999999999844e+01 1.685000000000000051e-25
3.001999999999999957e+01 2.319999999999999860e-25
3.107999999999999829e+01 3.148999999999999808e-25
3.217999999999999972e+01 4.219999999999999990e-25
3.331000000000000227e+01 5.577999999999999819e-25
3.449000000000000199e+01 7.280999999999999589e-25
3.571000000000000085e+01 9.391000000000000043e-25
3.696999999999999886e+01 1.196999999999999917e-24
3.827000000000000313e+01 1.508999999999999952e-24
3.963000000000000256e+01 1.881000000000000001e-24
4.103000000000000114e+01 2.320999999999999857e-24
4.247999999999999687e+01 2.832000000000000063e-24
4.397999999999999687e+01 3.422000000000000229e-24
4.553000000000000114e+01 4.093999999999999796e-24
4.714000000000000057e+01 4.849999999999999860e-24
4.879999999999999716e+01 5.693000000000000228e-24
5.053000000000000114e+01 6.620999999999999804e-24
5.231000000000000227e+01 7.632000000000000432e-24
5.415999999999999659e+01 8.722999999999999363e-24
5.607000000000000028e+01 9.886999999999999741e-24
5.804999999999999716e+01 1.111999999999999937e-23
6.010000000000000142e+01 1.240000000000000016e-23
6.222999999999999687e+01 1.373999999999999857e-23
6.442000000000000171e+01 1.510999999999999946e-23
6.670000000000000284e+01 1.650000000000000104e-23
6.906000000000000227e+01 1.791000000000000035e-23
7.148999999999999488e+01 1.932999999999999853e-23
7.401999999999999602e+01 2.072999999999999898e-23
7.662999999999999545e+01 2.210999999999999874e-23
7.934000000000000341e+01 2.347000000000000077e-23
8.214000000000000057e+01 2.479000000000000144e-23
8.504000000000000625e+01 2.607000000000000076e-23
8.804999999999999716e+01 2.728999999999999804e-23
9.115999999999999659e+01 2.845000000000000210e-23
9.437999999999999545e+01 2.955000000000000119e-23
9.770999999999999375e+01 3.059000000000000118e-23
1.012000000000000028e+02 3.154999999999999847e-23
1.047000000000000028e+02 3.244000000000000072e-23
1.084000000000000057e+02 3.326000000000000207e-23
1.122999999999999972e+02 3.401000000000000252e-23
1.162000000000000028e+02 3.468000000000000026e-23
1.202999999999999972e+02 3.527000000000000116e-23
1.245999999999999943e+02 3.579000000000000115e-23
1.290000000000000000e+02 3.624000000000000025e-23
1.335000000000000000e+02 3.661000000000000251e-23
1.383000000000000114e+02 3.691999999999999979e-23
1.430999999999999943e+02 3.716000000000000205e-23
1.481999999999999886e+02 3.732999999999999753e-23
1.534000000000000057e+02 3.745000000000000160e-23
1.589000000000000057e+02 3.749999999999999888e-23
1.645000000000000000e+02 3.748999999999999708e-23
1.703000000000000114e+02 3.742999999999999798e-23
1.763000000000000114e+02 3.732000000000000160e-23
1.825000000000000000e+02 3.716000000000000205e-23
1.890000000000000000e+02 3.694999999999999934e-23
1.955999999999999943e+02 3.668999999999999934e-23
2.025999999999999943e+02 3.639999999999999979e-23
2.096999999999999886e+02 3.606999999999999889e-23
2.170999999999999943e+02 3.570000000000000251e-23
2.248000000000000114e+02 3.530000000000000070e-23
2.326999999999999886e+02 3.486999999999999935e-23
2.409000000000000057e+02 3.440999999999999845e-23
2.495000000000000000e+02 3.391999999999999800e-23
2.583000000000000114e+02 3.340999999999999981e-23
2.673999999999999773e+02 3.287999999999999801e-23
2.768000000000000114e+02 3.234000000000000027e-23
2.866000000000000227e+02 3.176999999999999711e-23
2.966999999999999886e+02 3.118999999999999802e-23
3.071999999999999886e+02 3.059999999999999711e-23
3.181000000000000227e+02 3.000000000000000028e-23
3.293000000000000114e+02 2.937999999999999983e-23
3.408999999999999773e+02 2.875999999999999939e-23
3.530000000000000000e+02 2.813999999999999894e-23
3.653999999999999773e+02 2.751000000000000256e-23
3.783000000000000114e+02 2.688000000000000030e-23
3.916999999999999886e+02 2.623999999999999917e-23
4.055000000000000000e+02 2.560999999999999986e-23
4.198999999999999773e+02 2.496999999999999873e-23
4.346999999999999886e+02 2.433999999999999941e-23
4.501000000000000227e+02 2.371000000000000009e-23
4.660000000000000000e+02 2.308000000000000077e-23
4.823999999999999773e+02 2.246000000000000033e-23
4.995000000000000000e+02 2.183999999999999988e-23
5.171000000000000227e+02 2.123000000000000124e-23
5.353999999999999773e+02 2.061999999999999966e-23
5.542999999999999545e+02 2.001999999999999989e-23
5.737999999999999545e+02 1.942999999999999899e-23
5.941000000000000227e+02 1.884999999999999989e-23
6.151000000000000227e+02 1.827999999999999967e-23
6.367999999999999545e+02 1.770999999999999945e-23
6.592999999999999545e+02 1.715000000000000103e-23
6.826000000000000227e+02 1.659999999999999855e-23
7.067000000000000455e+02 1.606000000000000081e-23
7.317000000000000455e+02 1.554000000000000082e-23
7.575000000000000000e+02 1.502000000000000082e-23
7.842999999999999545e+02 1.450999999999999969e-23
8.120000000000000000e+02 1.401000000000000037e-23
8.407000000000000455e+02 1.351999999999999992e-23
8.703999999999999773e+02 1.303999999999999981e-23
9.011000000000000227e+02 1.258000000000000038e-23
9.328999999999999773e+02 1.211999999999999948e-23
9.658999999999999773e+02 1.167000000000000039e-23
1.000000000000000000e+03 1.124000000000000050e-23
-----------------------


C1 CO2 Attachment
COMMENT: generated by bolsig_convert.py
-----------------------
1.000000000000000000e+00 0.000000000000000000e+00
1.034999999999999920e+00 0.000000000000000000e+00
1.072000000000000064e+00 0.000000000000000000e+00
1.110000000000000098e+00 0.000000000000000000e+00
1.149000000000000021e+00 0.000000000000000000e+00
1.189999999999999947e+00 0.000000000000000000e+00
1.231999999999999984e+00 0.000000000000000000e+00
1.274999999999999911e+00 0.000000000000000000e+00
1.320000000000000062e+00 0.000000000000000000e+00
1.366999999999999993e+00 0.000000000000000000e+00
1.415000000000000036e+00 0.000000000000000000e+00
1.465000000000000080e+00 0.000000000000000000e+00
1.516999999999999904e+00 0.000000000000000000e+00
1.570000000000000062e+00 0.000000000000000000e+00
1.625999999999999890e+00 0.000000000000000000e+00
1.683000000000000052e+00 0.000000000000000000e+00
1.743000000000000105e+00 0.000000000000000000e+00
1.804000000000000048e+00 0.000000000000000000e+00
1.868000000000000105e+00 0.000000000000000000e+00
1.933999999999999941e+00 0.000000000000000000e+00
2.001999999999999780e+00 0.000000000000000000e+00
2.072999999999999954e+00 0.000000000000000000e+00
2.145999999999999908e+00 0.000000000000000000e+00
2.221999999999999975e+00 0.000000000000000000e+00
2.299999999999999822e+00 0.000000000000000000e+00
2.382000000000000117e+00 0.000000000000000000e+00
2.466000000000000192e+00 0.000000000000000000e+00
2.552999999999999936e+00 0.000000000000000000e+00
2.642999999999999794e+00 0.000000000000000000e+00
2.736000000000000210e+00 0.000000000000000000e+00
2.833000000000000185e+00 0.000000000000000000e+00
2.932999999999999829e+00 0.000000000000000000e+00
3.036999999999999922e+00 0.000000000000000000e+00
3.144000000000000128e+00 0.000000000000000000e+00
3.254999999999999893e+00 0.000000000000000000e+00
3.370000000000000107e+00 0.000000000000000000e+00
3.488999999999999879e+00 0.000000000000000000e+00
3.612000000000000099e+00 0.000000000000000000e+00
3.740000000000000213e+00 0.000000000000000000e+00
3.871999999999999886e+00 0.000000000000000000e+00
4.009000000000000341e+00 0.000000000000000000e+00
4.150000000000000355e+00 0.000000000000000000e+00
4.296999999999999709e+00 0.000000000000000000e+00
4.448999999999999844e+00 0.000000000000000000e+00
4.605999999999999872e+00 0.000000000000000000e+00
4.769000000000000128e+00 0.000000000000000000e+00
4.937000000000000277e+00 0.000000000000000000e+00
5.110999999999999766e+00 0.000000000000000000e+00
5.291999999999999815e+00 0.000000000000000000e+00
5.479000000000000092e+00 0.000000000000000000e+00
5.671999999999999709e+00 0.000000000000000000e+00
5.873000000000000220e+00 0.000000000000000000e+00
6.080000000000000071e+00 0.000000000000000000e+00
6.294999999999999929e+00 0.000000000000000000e+00
6.517000000000000348e+00 0.000000000000000000e+00
6.748000000000000220e+00 0.000000000000000000e+00
6.985999999999999766e+00 0.000000000000000000e+00
7.232999999999999652e+00 0.000000000000000000e+00
7.488000000000000433e+00 0.000000000000000000e+00
7.753000000000000114e+00 0.000000000000000000e+00
8.025999999999999801e+00 0.000000000000000000e+00
8.310000000000000497e+00 0.000000000000000000e+00
8.602999999999999758e+00 0.000000000000000000e+00
8.907000000000000028e+00 0.000000000000000000e+00
9.221999999999999531e+00 0.000000000000000000e+00
9.548000000000000043e+00 0.000000000000000000e+00
9.884999999999999787e+00 0.000000000000000000e+00
1.023000000000000043e+01 0.000000000000000000e+00
1.059999999999999964e+01 0.000000000000000000e+00
1.097000000000000064e+01 0.000000000000000000e+00
1.135999999999999943e+01 7.979000000000000357e-29
1.175999999999999979e+01 2.446999999999999784e-28
1.216999999999999993e+01 7.208000000000000376e-28
1.259999999999999964e+01 2.040999999999999918e-27
1.305000000000000071e+01 5.560000000000000329e-27
1.350999999999999979e+01 1.458000000000000119e-26
1.399000000000000021e+01 3.682000000000000251e-26
1.448000000000000043e+01 1.131000000000000012e-25
1.499000000000000021e+01 2.717000000000000113e-25
1.551999999999999957e+01 6.304999999999999597e-25
1.607000000000000028e+01 1.414000000000000037e-24
1.664000000000000057e+01 3.080999999999999909e-24
1.723000000000000043e+01 6.461999999999999703e-24
1.782999999999999829e+01 1.323000000000000038e-23
1.846000000000000085e+01 2.599000000000000098e-23
1.912000000000000099e+01 4.987999999999999836e-23
1.978999999999999915e+01 9.217000000000000536e-23
2.048999999999999844e+01 1.654000000000000063e-22
2.121000000000000085e+01 2.909999999999999857e-22
2.196000000000000085e+01 4.937000000000000252e-22
2.273999999999999844e+01 8.161000000000000234e-22
2.353999999999999915e+01 1.315999999999999971e-21
2.437000000000000099e+01 2.076000000000000111e-21
2.523999999999999844e+01 3.198000000000000029e-21
2.612999999999999901e+01 4.823999999999999871e-21
2.705000000000000071e+01 7.138999999999999687e-21
2.801000000000000156e+01 1.035999999999999967e-20
2.898999999999999844e+01 1.477000000000000042e-20
3.001999999999999957e+01 2.070000000000000108e-20
3.107999999999999829e+01 2.856000000000000201e-20
3.217999999999999972e+01 3.881999999999999836e-20
3.331000000000000227e+01 5.199999999999999895e-20
3.449000000000000199e+01 6.870000000000000567e-20
3.571000000000000085e+01 8.958000000000000309e-20
3.696999999999999886e+01 1.152999999999999999e-19
3.827000000000000313e+01 1.467000000000000071e-19
3.963000000000000256e+01 1.845000000000000101e-19
4.103000000000000114e+01 2.293000000000000048e-19
4.247999999999999687e+01 2.820000000000000209e-19
4.397999999999999687e+01 3.430999999999999789e-19
4.553000000000000114e+01 4.130999999999999917e-19
4.714000000000000057e+01 4.925999999999999827e-19
4.879999999999999716e+01 5.818999999999999621e-19
5.053000000000000114e+01 6.810999999999999812e-19
5.231000000000000227e+01 7.901000000000000367e-19
5.415999999999999659e+01 9.091000000000000391e-19
5.607000000000000028e+01 1.037999999999999985e-18
5.804999999999999716e+01 1.174999999999999911e-18
6.010000000000000142e+01 1.320999999999999943e-18
6.222999999999999687e+01 1.476000000000000081e-18
6.442000000000000171e+01 1.637000000000000033e-18
6.670000000000000284e+01 1.805000000000000025e-18
6.906000000000000227e+01 1.979000000000000024e-18
7.148999999999999488e+01 2.157999999999999996e-18
7.401999999999999602e+01 2.339999999999999875e-18
7.662999999999999545e+01 2.525999999999999886e-18
7.934000000000000341e+01 2.713999999999999965e-18
8.214000000000000057e+01 2.904000000000000109e-18
8.504000000000000625e+01 3.095000000000000094e-18
8.804999999999999716e+01 3.284999999999999854e-18
9.115999999999999659e+01 3.475999999999999839e-18
9.437999999999999545e+01 3.665000000000000143e-18
9.770999999999999375e+01 3.851999999999999995e-18
1.012000000000000028e+02 4.035999999999999941e-18
1.047000000000000028e+02 4.218000000000000205e-18
1.084000000000000057e+02 4.396999999999999791e-18
1.122999999999999972e+02 4.570999999999999790e-18
1.162000000000000028e+02 4.741999999999999882e-18
1.202999999999999972e+02 4.908000000000000385e-18
1.245999999999999943e+02 5.069999999999999985e-18
1.290000000000000000e+02 5.225999999999999771e-18
1.335000000000000000e+02 5.376999999999999969e-18
1.383000000000000114e+02 5.522000000000000353e-18
1.430999999999999943e+02 5.662000000000000379e-18
1.481999999999999886e+02 5.795999999999999820e-18
1.534000000000000057e+02 5.922999999999999992e-18
1.589000000000000057e+02 6.044999999999999805e-18
1.645000000000000000e+02 6.160000000000000348e-18
1.703000000000000114e+02 6.269000000000000308e-18
1.763000000000000114e+02 6.371000000000000227e-18
1.825000000000000000e+02 6.466000000000000107e-18
1.890000000000000000e+02 6.555999999999999628e-18
1.955999999999999943e+02 6.638999999999999879e-18
2.025999999999999943e+02 6.715000000000000091e-18
2.096999999999999886e+02 6.784999999999999719e-18
2.170999999999999943e+02 6.848000000000000077e-18
2.248000000000000114e+02 6.904999999999999851e-18
2.326999999999999886e+02 6.956000000000000581e-18
2.409000000000000057e+02 6.999999999999999730e-18
2.495000000000000000e+02 7.038000000000000607e-18
2.583000000000000114e+02 7.070000000000000128e-18
2.673999999999999773e+02 7.095999999999999836e-18
2.768000000000000114e+02 7.116999999999999955e-18
2.866000000000000227e+02 7.131000000000000035e-18
2.966999999999999886e+02 7.140000000000000526e-18
3.071999999999999886e+02 7.143999999999999889e-18
3.181000000000000227e+02 7.141999999999999437e-18
3.293000000000000114e+02 7.135999999999999623e-18
3.408999999999999773e+02 7.123999999999999995e-18
3.530000000000000000e+02 7.107999999999999464e-18
3.653999999999999773e+02 7.086999999999999345e-18
3.783000000000000114e+02 7.061999999999999863e-18
3.916999999999999886e+02 7.032999999999999478e-18
4.055000000000000000e+02 6.998999999999999505e-18
4.198999999999999773e+02 6.962000000000000395e-18
4.346999999999999886e+02 6.920000000000000156e-18
4.501000000000000227e+02 6.876000000000000236e-18
4.660000000000000000e+02 6.826999999999999958e-18
4.823999999999999773e+02 6.775999999999999998e-18
4.995000000000000000e+02 6.720999999999999905e-18
5.171000000000000227e+02 6.662999999999999906e-18
5.353999999999999773e+02 6.603000000000000225e-18
5.542999999999999545e+02 6.538999999999999641e-18
5.737999999999999545e+02 6.473000000000000146e-18
5.941000000000000227e+02 6.405000000000000200e-18
6.151000000000000227e+02 6.334000000000000347e-18
6.367999999999999545e+02 6.261000000000000042e-18
6.592999999999999545e+02 6.186000000000000056e-18
6.826000000000000227e+02 6.108999999999999618e-18
7.067000000000000455e+02 6.030000000000000270e-18
7.317000000000000455e+02 5.949999999999999925e-18
7.575000000000000000e+02 5.866999999999999673e-18
7.842999999999999545e+02 5.782999999999999966e-18
8.120000000000000000e+02 5.698000000000000033e-18
8.407000000000000455e+02 5.610999999999999649e-18
8.703999999999999773e+02 5.524000000000000035e-18
9.011000000000000227e+02 5.434999999999999969e-18
9.328999999999999773e+02 5.344000000000000222e-18
9.658999999999999773e+02 5.252999999999999705e-18
1.000000000000000000e+03 5.161999999999999958e-18
-----------------------


C16 CO2 Ionization 13.80 eV
COMMENT: generated by bolsig_convert.py
-----------------------
1.000000000000000000e+00 0.000000000000000000e+00
1.034999999999999920e+00 0.000000000000000000e+00
1.072000000000000064e+00 0.000000000000000000e+00
1.110000000000000098e+00 0.000000000000000000e+00
1.149000000000000021e+00 0.000000000000000000e+00
1.189999999999999947e+00 0.000000000000000000e+00
1.231999999999999984e+00 0.000000000000000000e+00
1.274999999999999911e+00 0.000000000000000000e+00
1.320000000000000062e+00 0.000000000000000000e+00
1.366999999999999993e+00 0.000000000000000000e+00
1.415000000000000036e+00 0.000000000000000000e+00
1.465000000000000080e+00 0.000000000000000000e+00
1.516999999999999904e+00 0.000000000000000000e+00
1.570000000000000062e+00 0.000000000000000000e+00
1.625999999999999890e+00 0.000000000000000000e+00
1.683000000000000052e+00 0.000000000000000000e+00
1.743000000000000105e+00 0.000000000000000000e+00
1.804000000000000048e+00 0.000000000000000000e+00
1.868000000000000105e+00 0.000000000000000000e+00
1.933999999999999941e+00 0.000000000000000000e+00
2.001999999999999780e+00 0.000000000000000000e+00
2.072999999999999954e+00 0.000000000000000000e+00
2.145999999999999908e+00 0.000000000000000000e+00
2.221999999999999975e+00 0.000000000000000000e+00
2.299999999999999822e+00 0.000000000000000000e+00
2.382000000000000117e+00 0.000000000000000000e+00
2.466000000000000192e+00 0.000000000000000000e+00
2.552999999999999936e+00 0.000000000000000000e+00
2.642999999999999794e+00 0.000000000000000000e+00
2.736000000000000210e+00 0.000000000000000000e+00
2.833000000000000185e+00 0.000000000000000000e+00
2.932999999999999829e+00 0.000000000000000000e+00
3.036999999999999922e+00 0.000000000000000000e+00
3.144000000000000128e+00 0.000000000000000000e+00
3.254999999999999893e+00 0.000000000000000000e+00
3.370000000000000107e+00 0.000000000000000000e+00
3.488999999999999879e+00 0.000000000000000000e+00
3.612000000000000099e+00 0.000000000000000000e+00
3.740000000000000213e+00 0.000000000000000000e+00
3.871999999999999886e+00 0.000000000000000000e+00
4.009000000000000341e+00 0.000000000000000000e+00
4.150000000000000355e+00 0.000000000000000000e+00
4.296999999999999709e+00 0.000000000000000000e+00
4.448999999999999844e+00 0.000000000000000000e+00
4.605999999999999872e+00 0.000000000000000000e+00
4.769000000000000128e+00 0.000000000000000000e+00
4.937000000000000277e+00 0.000000000000000000e+00
5.110999999999999766e+00 0.000000000000000000e+00
5.291999999999999815e+00 0.000000000000000000e+00
5.479000000000000092e+00 0.000000000000000000e+00
5.671999999999999709e+00 0.000000000000000000e+00
5.873000000000000220e+00 0.000000000000000000e+00
6.080000000000000071e+00 0.000000000000000000e+00
6.294999999999999929e+00 0.000000000000000000e+00
6.517000000000000348e+00 0.000000000000000000e+00
6.748000000000000220e+00 0.000000000000000000e+00
6.985999999999999766e+00 0.000000000000000000e+00
7.232999999999999652e+00 0.000000000000000000e+00
7.488000000000000433e+00 0.000000000000000000e+00
7.753000000000000114e+00 0.000000000000000000e+00
8.025999999999999801e+00 0.000000000000000000e+00
8.310000000000000497e+00 0.000000000000000000e+00
8.602999999999999758e+00 0.000000000000000000e+00
8.907000000000000028e+00 0.000000000000000000e+00
9.221999999999999531e+00 0.000000000000000000e+00
9.548000000000000043e+00 0.000000000000000000e+00
9.884999999999999787e+00 0.000000000000000000e+00
1.023000000000000043e+01 0.000000000000000000e+00
1.059999999999999964e+01 0.000000000000000000e+00
1.097000000000000064e+01 0.000000000000000000e+00
1.135999999999999943e+01 0.000000000000000000e+00
1.175999999999999979e+01 0.000000000000000000e+00
1.216999999999999993e+01 0.000000000000000000e+00
1.259999999999999964e+01 0.000000000000000000e+00
1.305000000000000071e+01 0.000000000000000000e+00
1.350999999999999979e+01 0.000000000000000000e+00
1.399000000000000021e+01 0.000000000000000000e+00
1.448000000000000043e+01 0.000000000000000000e+00
1.499000000000000021e+01 0.000000000000000000e+00
1.551999999999999957e+01 0.000000000000000000e+00
1.607000000000000028e+01 0.000000000000000000e+00
1.664000000000000057e+01 0.000000000000000000e+00
1.723000000000000043e+01 0.000000000000000000e+00
1.782999999999999829e+01 0.000000000000000000e+00
1.846000000000000085e+01 0.000000000000000000e+00
1.912000000000000099e+01 0.000000000000000000e+00
1.978999999999999915e+01 0.000000000000000000e+00
2.048999999999999844e+01 0.000000000000000000e+00
2.121000000000000085e+01 0.000000000000000000e+00
2.196000000000000085e+01 0.000000000000000000e+00
2.273999999999999844e+01 0.000000000000000000e+00
2.353999999999999915e+01 0.000000000000000000e+00
2.437000000000000099e+01 0.000000000000000000e+00
2.523999999999999844e+01 0.000000000000000000e+00
2.612999999999999901e+01 0.000000000000000000e+00
2.705000000000000071e+01 5.507000000000000106e-27
2.801000000000000156e+01 1.622999999999999939e-26
2.898999999999999844e+01 4.542999999999999994e-26
3.001999999999999957e+01 1.210000000000000018e-25
3.107999999999999829e+01 3.074000000000000021e-25
3.217999999999999972e+01 1.337000000000000072e-24
3.331000000000000227e+01 3.208999999999999914e-24
3.449000000000000199e+01 7.401999999999999981e-24
3.571000000000000085e+01 1.643000000000000013e-23
3.696999999999999886e+01 3.517000000000000071e-23
3.827000000000000313e+01 7.273000000000000456e-23
3.963000000000000256e+01 1.454999999999999928e-22
4.103000000000000114e+01 2.828999999999999903e-22
4.247999999999999687e+01 5.322000000000000169e-22
4.397999999999999687e+01 9.727000000000000605e-22
4.553000000000000114e+01 1.730000000000000030e-21
4.714000000000000057e+01 2.998999999999999847e-21
4.879999999999999716e+01 5.069999999999999642e-21
5.053000000000000114e+01 8.374000000000000361e-21
5.231000000000000227e+01 1.353000000000000018e-20
5.415999999999999659e+01 2.140000000000000024e-20
5.607000000000000028e+01 3.314999999999999911e-20
5.804999999999999716e+01 5.040000000000000000e-20
6.010000000000000142e+01 7.525999999999999955e-20
6.222999999999999687e+01 1.105000000000000091e-19
6.442000000000000171e+01 1.594999999999999987e-19
6.670000000000000284e+01 2.269000000000000214e-19
6.906000000000000227e+01 3.182000000000000190e-19
7.148999999999999488e+01 4.399999999999999698e-19
7.401999999999999602e+01 6.006000000000000051e-19
7.662999999999999545e+01 8.099000000000000200e-19
7.934000000000000341e+01 1.080000000000000031e-18
8.214000000000000057e+01 1.424000000000000088e-18
8.504000000000000625e+01 1.858000000000000051e-18
8.804999999999999716e+01 2.402000000000000007e-18
9.115999999999999659e+01 3.076000000000000041e-18
9.437999999999999545e+01 3.905999999999999862e-18
9.770999999999999375e+01 4.918999999999999787e-18
1.012000000000000028e+02 6.146000000000000269e-18
1.047000000000000028e+02 7.621999999999999964e-18
1.084000000000000057e+02 9.386000000000000747e-18
1.122999999999999972e+02 1.148000000000000054e-17
1.162000000000000028e+02 1.395999999999999967e-17
1.202999999999999972e+02 1.687000000000000037e-17
1.245999999999999943e+02 2.027000000000000076e-17
1.290000000000000000e+02 2.421999999999999901e-17
1.335000000000000000e+02 2.879000000000000165e-17
1.383000000000000114e+02 3.405999999999999903e-17
1.430999999999999943e+02 4.010000000000000079e-17
1.481999999999999886e+02 4.700999999999999869e-17
1.534000000000000057e+02 5.486999999999999846e-17
1.589000000000000057e+02 6.377999999999999805e-17
1.645000000000000000e+02 7.386000000000000604e-17
1.703000000000000114e+02 8.520999999999999572e-17
1.763000000000000114e+02 9.794999999999999418e-17
1.825000000000000000e+02 1.122000000000000039e-16
1.890000000000000000e+02 1.281999999999999927e-16
1.955999999999999943e+02 1.458999999999999894e-16
2.025999999999999943e+02 1.655999999999999940e-16
2.096999999999999886e+02 1.874999999999999899e-16
2.170999999999999943e+02 2.116000000000000019e-16
2.248000000000000114e+02 2.382000000000000052e-16
2.326999999999999886e+02 2.675999999999999997e-16
2.409000000000000057e+02 2.997000000000000184e-16
2.495000000000000000e+02 3.350000000000000201e-16
2.583000000000000114e+02 3.735999999999999965e-16
2.673999999999999773e+02 4.158000000000000216e-16
2.768000000000000114e+02 4.616999999999999884e-16
2.866000000000000227e+02 5.117999999999999545e-16
2.966999999999999886e+02 5.660999999999999691e-16
3.071999999999999886e+02 6.251000000000000403e-16
3.181000000000000227e+02 6.889999999999999545e-16
3.293000000000000114e+02 7.581000000000000321e-16
3.408999999999999773e+02 8.328000000000000429e-16
3.530000000000000000e+02 9.134000000000000116e-16
3.653999999999999773e+02 1.000000000000000078e-15
3.783000000000000114e+02 1.094000000000000027e-15
3.916999999999999886e+02 1.194000000000000075e-15
4.055000000000000000e+02 1.302000000000000055e-15
4.198999999999999773e+02 1.417999999999999967e-15
4.346999999999999886e+02 1.542000000000000010e-15
4.501000000000000227e+02 1.673999999999999986e-15
4.660000000000000000e+02 1.815999999999999927e-15
4.823999999999999773e+02 1.968000000000000030e-15
4.995000000000000000e+02 2.129999999999999901e-15
5.171000000000000227e+02 2.301999999999999935e-15
5.353999999999999773e+02 2.486000000000000164e-15
5.542999999999999545e+02 2.680999999999999980e-15
5.737999999999999545e+02 2.888999999999999810e-15
5.941000000000000227e+02 3.110000000000000048e-15
6.151000000000000227e+02 3.345000000000000120e-15
6.367999999999999545e+02 3.593999999999999630e-15
6.592999999999999545e+02 3.857999999999999976e-15
6.826000000000000227e+02 4.136999999999999973e-15
7.067000000000000455e+02 4.433000000000000050e-15
7.317000000000000455e+02 4.747000000000000025e-15
7.575000000000000000e+02 5.078000000000000078e-15
7.842999999999999545e+02 5.427999999999999849e-15
8.120000000000000000e+02 5.797999999999999945e-15
8.407000000000000455e+02 6.188000000000000366e-15
8.703999999999999773e+02 6.599999999999999961e-15
9.011000000000000227e+02 7.034000000000000308e-15
9.328999999999999773e+02 7.490999999999999648e-15
9.658999999999999773e+02 7.973000000000000775e-15
1.000000000000000000e+03 8.480000000000000533e-15
-----------------------
