#field_vs_time
#---------------
0.000000000000000000e+00 0.000000000000000000e+00
2.152152152152151973e-10 -1.700465345345345268e+05
4.304304304304303946e-10 -3.400930690690690535e+05
6.456456456456455660e-10 -5.101396036036035512e+05
8.608608608608607891e-10 -6.801861381381381070e+05
1.076076076076076012e-09 -8.502326726726726629e+05
1.291291291291291132e-09 -1.020279207207207102e+06
1.506506506506506459e-09 -1.190325741741741775e+06
1.721721721721721578e-09 -1.360372276276276214e+06
1.936936936936936698e-09 -1.530418810810810653e+06
2.152152152152152025e-09 -1.700465345345345326e+06
2.367367367367367351e-09 -1.870511879879879765e+06
2.582582582582582264e-09 -1.975308000000000000e+06
2.797797797797797591e-09 -1.975308000000000000e+06
3.013013013013012917e-09 -1.975308000000000000e+06
3.228228228228227830e-09 -1.975308000000000000e+06
3.443443443443443157e-09 -1.975308000000000000e+06
3.658658658658658483e-09 -1.975308000000000000e+06
3.873873873873873396e-09 -1.975308000000000000e+06
4.089089089089088723e-09 -1.975308000000000000e+06
4.304304304304304049e-09 -1.975308000000000000e+06
4.519519519519519376e-09 -1.975308000000000000e+06
4.734734734734734702e-09 -1.975308000000000000e+06
4.949949949949949201e-09 -1.975308000000000000e+06
5.165165165165164528e-09 -1.975308000000000000e+06
5.380380380380379855e-09 -1.975308000000000000e+06
5.595595595595595181e-09 -1.975308000000000000e+06
5.810810810810810508e-09 -1.975308000000000000e+06
6.026026026026025834e-09 -1.975308000000000000e+06
6.241241241241240334e-09 -1.975308000000000000e+06
6.456456456456455660e-09 -1.975308000000000000e+06
6.671671671671670987e-09 -1.975308000000000000e+06
6.886886886886886313e-09 -1.975308000000000000e+06
7.102102102102101640e-09 -1.975308000000000000e+06
7.317317317317316966e-09 -1.975308000000000000e+06
7.532532532532532293e-09 -1.975308000000000000e+06
7.747747747747746792e-09 -1.975308000000000000e+06
7.962962962962962946e-09 -1.975308000000000000e+06
8.178178178178177445e-09 -1.975308000000000000e+06
8.393393393393391944e-09 -1.975308000000000000e+06
8.608608608608608098e-09 -1.975308000000000000e+06
8.823823823823822598e-09 -1.975308000000000000e+06
9.039039039039038751e-09 -1.975308000000000000e+06
9.254254254254253251e-09 -1.975308000000000000e+06
9.469469469469469404e-09 -1.975308000000000000e+06
9.684684684684683904e-09 -1.975308000000000000e+06
9.899899899899898403e-09 -1.975308000000000000e+06
1.011511511511511456e-08 -1.975308000000000000e+06
1.033033033033032906e-08 -1.975308000000000000e+06
1.054554554554554521e-08 -1.975308000000000000e+06
1.076076076076075971e-08 -1.975308000000000000e+06
1.097597597597597586e-08 -1.975308000000000000e+06
1.119119119119119036e-08 -1.975308000000000000e+06
1.140640640640640486e-08 -1.975308000000000000e+06
1.162162162162162102e-08 -1.975308000000000000e+06
1.183683683683683551e-08 -1.975308000000000000e+06
1.205205205205205167e-08 -1.975308000000000000e+06
1.226726726726726617e-08 -1.975308000000000000e+06
1.248248248248248067e-08 -1.975308000000000000e+06
1.269769769769769682e-08 -1.819102462462462718e+06
1.291291291291291132e-08 -1.649055927927928744e+06
1.312812812812812747e-08 -1.479009393393393606e+06
1.334334334334334197e-08 -1.308962858858859632e+06
1.355855855855855813e-08 -1.138916324324324261e+06
1.377377377377377263e-08 -9.688697897897902876e+05
1.398898898898898713e-08 -7.988232552552563138e+05
1.420420420420420328e-08 -6.287767207207209431e+05
1.441941941941941778e-08 -4.587301861861869693e+05
1.463463463463463393e-08 -2.886836516516518313e+05
1.484984984984984843e-08 -1.186371171171178576e+05
1.506506506506506459e-08 0.000000000000000000e+00
1.528028028028027908e-08 0.000000000000000000e+00
1.549549549549549358e-08 0.000000000000000000e+00
1.571071071071070808e-08 0.000000000000000000e+00
1.592592592592592589e-08 0.000000000000000000e+00
1.614114114114114039e-08 0.000000000000000000e+00
1.635635635635635489e-08 0.000000000000000000e+00
1.657157157157156939e-08 0.000000000000000000e+00
1.678678678678678389e-08 0.000000000000000000e+00
1.700200200200200170e-08 0.000000000000000000e+00
1.721721721721721620e-08 0.000000000000000000e+00
1.743243243243243070e-08 0.000000000000000000e+00
1.764764764764764520e-08 0.000000000000000000e+00
1.786286286286286300e-08 0.000000000000000000e+00
1.807807807807807750e-08 0.000000000000000000e+00
1.829329329329329200e-08 0.000000000000000000e+00
1.850850850850850650e-08 0.000000000000000000e+00
1.872372372372372100e-08 0.000000000000000000e+00
1.893893893893893881e-08 0.000000000000000000e+00
1.915415415415415331e-08 0.000000000000000000e+00
1.936936936936936781e-08 0.000000000000000000e+00
1.958458458458458231e-08 0.000000000000000000e+00
1.979979979979979681e-08 0.000000000000000000e+00
2.001501501501501461e-08 0.000000000000000000e+00
2.023023023023022911e-08 0.000000000000000000e+00
2.044544544544544361e-08 0.000000000000000000e+00
2.066066066066065811e-08 0.000000000000000000e+00
2.087587587587587261e-08 0.000000000000000000e+00
2.109109109109109042e-08 0.000000000000000000e+00
2.130630630630630492e-08 0.000000000000000000e+00
2.152152152152151942e-08 0.000000000000000000e+00
2.173673673673673392e-08 0.000000000000000000e+00
2.195195195195195173e-08 0.000000000000000000e+00
2.216716716716716623e-08 0.000000000000000000e+00
2.238238238238238072e-08 0.000000000000000000e+00
2.259759759759759522e-08 0.000000000000000000e+00
2.281281281281280972e-08 0.000000000000000000e+00
2.302802802802802753e-08 0.000000000000000000e+00
2.324324324324324203e-08 0.000000000000000000e+00
2.345845845845845653e-08 0.000000000000000000e+00
2.367367367367367103e-08 0.000000000000000000e+00
2.388888888888888553e-08 0.000000000000000000e+00
2.410410410410410334e-08 0.000000000000000000e+00
2.431931931931931784e-08 0.000000000000000000e+00
2.453453453453453234e-08 0.000000000000000000e+00
2.474974974974974683e-08 0.000000000000000000e+00
2.496496496496496133e-08 0.000000000000000000e+00
2.518018018018017914e-08 0.000000000000000000e+00
2.539539539539539364e-08 0.000000000000000000e+00
2.561061061061060814e-08 0.000000000000000000e+00
2.582582582582582264e-08 0.000000000000000000e+00
2.604104104104104045e-08 0.000000000000000000e+00
2.625625625625625495e-08 0.000000000000000000e+00
2.647147147147146945e-08 0.000000000000000000e+00
2.668668668668668395e-08 0.000000000000000000e+00
2.690190190190189845e-08 0.000000000000000000e+00
2.711711711711711625e-08 0.000000000000000000e+00
2.733233233233233075e-08 0.000000000000000000e+00
2.754754754754754525e-08 0.000000000000000000e+00
2.776276276276275975e-08 0.000000000000000000e+00
2.797797797797797425e-08 0.000000000000000000e+00
2.819319319319319206e-08 0.000000000000000000e+00
2.840840840840840656e-08 0.000000000000000000e+00
2.862362362362362106e-08 0.000000000000000000e+00
2.883883883883883556e-08 0.000000000000000000e+00
2.905405405405405006e-08 0.000000000000000000e+00
2.926926926926926786e-08 0.000000000000000000e+00
2.948448448448448236e-08 0.000000000000000000e+00
2.969969969969969686e-08 0.000000000000000000e+00
2.991491491491491467e-08 0.000000000000000000e+00
3.013013013013012917e-08 0.000000000000000000e+00
3.034534534534534367e-08 0.000000000000000000e+00
3.056056056056055817e-08 0.000000000000000000e+00
3.077577577577577267e-08 0.000000000000000000e+00
3.099099099099098717e-08 0.000000000000000000e+00
3.120620620620620167e-08 0.000000000000000000e+00
3.142142142142141617e-08 0.000000000000000000e+00
3.163663663663663728e-08 0.000000000000000000e+00
3.185185185185185178e-08 0.000000000000000000e+00
3.206706706706706628e-08 0.000000000000000000e+00
3.228228228228228078e-08 0.000000000000000000e+00
3.249749749749749528e-08 0.000000000000000000e+00
3.271271271271270978e-08 0.000000000000000000e+00
3.292792792792792428e-08 0.000000000000000000e+00
3.314314314314313878e-08 0.000000000000000000e+00
3.335835835835835328e-08 0.000000000000000000e+00
3.357357357357356778e-08 0.000000000000000000e+00
3.378878878878878889e-08 0.000000000000000000e+00
3.400400400400400339e-08 0.000000000000000000e+00
3.421921921921921789e-08 0.000000000000000000e+00
3.443443443443443239e-08 0.000000000000000000e+00
3.464964964964964689e-08 0.000000000000000000e+00
3.486486486486486139e-08 0.000000000000000000e+00
3.508008008008007589e-08 0.000000000000000000e+00
3.529529529529529039e-08 0.000000000000000000e+00
3.551051051051050489e-08 0.000000000000000000e+00
3.572572572572572601e-08 0.000000000000000000e+00
3.594094094094094051e-08 0.000000000000000000e+00
3.615615615615615500e-08 0.000000000000000000e+00
3.637137137137136950e-08 0.000000000000000000e+00
3.658658658658658400e-08 0.000000000000000000e+00
3.680180180180179850e-08 0.000000000000000000e+00
3.701701701701701300e-08 0.000000000000000000e+00
3.723223223223222750e-08 0.000000000000000000e+00
3.744744744744744200e-08 0.000000000000000000e+00
3.766266266266265650e-08 0.000000000000000000e+00
3.787787787787787762e-08 0.000000000000000000e+00
3.809309309309309212e-08 0.000000000000000000e+00
3.830830830830830662e-08 0.000000000000000000e+00
3.852352352352352112e-08 0.000000000000000000e+00
3.873873873873873561e-08 0.000000000000000000e+00
3.895395395395395011e-08 0.000000000000000000e+00
3.916916916916916461e-08 0.000000000000000000e+00
3.938438438438437911e-08 0.000000000000000000e+00
3.959959959959959361e-08 0.000000000000000000e+00
3.981481481481481473e-08 0.000000000000000000e+00
4.003003003003002923e-08 0.000000000000000000e+00
4.024524524524524373e-08 0.000000000000000000e+00
4.046046046046045823e-08 0.000000000000000000e+00
4.067567567567567273e-08 0.000000000000000000e+00
4.089089089089088723e-08 0.000000000000000000e+00
4.110610610610610172e-08 0.000000000000000000e+00
4.132132132132131622e-08 0.000000000000000000e+00
4.153653653653653072e-08 0.000000000000000000e+00
4.175175175175174522e-08 0.000000000000000000e+00
4.196696696696696634e-08 0.000000000000000000e+00
4.218218218218218084e-08 0.000000000000000000e+00
4.239739739739739534e-08 0.000000000000000000e+00
4.261261261261260984e-08 0.000000000000000000e+00
4.282782782782782434e-08 0.000000000000000000e+00
4.304304304304303884e-08 0.000000000000000000e+00
4.325825825825825334e-08 0.000000000000000000e+00
4.347347347347346784e-08 0.000000000000000000e+00
4.368868868868868233e-08 0.000000000000000000e+00
4.390390390390390345e-08 0.000000000000000000e+00
4.411911911911911795e-08 0.000000000000000000e+00
4.433433433433433245e-08 0.000000000000000000e+00
4.454954954954954695e-08 0.000000000000000000e+00
4.476476476476476145e-08 0.000000000000000000e+00
4.497997997997997595e-08 0.000000000000000000e+00
4.519519519519519045e-08 0.000000000000000000e+00
4.541041041041040495e-08 0.000000000000000000e+00
4.562562562562561945e-08 0.000000000000000000e+00
4.584084084084083395e-08 0.000000000000000000e+00
4.605605605605605506e-08 0.000000000000000000e+00
4.627127127127126956e-08 0.000000000000000000e+00
4.648648648648648406e-08 0.000000000000000000e+00
4.670170170170169856e-08 0.000000000000000000e+00
4.691691691691691306e-08 0.000000000000000000e+00
4.713213213213212756e-08 0.000000000000000000e+00
4.734734734734734206e-08 0.000000000000000000e+00
4.756256256256255656e-08 0.000000000000000000e+00
4.777777777777777106e-08 0.000000000000000000e+00
4.799299299299299217e-08 0.000000000000000000e+00
4.820820820820820667e-08 0.000000000000000000e+00
4.842342342342342117e-08 0.000000000000000000e+00
4.863863863863863567e-08 0.000000000000000000e+00
4.885385385385385017e-08 0.000000000000000000e+00
4.906906906906906467e-08 0.000000000000000000e+00
4.928428428428427917e-08 0.000000000000000000e+00
4.949949949949949367e-08 0.000000000000000000e+00
4.971471471471470817e-08 0.000000000000000000e+00
4.992992992992992267e-08 0.000000000000000000e+00
5.014514514514514378e-08 0.000000000000000000e+00
5.036036036036035828e-08 0.000000000000000000e+00
5.057557557557557278e-08 0.000000000000000000e+00
5.079079079079078728e-08 0.000000000000000000e+00
5.100600600600600178e-08 0.000000000000000000e+00
5.122122122122121628e-08 0.000000000000000000e+00
5.143643643643643078e-08 0.000000000000000000e+00
5.165165165165164528e-08 0.000000000000000000e+00
5.186686686686685978e-08 0.000000000000000000e+00
5.208208208208208090e-08 0.000000000000000000e+00
5.229729729729729540e-08 0.000000000000000000e+00
5.251251251251250990e-08 0.000000000000000000e+00
5.272772772772772439e-08 0.000000000000000000e+00
5.294294294294293889e-08 0.000000000000000000e+00
5.315815815815815339e-08 0.000000000000000000e+00
5.337337337337336789e-08 0.000000000000000000e+00
5.358858858858858239e-08 0.000000000000000000e+00
5.380380380380379689e-08 0.000000000000000000e+00
5.401901901901901139e-08 0.000000000000000000e+00
5.423423423423423251e-08 0.000000000000000000e+00
5.444944944944944701e-08 0.000000000000000000e+00
5.466466466466466151e-08 0.000000000000000000e+00
5.487987987987987601e-08 0.000000000000000000e+00
5.509509509509509050e-08 0.000000000000000000e+00
5.531031031031030500e-08 0.000000000000000000e+00
5.552552552552551950e-08 0.000000000000000000e+00
5.574074074074073400e-08 0.000000000000000000e+00
5.595595595595594850e-08 0.000000000000000000e+00
5.617117117117116962e-08 0.000000000000000000e+00
5.638638638638638412e-08 0.000000000000000000e+00
5.660160160160159862e-08 0.000000000000000000e+00
5.681681681681681312e-08 0.000000000000000000e+00
5.703203203203202762e-08 0.000000000000000000e+00
5.724724724724724212e-08 0.000000000000000000e+00
5.746246246246245662e-08 0.000000000000000000e+00
5.767767767767767111e-08 0.000000000000000000e+00
5.789289289289288561e-08 0.000000000000000000e+00
5.810810810810810011e-08 0.000000000000000000e+00
5.832332332332332123e-08 0.000000000000000000e+00
5.853853853853853573e-08 0.000000000000000000e+00
5.875375375375375023e-08 0.000000000000000000e+00
5.896896896896896473e-08 0.000000000000000000e+00
5.918418418418417923e-08 0.000000000000000000e+00
5.939939939939939373e-08 0.000000000000000000e+00
5.961461461461460823e-08 0.000000000000000000e+00
5.982982982982982934e-08 0.000000000000000000e+00
6.004504504504503722e-08 0.000000000000000000e+00
6.026026026026025834e-08 0.000000000000000000e+00
6.047547547547546622e-08 0.000000000000000000e+00
6.069069069069068734e-08 0.000000000000000000e+00
6.090590590590589522e-08 0.000000000000000000e+00
6.112112112112111634e-08 0.000000000000000000e+00
6.133633633633633746e-08 0.000000000000000000e+00
6.155155155155154534e-08 0.000000000000000000e+00
6.176676676676676645e-08 0.000000000000000000e+00
6.198198198198197434e-08 0.000000000000000000e+00
6.219719719719719545e-08 0.000000000000000000e+00
6.241241241241240334e-08 0.000000000000000000e+00
6.262762762762762445e-08 0.000000000000000000e+00
6.284284284284283233e-08 0.000000000000000000e+00
6.305805805805805345e-08 0.000000000000000000e+00
6.327327327327327457e-08 0.000000000000000000e+00
6.348848848848848245e-08 0.000000000000000000e+00
6.370370370370370357e-08 0.000000000000000000e+00
6.391891891891891145e-08 0.000000000000000000e+00
6.413413413413413256e-08 0.000000000000000000e+00
6.434934934934934045e-08 0.000000000000000000e+00
6.456456456456456156e-08 0.000000000000000000e+00
6.477977977977976945e-08 0.000000000000000000e+00
6.499499499499499056e-08 0.000000000000000000e+00
6.521021021021019844e-08 0.000000000000000000e+00
6.542542542542541956e-08 0.000000000000000000e+00
6.564064064064064068e-08 0.000000000000000000e+00
6.585585585585584856e-08 0.000000000000000000e+00
6.607107107107106968e-08 0.000000000000000000e+00
6.628628628628627756e-08 0.000000000000000000e+00
6.650150150150149868e-08 0.000000000000000000e+00
6.671671671671670656e-08 0.000000000000000000e+00
6.693193193193192767e-08 0.000000000000000000e+00
6.714714714714713556e-08 0.000000000000000000e+00
6.736236236236235667e-08 0.000000000000000000e+00
6.757757757757757779e-08 0.000000000000000000e+00
6.779279279279278567e-08 0.000000000000000000e+00
6.800800800800800679e-08 0.000000000000000000e+00
6.822322322322321467e-08 0.000000000000000000e+00
6.843843843843843579e-08 0.000000000000000000e+00
6.865365365365364367e-08 0.000000000000000000e+00
6.886886886886886479e-08 0.000000000000000000e+00
6.908408408408407267e-08 0.000000000000000000e+00
6.929929929929929378e-08 0.000000000000000000e+00
6.951451451451451490e-08 0.000000000000000000e+00
6.972972972972972278e-08 0.000000000000000000e+00
6.994494494494494390e-08 0.000000000000000000e+00
7.016016016016015178e-08 0.000000000000000000e+00
7.037537537537537290e-08 0.000000000000000000e+00
7.059059059059058078e-08 0.000000000000000000e+00
7.080580580580580190e-08 0.000000000000000000e+00
7.102102102102100978e-08 0.000000000000000000e+00
7.123623623623623090e-08 0.000000000000000000e+00
7.145145145145145201e-08 0.000000000000000000e+00
7.166666666666665989e-08 0.000000000000000000e+00
7.188188188188188101e-08 0.000000000000000000e+00
7.209709709709708889e-08 0.000000000000000000e+00
7.231231231231231001e-08 0.000000000000000000e+00
7.252752752752751789e-08 0.000000000000000000e+00
7.274274274274273901e-08 0.000000000000000000e+00
7.295795795795794689e-08 0.000000000000000000e+00
7.317317317317316801e-08 0.000000000000000000e+00
7.338838838838837589e-08 0.000000000000000000e+00
7.360360360360359701e-08 0.000000000000000000e+00
7.381881881881881812e-08 0.000000000000000000e+00
7.403403403403402600e-08 0.000000000000000000e+00
7.424924924924924712e-08 0.000000000000000000e+00
7.446446446446445500e-08 0.000000000000000000e+00
7.467967967967967612e-08 0.000000000000000000e+00
7.489489489489488400e-08 0.000000000000000000e+00
7.511011011011010512e-08 0.000000000000000000e+00
7.532532532532531300e-08 0.000000000000000000e+00
7.554054054054053412e-08 0.000000000000000000e+00
7.575575575575575523e-08 0.000000000000000000e+00
7.597097097097096312e-08 0.000000000000000000e+00
7.618618618618618423e-08 0.000000000000000000e+00
7.640140140140139211e-08 0.000000000000000000e+00
7.661661661661661323e-08 0.000000000000000000e+00
7.683183183183182111e-08 0.000000000000000000e+00
7.704704704704704223e-08 0.000000000000000000e+00
7.726226226226225011e-08 0.000000000000000000e+00
7.747747747747747123e-08 0.000000000000000000e+00
7.769269269269269235e-08 0.000000000000000000e+00
7.790790790790790023e-08 0.000000000000000000e+00
7.812312312312312134e-08 0.000000000000000000e+00
7.833833833833832923e-08 0.000000000000000000e+00
7.855355355355355034e-08 0.000000000000000000e+00
7.876876876876875823e-08 0.000000000000000000e+00
7.898398398398397934e-08 0.000000000000000000e+00
7.919919919919918722e-08 0.000000000000000000e+00
7.941441441441440834e-08 0.000000000000000000e+00
7.962962962962962946e-08 0.000000000000000000e+00
7.984484484484483734e-08 0.000000000000000000e+00
8.006006006006005846e-08 0.000000000000000000e+00
8.027527527527526634e-08 0.000000000000000000e+00
8.049049049049048745e-08 0.000000000000000000e+00
8.070570570570569534e-08 0.000000000000000000e+00
8.092092092092091645e-08 0.000000000000000000e+00
8.113613613613612434e-08 0.000000000000000000e+00
8.135135135135134545e-08 0.000000000000000000e+00
8.156656656656655333e-08 0.000000000000000000e+00
8.178178178178177445e-08 0.000000000000000000e+00
8.199699699699699557e-08 0.000000000000000000e+00
8.221221221221220345e-08 0.000000000000000000e+00
8.242742742742742457e-08 0.000000000000000000e+00
8.264264264264263245e-08 0.000000000000000000e+00
8.285785785785785357e-08 0.000000000000000000e+00
8.307307307307306145e-08 0.000000000000000000e+00
8.328828828828828256e-08 0.000000000000000000e+00
8.350350350350349045e-08 0.000000000000000000e+00
8.371871871871871156e-08 0.000000000000000000e+00
8.393393393393393268e-08 0.000000000000000000e+00
8.414914914914914056e-08 0.000000000000000000e+00
8.436436436436436168e-08 0.000000000000000000e+00
8.457957957957956956e-08 0.000000000000000000e+00
8.479479479479479068e-08 0.000000000000000000e+00
8.501001001000999856e-08 0.000000000000000000e+00
8.522522522522521968e-08 0.000000000000000000e+00
8.544044044044042756e-08 0.000000000000000000e+00
8.565565565565564867e-08 0.000000000000000000e+00
8.587087087087086979e-08 0.000000000000000000e+00
8.608608608608607767e-08 0.000000000000000000e+00
8.630130130130129879e-08 0.000000000000000000e+00
8.651651651651650667e-08 0.000000000000000000e+00
8.673173173173172779e-08 0.000000000000000000e+00
8.694694694694693567e-08 0.000000000000000000e+00
8.716216216216215679e-08 0.000000000000000000e+00
8.737737737737736467e-08 0.000000000000000000e+00
8.759259259259258579e-08 0.000000000000000000e+00
8.780780780780780690e-08 0.000000000000000000e+00
8.802302302302301478e-08 0.000000000000000000e+00
8.823823823823823590e-08 0.000000000000000000e+00
8.845345345345344378e-08 0.000000000000000000e+00
8.866866866866866490e-08 0.000000000000000000e+00
8.888388388388387278e-08 0.000000000000000000e+00
8.909909909909909390e-08 0.000000000000000000e+00
8.931431431431430178e-08 0.000000000000000000e+00
8.952952952952952290e-08 0.000000000000000000e+00
8.974474474474473078e-08 0.000000000000000000e+00
8.995995995995995190e-08 0.000000000000000000e+00
9.017517517517517301e-08 0.000000000000000000e+00
9.039039039039038089e-08 0.000000000000000000e+00
9.060560560560560201e-08 0.000000000000000000e+00
9.082082082082080989e-08 0.000000000000000000e+00
9.103603603603603101e-08 0.000000000000000000e+00
9.125125125125123889e-08 0.000000000000000000e+00
9.146646646646646001e-08 0.000000000000000000e+00
9.168168168168166789e-08 0.000000000000000000e+00
9.189689689689688901e-08 0.000000000000000000e+00
9.211211211211211012e-08 0.000000000000000000e+00
9.232732732732731801e-08 0.000000000000000000e+00
9.254254254254253912e-08 0.000000000000000000e+00
9.275775775775774701e-08 0.000000000000000000e+00
9.297297297297296812e-08 0.000000000000000000e+00
9.318818818818817600e-08 0.000000000000000000e+00
9.340340340340339712e-08 0.000000000000000000e+00
9.361861861861860500e-08 0.000000000000000000e+00
9.383383383383382612e-08 0.000000000000000000e+00
9.404904904904904724e-08 0.000000000000000000e+00
9.426426426426425512e-08 0.000000000000000000e+00
9.447947947947947623e-08 0.000000000000000000e+00
9.469469469469468412e-08 0.000000000000000000e+00
9.490990990990990523e-08 0.000000000000000000e+00
9.512512512512511312e-08 0.000000000000000000e+00
9.534034034034033423e-08 0.000000000000000000e+00
9.555555555555554211e-08 0.000000000000000000e+00
9.577077077077076323e-08 0.000000000000000000e+00
9.598598598598598435e-08 0.000000000000000000e+00
9.620120120120119223e-08 0.000000000000000000e+00
9.641641641641641335e-08 0.000000000000000000e+00
9.663163163163162123e-08 0.000000000000000000e+00
9.684684684684684235e-08 0.000000000000000000e+00
9.706206206206205023e-08 0.000000000000000000e+00
9.727727727727727134e-08 0.000000000000000000e+00
9.749249249249247923e-08 0.000000000000000000e+00
9.770770770770770034e-08 0.000000000000000000e+00
9.792292292292290822e-08 0.000000000000000000e+00
9.813813813813812934e-08 0.000000000000000000e+00
9.835335335335335046e-08 0.000000000000000000e+00
9.856856856856855834e-08 0.000000000000000000e+00
9.878378378378377946e-08 0.000000000000000000e+00
9.899899899899898734e-08 0.000000000000000000e+00
9.921421421421420846e-08 0.000000000000000000e+00
9.942942942942941634e-08 0.000000000000000000e+00
9.964464464464463745e-08 0.000000000000000000e+00
9.985985985985984534e-08 0.000000000000000000e+00
1.000750750750750665e-07 0.000000000000000000e+00
1.002902902902902876e-07 0.000000000000000000e+00
1.005055055055054955e-07 0.000000000000000000e+00
1.007207207207207166e-07 0.000000000000000000e+00
1.009359359359359245e-07 0.000000000000000000e+00
1.011511511511511456e-07 0.000000000000000000e+00
1.013663663663663534e-07 0.000000000000000000e+00
1.015815815815815746e-07 0.000000000000000000e+00
1.017967967967967824e-07 0.000000000000000000e+00
1.020120120120120036e-07 0.000000000000000000e+00
1.022272272272272247e-07 0.000000000000000000e+00
1.024424424424424326e-07 0.000000000000000000e+00
1.026576576576576537e-07 0.000000000000000000e+00
1.028728728728728616e-07 0.000000000000000000e+00
1.030880880880880827e-07 0.000000000000000000e+00
1.033033033033032906e-07 0.000000000000000000e+00
1.035185185185185117e-07 0.000000000000000000e+00
1.037337337337337196e-07 0.000000000000000000e+00
1.039489489489489407e-07 0.000000000000000000e+00
1.041641641641641618e-07 0.000000000000000000e+00
1.043793793793793697e-07 0.000000000000000000e+00
1.045945945945945908e-07 0.000000000000000000e+00
1.048098098098097987e-07 0.000000000000000000e+00
1.050250250250250198e-07 0.000000000000000000e+00
1.052402402402402277e-07 0.000000000000000000e+00
1.054554554554554488e-07 0.000000000000000000e+00
1.056706706706706567e-07 0.000000000000000000e+00
1.058858858858858778e-07 0.000000000000000000e+00
1.061011011011010857e-07 0.000000000000000000e+00
1.063163163163163068e-07 0.000000000000000000e+00
1.065315315315315279e-07 0.000000000000000000e+00
1.067467467467467358e-07 0.000000000000000000e+00
1.069619619619619569e-07 0.000000000000000000e+00
1.071771771771771648e-07 0.000000000000000000e+00
1.073923923923923859e-07 0.000000000000000000e+00
1.076076076076075938e-07 0.000000000000000000e+00
1.078228228228228149e-07 0.000000000000000000e+00
1.080380380380380228e-07 0.000000000000000000e+00
1.082532532532532439e-07 0.000000000000000000e+00
1.084684684684684650e-07 0.000000000000000000e+00
1.086836836836836729e-07 0.000000000000000000e+00
1.088988988988988940e-07 0.000000000000000000e+00
1.091141141141141019e-07 0.000000000000000000e+00
1.093293293293293230e-07 0.000000000000000000e+00
1.095445445445445309e-07 0.000000000000000000e+00
1.097597597597597520e-07 0.000000000000000000e+00
1.099749749749749599e-07 0.000000000000000000e+00
1.101901901901901810e-07 0.000000000000000000e+00
1.104054054054054021e-07 0.000000000000000000e+00
1.106206206206206100e-07 0.000000000000000000e+00
1.108358358358358311e-07 0.000000000000000000e+00
1.110510510510510390e-07 0.000000000000000000e+00
1.112662662662662601e-07 0.000000000000000000e+00
1.114814814814814680e-07 0.000000000000000000e+00
1.116966966966966891e-07 0.000000000000000000e+00
1.119119119119118970e-07 0.000000000000000000e+00
1.121271271271271181e-07 0.000000000000000000e+00
1.123423423423423392e-07 0.000000000000000000e+00
1.125575575575575471e-07 0.000000000000000000e+00
1.127727727727727682e-07 0.000000000000000000e+00
1.129879879879879761e-07 0.000000000000000000e+00
1.132032032032031972e-07 0.000000000000000000e+00
1.134184184184184051e-07 0.000000000000000000e+00
1.136336336336336262e-07 0.000000000000000000e+00
1.138488488488488341e-07 0.000000000000000000e+00
1.140640640640640552e-07 0.000000000000000000e+00
1.142792792792792763e-07 0.000000000000000000e+00
1.144944944944944842e-07 0.000000000000000000e+00
1.147097097097097053e-07 0.000000000000000000e+00
1.149249249249249132e-07 0.000000000000000000e+00
1.151401401401401343e-07 0.000000000000000000e+00
1.153553553553553422e-07 0.000000000000000000e+00
1.155705705705705633e-07 0.000000000000000000e+00
1.157857857857857712e-07 0.000000000000000000e+00
1.160010010010009923e-07 0.000000000000000000e+00
1.162162162162162002e-07 0.000000000000000000e+00
1.164314314314314213e-07 0.000000000000000000e+00
1.166466466466466425e-07 0.000000000000000000e+00
1.168618618618618503e-07 0.000000000000000000e+00
1.170770770770770715e-07 0.000000000000000000e+00
1.172922922922922793e-07 0.000000000000000000e+00
1.175075075075075005e-07 0.000000000000000000e+00
1.177227227227227083e-07 0.000000000000000000e+00
1.179379379379379295e-07 0.000000000000000000e+00
1.181531531531531373e-07 0.000000000000000000e+00
1.183683683683683585e-07 0.000000000000000000e+00
1.185835835835835796e-07 0.000000000000000000e+00
1.187987987987987875e-07 0.000000000000000000e+00
1.190140140140140086e-07 0.000000000000000000e+00
1.192292292292292165e-07 0.000000000000000000e+00
1.194444444444444243e-07 0.000000000000000000e+00
1.196596596596596587e-07 0.000000000000000000e+00
1.198748748748748666e-07 0.000000000000000000e+00
1.200900900900900744e-07 0.000000000000000000e+00
1.203053053053052823e-07 0.000000000000000000e+00
1.205205205205205167e-07 0.000000000000000000e+00
1.207357357357357246e-07 0.000000000000000000e+00
1.209509509509509324e-07 0.000000000000000000e+00
1.211661661661661668e-07 0.000000000000000000e+00
1.213813813813813747e-07 0.000000000000000000e+00
1.215965965965965826e-07 0.000000000000000000e+00
1.218118118118117904e-07 0.000000000000000000e+00
1.220270270270270248e-07 0.000000000000000000e+00
1.222422422422422327e-07 0.000000000000000000e+00
1.224574574574574406e-07 0.000000000000000000e+00
1.226726726726726749e-07 0.000000000000000000e+00
1.228878878878878828e-07 0.000000000000000000e+00
1.231031031031030907e-07 0.000000000000000000e+00
1.233183183183182986e-07 0.000000000000000000e+00
1.235335335335335329e-07 0.000000000000000000e+00
1.237487487487487408e-07 0.000000000000000000e+00
1.239639639639639487e-07 0.000000000000000000e+00
1.241791791791791566e-07 0.000000000000000000e+00
1.243943943943943909e-07 0.000000000000000000e+00
1.246096096096095988e-07 0.000000000000000000e+00
1.248248248248248067e-07 0.000000000000000000e+00
1.250400400400400410e-07 0.000000000000000000e+00
1.252552552552552489e-07 0.000000000000000000e+00
1.254704704704704568e-07 0.000000000000000000e+00
1.256856856856856647e-07 0.000000000000000000e+00
1.259009009009008990e-07 0.000000000000000000e+00
1.261161161161161069e-07 0.000000000000000000e+00
1.263313313313313148e-07 0.000000000000000000e+00
1.265465465465465491e-07 0.000000000000000000e+00
1.267617617617617570e-07 0.000000000000000000e+00
1.269769769769769649e-07 0.000000000000000000e+00
1.271921921921921728e-07 0.000000000000000000e+00
1.274074074074074071e-07 0.000000000000000000e+00
1.276226226226226150e-07 0.000000000000000000e+00
1.278378378378378229e-07 0.000000000000000000e+00
1.280530530530530308e-07 0.000000000000000000e+00
1.282682682682682651e-07 0.000000000000000000e+00
1.284834834834834730e-07 0.000000000000000000e+00
1.286986986986986809e-07 0.000000000000000000e+00
1.289139139139139152e-07 0.000000000000000000e+00
1.291291291291291231e-07 0.000000000000000000e+00
1.293443443443443310e-07 0.000000000000000000e+00
1.295595595595595389e-07 0.000000000000000000e+00
1.297747747747747732e-07 0.000000000000000000e+00
1.299899899899899811e-07 0.000000000000000000e+00
1.302052052052051890e-07 0.000000000000000000e+00
1.304204204204203969e-07 0.000000000000000000e+00
1.306356356356356312e-07 0.000000000000000000e+00
1.308508508508508391e-07 0.000000000000000000e+00
1.310660660660660470e-07 0.000000000000000000e+00
1.312812812812812814e-07 0.000000000000000000e+00
1.314964964964964892e-07 0.000000000000000000e+00
1.317117117117116971e-07 0.000000000000000000e+00
1.319269269269269050e-07 0.000000000000000000e+00
1.321421421421421394e-07 0.000000000000000000e+00
1.323573573573573472e-07 0.000000000000000000e+00
1.325725725725725551e-07 0.000000000000000000e+00
1.327877877877877895e-07 0.000000000000000000e+00
1.330030030030029974e-07 0.000000000000000000e+00
1.332182182182182052e-07 0.000000000000000000e+00
1.334334334334334131e-07 0.000000000000000000e+00
1.336486486486486475e-07 0.000000000000000000e+00
1.338638638638638553e-07 0.000000000000000000e+00
1.340790790790790632e-07 0.000000000000000000e+00
1.342942942942942711e-07 0.000000000000000000e+00
1.345095095095095055e-07 0.000000000000000000e+00
1.347247247247247133e-07 0.000000000000000000e+00
1.349399399399399212e-07 0.000000000000000000e+00
1.351551551551551556e-07 0.000000000000000000e+00
1.353703703703703635e-07 0.000000000000000000e+00
1.355855855855855713e-07 0.000000000000000000e+00
1.358008008008007792e-07 0.000000000000000000e+00
1.360160160160160136e-07 0.000000000000000000e+00
1.362312312312312215e-07 0.000000000000000000e+00
1.364464464464464293e-07 0.000000000000000000e+00
1.366616616616616372e-07 0.000000000000000000e+00
1.368768768768768716e-07 0.000000000000000000e+00
1.370920920920920795e-07 0.000000000000000000e+00
1.373073073073072873e-07 0.000000000000000000e+00
1.375225225225225217e-07 0.000000000000000000e+00
1.377377377377377296e-07 0.000000000000000000e+00
1.379529529529529375e-07 0.000000000000000000e+00
1.381681681681681453e-07 0.000000000000000000e+00
1.383833833833833797e-07 0.000000000000000000e+00
1.385985985985985876e-07 0.000000000000000000e+00
1.388138138138137954e-07 0.000000000000000000e+00
1.390290290290290298e-07 0.000000000000000000e+00
1.392442442442442377e-07 0.000000000000000000e+00
1.394594594594594456e-07 0.000000000000000000e+00
1.396746746746746534e-07 0.000000000000000000e+00
1.398898898898898878e-07 0.000000000000000000e+00
1.401051051051050957e-07 0.000000000000000000e+00
1.403203203203203036e-07 0.000000000000000000e+00
1.405355355355355114e-07 0.000000000000000000e+00
1.407507507507507458e-07 0.000000000000000000e+00
1.409659659659659537e-07 0.000000000000000000e+00
1.411811811811811616e-07 0.000000000000000000e+00
1.413963963963963959e-07 0.000000000000000000e+00
1.416116116116116038e-07 0.000000000000000000e+00
1.418268268268268117e-07 0.000000000000000000e+00
1.420420420420420196e-07 0.000000000000000000e+00
1.422572572572572539e-07 0.000000000000000000e+00
1.424724724724724618e-07 0.000000000000000000e+00
1.426876876876876697e-07 0.000000000000000000e+00
1.429029029029029040e-07 0.000000000000000000e+00
1.431181181181181119e-07 0.000000000000000000e+00
1.433333333333333198e-07 0.000000000000000000e+00
1.435485485485485277e-07 0.000000000000000000e+00
1.437637637637637620e-07 0.000000000000000000e+00
1.439789789789789699e-07 0.000000000000000000e+00
1.441941941941941778e-07 0.000000000000000000e+00
1.444094094094093857e-07 0.000000000000000000e+00
1.446246246246246200e-07 0.000000000000000000e+00
1.448398398398398279e-07 0.000000000000000000e+00
1.450550550550550358e-07 0.000000000000000000e+00
1.452702702702702701e-07 0.000000000000000000e+00
1.454854854854854780e-07 0.000000000000000000e+00
1.457007007007006859e-07 0.000000000000000000e+00
1.459159159159158938e-07 0.000000000000000000e+00
1.461311311311311281e-07 0.000000000000000000e+00
1.463463463463463360e-07 0.000000000000000000e+00
1.465615615615615439e-07 0.000000000000000000e+00
1.467767767767767518e-07 0.000000000000000000e+00
1.469919919919919861e-07 0.000000000000000000e+00
1.472072072072071940e-07 0.000000000000000000e+00
1.474224224224224019e-07 0.000000000000000000e+00
1.476376376376376362e-07 0.000000000000000000e+00
1.478528528528528441e-07 0.000000000000000000e+00
1.480680680680680520e-07 0.000000000000000000e+00
1.482832832832832599e-07 0.000000000000000000e+00
1.484984984984984942e-07 0.000000000000000000e+00
1.487137137137137021e-07 0.000000000000000000e+00
1.489289289289289100e-07 0.000000000000000000e+00
1.491441441441441444e-07 0.000000000000000000e+00
1.493593593593593522e-07 0.000000000000000000e+00
1.495745745745745601e-07 0.000000000000000000e+00
1.497897897897897680e-07 0.000000000000000000e+00
1.500050050050050024e-07 0.000000000000000000e+00
1.502202202202202102e-07 0.000000000000000000e+00
1.504354354354354181e-07 0.000000000000000000e+00
1.506506506506506260e-07 0.000000000000000000e+00
1.508658658658658604e-07 0.000000000000000000e+00
1.510810810810810682e-07 0.000000000000000000e+00
1.512962962962962761e-07 0.000000000000000000e+00
1.515115115115115105e-07 0.000000000000000000e+00
1.517267267267267184e-07 0.000000000000000000e+00
1.519419419419419262e-07 0.000000000000000000e+00
1.521571571571571341e-07 0.000000000000000000e+00
1.523723723723723685e-07 0.000000000000000000e+00
1.525875875875875763e-07 0.000000000000000000e+00
1.528028028028027842e-07 0.000000000000000000e+00
1.530180180180179921e-07 0.000000000000000000e+00
1.532332332332332265e-07 0.000000000000000000e+00
1.534484484484484343e-07 0.000000000000000000e+00
1.536636636636636422e-07 0.000000000000000000e+00
1.538788788788788766e-07 0.000000000000000000e+00
1.540940940940940845e-07 0.000000000000000000e+00
1.543093093093092923e-07 0.000000000000000000e+00
1.545245245245245002e-07 0.000000000000000000e+00
1.547397397397397346e-07 0.000000000000000000e+00
1.549549549549549425e-07 0.000000000000000000e+00
1.551701701701701503e-07 0.000000000000000000e+00
1.553853853853853847e-07 0.000000000000000000e+00
1.556006006006005926e-07 0.000000000000000000e+00
1.558158158158158005e-07 0.000000000000000000e+00
1.560310310310310083e-07 0.000000000000000000e+00
1.562462462462462427e-07 0.000000000000000000e+00
1.564614614614614506e-07 0.000000000000000000e+00
1.566766766766766585e-07 0.000000000000000000e+00
1.568918918918918663e-07 0.000000000000000000e+00
1.571071071071071007e-07 0.000000000000000000e+00
1.573223223223223086e-07 0.000000000000000000e+00
1.575375375375375165e-07 0.000000000000000000e+00
1.577527527527527508e-07 0.000000000000000000e+00
1.579679679679679587e-07 0.000000000000000000e+00
1.581831831831831666e-07 0.000000000000000000e+00
1.583983983983983744e-07 0.000000000000000000e+00
1.586136136136136088e-07 0.000000000000000000e+00
1.588288288288288167e-07 0.000000000000000000e+00
1.590440440440440246e-07 0.000000000000000000e+00
1.592592592592592589e-07 0.000000000000000000e+00
1.594744744744744668e-07 0.000000000000000000e+00
1.596896896896896747e-07 0.000000000000000000e+00
1.599049049049048826e-07 0.000000000000000000e+00
1.601201201201201169e-07 0.000000000000000000e+00
1.603353353353353248e-07 0.000000000000000000e+00
1.605505505505505327e-07 0.000000000000000000e+00
1.607657657657657406e-07 0.000000000000000000e+00
1.609809809809809749e-07 0.000000000000000000e+00
1.611961961961961828e-07 0.000000000000000000e+00
1.614114114114113907e-07 0.000000000000000000e+00
1.616266266266266250e-07 0.000000000000000000e+00
1.618418418418418329e-07 0.000000000000000000e+00
1.620570570570570408e-07 0.000000000000000000e+00
1.622722722722722487e-07 0.000000000000000000e+00
1.624874874874874830e-07 0.000000000000000000e+00
1.627027027027026909e-07 0.000000000000000000e+00
1.629179179179178988e-07 0.000000000000000000e+00
1.631331331331331067e-07 0.000000000000000000e+00
1.633483483483483410e-07 0.000000000000000000e+00
1.635635635635635489e-07 0.000000000000000000e+00
1.637787787787787568e-07 0.000000000000000000e+00
1.639939939939939911e-07 0.000000000000000000e+00
1.642092092092091990e-07 0.000000000000000000e+00
1.644244244244244069e-07 0.000000000000000000e+00
1.646396396396396148e-07 0.000000000000000000e+00
1.648548548548548491e-07 0.000000000000000000e+00
1.650700700700700570e-07 0.000000000000000000e+00
1.652852852852852649e-07 0.000000000000000000e+00
1.655005005005004992e-07 0.000000000000000000e+00
1.657157157157157071e-07 0.000000000000000000e+00
1.659309309309309150e-07 0.000000000000000000e+00
1.661461461461461229e-07 0.000000000000000000e+00
1.663613613613613572e-07 0.000000000000000000e+00
1.665765765765765651e-07 0.000000000000000000e+00
1.667917917917917730e-07 0.000000000000000000e+00
1.670070070070069809e-07 0.000000000000000000e+00
1.672222222222222152e-07 0.000000000000000000e+00
1.674374374374374231e-07 0.000000000000000000e+00
1.676526526526526310e-07 0.000000000000000000e+00
1.678678678678678654e-07 0.000000000000000000e+00
1.680830830830830732e-07 0.000000000000000000e+00
1.682982982982982811e-07 0.000000000000000000e+00
1.685135135135134890e-07 0.000000000000000000e+00
1.687287287287287234e-07 0.000000000000000000e+00
1.689439439439439312e-07 0.000000000000000000e+00
1.691591591591591391e-07 0.000000000000000000e+00
1.693743743743743735e-07 0.000000000000000000e+00
1.695895895895895814e-07 0.000000000000000000e+00
1.698048048048047892e-07 0.000000000000000000e+00
1.700200200200199971e-07 0.000000000000000000e+00
1.702352352352352315e-07 0.000000000000000000e+00
1.704504504504504394e-07 0.000000000000000000e+00
1.706656656656656472e-07 0.000000000000000000e+00
1.708808808808808551e-07 0.000000000000000000e+00
1.710960960960960895e-07 0.000000000000000000e+00
1.713113113113112973e-07 0.000000000000000000e+00
1.715265265265265052e-07 0.000000000000000000e+00
1.717417417417417396e-07 0.000000000000000000e+00
1.719569569569569475e-07 0.000000000000000000e+00
1.721721721721721553e-07 0.000000000000000000e+00
1.723873873873873632e-07 0.000000000000000000e+00
1.726026026026025976e-07 0.000000000000000000e+00
1.728178178178178055e-07 0.000000000000000000e+00
1.730330330330330133e-07 0.000000000000000000e+00
1.732482482482482212e-07 0.000000000000000000e+00
1.734634634634634556e-07 0.000000000000000000e+00
1.736786786786786635e-07 0.000000000000000000e+00
1.738938938938938713e-07 0.000000000000000000e+00
1.741091091091091057e-07 0.000000000000000000e+00
1.743243243243243136e-07 0.000000000000000000e+00
1.745395395395395215e-07 0.000000000000000000e+00
1.747547547547547293e-07 0.000000000000000000e+00
1.749699699699699637e-07 0.000000000000000000e+00
1.751851851851851716e-07 0.000000000000000000e+00
1.754004004004003795e-07 0.000000000000000000e+00
1.756156156156156138e-07 0.000000000000000000e+00
1.758308308308308217e-07 0.000000000000000000e+00
1.760460460460460296e-07 0.000000000000000000e+00
1.762612612612612375e-07 0.000000000000000000e+00
1.764764764764764718e-07 0.000000000000000000e+00
1.766916916916916797e-07 0.000000000000000000e+00
1.769069069069068876e-07 0.000000000000000000e+00
1.771221221221220954e-07 0.000000000000000000e+00
1.773373373373373298e-07 0.000000000000000000e+00
1.775525525525525377e-07 0.000000000000000000e+00
1.777677677677677456e-07 0.000000000000000000e+00
1.779829829829829799e-07 0.000000000000000000e+00
1.781981981981981878e-07 0.000000000000000000e+00
1.784134134134133957e-07 0.000000000000000000e+00
1.786286286286286036e-07 0.000000000000000000e+00
1.788438438438438379e-07 0.000000000000000000e+00
1.790590590590590458e-07 0.000000000000000000e+00
1.792742742742742537e-07 0.000000000000000000e+00
1.794894894894894616e-07 0.000000000000000000e+00
1.797047047047046959e-07 0.000000000000000000e+00
1.799199199199199038e-07 0.000000000000000000e+00
1.801351351351351117e-07 0.000000000000000000e+00
1.803503503503503460e-07 0.000000000000000000e+00
1.805655655655655539e-07 0.000000000000000000e+00
1.807807807807807618e-07 0.000000000000000000e+00
1.809959959959959697e-07 0.000000000000000000e+00
1.812112112112112040e-07 0.000000000000000000e+00
1.814264264264264119e-07 0.000000000000000000e+00
1.816416416416416198e-07 0.000000000000000000e+00
1.818568568568568541e-07 0.000000000000000000e+00
1.820720720720720620e-07 0.000000000000000000e+00
1.822872872872872699e-07 0.000000000000000000e+00
1.825025025025024778e-07 0.000000000000000000e+00
1.827177177177177121e-07 0.000000000000000000e+00
1.829329329329329200e-07 0.000000000000000000e+00
1.831481481481481279e-07 0.000000000000000000e+00
1.833633633633633358e-07 0.000000000000000000e+00
1.835785785785785701e-07 0.000000000000000000e+00
1.837937937937937780e-07 0.000000000000000000e+00
1.840090090090089859e-07 0.000000000000000000e+00
1.842242242242242202e-07 0.000000000000000000e+00
1.844394394394394281e-07 0.000000000000000000e+00
1.846546546546546360e-07 0.000000000000000000e+00
1.848698698698698439e-07 0.000000000000000000e+00
1.850850850850850782e-07 0.000000000000000000e+00
1.853003003003002861e-07 0.000000000000000000e+00
1.855155155155154940e-07 0.000000000000000000e+00
1.857307307307307284e-07 0.000000000000000000e+00
1.859459459459459362e-07 0.000000000000000000e+00
1.861611611611611441e-07 0.000000000000000000e+00
1.863763763763763520e-07 0.000000000000000000e+00
1.865915915915915864e-07 0.000000000000000000e+00
1.868068068068067942e-07 0.000000000000000000e+00
1.870220220220220021e-07 0.000000000000000000e+00
1.872372372372372100e-07 0.000000000000000000e+00
1.874524524524524444e-07 0.000000000000000000e+00
1.876676676676676522e-07 0.000000000000000000e+00
1.878828828828828601e-07 0.000000000000000000e+00
1.880980980980980945e-07 0.000000000000000000e+00
1.883133133133133024e-07 0.000000000000000000e+00
1.885285285285285102e-07 0.000000000000000000e+00
1.887437437437437181e-07 0.000000000000000000e+00
1.889589589589589525e-07 0.000000000000000000e+00
1.891741741741741604e-07 0.000000000000000000e+00
1.893893893893893682e-07 0.000000000000000000e+00
1.896046046046045761e-07 0.000000000000000000e+00
1.898198198198198105e-07 0.000000000000000000e+00
1.900350350350350183e-07 0.000000000000000000e+00
1.902502502502502262e-07 0.000000000000000000e+00
1.904654654654654606e-07 0.000000000000000000e+00
1.906806806806806685e-07 0.000000000000000000e+00
1.908958958958958763e-07 0.000000000000000000e+00
1.911111111111110842e-07 0.000000000000000000e+00
1.913263263263263186e-07 0.000000000000000000e+00
1.915415415415415265e-07 0.000000000000000000e+00
1.917567567567567343e-07 0.000000000000000000e+00
1.919719719719719687e-07 0.000000000000000000e+00
1.921871871871871766e-07 0.000000000000000000e+00
1.924024024024023845e-07 0.000000000000000000e+00
1.926176176176175923e-07 0.000000000000000000e+00
1.928328328328328267e-07 0.000000000000000000e+00
1.930480480480480346e-07 0.000000000000000000e+00
1.932632632632632425e-07 0.000000000000000000e+00
1.934784784784784503e-07 0.000000000000000000e+00
1.936936936936936847e-07 0.000000000000000000e+00
1.939089089089088926e-07 0.000000000000000000e+00
1.941241241241241005e-07 0.000000000000000000e+00
1.943393393393393348e-07 0.000000000000000000e+00
1.945545545545545427e-07 0.000000000000000000e+00
1.947697697697697506e-07 0.000000000000000000e+00
1.949849849849849585e-07 0.000000000000000000e+00
1.952002002002001928e-07 0.000000000000000000e+00
1.954154154154154007e-07 0.000000000000000000e+00
1.956306306306306086e-07 0.000000000000000000e+00
1.958458458458458164e-07 0.000000000000000000e+00
1.960610610610610508e-07 0.000000000000000000e+00
1.962762762762762587e-07 0.000000000000000000e+00
1.964914914914914666e-07 0.000000000000000000e+00
1.967067067067067009e-07 0.000000000000000000e+00
1.969219219219219088e-07 0.000000000000000000e+00
1.971371371371371167e-07 0.000000000000000000e+00
1.973523523523523246e-07 0.000000000000000000e+00
1.975675675675675589e-07 0.000000000000000000e+00
1.977827827827827668e-07 0.000000000000000000e+00
1.979979979979979747e-07 0.000000000000000000e+00
1.982132132132132090e-07 0.000000000000000000e+00
1.984284284284284169e-07 0.000000000000000000e+00
1.986436436436436248e-07 0.000000000000000000e+00
1.988588588588588327e-07 0.000000000000000000e+00
1.990740740740740670e-07 0.000000000000000000e+00
1.992892892892892749e-07 0.000000000000000000e+00
1.995045045045044828e-07 0.000000000000000000e+00
1.997197197197196907e-07 0.000000000000000000e+00
1.999349349349349250e-07 0.000000000000000000e+00
2.001501501501501329e-07 0.000000000000000000e+00
2.003653653653653408e-07 0.000000000000000000e+00
2.005805805805805751e-07 0.000000000000000000e+00
2.007957957957957830e-07 0.000000000000000000e+00
2.010110110110109909e-07 0.000000000000000000e+00
2.012262262262261988e-07 0.000000000000000000e+00
2.014414414414414331e-07 0.000000000000000000e+00
2.016566566566566410e-07 0.000000000000000000e+00
2.018718718718718489e-07 0.000000000000000000e+00
2.020870870870870833e-07 0.000000000000000000e+00
2.023023023023022911e-07 0.000000000000000000e+00
2.025175175175174990e-07 0.000000000000000000e+00
2.027327327327327069e-07 0.000000000000000000e+00
2.029479479479479412e-07 0.000000000000000000e+00
2.031631631631631491e-07 0.000000000000000000e+00
2.033783783783783570e-07 0.000000000000000000e+00
2.035935935935935649e-07 0.000000000000000000e+00
2.038088088088087992e-07 0.000000000000000000e+00
2.040240240240240071e-07 0.000000000000000000e+00
2.042392392392392150e-07 0.000000000000000000e+00
2.044544544544544494e-07 0.000000000000000000e+00
2.046696696696696572e-07 0.000000000000000000e+00
2.048848848848848651e-07 0.000000000000000000e+00
2.051001001001000730e-07 0.000000000000000000e+00
2.053153153153153074e-07 0.000000000000000000e+00
2.055305305305305152e-07 0.000000000000000000e+00
2.057457457457457231e-07 0.000000000000000000e+00
2.059609609609609310e-07 0.000000000000000000e+00
2.061761761761761654e-07 0.000000000000000000e+00
2.063913913913913732e-07 0.000000000000000000e+00
2.066066066066065811e-07 0.000000000000000000e+00
2.068218218218218155e-07 0.000000000000000000e+00
2.070370370370370234e-07 0.000000000000000000e+00
2.072522522522522312e-07 0.000000000000000000e+00
2.074674674674674391e-07 0.000000000000000000e+00
2.076826826826826735e-07 0.000000000000000000e+00
2.078978978978978814e-07 0.000000000000000000e+00
2.081131131131130892e-07 0.000000000000000000e+00
2.083283283283283236e-07 0.000000000000000000e+00
2.085435435435435315e-07 0.000000000000000000e+00
2.087587587587587393e-07 0.000000000000000000e+00
2.089739739739739472e-07 0.000000000000000000e+00
2.091891891891891816e-07 0.000000000000000000e+00
2.094044044044043895e-07 0.000000000000000000e+00
2.096196196196195973e-07 0.000000000000000000e+00
2.098348348348348052e-07 0.000000000000000000e+00
2.100500500500500396e-07 0.000000000000000000e+00
2.102652652652652475e-07 0.000000000000000000e+00
2.104804804804804553e-07 0.000000000000000000e+00
2.106956956956956897e-07 0.000000000000000000e+00
2.109109109109108976e-07 0.000000000000000000e+00
2.111261261261261055e-07 0.000000000000000000e+00
2.113413413413413133e-07 0.000000000000000000e+00
2.115565565565565477e-07 0.000000000000000000e+00
2.117717717717717556e-07 0.000000000000000000e+00
2.119869869869869635e-07 0.000000000000000000e+00
2.122022022022021713e-07 0.000000000000000000e+00
2.124174174174174057e-07 0.000000000000000000e+00
2.126326326326326136e-07 0.000000000000000000e+00
2.128478478478478215e-07 0.000000000000000000e+00
2.130630630630630558e-07 0.000000000000000000e+00
2.132782782782782637e-07 0.000000000000000000e+00
2.134934934934934716e-07 0.000000000000000000e+00
2.137087087087086795e-07 0.000000000000000000e+00
2.139239239239239138e-07 0.000000000000000000e+00
2.141391391391391217e-07 0.000000000000000000e+00
2.143543543543543296e-07 0.000000000000000000e+00
2.145695695695695639e-07 0.000000000000000000e+00
2.147847847847847718e-07 0.000000000000000000e+00
2.149999999999999797e-07 0.000000000000000000e+00
#---------------
