9.960937499999999306e-03 0.000000000000000000e+00
2.441406200000000200e-04 7.996328500000000349e+04
1.855468800000000093e-04 4.177997200000000157e+04
1.269531300000000115e-04 3.447983400000000256e+04
6.835937500000000651e-05 3.461277599999999802e+04
9.765625000000000203e-06 3.951158799999999610e+04
9.765625000000000203e-06 4.850989299999999639e+04
1.220703099999999883e-03 4.586769700000000012e+04
1.220703099999999883e-03 3.621810100000000239e+04
1.220703099999999883e-03 2.850323600000000079e+04
1.220703099999999883e-03 2.282639200000000346e+04
1.220703099999999883e-03 1.855343200000000070e+04
1.220703099999999883e-03 1.525512000000000080e+04
1.220703099999999883e-03 1.266028600000000006e+04
1.220703099999999883e-03 1.058635800000000017e+04
1.220703099999999883e-03 8.908823000000000320e+03
1.220703099999999883e-03 7.539139400000000023e+03
1.220703099999999883e-03 6.409782799999999952e+03
1.220703099999999883e-03 5.472609000000000378e+03
1.220703099999999883e-03 4.685312700000000405e+03
1.220703099999999883e-03 4.021244900000000143e+03
1.220703099999999883e-03 3.459186400000000049e+03
1.220703099999999883e-03 2.981477199999999812e+03
1.220703099999999883e-03 2.575936599999999999e+03
1.220703099999999883e-03 2.231094900000000052e+03
1.220703099999999883e-03 1.939041199999999890e+03
1.220703099999999883e-03 1.692202199999999948e+03
1.220703099999999883e-03 1.484485500000000002e+03
1.220703099999999883e-03 1.310661700000000110e+03
1.220703099999999883e-03 1.166159499999999980e+03
1.220703099999999883e-03 1.047094000000000051e+03
1.220703099999999883e-03 9.499356500000000096e+02
1.220703099999999883e-03 8.718681300000000647e+02
1.220703099999999883e-03 8.099608299999999872e+02
1.220703099999999883e-03 7.622635299999999461e+02
1.220703099999999883e-03 7.265810400000000300e+02
1.220703099999999883e-03 7.011761700000000701e+02
1.220703099999999883e-03 6.845095000000000027e+02
1.220703099999999883e-03 6.752831099999999651e+02
1.220703099999999883e-03 6.724620200000000523e+02
1.220703099999999883e-03 6.751355599999999413e+02
1.220703099999999883e-03 6.824194899999999961e+02
1.220703099999999883e-03 6.936021599999999125e+02
1.220703099999999883e-03 7.080722500000000537e+02
1.220703099999999883e-03 7.254313400000000911e+02
1.240234399999999917e-03 7.454261099999999942e+02
1.240234399999999917e-03 7.677656099999999242e+02
1.240234399999999917e-03 7.921345700000000534e+02
1.240234399999999917e-03 8.183504900000000362e+02
1.240234399999999917e-03 8.463834600000000137e+02
1.240234399999999917e-03 8.760834099999999580e+02
1.240234399999999917e-03 9.073992500000000518e+02
1.240234399999999917e-03 9.402084599999999455e+02
1.240234399999999917e-03 9.746454499999999825e+02
1.240234399999999917e-03 1.010558999999999969e+03
1.240234399999999917e-03 1.048176999999999907e+03
1.240234399999999917e-03 1.087711700000000064e+03
1.240234399999999917e-03 1.129283799999999928e+03
1.240234399999999917e-03 1.173026800000000094e+03
1.240234399999999917e-03 1.219257000000000062e+03
1.240234399999999917e-03 1.267725400000000036e+03
1.240234399999999917e-03 1.318855199999999968e+03
1.240234399999999917e-03 1.373202399999999898e+03
1.259765599999999918e-03 1.430980099999999993e+03
1.259765599999999918e-03 1.492550600000000031e+03
1.259765599999999918e-03 1.557834100000000035e+03
1.259765599999999918e-03 1.628547399999999925e+03
1.259765599999999918e-03 1.693021400000000085e+03
1.259765599999999918e-03 1.779477699999999913e+03
1.259765599999999918e-03 1.871644999999999982e+03
1.259765599999999918e-03 1.970492999999999938e+03
1.259765599999999918e-03 2.076531100000000151e+03
1.259765599999999918e-03 2.189849299999999857e+03
1.279296899999999952e-03 2.312514400000000023e+03
1.279296899999999952e-03 2.444629899999999907e+03
1.279296899999999952e-03 2.579969200000000001e+03
1.279296899999999952e-03 2.730652300000000196e+03
1.274414100000000006e-03 2.906853300000000218e+03
1.284179700000000115e-03 3.216833299999999781e+03
1.284179700000000115e-03 3.571491799999999785e+03
1.293945300000000007e-03 3.880055400000000191e+03
1.293945300000000007e-03 4.171882700000000114e+03
1.303710899999999898e-03 4.479818699999999808e+03
1.303710899999999898e-03 4.835734199999999873e+03
1.313476600000000041e-03 5.238612100000000282e+03
1.313476600000000041e-03 5.687147500000000036e+03
1.323242199999999933e-03 6.217373999999999796e+03
1.333007800000000041e-03 6.817857600000000275e+03
1.342773399999999933e-03 7.462101599999999962e+03
1.352539100000000076e-03 8.207823500000000422e+03
1.362304699999999967e-03 9.021695999999999913e+03
1.372070300000000076e-03 9.918615900000000693e+03
1.381835899999999968e-03 1.091247299999999996e+04
1.391601600000000110e-03 1.198718699999999990e+04
1.411132799999999894e-03 1.317586100000000079e+04
1.420898400000000002e-03 1.447135899999999856e+04
1.437988299999999955e-03 1.578546100000000115e+04
1.457519500000000173e-03 1.796182800000000134e+04
1.477050799999999773e-03 1.960197100000000137e+04
1.496582000000000207e-03 2.144129999999999927e+04
1.516113299999999808e-03 2.336677600000000166e+04
1.540527300000000188e-03 2.545124299999999857e+04
1.564941400000000168e-03 2.761458399999999892e+04
1.589355499999999932e-03 2.974834200000000055e+04
1.618652300000000040e-03 3.204206799999999930e+04
1.647949200000000183e-03 3.447378199999999924e+04
1.677246099999999893e-03 3.687920399999999790e+04
1.706542999999999819e-03 3.935841900000000169e+04
1.740722699999999908e-03 4.187445300000000134e+04
1.770019500000000016e-03 4.438394400000000314e+04
1.804199200000000105e-03 4.714578099999999540e+04
1.843261700000000140e-03 4.982765499999999884e+04
1.877441400000000229e-03 5.268085700000000361e+04
1.916503900000000047e-03 5.550120500000000175e+04
1.955566400000000298e-03 5.844529000000000087e+04
1.994628900000000333e-03 6.147300499999999738e+04
2.033691399999999934e-03 6.468526599999999598e+04
2.077636700000000131e-03 6.786186200000000827e+04
2.121582000000000329e-03 7.138331900000000314e+04
2.165527300000000092e-03 7.490878800000000047e+04
2.209472699999999890e-03 7.879052000000000407e+04
2.258300799999999817e-03 8.250777999999999884e+04
2.307128900000000177e-03 8.672833500000000640e+04
2.358398399999999968e-03 9.085527400000000489e+04
2.407226599999999928e-03 9.500241999999999825e+04
2.456054699999999855e-03 9.981230499999999302e+04
2.514648400000000106e-03 1.045864799999999959e+05
2.563476600000000067e-03 1.094681300000000047e+05
2.622070300000000319e-03 1.147678500000000058e+05
2.680664099999999737e-03 1.203418800000000047e+05
2.739257800000000423e-03 1.261463200000000070e+05
2.797851599999999841e-03 1.323208399999999965e+05
2.856445300000000093e-03 1.388073800000000047e+05
2.915039099999999946e-03 1.456272099999999919e+05
2.983398400000000089e-03 1.528875899999999965e+05
3.051757800000000267e-03 1.604522999999999884e+05
3.120117199999999577e-03 1.685473599999999860e+05
3.188476599999999755e-03 1.771956799999999930e+05
3.256835900000000332e-03 1.862499599999999919e+05
3.334960900000000401e-03 1.960259400000000023e+05
3.403320300000000145e-03 2.061700899999999965e+05
3.481445300000000215e-03 2.173016700000000128e+05
3.559570300000000284e-03 2.289905199999999895e+05
3.647460900000000245e-03 2.417218699999999953e+05
3.735351599999999807e-03 2.552656600000000035e+05
3.813476599999999876e-03 2.700953900000000140e+05
3.911132800000000596e-03 2.859007100000000210e+05
3.999023400000000124e-03 3.030067700000000186e+05
4.096679699999999577e-03 3.215019600000000210e+05
4.194335900000000297e-03 3.415361099999999860e+05
4.291992199999999751e-03 3.636633900000000140e+05
4.399414099999999529e-03 3.878258800000000047e+05
4.506835900000000575e-03 4.141978400000000256e+05
4.624023400000000679e-03 4.433496599999999744e+05
4.741210899999999916e-03 4.758120399999999790e+05
4.858398400000000020e-03 5.120921500000000233e+05
4.985351600000000050e-03 5.524463000000000466e+05
5.122070299999999937e-03 5.979609300000000512e+05
5.258789100000000293e-03 6.494848199999999488e+05
5.405273399999999638e-03 7.078227099999999627e+05
5.561523399999999777e-03 7.753680000000000000e+05
5.717773399999999916e-03 8.534560000000000000e+05
5.893554699999999438e-03 9.440360999999999767e+05
6.069335899999999361e-03 1.051582500000000000e+06
6.264648399999999534e-03 1.181525300000000047e+06
6.459960899999999707e-03 1.338597199999999953e+06
6.684570300000000458e-03 1.533534300000000047e+06
6.928710899999999256e-03 1.779609500000000000e+06
7.182617199999999716e-03 2.098256700000000186e+06
7.475585899999999742e-03 2.524567899999999907e+06
7.797851599999999946e-03 3.132575899999999907e+06
8.181152299999999364e-03 4.051869700000000186e+06
8.640136700000000322e-03 5.657582900000000373e+06
9.250488299999999955e-03 9.453551099999999627e+06
9.750976600000000813e-03 2.300379000000000000e+07
3.320312500000000239e-04 1.110803600000000000e+07
1.308593800000000095e-03 1.018118400000000000e+07
1.386718699999999914e-03 1.061861500000000000e+07
1.386718699999999914e-03 1.159344900000000000e+07
1.386718699999999914e-03 1.274072800000000000e+07
4.492187500000000195e-04 1.381386100000000000e+07
