field_vs_time
---------------
0.000000000000000000e+00 0.000000000000000000e+00
1.161616161616161634e-09 -8.363636363636363531e+05
2.323232323232323268e-09 -1.672727272727272706e+06
3.484848484848484696e-09 -1.800000000000000000e+06
4.646464646464646537e-09 -1.800000000000000000e+06
5.808080808080808378e-09 -1.800000000000000000e+06
6.969696969696969392e-09 -1.800000000000000000e+06
8.131313131313131233e-09 -1.800000000000000000e+06
9.292929292929293074e-09 -1.800000000000000000e+06
1.045454545454545491e-08 -1.800000000000000000e+06
1.161616161616161676e-08 -1.800000000000000000e+06
1.277777777777777860e-08 -1.599999999999999069e+06
1.393939393939393878e-08 -7.636363636363636469e+05
1.510101010101010228e-08 0.000000000000000000e+00
1.626262626262626247e-08 0.000000000000000000e+00
1.742424242424242596e-08 0.000000000000000000e+00
1.858585858585858615e-08 0.000000000000000000e+00
1.974747474747474633e-08 0.000000000000000000e+00
2.090909090909090983e-08 0.000000000000000000e+00
2.207070707070707002e-08 0.000000000000000000e+00
2.323232323232323351e-08 0.000000000000000000e+00
2.439393939393939370e-08 0.000000000000000000e+00
2.555555555555555719e-08 0.000000000000000000e+00
2.671717171717171738e-08 0.000000000000000000e+00
2.787878787878787757e-08 0.000000000000000000e+00
2.904040404040404106e-08 0.000000000000000000e+00
3.020202020202020456e-08 0.000000000000000000e+00
3.136363636363636474e-08 0.000000000000000000e+00
3.252525252525252493e-08 0.000000000000000000e+00
3.368686868686868512e-08 0.000000000000000000e+00
3.484848484848485192e-08 0.000000000000000000e+00
3.601010101010101211e-08 0.000000000000000000e+00
3.717171717171717229e-08 0.000000000000000000e+00
3.833333333333333248e-08 0.000000000000000000e+00
3.949494949494949267e-08 0.000000000000000000e+00
4.065656565656565947e-08 0.000000000000000000e+00
4.181818181818181966e-08 0.000000000000000000e+00
4.297979797979797984e-08 0.000000000000000000e+00
4.414141414141414003e-08 0.000000000000000000e+00
4.530303030303030684e-08 0.000000000000000000e+00
4.646464646464646702e-08 0.000000000000000000e+00
4.762626262626262721e-08 0.000000000000000000e+00
4.878787878787878740e-08 0.000000000000000000e+00
4.994949494949494758e-08 0.000000000000000000e+00
5.111111111111111439e-08 0.000000000000000000e+00
5.227272727272727457e-08 0.000000000000000000e+00
5.343434343434343476e-08 0.000000000000000000e+00
5.459595959595959495e-08 0.000000000000000000e+00
5.575757575757575513e-08 0.000000000000000000e+00
5.691919191919192194e-08 0.000000000000000000e+00
5.808080808080808212e-08 0.000000000000000000e+00
5.924242424242424231e-08 0.000000000000000000e+00
6.040404040404040911e-08 0.000000000000000000e+00
6.156565656565656268e-08 0.000000000000000000e+00
6.272727272727272949e-08 0.000000000000000000e+00
6.388888888888889629e-08 0.000000000000000000e+00
6.505050505050504986e-08 0.000000000000000000e+00
6.621212121212121666e-08 0.000000000000000000e+00
6.737373737373737023e-08 0.000000000000000000e+00
6.853535353535353704e-08 0.000000000000000000e+00
6.969696969696970384e-08 0.000000000000000000e+00
7.085858585858585741e-08 0.000000000000000000e+00
7.202020202020202422e-08 0.000000000000000000e+00
7.318181818181817778e-08 0.000000000000000000e+00
7.434343434343434459e-08 0.000000000000000000e+00
7.550505050505051139e-08 0.000000000000000000e+00
7.666666666666666496e-08 0.000000000000000000e+00
7.782828282828283177e-08 0.000000000000000000e+00
7.898989898989898534e-08 0.000000000000000000e+00
8.015151515151515214e-08 0.000000000000000000e+00
8.131313131313131894e-08 0.000000000000000000e+00
8.247474747474747251e-08 0.000000000000000000e+00
8.363636363636363932e-08 0.000000000000000000e+00
8.479797979797979289e-08 0.000000000000000000e+00
8.595959595959595969e-08 0.000000000000000000e+00
8.712121212121212649e-08 0.000000000000000000e+00
8.828282828282828006e-08 0.000000000000000000e+00
8.944444444444444687e-08 0.000000000000000000e+00
9.060606060606061367e-08 0.000000000000000000e+00
9.176767676767676724e-08 0.000000000000000000e+00
9.292929292929293404e-08 0.000000000000000000e+00
9.409090909090908761e-08 0.000000000000000000e+00
9.525252525252525442e-08 0.000000000000000000e+00
9.641414141414142122e-08 0.000000000000000000e+00
9.757575757575757479e-08 0.000000000000000000e+00
9.873737373737374160e-08 0.000000000000000000e+00
9.989898989898989516e-08 0.000000000000000000e+00
1.010606060606060620e-07 0.000000000000000000e+00
1.022222222222222288e-07 0.000000000000000000e+00
1.033838383838383823e-07 0.000000000000000000e+00
1.045454545454545491e-07 0.000000000000000000e+00
1.057070707070707027e-07 0.000000000000000000e+00
1.068686868686868695e-07 0.000000000000000000e+00
1.080303030303030363e-07 0.000000000000000000e+00
1.091919191919191899e-07 0.000000000000000000e+00
1.103535353535353567e-07 0.000000000000000000e+00
1.115151515151515103e-07 0.000000000000000000e+00
1.126767676767676771e-07 0.000000000000000000e+00
1.138383838383838439e-07 0.000000000000000000e+00
1.161616161616161642e-07 -8.363636363636400783e+05
1.184848484848484846e-07 -1.800000000000000000e+06
1.208080808080808182e-07 -1.800000000000000000e+06
1.231313131313131254e-07 -1.800000000000000000e+06
1.254545454545454590e-07 -1.800000000000000000e+06
1.277777777777777926e-07 -1.599999999999986961e+06
1.301010101010100997e-07 0.000000000000000000e+00
1.324242424242424333e-07 0.000000000000000000e+00
1.347474747474747405e-07 0.000000000000000000e+00
1.370707070707070741e-07 0.000000000000000000e+00
1.393939393939394077e-07 0.000000000000000000e+00
1.417171717171717148e-07 0.000000000000000000e+00
1.440404040404040484e-07 0.000000000000000000e+00
1.463636363636363556e-07 0.000000000000000000e+00
1.486868686868686892e-07 0.000000000000000000e+00
1.510101010101010228e-07 0.000000000000000000e+00
1.533333333333333299e-07 0.000000000000000000e+00
1.556565656565656635e-07 0.000000000000000000e+00
1.579797979797979707e-07 0.000000000000000000e+00
1.603030303030303043e-07 0.000000000000000000e+00
1.626262626262626379e-07 0.000000000000000000e+00
1.649494949494949450e-07 0.000000000000000000e+00
1.672727272727272786e-07 0.000000000000000000e+00
1.695959595959595858e-07 0.000000000000000000e+00
1.719191919191919194e-07 0.000000000000000000e+00
1.742424242424242530e-07 0.000000000000000000e+00
1.765656565656565601e-07 0.000000000000000000e+00
1.788888888888888937e-07 0.000000000000000000e+00
1.812121212121212273e-07 0.000000000000000000e+00
1.835353535353535345e-07 0.000000000000000000e+00
1.858585858585858681e-07 0.000000000000000000e+00
1.881818181818181752e-07 0.000000000000000000e+00
1.905050505050505088e-07 0.000000000000000000e+00
1.928282828282828424e-07 0.000000000000000000e+00
1.951515151515151496e-07 0.000000000000000000e+00
1.974747474747474832e-07 0.000000000000000000e+00
1.997979797979797903e-07 0.000000000000000000e+00
2.021212121212121239e-07 0.000000000000000000e+00
2.044444444444444575e-07 0.000000000000000000e+00
2.067676767676767647e-07 0.000000000000000000e+00
2.090909090909090983e-07 0.000000000000000000e+00
2.114141414141414054e-07 0.000000000000000000e+00
2.137373737373737390e-07 0.000000000000000000e+00
2.160606060606060726e-07 0.000000000000000000e+00
2.183838383838383798e-07 0.000000000000000000e+00
2.207070707070707134e-07 0.000000000000000000e+00
2.230303030303030205e-07 0.000000000000000000e+00
2.253535353535353541e-07 0.000000000000000000e+00
2.276767676767676877e-07 0.000000000000000000e+00
2.299999999999999949e-07 0.000000000000000000e+00
1.450000000000000000e-06 0.000000000000000000e+00
---------------
