BOLSIG+ version: 03/2016
Collision input data:
--------------------------------------------------
N2                                                              
cross_section_air_phelps.txt
--------------------------------------------------
O2                                                              
cross_section_air_phelps.txt
 
 
 
 Transport coefficients
A1     Mean energy (eV)                                                
A2     Mobility *N (1/m/V/s)                                           
A6     Diffusion coefficient *N (1/m/s)                                
A11    Energy mobility *N (1/m/V/s)                                    
A12    Energy diffusion coef. D*N (1/m/s)                              
A13    Total collision freq. /N (m3/s)                                 
A14    Momentum frequency /N (m3/s)                                    
A16    Total ionization freq. /N (m3/s)                                
A17    Total attachment freq. /N (m3/s)                                
A18    Townsend ioniz. coef. alpha/N (m2)                              
A19    Townsend attach. coef. eta/N (m2)                               
A20    Power /N (eV m3/s)                                              
A21    Elastic power loss /N (eV m3/s)                                 
A22    Inelastic power loss /N (eV m3/s)                               
A23    Growth power /N (eV m3/s)                                       
A27    Maximum energy                                                  
A28    # of iterations                                                 
A29    # of grid trials                                                
          R#    E/N (Td)      A1          A2          A6         A11         A12         A13         A14         A16         A17         A18         A19         A20         A21         A22         A23         A27         A28         A29    
           1   1.000      0.2349      0.6103E+25  0.1294E+25  0.9170E+25  0.1365E+25  0.2037E-13  0.2882E-13   0.000      0.4899E-36   0.000      0.8027E-40  0.6103E-17  0.1893E-18  0.5914E-17 -0.1151E-36   1.889       8.000       2.000    
           2   1.072      0.2430      0.5960E+25  0.1302E+25  0.8952E+25  0.1377E+25  0.2091E-13  0.2951E-13   0.000      0.4761E-36   0.000      0.7449E-40  0.6853E-17  0.2031E-18  0.6650E-17 -0.1157E-36   1.889       4.000       1.000    
           3   1.150      0.2518      0.5819E+25  0.1310E+25  0.8732E+25  0.1391E+25  0.2149E-13  0.3023E-13   0.000      0.4622E-36   0.000      0.6909E-40  0.7692E-17  0.2185E-18  0.7473E-17 -0.1164E-36   1.889       4.000       1.000    
           4   1.233      0.2614      0.5677E+25  0.1319E+25  0.8508E+25  0.1407E+25  0.2210E-13  0.3098E-13   0.000      0.4482E-36   0.000      0.6404E-40  0.8629E-17  0.2359E-18  0.8393E-17 -0.1172E-36   1.889       4.000       1.000    
           5   1.322      0.2720      0.5536E+25  0.1329E+25  0.8280E+25  0.1424E+25  0.2275E-13  0.3177E-13   0.000      0.4341E-36   0.000      0.5933E-40  0.9674E-17  0.2558E-18  0.9419E-17 -0.1181E-36   2.250       9.000       2.000    
           6   1.417      0.2837      0.5394E+25  0.1341E+25  0.8047E+25  0.1444E+25  0.2345E-13  0.3260E-13   0.000      0.4200E-36   0.000      0.5493E-40  0.1084E-16  0.2785E-18  0.1056E-16 -0.1192E-36   2.250       5.000       1.000    
           7   1.520      0.2967      0.5252E+25  0.1353E+25  0.7808E+25  0.1467E+25  0.2421E-13  0.3349E-13   0.000      0.4057E-36   0.000      0.5082E-40  0.1213E-16  0.3045E-18  0.1183E-16 -0.1204E-36   2.250       5.000       1.000    
           8   1.630      0.3112      0.5108E+25  0.1368E+25  0.7563E+25  0.1491E+25  0.2502E-13  0.3443E-13   0.000      0.3912E-36   0.000      0.4698E-40  0.1357E-16  0.3346E-18  0.1323E-16 -0.1217E-36   2.250       5.000       1.000    
           9   1.748      0.3273      0.4963E+25  0.1384E+25  0.7311E+25  0.1519E+25  0.2591E-13  0.3544E-13   0.000      0.3764E-36   0.000      0.4340E-40  0.1516E-16  0.3693E-18  0.1479E-16 -0.1232E-36   2.250       5.000       1.000    
          10   1.874      0.3453      0.4815E+25  0.1402E+25  0.7053E+25  0.1549E+25  0.2687E-13  0.3653E-13   0.000      0.3615E-36   0.000      0.4006E-40  0.1691E-16  0.4092E-18  0.1650E-16 -0.1248E-36   2.250       5.000       1.000    
          11   2.009      0.3652      0.4665E+25  0.1421E+25  0.6793E+25  0.1580E+25  0.2792E-13  0.3770E-13   0.000      0.3463E-36   0.000      0.3695E-40  0.1883E-16  0.4550E-18  0.1838E-16 -0.1265E-36   2.250       5.000       1.000    
          12   2.154      0.3871      0.4512E+25  0.1443E+25  0.6530E+25  0.1614E+25  0.2904E-13  0.3898E-13   0.000      0.3309E-36   0.000      0.3404E-40  0.2094E-16  0.5070E-18  0.2044E-16 -0.1281E-36   2.250       5.000       1.000    
          13   2.310      0.4111      0.4358E+25  0.1466E+25  0.6270E+25  0.1648E+25  0.3024E-13  0.4036E-13   0.000      0.3155E-36   0.000      0.3134E-40  0.2326E-16  0.5656E-18  0.2269E-16 -0.1297E-36   2.250       5.000       1.000    
          14   2.477      0.4369      0.4203E+25  0.1491E+25  0.6013E+25  0.1682E+25  0.3152E-13  0.4185E-13   0.000      0.3000E-36   0.000      0.2882E-40  0.2579E-16  0.6308E-18  0.2516E-16 -0.1311E-36   2.250       5.000       1.000    
          15   2.656      0.4646      0.4047E+25  0.1517E+25  0.5764E+25  0.1716E+25  0.3286E-13  0.4346E-13   0.000      0.2846E-36   0.000      0.2648E-40  0.2855E-16  0.7024E-18  0.2785E-16 -0.1322E-36   2.250       5.000       1.000    
          16   2.848      0.4936      0.3892E+25  0.1544E+25  0.5524E+25  0.1749E+25  0.3426E-13  0.4520E-13   0.000      0.2695E-36   0.000      0.2431E-40  0.3157E-16  0.7799E-18  0.3079E-16 -0.1330E-36   2.250       5.000       1.000    
          17   3.054      0.5239      0.3738E+25  0.1572E+25  0.5296E+25  0.1781E+25  0.3570E-13  0.4705E-13   0.000      0.2547E-36   0.000      0.2231E-40  0.3486E-16  0.8627E-18  0.3400E-16 -0.1334E-36   2.250       5.000       1.000    
          18   3.275      0.5548      0.3588E+25  0.1599E+25  0.5080E+25  0.1810E+25  0.3717E-13  0.4902E-13   0.000      0.2404E-36   0.000      0.2046E-40  0.3848E-16  0.9499E-18  0.3753E-16 -0.1334E-36   2.250       5.000       1.000    
          19   3.511      0.5863      0.3442E+25  0.1626E+25  0.4877E+25  0.1837E+25  0.3865E-13  0.5111E-13   0.000      0.2265E-36   0.000      0.1875E-40  0.4243E-16  0.1041E-17  0.4141E-16 -0.1328E-36   2.679       10.00       2.000    
          20   3.765      0.6176      0.3301E+25  0.1653E+25  0.4688E+25  0.1862E+25  0.4012E-13  0.5328E-13   0.000      0.2136E-36   0.000      0.1718E-40  0.4679E-16  0.1134E-17  0.4568E-16 -0.1319E-36   2.679       5.000       1.000    
          21   4.037      0.6485      0.3167E+25  0.1678E+25  0.4513E+25  0.1884E+25  0.4157E-13  0.5554E-13   0.000      0.2014E-36   0.000      0.1575E-40  0.5161E-16  0.1228E-17  0.5040E-16 -0.1306E-36   2.679       5.000       1.000    
          22   4.329      0.6787      0.3039E+25  0.1703E+25  0.4350E+25  0.1904E+25  0.4299E-13  0.5787E-13   0.000      0.1900E-36   0.000      0.1444E-40  0.5695E-16  0.1322E-17  0.5565E-16 -0.1289E-36   2.679       5.000       1.000    
          23   4.642      0.7079      0.2918E+25  0.1725E+25  0.4200E+25  0.1921E+25  0.4437E-13  0.6027E-13   0.000      0.1794E-36   0.000      0.1325E-40  0.6288E-16  0.1416E-17  0.6148E-16 -0.1270E-36   2.679       5.000       1.000    
          24   4.977      0.7359      0.2805E+25  0.1746E+25  0.4061E+25  0.1936E+25  0.4570E-13  0.6270E-13   0.000      0.1698E-36   0.000      0.1216E-40  0.6948E-16  0.1509E-17  0.6800E-16 -0.1249E-36   2.679       5.000       1.000    
          25   5.337      0.7627      0.2699E+25  0.1766E+25  0.3932E+25  0.1950E+25  0.4697E-13  0.6517E-13   0.000      0.1609E-36   0.000      0.1117E-40  0.7687E-16  0.1599E-17  0.7529E-16 -0.1227E-36   2.679       5.000       1.000    
          26   5.722      0.7880      0.2600E+25  0.1783E+25  0.3812E+25  0.1961E+25  0.4819E-13  0.6765E-13   0.000      0.1529E-36   0.000      0.1028E-40  0.8514E-16  0.1688E-17  0.8347E-16 -0.1205E-36   2.679       5.000       1.000    
          27   6.136      0.8118      0.2508E+25  0.1799E+25  0.3702E+25  0.1971E+25  0.4935E-13  0.7013E-13   0.000      0.1456E-36   0.000      0.9462E-41  0.9442E-16  0.1773E-17  0.9267E-16 -0.1182E-36   2.679       5.000       1.000    
          28   6.579      0.8342      0.2422E+25  0.1813E+25  0.3599E+25  0.1979E+25  0.5045E-13  0.7261E-13   0.000      0.1390E-36   0.000      0.8723E-41  0.1049E-15  0.1855E-17  0.1030E-15 -0.1159E-36   2.679       5.000       1.000    
          29   7.055      0.8551      0.2343E+25  0.1826E+25  0.3504E+25  0.1985E+25  0.5149E-13  0.7507E-13   0.000      0.1331E-36   0.000      0.8052E-41  0.1166E-15  0.1934E-17  0.1147E-15 -0.1138E-36   2.679       5.000       1.000    
          30   7.565      0.8746      0.2270E+25  0.1837E+25  0.3415E+25  0.1991E+25  0.5248E-13  0.7749E-13   0.000      0.1278E-36   0.000      0.7442E-41  0.1299E-15  0.2010E-17  0.1279E-15 -0.1117E-36   2.679       5.000       1.000    
          31   8.111      0.8927      0.2202E+25  0.1847E+25  0.3332E+25  0.1995E+25  0.5341E-13  0.7988E-13   0.000      0.1230E-36   0.000      0.6888E-41  0.1449E-15  0.2083E-17  0.1428E-15 -0.1098E-36   2.679       5.000       1.000    
          32   8.697      0.9095      0.2139E+25  0.1856E+25  0.3255E+25  0.1999E+25  0.5429E-13  0.8222E-13   0.000      0.1188E-36   0.000      0.6383E-41  0.1618E-15  0.2152E-17  0.1597E-15 -0.1080E-36   3.191       10.00       2.000    
          33   9.326      0.9251      0.2081E+25  0.1863E+25  0.3182E+25  0.2001E+25  0.5513E-13  0.8452E-13   0.000      0.1149E-36   0.000      0.5921E-41  0.1810E-15  0.2219E-17  0.1788E-15 -0.1063E-36   3.191       5.000       1.000    
          34   10.00      0.9396      0.2027E+25  0.1869E+25  0.3114E+25  0.2003E+25  0.5592E-13  0.8676E-13   0.000      0.1115E-36   0.000      0.5500E-41  0.2027E-15  0.2283E-17  0.2004E-15 -0.1047E-36   3.191       5.000       1.000    
          35   10.72      0.9531      0.1978E+25  0.1875E+25  0.3050E+25  0.2004E+25  0.5668E-13  0.8894E-13   0.000      0.1084E-36   0.000      0.5114E-41  0.2274E-15  0.2344E-17  0.2250E-15 -0.1033E-36   3.191       5.000       1.000    
          36   11.50      0.9652      0.1931E+25  0.1879E+25  0.2992E+25  0.2005E+25  0.5740E-13  0.9107E-13   0.000      0.1057E-36   0.000      0.4759E-41  0.2553E-15  0.2403E-17  0.2529E-15 -0.1020E-36   3.191       5.000       1.000    
          37   12.33      0.9773      0.1889E+25  0.1883E+25  0.2934E+25  0.2003E+25  0.5809E-13  0.9313E-13   0.000      0.1032E-36   0.000      0.4434E-41  0.2871E-15  0.2461E-17  0.2846E-15 -0.1008E-36   3.801       10.00       2.000    
          38   13.22      0.9879      0.1849E+25  0.1886E+25  0.2881E+25  0.2003E+25  0.5876E-13  0.9513E-13   0.000      0.2639E-27   0.000      0.1080E-31  0.3231E-15  0.2516E-17  0.3206E-15 -0.2606E-27   5.391       15.00       3.000    
          39   14.17      0.9981      0.1811E+25  0.1887E+25  0.2829E+25  0.2001E+25  0.5941E-13  0.9711E-13   0.000      0.1504E-25   0.000      0.5858E-30  0.3639E-15  0.2571E-17  0.3614E-15 -0.1501E-25   7.647       16.00       3.000    
          40   15.20       1.007      0.1777E+25  0.1889E+25  0.2781E+25  0.1998E+25  0.6004E-13  0.9897E-13   0.000      0.6883E-25   0.000      0.2548E-29  0.4106E-15  0.2624E-17  0.4078E-15 -0.6932E-25   9.108       11.00       2.000    
          41   16.30       1.016      0.1745E+25  0.1890E+25  0.2735E+25  0.1996E+25  0.6066E-13  0.1008E-12   0.000      0.2977E-24   0.000      0.1047E-28  0.4635E-15  0.2677E-17  0.4607E-15 -0.3025E-24   9.108       6.000       1.000    
          42   17.48       1.025      0.1714E+25  0.1890E+25  0.2689E+25  0.1993E+25  0.6129E-13  0.1026E-12   0.000      0.1186E-23   0.000      0.3962E-28  0.5234E-15  0.2731E-17  0.5211E-15 -0.1216E-23   10.85       11.00       2.000    
          43   18.74       1.033      0.1686E+25  0.1890E+25  0.2647E+25  0.1989E+25  0.6190E-13  0.1043E-12   0.000      0.4206E-23   0.000      0.1332E-27  0.5918E-15  0.2784E-17  0.5895E-15 -0.4344E-23   10.85       6.000       1.000    
          44   20.09       1.041      0.1659E+25  0.1890E+25  0.2606E+25  0.1985E+25  0.6252E-13  0.1060E-12  0.5962E-28  0.1386E-22  0.1788E-32  0.4158E-27  0.6699E-15  0.2839E-17  0.6674E-15 -0.1443E-22   12.91       11.00       2.000    
          45   21.54       1.049      0.1634E+25  0.1889E+25  0.2565E+25  0.1981E+25  0.6315E-13  0.1076E-12  0.3928E-27  0.4148E-22  0.1116E-31  0.1178E-26  0.7584E-15  0.2895E-17  0.7559E-15 -0.4347E-22   12.91       5.000       1.000    
          46   23.10       1.057      0.1610E+25  0.1888E+25  0.2526E+25  0.1976E+25  0.6380E-13  0.1093E-12  0.2275E-26  0.1151E-21  0.6117E-31  0.3095E-26  0.8591E-15  0.2954E-17  0.8566E-15 -0.1215E-21   12.91       5.000       1.000    
          47   24.77       1.065      0.1587E+25  0.1887E+25  0.2486E+25  0.1970E+25  0.6447E-13  0.1109E-12  0.1168E-25  0.2976E-21  0.2973E-30  0.7573E-26  0.9735E-15  0.3015E-17  0.9709E-15 -0.3164E-21   12.91       5.000       1.000    
          48   26.56       1.073      0.1564E+25  0.1885E+25  0.2447E+25  0.1964E+25  0.6518E-13  0.1124E-12  0.7251E-25  0.7257E-21  0.1745E-29  0.1747E-25  0.1104E-14  0.3081E-17  0.1100E-14 -0.7770E-21   15.35       10.00       2.000    
          49   28.48       1.081      0.1542E+25  0.1883E+25  0.2408E+25  0.1958E+25  0.6593E-13  0.1140E-12  0.3129E-24  0.1650E-20  0.7124E-29  0.3757E-25  0.1251E-14  0.3153E-17  0.1248E-14 -0.1780E-20   15.35       5.000       1.000    
          50   30.54       1.091      0.1521E+25  0.1881E+25  0.2368E+25  0.1952E+25  0.6674E-13  0.1156E-12  0.1230E-23  0.3544E-20  0.2648E-28  0.7630E-25  0.1418E-14  0.3232E-17  0.1415E-14 -0.3852E-20   15.35       5.000       1.000    
          51   32.75       1.101      0.1500E+25  0.1879E+25  0.2329E+25  0.1947E+25  0.6761E-13  0.1172E-12  0.4487E-23  0.7251E-20  0.9133E-28  0.1476E-24  0.1609E-14  0.3322E-17  0.1605E-14 -0.7950E-20   18.24       10.00       2.000    
          52   35.11       1.108      0.1479E+25  0.1876E+25  0.2300E+25  0.1954E+25  0.6855E-13  0.1189E-12  0.1495E-22  0.1403E-19  0.2879E-27  0.2702E-24  0.1823E-14  0.3425E-17  0.1820E-14 -0.1553E-19   18.24       5.000       1.000    
          53   37.65       1.121      0.1458E+25  0.1875E+25  0.2261E+25  0.1958E+25  0.6962E-13  0.1206E-12  0.4631E-22  0.2593E-19  0.8435E-27  0.4722E-24  0.2067E-14  0.3548E-17  0.2063E-14 -0.2902E-19   18.24       5.000       1.000    
          54   40.37       1.139      0.1438E+25  0.1875E+25  0.2222E+25  0.1970E+25  0.7081E-13  0.1223E-12  0.1340E-21  0.4588E-19  0.2309E-26  0.7904E-24  0.2343E-14  0.3699E-17  0.2339E-14 -0.5208E-19   18.24       5.000       1.000    
          55   43.29       1.161      0.1417E+25  0.1878E+25  0.2182E+25  0.1994E+25  0.7218E-13  0.1241E-12  0.3661E-21  0.7821E-19  0.5969E-26  0.1275E-23  0.2655E-14  0.3888E-17  0.2653E-14 -0.9036E-19   21.65       10.00       2.000    
          56   46.42       1.190      0.1396E+25  0.1883E+25  0.2142E+25  0.2034E+25  0.7373E-13  0.1260E-12  0.9392E-21  0.1278E-18  0.1449E-25  0.1972E-23  0.3008E-14  0.4125E-17  0.3006E-14 -0.1509E-18   21.65       5.000       1.000    
          57   49.77       1.228      0.1375E+25  0.1893E+25  0.2102E+25  0.2095E+25  0.7551E-13  0.1279E-12  0.2285E-20  0.2014E-18  0.3338E-25  0.2942E-23  0.3407E-14  0.4425E-17  0.3404E-14 -0.2445E-18   21.65       4.000       1.000    
          58   53.37       1.278      0.1355E+25  0.1909E+25  0.2061E+25  0.2182E+25  0.7756E-13  0.1298E-12  0.5297E-20  0.3068E-18  0.7328E-25  0.4244E-23  0.3858E-14  0.4808E-17  0.3854E-14 -0.3853E-18   25.68       9.000       2.000    
          59   57.22       1.343      0.1334E+25  0.1933E+25  0.2022E+25  0.2298E+25  0.7991E-13  0.1319E-12  0.1172E-19  0.4520E-18  0.1536E-24  0.5923E-23  0.4367E-14  0.5290E-17  0.4363E-14 -0.5912E-18   25.68       4.000       1.000    
          60   61.36       1.426      0.1313E+25  0.1967E+25  0.1983E+25  0.2444E+25  0.8258E-13  0.1340E-12  0.2486E-19  0.6453E-18  0.3087E-24  0.8010E-23  0.4943E-14  0.5892E-17  0.4938E-14 -0.8843E-18   25.68       4.000       1.000    
          61   65.79       1.529      0.1292E+25  0.2013E+25  0.1946E+25  0.2619E+25  0.8560E-13  0.1361E-12  0.5069E-19  0.8937E-18  0.5963E-24  0.1051E-22  0.5593E-14  0.6631E-17  0.5589E-14 -0.1289E-17   25.68       4.000       1.000    
          62   70.55       1.655      0.1271E+25  0.2071E+25  0.1910E+25  0.2815E+25  0.8896E-13  0.1383E-12  0.9963E-19  0.1203E-17  0.1111E-23  0.1341E-22  0.6327E-14  0.7522E-17  0.6321E-14 -0.1825E-17   30.44       8.000       2.000    
          63   75.65       1.805      0.1251E+25  0.2144E+25  0.1877E+25  0.3027E+25  0.9263E-13  0.1406E-12  0.1889E-18  0.1573E-17  0.1996E-23  0.1662E-22  0.7159E-14  0.8574E-17  0.7153E-14 -0.2498E-17   30.44       4.000       1.000    
          64   81.11       1.979      0.1231E+25  0.2231E+25  0.1846E+25  0.3246E+25  0.9657E-13  0.1429E-12  0.3466E-18  0.2004E-17  0.3470E-23  0.2006E-22  0.8100E-14  0.9791E-17  0.8093E-14 -0.3279E-17   30.44       4.000       1.000    
          65   86.97       2.176      0.1211E+25  0.2330E+25  0.1816E+25  0.3464E+25  0.1007E-12  0.1452E-12  0.6161E-18  0.2488E-17  0.5847E-23  0.2361E-22  0.9164E-14  0.1117E-16  0.9156E-14 -0.4072E-17   36.07       8.000       2.000    
          66   93.26       2.394      0.1192E+25  0.2443E+25  0.1788E+25  0.3676E+25  0.1050E-12  0.1475E-12  0.1063E-17  0.3015E-17  0.9558E-23  0.2711E-22  0.1037E-13  0.1269E-16  0.1036E-13 -0.4673E-17   36.07       4.000       1.000    
          67   100.0       2.630      0.1174E+25  0.2566E+25  0.1761E+25  0.3878E+25  0.1093E-12  0.1498E-12  0.1783E-17  0.3574E-17  0.1519E-22  0.3045E-22  0.1174E-13  0.1435E-16  0.1173E-13 -0.4711E-17   36.07       4.000       1.000    
          68   107.2       2.880      0.1156E+25  0.2697E+25  0.1734E+25  0.4068E+25  0.1137E-12  0.1522E-12  0.2912E-17  0.4150E-17  0.2350E-22  0.3349E-22  0.1329E-13  0.1613E-16  0.1327E-13 -0.3565E-17   36.07       4.000       1.000    
          69   115.0       3.142      0.1138E+25  0.2835E+25  0.1708E+25  0.4247E+25  0.1180E-12  0.1545E-12  0.4642E-17  0.4731E-17  0.3548E-22  0.3615E-22  0.1505E-13  0.1801E-16  0.1503E-13 -0.2783E-18   42.73       8.000       2.000    
          70   123.3       3.411      0.1121E+25  0.2976E+25  0.1683E+25  0.4413E+25  0.1221E-12  0.1569E-12  0.7225E-17  0.5298E-17  0.5229E-22  0.3834E-22  0.1703E-13  0.1997E-16  0.1701E-13  0.6572E-17   42.73       4.000       1.000    
          71   132.2       3.685      0.1104E+25  0.3118E+25  0.1657E+25  0.4568E+25  0.1261E-12  0.1594E-12  0.1100E-16  0.5842E-17  0.7540E-22  0.4004E-22  0.1929E-13  0.2199E-16  0.1925E-13  0.1901E-16   42.73       4.000       1.000    
          72   141.7       3.963      0.1087E+25  0.3261E+25  0.1630E+25  0.4712E+25  0.1299E-12  0.1619E-12  0.1642E-16  0.6354E-17  0.1066E-21  0.4125E-22  0.2183E-13  0.2408E-16  0.2177E-13  0.3986E-16   50.60       8.000       2.000    
          73   152.0       4.241      0.1070E+25  0.3402E+25  0.1605E+25  0.4852E+25  0.1335E-12  0.1644E-12  0.2404E-16  0.6827E-17  0.1478E-21  0.4198E-22  0.2472E-13  0.2622E-16  0.2462E-13  0.7296E-16   50.60       4.000       1.000    
          74   163.0       4.519      0.1053E+25  0.3542E+25  0.1579E+25  0.4986E+25  0.1369E-12  0.1670E-12  0.3459E-16  0.7256E-17  0.2015E-21  0.4227E-22  0.2797E-13  0.2843E-16  0.2782E-13  0.1235E-15   50.60       4.000       1.000    
          75   174.8       4.800      0.1037E+25  0.3680E+25  0.1553E+25  0.5116E+25  0.1402E-12  0.1696E-12  0.4898E-16  0.7641E-17  0.2703E-21  0.4217E-22  0.3167E-13  0.3071E-16  0.3144E-13  0.1984E-15   59.90       8.000       2.000    
          76   187.4       5.080      0.1020E+25  0.3814E+25  0.1528E+25  0.5243E+25  0.1434E-12  0.1724E-12  0.6829E-16  0.7976E-17  0.3572E-21  0.4172E-22  0.3583E-13  0.3305E-16  0.3549E-13  0.3064E-15   59.90       4.000       1.000    
          77   200.9       5.363      0.1004E+25  0.3945E+25  0.1502E+25  0.5370E+25  0.1464E-12  0.1752E-12  0.9389E-16  0.8264E-17  0.4655E-21  0.4097E-22  0.4053E-13  0.3548E-16  0.4003E-13  0.4592E-15   59.90       4.000       1.000    
          78   215.4       5.649      0.9873E+24  0.4074E+25  0.1476E+25  0.5496E+25  0.1493E-12  0.1782E-12  0.1274E-15  0.8505E-17  0.5988E-21  0.3999E-22  0.4583E-13  0.3800E-16  0.4511E-13  0.6714E-15   70.90       8.000       2.000    
          79   231.0       5.940      0.9709E+24  0.4202E+25  0.1450E+25  0.5624E+25  0.1522E-12  0.1812E-12  0.1707E-15  0.8704E-17  0.7610E-21  0.3881E-22  0.5181E-13  0.4065E-16  0.5081E-13  0.9621E-15   70.90       4.000       1.000    
          80   247.7       6.238      0.9545E+24  0.4329E+25  0.1425E+25  0.5755E+25  0.1550E-12  0.1843E-12  0.2261E-15  0.8862E-17  0.9562E-21  0.3748E-22  0.5857E-13  0.4343E-16  0.5717E-13  0.1355E-14   70.90       5.000       1.000    
          81   265.6       6.544      0.9382E+24  0.4455E+25  0.1400E+25  0.5890E+25  0.1579E-12  0.1875E-12  0.2962E-15  0.8983E-17  0.1189E-20  0.3605E-22  0.6619E-13  0.4636E-16  0.6426E-13  0.1880E-14   83.90       10.00       2.000    
          82   284.8       6.860      0.9219E+24  0.4582E+25  0.1375E+25  0.6029E+25  0.1607E-12  0.1908E-12  0.3840E-15  0.9068E-17  0.1463E-20  0.3454E-22  0.7478E-13  0.4947E-16  0.7216E-13  0.2572E-14   83.90       5.000       1.000    
          83   305.4       7.188      0.9056E+24  0.4709E+25  0.1350E+25  0.6175E+25  0.1635E-12  0.1942E-12  0.4930E-15  0.9121E-17  0.1783E-20  0.3298E-22  0.8446E-13  0.5276E-16  0.8093E-13  0.3478E-14   83.90       5.000       1.000    
          84   327.5       7.528      0.8894E+24  0.4836E+25  0.1326E+25  0.6326E+25  0.1663E-12  0.1978E-12  0.6269E-15  0.9144E-17  0.2153E-20  0.3140E-22  0.9536E-13  0.5627E-16  0.9066E-13  0.4651E-14   99.26       10.00       2.000    
          85   351.1       7.885      0.8732E+24  0.4966E+25  0.1301E+25  0.6485E+25  0.1692E-12  0.2014E-12  0.7902E-15  0.9141E-17  0.2577E-20  0.2981E-22  0.1077E-12  0.6002E-16  0.1014E-12  0.6159E-14   99.26       5.000       1.000    
          86   376.5       8.259      0.8572E+24  0.5098E+25  0.1278E+25  0.6652E+25  0.1722E-12  0.2052E-12  0.9875E-15  0.9115E-17  0.3060E-20  0.2824E-22  0.1215E-12  0.6403E-16  0.1134E-12  0.8081E-14   117.4       10.00       2.000    
          87   403.7       8.652      0.8412E+24  0.5233E+25  0.1254E+25  0.6827E+25  0.1752E-12  0.2091E-12  0.1224E-14  0.9069E-17  0.3605E-20  0.2670E-22  0.1371E-12  0.6832E-16  0.1265E-12  0.1051E-13   117.4       5.000       1.000    
          88   432.9       9.067      0.8253E+24  0.5371E+25  0.1231E+25  0.7011E+25  0.1782E-12  0.2131E-12  0.1506E-14  0.9004E-17  0.4214E-20  0.2520E-22  0.1546E-12  0.7293E-16  0.1410E-12  0.1357E-13   138.9       10.00       2.000    
          89   464.2       9.504      0.8095E+24  0.5513E+25  0.1208E+25  0.7206E+25  0.1813E-12  0.2173E-12  0.1838E-14  0.8923E-17  0.4892E-20  0.2375E-22  0.1744E-12  0.7788E-16  0.1569E-12  0.1739E-13   138.9       5.000       1.000    
          90   497.7       9.967      0.7938E+24  0.5659E+25  0.1185E+25  0.7410E+25  0.1845E-12  0.2216E-12  0.2228E-14  0.8828E-17  0.5639E-20  0.2235E-22  0.1966E-12  0.8321E-16  0.1744E-12  0.2212E-13   138.9       5.000       1.000    
          91   533.7       10.46      0.7781E+24  0.5810E+25  0.1162E+25  0.7625E+25  0.1878E-12  0.2260E-12  0.2682E-14  0.8723E-17  0.6459E-20  0.2101E-22  0.2216E-12  0.8895E-16  0.1936E-12  0.2796E-13   164.3       11.00       2.000    
          92   572.2       10.98      0.7626E+24  0.5966E+25  0.1140E+25  0.7852E+25  0.1912E-12  0.2307E-12  0.3208E-14  0.8608E-17  0.7351E-20  0.1973E-22  0.2497E-12  0.9513E-16  0.2145E-12  0.3512E-13   164.3       6.000       1.000    
          93   613.6       11.53      0.7471E+24  0.6128E+25  0.1118E+25  0.8091E+25  0.1946E-12  0.2354E-12  0.3812E-14  0.8486E-17  0.8317E-20  0.1851E-22  0.2813E-12  0.1018E-15  0.2373E-12  0.4387E-13   194.3       12.00       2.000    
          94   657.9       12.12      0.7317E+24  0.6295E+25  0.1096E+25  0.8342E+25  0.1982E-12  0.2404E-12  0.4504E-14  0.8358E-17  0.9357E-20  0.1736E-22  0.3167E-12  0.1090E-15  0.2621E-12  0.5449E-13   194.3       6.000       1.000    
          95   705.5       12.74      0.7164E+24  0.6469E+25  0.1074E+25  0.8607E+25  0.2018E-12  0.2455E-12  0.5292E-14  0.8227E-17  0.1047E-19  0.1628E-22  0.3566E-12  0.1168E-15  0.2891E-12  0.6735E-13   229.7       12.00       2.000    
          96   756.5       13.41      0.7013E+24  0.6650E+25  0.1053E+25  0.8888E+25  0.2055E-12  0.2508E-12  0.6183E-14  0.8095E-17  0.1165E-19  0.1526E-22  0.4013E-12  0.1252E-15  0.3184E-12  0.8283E-13   229.7       6.000       1.000    
          97   811.1       14.13      0.6863E+24  0.6839E+25  0.1032E+25  0.9186E+25  0.2093E-12  0.2563E-12  0.7187E-14  0.7963E-17  0.1291E-19  0.1430E-22  0.4515E-12  0.1344E-15  0.3500E-12  0.1014E-12   271.6       12.00       2.000    
          98   869.7       14.89      0.6715E+24  0.7035E+25  0.1011E+25  0.9502E+25  0.2132E-12  0.2619E-12  0.8312E-14  0.7832E-17  0.1423E-19  0.1341E-22  0.5079E-12  0.1443E-15  0.3842E-12  0.1236E-12   271.6       6.000       1.000    
          99   932.6       15.70      0.6568E+24  0.7243E+25  0.9906E+24  0.9844E+25  0.2172E-12  0.2678E-12  0.9570E-14  0.7705E-17  0.1562E-19  0.1258E-22  0.5713E-12  0.1550E-15  0.4210E-12  0.1502E-12   321.2       13.00       2.000    
         100   1000.       16.57      0.6423E+24  0.7458E+25  0.9706E+24  0.1021E+26  0.2212E-12  0.2738E-12  0.1097E-13  0.7582E-17  0.1707E-19  0.1180E-22  0.6423E-12  0.1666E-15  0.4606E-12  0.1816E-12   321.2       7.000       1.000    
 
 
Rate coefficients (m3/s)
 C1    N2    Excitation    0.020 eV                              
 C2    N2    Effective (momentum)                                
 C3    N2    Excitation    0.020 eV                              
 C4    N2    Excitation    0.29 eV                               
 C5    N2    Excitation    0.29 eV                               
 C6    N2    Excitation    0.59 eV                               
 C7    N2    Excitation    0.88 eV                               
 C8    N2    Excitation    1.17 eV                               
 C9    N2    Excitation    1.47 eV                               
 C10   N2    Excitation    1.76 eV                               
 C11   N2    Excitation    2.06 eV                               
 C12   N2    Excitation    2.35 eV                               
 C13   N2    Excitation    6.17 eV                               
 C14   N2    Excitation    7.00 eV                               
 C15   N2    Excitation    7.35 eV                               
 C16   N2    Excitation    7.36 eV                               
 C17   N2    Excitation    7.80 eV                               
 C18   N2    Excitation    8.16 eV                               
 C19   N2    Excitation    8.40 eV                               
 C20   N2    Excitation    8.55 eV                               
 C21   N2    Excitation    8.89 eV                               
 C22   N2    Excitation    11.03 eV                              
 C23   N2    Excitation    11.87 eV                              
 C24   N2    Excitation    12.25 eV                              
 C25   N2    Excitation    13.00 eV                              
 C26   N2    Ionization    15.60 eV                              
 C27   N2    Ionization    18.80 eV                              
 C28   O2    Excitation    0.0000 eV                             
 C29   O2    Attachment                                          
 C30   O2    Attachment                                          
 C31   O2    Effective (momentum)                                
 C32   O2    Excitation    0.020 eV                              
 C33   O2    Excitation    0.19 eV                               
 C34   O2    Excitation    0.19 eV                               
 C35   O2    Excitation    0.38 eV                               
 C36   O2    Excitation    0.38 eV                               
 C37   O2    Excitation    0.57 eV                               
 C38   O2    Excitation    0.75 eV                               
 C39   O2    Excitation    0.98 eV                               
 C40   O2    Excitation    1.63 eV                               
 C41   O2    Excitation    4.50 eV                               
 C42   O2    Excitation    6.00 eV                               
 C43   O2    Excitation    8.40 eV                               
 C44   O2    Excitation    9.97 eV                               
 C45   O2    Ionization    12.06 eV                              
          R#    E/N (Td) Energy (eV)      C1          C2          C3          C4          C5          C6          C7          C8          C9         C10         C11         C12         C13         C14         C15         C16         C17         C18         C19         C20         C21         C22         C23         C24         C25         C26         C27         C28         C29         C30         C31         C32         C33         C34         C35         C36         C37         C38         C39         C40         C41         C42         C43         C44         C45    
           1   1.000      0.2349      0.1597E-18  0.2266E-13  0.6817E-16  0.2522E-17  0.2381E-22  0.3831E-25   0.000       0.000       0.000       0.000       0.000       0.000       0.000       0.000       0.000       0.000       0.000       0.000       0.000       0.000       0.000       0.000       0.000       0.000       0.000       0.000       0.000       0.000      0.2450E-35   0.000      0.1120E-13  0.8947E-17  0.1225E-15   0.000      0.4003E-17   0.000      0.1040E-18  0.6194E-20  0.2342E-20  0.1569E-25   0.000       0.000       0.000       0.000       0.000    
           2   1.072      0.2430      0.2753E-18  0.2325E-13  0.6938E-16  0.2797E-17  0.7844E-22  0.1549E-24   0.000       0.000       0.000       0.000       0.000       0.000       0.000       0.000       0.000       0.000       0.000       0.000       0.000       0.000       0.000       0.000       0.000       0.000       0.000       0.000       0.000       0.000      0.2380E-35   0.000      0.1158E-13  0.9566E-17  0.1371E-15   0.000      0.5324E-17   0.000      0.1661E-18  0.1050E-19  0.4460E-20  0.5476E-25   0.000       0.000       0.000       0.000       0.000    
           3   1.150      0.2518      0.4640E-18  0.2386E-13  0.7068E-16  0.3109E-17  0.2421E-21  0.5928E-24   0.000       0.000       0.000       0.000       0.000       0.000       0.000       0.000       0.000       0.000       0.000       0.000       0.000       0.000       0.000       0.000       0.000       0.000       0.000       0.000       0.000       0.000      0.2311E-35   0.000      0.1198E-13  0.1024E-16  0.1530E-15   0.000      0.7005E-17   0.000      0.2600E-18  0.1750E-19  0.8224E-20  0.1788E-24   0.000       0.000       0.000       0.000       0.000    
           4   1.233      0.2614      0.7644E-18  0.2452E-13  0.7210E-16  0.3469E-17  0.7011E-21  0.2142E-23   0.000       0.000       0.000       0.000       0.000       0.000       0.000       0.000       0.000       0.000       0.000       0.000       0.000       0.000       0.000       0.000       0.000       0.000       0.000       0.000       0.000       0.000      0.2241E-35   0.000      0.1241E-13  0.1098E-16  0.1700E-15   0.000      0.9115E-17   0.000      0.3989E-18  0.2864E-19  0.1469E-19  0.5472E-24   0.000       0.000       0.000       0.000       0.000    
           5   1.322      0.2720      0.1233E-17  0.2522E-13  0.7368E-16  0.3895E-17  0.1914E-20  0.7566E-23  0.4525E-25  0.3168E-27  0.1529E-28  0.5934E-33   0.000       0.000       0.000       0.000       0.000       0.000       0.000       0.000       0.000       0.000       0.000       0.000       0.000       0.000       0.000       0.000       0.000       0.000      0.2171E-35   0.000      0.1288E-13  0.1179E-16  0.1881E-15   0.000      0.1173E-16   0.000      0.6002E-18  0.4606E-19  0.2550E-19  0.1576E-23   0.000       0.000       0.000       0.000       0.000    
           6   1.417      0.2837      0.1940E-17  0.2596E-13  0.7544E-16  0.4409E-17  0.4913E-20  0.2427E-22  0.1410E-24  0.9515E-27  0.5188E-28  0.1865E-32   0.000       0.000       0.000       0.000       0.000       0.000       0.000       0.000       0.000       0.000       0.000       0.000       0.000       0.000       0.000       0.000       0.000       0.000      0.2100E-35   0.000      0.1340E-13  0.1268E-16  0.2072E-15   0.000      0.1491E-16   0.000      0.8828E-18  0.7250E-19  0.4287E-19  0.4257E-23   0.000       0.000       0.000       0.000       0.000    
           7   1.520      0.2967      0.2985E-17  0.2677E-13  0.7745E-16  0.5044E-17  0.1191E-19  0.7349E-22  0.4387E-24  0.2691E-26  0.1664E-27  0.5902E-32   0.000       0.000       0.000       0.000       0.000       0.000       0.000       0.000       0.000       0.000       0.000       0.000       0.000       0.000       0.000       0.000       0.000       0.000      0.2028E-35   0.000      0.1397E-13  0.1365E-16  0.2271E-15   0.000      0.1872E-16   0.000      0.1271E-17  0.1118E-18  0.6999E-19  0.1084E-22   0.000       0.000       0.000       0.000       0.000    
           8   1.630      0.3112      0.4490E-17  0.2763E-13  0.7977E-16  0.5843E-17  0.2736E-19  0.2101E-21  0.1361E-23  0.7189E-26  0.5032E-27  0.1866E-31   0.000       0.000       0.000       0.000       0.000       0.000       0.000       0.000       0.000       0.000       0.000       0.000       0.000       0.000       0.000       0.000       0.000       0.000      0.1956E-35   0.000      0.1459E-13  0.1471E-16  0.2475E-15   0.000      0.2320E-16   0.000      0.1789E-17  0.1685E-18  0.1111E-18  0.2609E-22   0.000       0.000       0.000       0.000       0.000    
           9   1.748      0.3273      0.6605E-17  0.2857E-13  0.8245E-16  0.6862E-17  0.5965E-19  0.5677E-21  0.4174E-23  0.1821E-25  0.1433E-26  0.5819E-31   0.000       0.000       0.000       0.000       0.000       0.000       0.000       0.000       0.000       0.000       0.000       0.000       0.000       0.000       0.000       0.000       0.000       0.000      0.1882E-35   0.000      0.1528E-13  0.1586E-16  0.2682E-15   0.000      0.2839E-16   0.000      0.2465E-17  0.2485E-18  0.1714E-18  0.5941E-22   0.000       0.000       0.000       0.000       0.000    
          10   1.874      0.3453      0.9503E-17  0.2958E-13  0.8558E-16  0.8171E-17  0.1237E-18  0.1451E-20  0.1253E-22  0.4399E-25  0.3844E-26  0.1765E-30   0.000       0.000       0.000       0.000       0.000       0.000       0.000       0.000       0.000       0.000       0.000       0.000       0.000       0.000       0.000       0.000       0.000       0.000      0.1807E-35   0.000      0.1603E-13  0.1711E-16  0.2887E-15   0.000      0.3426E-16   0.000      0.3321E-17  0.3580E-18  0.2574E-18  0.1284E-21   0.000       0.000       0.000       0.000       0.000    
          11   2.009      0.3652      0.1337E-16  0.3068E-13  0.8923E-16  0.9849E-17  0.2443E-18  0.3511E-20  0.3642E-22  0.1020E-24  0.9724E-26  0.5148E-30   0.000       0.000       0.000       0.000       0.000       0.000       0.000       0.000       0.000       0.000       0.000       0.000       0.000       0.000       0.000       0.000       0.000       0.000      0.1731E-35   0.000      0.1686E-13  0.1844E-16  0.3086E-15   0.000      0.4077E-16   0.000      0.4376E-17  0.5038E-18  0.3765E-18  0.2637E-21   0.000       0.000       0.000       0.000       0.000    
          12   2.154      0.3871      0.1842E-16  0.3186E-13  0.9348E-16  0.1198E-16  0.4611E-18  0.8060E-20  0.1016E-21  0.2296E-24  0.2324E-25  0.1433E-29   0.000       0.000       0.000       0.000       0.000       0.000       0.000       0.000       0.000       0.000       0.000       0.000       0.000       0.000       0.000       0.000       0.000       0.000      0.1655E-35   0.000      0.1777E-13  0.1984E-16  0.3275E-15   0.000      0.4784E-16   0.000      0.5641E-17  0.6925E-18  0.5366E-18  0.5159E-21   0.000       0.000       0.000       0.000       0.000    
          13   2.310      0.4111      0.2483E-16  0.3311E-13  0.9839E-16  0.1466E-16  0.8329E-18  0.1757E-19  0.2702E-21  0.5076E-24  0.5265E-25  0.3791E-29   0.000       0.000       0.000       0.000       0.000       0.000       0.000       0.000       0.000       0.000       0.000       0.000       0.000       0.000       0.000       0.000       0.000       0.000      0.1577E-35   0.000      0.1875E-13  0.2131E-16  0.3449E-15   0.000      0.5532E-16   0.000      0.7116E-17  0.9298E-18  0.7458E-18  0.9636E-21   0.000       0.000       0.000       0.000       0.000    
          14   2.477      0.4369      0.3279E-16  0.3445E-13  0.1040E-15  0.1797E-16  0.1443E-17  0.3647E-19  0.6837E-21  0.1118E-23  0.1135E-24  0.9512E-29   0.000       0.000       0.000       0.000       0.000       0.000       0.000       0.000       0.000       0.000       0.000       0.000       0.000       0.000       0.000       0.000       0.000       0.000      0.1500E-35   0.000      0.1980E-13  0.2281E-16  0.3605E-15   0.000      0.6307E-16   0.000      0.8789E-17  0.1220E-17  0.1012E-17  0.1721E-20   0.000       0.000       0.000       0.000       0.000    
          15   2.656      0.4646      0.4244E-16  0.3585E-13  0.1104E-15  0.2197E-16  0.2403E-17  0.7216E-19  0.1643E-20  0.2483E-23  0.2340E-24  0.2263E-28   0.000       0.000       0.000       0.000       0.000       0.000       0.000       0.000       0.000       0.000       0.000       0.000       0.000       0.000       0.000       0.000       0.000       0.000      0.1423E-35   0.000      0.2090E-13  0.2432E-16  0.3739E-15   0.000      0.7090E-16   0.000      0.1064E-16  0.1564E-17  0.1341E-17  0.2947E-20   0.000       0.000       0.000       0.000       0.000    
          16   2.848      0.4936      0.5389E-16  0.3731E-13  0.1176E-15  0.2670E-16  0.3854E-17  0.1364E-18  0.3750E-20  0.5608E-23  0.4658E-24  0.5111E-28   0.000       0.000       0.000       0.000       0.000       0.000       0.000       0.000       0.000       0.000       0.000       0.000       0.000       0.000       0.000       0.000       0.000       0.000      0.1347E-35   0.000      0.2206E-13  0.2581E-16  0.3848E-15   0.000      0.7862E-16   0.000      0.1262E-16  0.1963E-17  0.1737E-17  0.4848E-20   0.000       0.000       0.000       0.000       0.000    
          17   3.054      0.5239      0.6720E-16  0.3882E-13  0.1256E-15  0.3217E-16  0.5969E-17  0.2470E-18  0.8139E-20  0.1287E-22  0.9073E-24  0.1100E-27   0.000       0.000       0.000       0.000       0.000       0.000       0.000       0.000       0.000       0.000       0.000       0.000       0.000       0.000       0.000       0.000       0.000       0.000      0.1273E-35   0.000      0.2325E-13  0.2726E-16  0.3932E-15   0.000      0.8605E-16   0.000      0.1470E-16  0.2411E-17  0.2204E-17  0.7678E-20   0.000       0.000       0.000       0.000       0.000    
          18   3.275      0.5548      0.8237E-16  0.4035E-13  0.1344E-15  0.3834E-16  0.8944E-17  0.4294E-18  0.1683E-19  0.2975E-22  0.1764E-23  0.2270E-27   0.000       0.000       0.000       0.000       0.000       0.000       0.000       0.000       0.000       0.000       0.000       0.000       0.000       0.000       0.000       0.000       0.000       0.000      0.1202E-35   0.000      0.2445E-13  0.2864E-16  0.3991E-15   0.000      0.9301E-16   0.000      0.1682E-16  0.2904E-17  0.2741E-17  0.1174E-19   0.000       0.000       0.000       0.000       0.000    
          19   3.511      0.5863      0.9944E-16  0.4190E-13  0.1441E-15  0.4517E-16  0.1300E-16  0.7189E-18  0.3326E-19  0.6923E-22  0.3633E-23  0.3596E-26  0.5170E-28  0.4157E-31   0.000       0.000       0.000       0.000       0.000       0.000       0.000       0.000       0.000       0.000       0.000       0.000       0.000       0.000       0.000       0.000      0.1133E-35   0.000      0.2566E-13  0.2992E-16  0.4025E-15   0.000      0.9940E-16   0.000      0.1894E-16  0.3433E-17  0.3347E-17  0.1736E-19   0.000       0.000       0.000       0.000       0.000    
          20   3.765      0.6176      0.1182E-15  0.4344E-13  0.1544E-15  0.5252E-16  0.1837E-16  0.1160E-17  0.6281E-19  0.1572E-21  0.7591E-23  0.8024E-26  0.1126E-27  0.8601E-31   0.000       0.000       0.000       0.000       0.000       0.000       0.000       0.000       0.000       0.000       0.000       0.000       0.000       0.000       0.000       0.000      0.1068E-35   0.000      0.2685E-13  0.3109E-16  0.4037E-15   0.000      0.1051E-15   0.000      0.2101E-16  0.3986E-17  0.4014E-17  0.2487E-19   0.000       0.000       0.000       0.000       0.000    
          21   4.037      0.6485      0.1387E-15  0.4496E-13  0.1656E-15  0.6028E-16  0.2527E-16  0.1811E-17  0.1139E-18  0.3491E-21  0.1676E-22  0.1771E-25  0.2480E-27  0.1775E-30   0.000       0.000       0.000       0.000       0.000       0.000       0.000       0.000       0.000       0.000       0.000       0.000       0.000       0.000       0.000       0.000      0.1007E-35   0.000      0.2801E-13  0.3213E-16  0.4029E-15   0.000      0.1100E-15   0.000      0.2298E-16  0.4553E-17  0.4736E-17  0.3463E-19   0.000       0.000       0.000       0.000       0.000    
          22   4.329      0.6787      0.1609E-15  0.4645E-13  0.1775E-15  0.6831E-16  0.3394E-16  0.2741E-17  0.1986E-18  0.7542E-21  0.3878E-22  0.3896E-25  0.5536E-27  0.3748E-30   0.000       0.000       0.000       0.000       0.000       0.000       0.000       0.000       0.000       0.000       0.000       0.000       0.000       0.000       0.000       0.000      0.9499E-36   0.000      0.2913E-13  0.3303E-16  0.4004E-15   0.000      0.1142E-15   0.000      0.2483E-16  0.5124E-17  0.5505E-17  0.4695E-19   0.000       0.000       0.000       0.000       0.000    
          23   4.642      0.7079      0.1846E-15  0.4791E-13  0.1903E-15  0.7647E-16  0.4461E-16  0.4033E-17  0.3343E-18  0.1581E-20  0.9213E-22  0.8668E-25  0.1261E-26  0.8359E-30   0.000       0.000       0.000       0.000       0.000       0.000       0.000       0.000       0.000       0.000       0.000       0.000       0.000       0.000       0.000       0.000      0.8972E-36   0.000      0.3020E-13  0.3381E-16  0.3966E-15   0.000      0.1177E-15   0.000      0.2653E-16  0.5688E-17  0.6313E-17  0.6212E-19   0.000       0.000       0.000       0.000       0.000    
          24   4.977      0.7359      0.2099E-15  0.4932E-13  0.2038E-15  0.8461E-16  0.5747E-16  0.5781E-17  0.5444E-18  0.3213E-20  0.2195E-21  0.1995E-24  0.2982E-26  0.2040E-29   0.000       0.000       0.000       0.000       0.000       0.000       0.000       0.000       0.000       0.000       0.000       0.000       0.000       0.000       0.000       0.000      0.8488E-36   0.000      0.3121E-13  0.3445E-16  0.3916E-15   0.000      0.1205E-15   0.000      0.2806E-16  0.6236E-17  0.7150E-17  0.8038E-19   0.000       0.000       0.000       0.000       0.000    
          25   5.337      0.7627      0.2367E-15  0.5067E-13  0.2182E-15  0.9260E-16  0.7271E-16  0.8092E-17  0.8601E-18  0.6332E-20  0.5149E-21  0.4854E-24  0.7475E-26  0.5598E-29   0.000       0.000       0.000       0.000       0.000       0.000       0.000       0.000       0.000       0.000       0.000       0.000       0.000       0.000       0.000       0.000      0.8046E-36   0.000      0.3216E-13  0.3497E-16  0.3859E-15   0.000      0.1226E-15   0.000      0.2943E-16  0.6762E-17  0.8007E-17  0.1019E-18   0.000       0.000       0.000       0.000       0.000    
          26   5.722      0.7880      0.2651E-15  0.5197E-13  0.2334E-15  0.1003E-15  0.9052E-16  0.1108E-16  0.1321E-17  0.1211E-19  0.1176E-20  0.1261E-23  0.2022E-25  0.1749E-28   0.000       0.000       0.000       0.000       0.000       0.000       0.000       0.000       0.000       0.000       0.000       0.000       0.000       0.000       0.000       0.000      0.7644E-36   0.000      0.3305E-13  0.3538E-16  0.3797E-15   0.000      0.1242E-15   0.000      0.3063E-16  0.7258E-17  0.8875E-17  0.1268E-18   0.000       0.000       0.000       0.000       0.000    
          27   6.136      0.8118      0.2952E-15  0.5322E-13  0.2496E-15  0.1077E-15  0.1110E-15  0.1488E-16  0.1979E-17  0.2253E-19  0.2599E-20  0.3461E-23  0.5900E-25  0.6221E-28   0.000       0.000       0.000       0.000       0.000       0.000       0.000       0.000       0.000       0.000       0.000       0.000       0.000       0.000       0.000       0.000      0.7280E-36   0.000      0.3387E-13  0.3568E-16  0.3732E-15   0.000      0.1253E-15   0.000      0.3167E-16  0.7721E-17  0.9747E-17  0.1552E-18   0.000       0.000       0.000       0.000       0.000    
          28   6.579      0.8342      0.3271E-15  0.5440E-13  0.2667E-15  0.1147E-15  0.1344E-15  0.1963E-16  0.2895E-17  0.4079E-19  0.5540E-20  0.9779E-23  0.1816E-24  0.2464E-27   0.000       0.000       0.000       0.000       0.000       0.000       0.000       0.000       0.000       0.000       0.000       0.000       0.000       0.000       0.000       0.000      0.6951E-36   0.000      0.3463E-13  0.3590E-16  0.3665E-15   0.000      0.1259E-15   0.000      0.3255E-16  0.8148E-17  0.1062E-16  0.1870E-18   0.000       0.000       0.000       0.000       0.000    
          29   7.055      0.8551      0.3611E-15  0.5553E-13  0.2850E-15  0.1211E-15  0.1608E-15  0.2548E-16  0.4147E-17  0.7200E-19  0.1138E-19  0.2768E-22  0.5722E-24  0.1043E-26   0.000       0.000       0.000       0.000       0.000       0.000       0.000       0.000       0.000       0.000       0.000       0.000       0.000       0.000       0.000       0.000      0.6655E-36   0.000      0.3532E-13  0.3603E-16  0.3598E-15   0.000      0.1262E-15   0.000      0.3330E-16  0.8538E-17  0.1148E-16  0.2222E-18   0.000       0.000       0.000       0.000       0.000    
          30   7.565      0.8746      0.3972E-15  0.5660E-13  0.3044E-15  0.1271E-15  0.1904E-15  0.3259E-16  0.5824E-17  0.1241E-18  0.2251E-19  0.7682E-22  0.1794E-23  0.4503E-26   0.000       0.000       0.000       0.000       0.000       0.000       0.000       0.000       0.000       0.000       0.000       0.000       0.000       0.000       0.000       0.000      0.6389E-36   0.000      0.3596E-13  0.3610E-16  0.3533E-15   0.000      0.1263E-15   0.000      0.3391E-16  0.8889E-17  0.1232E-16  0.2608E-18   0.000       0.000       0.000       0.000       0.000    
          31   8.111      0.8927      0.4359E-15  0.5763E-13  0.3250E-15  0.1325E-15  0.2232E-15  0.4114E-16  0.8036E-17  0.2090E-18  0.4297E-19  0.2064E-21  0.5493E-23  0.1907E-25   0.000       0.000       0.000       0.000       0.000       0.000       0.000       0.000       0.000       0.000       0.000       0.000       0.000       0.000       0.000       0.000      0.6151E-36   0.000      0.3654E-13  0.3611E-16  0.3470E-15   0.000      0.1261E-15   0.000      0.3440E-16  0.9203E-17  0.1316E-16  0.3028E-18   0.000       0.000       0.000       0.000       0.000    
          32   8.697      0.9095      0.4774E-15  0.5860E-13  0.3470E-15  0.1373E-15  0.2594E-15  0.5130E-16  0.1091E-16  0.3449E-18  0.7947E-19  0.5369E-21  0.1642E-22  0.9620E-25   0.000       0.000       0.000       0.000       0.000       0.000       0.000       0.000       0.000       0.000       0.000       0.000       0.000       0.000       0.000       0.000      0.5938E-36   0.000      0.3707E-13  0.3607E-16  0.3409E-15   0.000      0.1257E-15   0.000      0.3480E-16  0.9480E-17  0.1397E-16  0.3479E-18   0.000       0.000       0.000       0.000       0.000    
          33   9.326      0.9251      0.5222E-15  0.5952E-13  0.3704E-15  0.1417E-15  0.2992E-15  0.6328E-16  0.1459E-16  0.5563E-18  0.1417E-18  0.1325E-20  0.4648E-22  0.3802E-24   0.000       0.000       0.000       0.000       0.000       0.000       0.000       0.000       0.000       0.000       0.000       0.000       0.000       0.000       0.000       0.000      0.5746E-36   0.000      0.3756E-13  0.3599E-16  0.3351E-15   0.000      0.1252E-15   0.000      0.3510E-16  0.9724E-17  0.1476E-16  0.3962E-18   0.000       0.000       0.000       0.000       0.000    
          34   10.00      0.9396      0.5706E-15  0.6040E-13  0.3955E-15  0.1455E-15  0.3426E-15  0.7730E-16  0.1925E-16  0.8794E-18  0.2449E-18  0.3130E-20  0.1259E-21  0.1413E-23   0.000       0.000       0.000       0.000       0.000       0.000       0.000       0.000       0.000       0.000       0.000       0.000       0.000       0.000       0.000       0.000      0.5575E-36   0.000      0.3799E-13  0.3588E-16  0.3297E-15   0.000      0.1246E-15   0.000      0.3533E-16  0.9935E-17  0.1553E-16  0.4477E-18   0.000       0.000       0.000       0.000       0.000    
          35   10.72      0.9531      0.6232E-15  0.6125E-13  0.4222E-15  0.1488E-15  0.3899E-15  0.9357E-16  0.2507E-16  0.1363E-17  0.4110E-18  0.7071E-20  0.3256E-21  0.4927E-23   0.000       0.000       0.000       0.000       0.000       0.000       0.000       0.000       0.000       0.000       0.000       0.000       0.000       0.000       0.000       0.000      0.5422E-36   0.000      0.3839E-13  0.3575E-16  0.3245E-15   0.000      0.1239E-15   0.000      0.3549E-16  0.1012E-16  0.1627E-16  0.5024E-18   0.000       0.000       0.000       0.000       0.000    
          36   11.50      0.9652      0.6803E-15  0.6206E-13  0.4509E-15  0.1517E-15  0.4411E-15  0.1123E-15  0.3228E-16  0.2072E-17  0.6707E-18  0.1530E-19  0.8050E-21  0.1610E-22   0.000       0.000       0.000       0.000       0.000       0.000       0.000       0.000       0.000       0.000       0.000       0.000       0.000       0.000       0.000       0.000      0.5284E-36   0.000      0.3875E-13  0.3559E-16  0.3197E-15   0.000      0.1231E-15   0.000      0.3558E-16  0.1027E-16  0.1700E-16  0.5602E-18   0.000       0.000       0.000       0.000       0.000    
          37   12.33      0.9773      0.7427E-15  0.6285E-13  0.4818E-15  0.1542E-15  0.4965E-15  0.1338E-15  0.4111E-16  0.3096E-17  0.1068E-17  0.3189E-19  0.1915E-20  0.4983E-22   0.000       0.000       0.000       0.000       0.000       0.000       0.000       0.000       0.000       0.000       0.000       0.000       0.000       0.000       0.000       0.000      0.5162E-36   0.000      0.3908E-13  0.3543E-16  0.3153E-15   0.000      0.1224E-15   0.000      0.3564E-16  0.1040E-16  0.1771E-16  0.6215E-18   0.000       0.000       0.000       0.000       0.000    
          38   13.22      0.9879      0.8109E-15  0.6360E-13  0.5149E-15  0.1562E-15  0.5561E-15  0.1582E-15  0.5181E-16  0.4548E-17  0.1662E-17  0.6427E-19  0.4399E-20  0.1470E-21   0.000       0.000       0.000       0.000       0.000       0.000       0.000       0.000       0.000       0.000       0.000       0.000       0.000       0.000       0.000       0.000      0.5052E-36  0.1320E-26  0.3938E-13  0.3524E-16  0.3111E-15  0.1010E-24  0.1216E-15  0.6269E-25  0.3564E-16  0.1050E-16  0.1840E-16  0.6864E-18  0.1933E-25   0.000       0.000       0.000       0.000    
          39   14.17      0.9981      0.8855E-15  0.6435E-13  0.5506E-15  0.1580E-15  0.6201E-15  0.1857E-15  0.6462E-16  0.6570E-17  0.2531E-17  0.1252E-18  0.9762E-20  0.4128E-21  0.2577E-26  0.1852E-26  0.3170E-26  0.1493E-27   0.000       0.000       0.000       0.000       0.000       0.000       0.000       0.000       0.000       0.000       0.000       0.000      0.4952E-36  0.7520E-25  0.3966E-13  0.3506E-16  0.3073E-15  0.1241E-23  0.1208E-15  0.6015E-24  0.3562E-16  0.1058E-16  0.1908E-16  0.7550E-18  0.5458E-24  0.3602E-24   0.000       0.000       0.000    
          40   15.20       1.007      0.9670E-15  0.6507E-13  0.5890E-15  0.1593E-15  0.6885E-15  0.2167E-15  0.7989E-16  0.9319E-17  0.3762E-17  0.2336E-18  0.2058E-19  0.1076E-20  0.1712E-25  0.2617E-25  0.9814E-25  0.2429E-25  0.4686E-26  0.3636E-26  0.1539E-26  0.2230E-26  0.1602E-27   0.000       0.000       0.000       0.000       0.000       0.000      0.1735E-25  0.4864E-36  0.3441E-24  0.3990E-13  0.3486E-16  0.3036E-15  0.5906E-23  0.1199E-15  0.2841E-23  0.3555E-16  0.1065E-16  0.1975E-16  0.8277E-18  0.2586E-23  0.1928E-23  0.1377E-24   0.000       0.000    
          41   16.30       1.016      0.1057E-14  0.6579E-13  0.6307E-15  0.1603E-15  0.7621E-15  0.2515E-15  0.9796E-16  0.1297E-16  0.5459E-17  0.4150E-18  0.4090E-19  0.2576E-20  0.8197E-25  0.1335E-24  0.5081E-24  0.1314E-24  0.2548E-25  0.2015E-25  0.8690E-26  0.1272E-25  0.9301E-27   0.000       0.000       0.000       0.000       0.000       0.000      0.9486E-25  0.4784E-36  0.1488E-23  0.4013E-13  0.3466E-16  0.3003E-15  0.2519E-22  0.1191E-15  0.1199E-22  0.3546E-16  0.1069E-16  0.2040E-16  0.9052E-18  0.1119E-22  0.8919E-23  0.7774E-24   0.000       0.000    
          42   17.48       1.025      0.1156E-14  0.6652E-13  0.6762E-15  0.1612E-15  0.8412E-15  0.2904E-15  0.1191E-15  0.1780E-16  0.7797E-17  0.7204E-18  0.7945E-19  0.5979E-20  0.3576E-24  0.6227E-24  0.2408E-23  0.6830E-24  0.1503E-24  0.1201E-24  0.6348E-25  0.1111E-24  0.3841E-25   0.000       0.000       0.000       0.000       0.000       0.000      0.5225E-24  0.4709E-36  0.5932E-23  0.4035E-13  0.3445E-16  0.2970E-15  0.9933E-22  0.1183E-15  0.4690E-22  0.3535E-16  0.1072E-16  0.2107E-16  0.9884E-18  0.4458E-22  0.3742E-22  0.5129E-23  0.1091E-27   0.000    
          43   18.74       1.033      0.1265E-14  0.6724E-13  0.7252E-15  0.1616E-15  0.9254E-15  0.3334E-15  0.1437E-15  0.2403E-16  0.1091E-16  0.1203E-17  0.1471E-18  0.1297E-19  0.1392E-23  0.2567E-23  0.1005E-22  0.2984E-23  0.6711E-24  0.5425E-24  0.2956E-24  0.5268E-24  0.1925E-24   0.000       0.000       0.000       0.000       0.000       0.000      0.2317E-23  0.4644E-36  0.2103E-22  0.4054E-13  0.3424E-16  0.2941E-15  0.3499E-21  0.1175E-15  0.1639E-21  0.3521E-16  0.1073E-16  0.2173E-16  0.1077E-17  0.1585E-21  0.1406E-21  0.2350E-22  0.6358E-27   0.000    
          44   20.09       1.041      0.1385E-14  0.6797E-13  0.7786E-15  0.1619E-15  0.1015E-14  0.3809E-15  0.1721E-15  0.3201E-16  0.1504E-16  0.1962E-17  0.2657E-18  0.2723E-19  0.5022E-23  0.9772E-23  0.3866E-22  0.1200E-22  0.2763E-23  0.2257E-23  0.1268E-23  0.2302E-23  0.8924E-24  0.1643E-25  0.2094E-26  0.4414E-28   0.000       0.000       0.000      0.9468E-23  0.4582E-36  0.6932E-22  0.4071E-13  0.3403E-16  0.2914E-15  0.1150E-20  0.1167E-15  0.5346E-21  0.3507E-16  0.1074E-16  0.2239E-16  0.1173E-17  0.5245E-21  0.4899E-21  0.9847E-22  0.4299E-26  0.2981E-27
          45   21.54       1.049      0.1516E-14  0.6871E-13  0.8368E-15  0.1619E-15  0.1111E-14  0.4332E-15  0.2045E-15  0.4201E-16  0.2039E-16  0.3101E-17  0.4619E-18  0.5418E-19  0.1641E-22  0.3358E-22  0.1342E-21  0.4341E-22  0.1022E-22  0.8418E-23  0.4862E-23  0.8962E-23  0.3651E-23  0.9420E-25  0.1253E-25  0.2975E-27   0.000       0.000       0.000      0.3473E-22  0.4526E-36  0.2074E-21  0.4088E-13  0.3380E-16  0.2888E-15  0.3441E-20  0.1159E-15  0.1589E-20  0.3489E-16  0.1072E-16  0.2307E-16  0.1277E-17  0.1578E-20  0.1546E-20  0.3697E-21  0.2056E-25  0.1964E-26
          46   23.10       1.057      0.1662E-14  0.6949E-13  0.9003E-15  0.1618E-15  0.1214E-14  0.4906E-15  0.2413E-15  0.5442E-16  0.2723E-16  0.4782E-17  0.7801E-18  0.1037E-18  0.4962E-22  0.1065E-21  0.4291E-21  0.1444E-21  0.3477E-22  0.2884E-22  0.1709E-22  0.3198E-22  0.1364E-22  0.4822E-24  0.6627E-25  0.1758E-26   0.000       0.000       0.000      0.1171E-21  0.4473E-36  0.5754E-21  0.4104E-13  0.3358E-16  0.2863E-15  0.9575E-20  0.1151E-15  0.4395E-20  0.3470E-16  0.1070E-16  0.2378E-16  0.1391E-17  0.4406E-20  0.4513E-20  0.1271E-20  0.8885E-25  0.1138E-25
          47   24.77       1.065      0.1822E-14  0.7030E-13  0.9696E-15  0.1615E-15  0.1324E-14  0.5532E-15  0.2827E-15  0.6962E-16  0.3588E-16  0.7204E-17  0.1282E-17  0.1912E-18  0.1396E-21  0.3134E-21  0.1272E-20  0.4441E-21  0.1095E-21  0.9131E-22  0.5546E-22  0.1051E-21  0.4679E-22  0.2219E-23  0.3125E-24  0.9191E-26   0.000       0.000       0.000      0.3653E-21  0.4423E-36  0.1488E-20  0.4118E-13  0.3334E-16  0.2839E-15  0.2489E-19  0.1143E-15  0.1137E-19  0.3449E-16  0.1067E-16  0.2453E-16  0.1519E-17  0.1148E-19  0.1226E-19  0.4026E-20  0.3491E-24  0.5842E-25
          48   26.56       1.073      0.1997E-14  0.7114E-13  0.1045E-14  0.1610E-15  0.1441E-14  0.6212E-15  0.3289E-15  0.8789E-16  0.4660E-16  0.1061E-16  0.2053E-17  0.3413E-18  0.3700E-21  0.8662E-21  0.3540E-20  0.1280E-20  0.3226E-21  0.2705E-21  0.1681E-21  0.3228E-21  0.1493E-21  0.1028E-22  0.1280E-23  0.6489E-25  0.1188E-24   0.000       0.000      0.1067E-20  0.4378E-36  0.3629E-20  0.4133E-13  0.3309E-16  0.2815E-15  0.6115E-19  0.1134E-15  0.2779E-19  0.3425E-16  0.1063E-16  0.2534E-16  0.1664E-17  0.2824E-19  0.3134E-19  0.1190E-19  0.1266E-23  0.3625E-24
          49   28.48       1.081      0.2191E-14  0.7205E-13  0.1128E-14  0.1604E-15  0.1566E-14  0.6954E-15  0.3806E-15  0.1099E-15  0.5987E-16  0.1531E-16  0.3202E-17  0.5871E-18  0.9133E-21  0.2225E-20  0.9149E-20  0.3420E-20  0.8813E-21  0.7422E-21  0.4713E-21  0.9155E-21  0.4391E-21  0.3996E-22  0.4856E-23  0.2854E-24  0.5895E-24   0.000       0.000      0.2889E-20  0.4346E-36  0.8251E-20  0.4147E-13  0.3284E-16  0.2792E-15  0.1404E-18  0.1125E-15  0.6352E-19  0.3402E-16  0.1058E-16  0.2624E-16  0.1835E-17  0.6481E-19  0.7461E-19  0.3247E-19  0.4192E-23  0.1565E-23
          50   30.54       1.091      0.2405E-14  0.7302E-13  0.1218E-14  0.1597E-15  0.1700E-14  0.7760E-15  0.4378E-15  0.1359E-15  0.7602E-16  0.2164E-16  0.4876E-17  0.9783E-18  0.2128E-20  0.5384E-20  0.2225E-19  0.8583E-20  0.2261E-20  0.1912E-20  0.1239E-20  0.2432E-20  0.1206E-20  0.1428E-21  0.1679E-22  0.1141E-23  0.2638E-23   0.000       0.000      0.7347E-20  0.4289E-36  0.1772E-19  0.4161E-13  0.3258E-16  0.2768E-15  0.3048E-18  0.1116E-15  0.1375E-18  0.3379E-16  0.1054E-16  0.2729E-16  0.2044E-17  0.1406E-18  0.1676E-18  0.8294E-19  0.1286E-22  0.6150E-23
          51   32.75       1.101      0.2640E-14  0.7408E-13  0.1317E-14  0.1588E-15  0.1844E-14  0.8633E-15  0.5008E-15  0.1664E-15  0.9552E-16  0.3006E-16  0.7274E-17  0.1587E-17  0.4721E-20  0.1238E-19  0.5138E-19  0.2043E-19  0.5495E-20  0.4664E-20  0.3080E-20  0.6110E-20  0.3121E-20  0.4745E-21  0.5351E-22  0.4205E-23  0.1093E-22  0.2369E-25   0.000      0.1771E-19  0.4224E-36  0.3625E-19  0.4177E-13  0.3229E-16  0.2744E-15  0.6318E-18  0.1107E-15  0.2840E-18  0.3356E-16  0.1050E-16  0.2856E-16  0.2309E-17  0.2909E-18  0.3582E-18  0.2002E-18  0.3692E-22  0.2234E-22
          52   35.11       1.108      0.2897E-14  0.7521E-13  0.1424E-14  0.1579E-15  0.1996E-14  0.9571E-15  0.5695E-15  0.2016E-15  0.1186E-15  0.4092E-16  0.1058E-16  0.2490E-17  0.9904E-20  0.2685E-19  0.1119E-18  0.4579E-19  0.1257E-19  0.1071E-19  0.7199E-20  0.1441E-19  0.7567E-20  0.1456E-20  0.1563E-21  0.1415E-22  0.4079E-22  0.1282E-24   0.000      0.4021E-19  0.4214E-36  0.7015E-19  0.4191E-13  0.3198E-16  0.2717E-15  0.1240E-17  0.1096E-15  0.5559E-18  0.3334E-16  0.1048E-16  0.3016E-16  0.2658E-17  0.5696E-18  0.7236E-18  0.4538E-18  0.9862E-22  0.7424E-22
          53   37.65       1.121      0.3179E-14  0.7649E-13  0.1541E-14  0.1571E-15  0.2158E-14  0.1058E-14  0.6443E-15  0.2420E-15  0.1457E-15  0.5475E-16  0.1507E-16  0.3801E-17  0.1984E-19  0.5551E-19  0.2320E-18  0.9765E-19  0.2732E-19  0.2337E-19  0.1597E-19  0.3226E-19  0.1736E-19  0.4173E-20  0.4239E-21  0.4415E-22  0.1403E-21  0.6226E-24   0.000      0.8682E-19  0.4170E-36  0.1296E-18  0.4210E-13  0.3165E-16  0.2689E-15  0.2328E-17  0.1085E-15  0.1041E-17  0.3320E-16  0.1050E-16  0.3228E-16  0.3133E-17  0.1066E-17  0.1395E-17  0.9753E-18  0.2478E-21  0.2291E-21
          54   40.37       1.139      0.3487E-14  0.7793E-13  0.1668E-14  0.1563E-15  0.2331E-14  0.1167E-14  0.7249E-15  0.2877E-15  0.1772E-15  0.7203E-16  0.2102E-16  0.5651E-17  0.3807E-19  0.1097E-18  0.4597E-18  0.1987E-18  0.5662E-19  0.4862E-19  0.3376E-19  0.6873E-19  0.3782E-19  0.1122E-19  0.1072E-20  0.1282E-21  0.4468E-21  0.2731E-23   0.000      0.1788E-18  0.4115E-36  0.2294E-18  0.4231E-13  0.3128E-16  0.2658E-15  0.4188E-17  0.1072E-15  0.1870E-17  0.3318E-16  0.1059E-16  0.3515E-16  0.3792E-17  0.1911E-17  0.2574E-17  0.1994E-17  0.5880E-21  0.6593E-21
          55   43.29       1.161      0.3822E-14  0.7958E-13  0.1806E-14  0.1557E-15  0.2514E-14  0.1283E-14  0.8114E-15  0.3389E-15  0.2134E-15  0.9329E-16  0.2877E-16  0.8203E-17  0.7036E-19  0.2085E-18  0.8753E-18  0.3884E-18  0.1125E-18  0.9707E-19  0.6838E-19  0.1403E-18  0.7872E-19  0.2847E-19  0.2549E-20  0.3498E-21  0.1331E-20  0.1128E-22  0.6606E-26  0.3538E-18  0.4059E-36  0.3911E-18  0.4258E-13  0.3085E-16  0.2622E-15  0.7269E-17  0.1057E-15  0.3240E-17  0.3335E-16  0.1081E-16  0.3913E-16  0.4719E-17  0.3302E-17  0.4572E-17  0.3906E-17  0.1327E-20  0.1785E-20
          56   46.42       1.190      0.4180E-14  0.8144E-13  0.1953E-14  0.1554E-15  0.2705E-14  0.1405E-14  0.9027E-15  0.3954E-15  0.2543E-15  0.1188E-15  0.3855E-16  0.1159E-16  0.1247E-18  0.3792E-18  0.1594E-17  0.7254E-18  0.2135E-18  0.1851E-18  0.1321E-18  0.2731E-18  0.1559E-18  0.6797E-19  0.5679E-20  0.8931E-21  0.3694E-20  0.4151E-22  0.3455E-25  0.6687E-18  0.3990E-36  0.6390E-18  0.4291E-13  0.3037E-16  0.2582E-15  0.1210E-16  0.1041E-15  0.5389E-17  0.3382E-16  0.1122E-16  0.4455E-16  0.5997E-17  0.5474E-17  0.7782E-17  0.7294E-17  0.2836E-20  0.4530E-20
          57   49.77       1.228      0.4562E-14  0.8356E-13  0.2109E-14  0.1556E-15  0.2903E-14  0.1532E-14  0.9982E-15  0.4569E-15  0.2998E-15  0.1488E-15  0.5067E-16  0.1598E-16  0.2132E-18  0.6644E-18  0.2794E-17  0.1303E-17  0.3892E-18  0.3391E-18  0.2452E-18  0.5102E-18  0.2956E-18  0.1537E-18  0.1195E-19  0.2151E-20  0.9628E-20  0.1408E-21  0.1623E-24  0.1216E-17  0.3912E-36  0.1007E-17  0.4333E-13  0.2982E-16  0.2536E-15  0.1946E-16  0.1022E-15  0.8655E-17  0.3475E-16  0.1191E-16  0.5196E-16  0.7752E-17  0.8754E-17  0.1277E-16  0.1307E-16  0.5783E-20  0.1086E-19
          58   53.37       1.278      0.4962E-14  0.8598E-13  0.2271E-14  0.1564E-15  0.3105E-14  0.1663E-14  0.1096E-14  0.5228E-15  0.3496E-15  0.1835E-15  0.6532E-16  0.2152E-16  0.3524E-18  0.1124E-17  0.4725E-17  0.2258E-17  0.6833E-18  0.5987E-18  0.4379E-18  0.9173E-18  0.5381E-18  0.3301E-18  0.2385E-19  0.4910E-20  0.2369E-19  0.4434E-21  0.7141E-24  0.2131E-17  0.3848E-36  0.1534E-17  0.4386E-13  0.2918E-16  0.2482E-15  0.3026E-16  0.9998E-16  0.1345E-16  0.3634E-16  0.1300E-16  0.6190E-16  0.1012E-16  0.1354E-16  0.2025E-16  0.2253E-16  0.1128E-19  0.2471E-19
          59   57.22       1.343      0.5378E-14  0.8875E-13  0.2438E-14  0.1582E-15  0.3309E-14  0.1797E-14  0.1196E-14  0.5920E-15  0.4033E-15  0.2227E-15  0.8259E-16  0.2830E-16  0.5635E-18  0.1835E-17  0.7710E-17  0.3775E-17  0.1156E-17  0.1019E-17  0.7534E-18  0.1588E-17  0.9411E-18  0.6746E-18  0.4522E-19  0.1063E-19  0.5511E-19  0.1296E-20  0.2782E-23  0.3605E-17  0.3771E-36  0.2260E-17  0.4453E-13  0.2843E-16  0.2419E-15  0.4554E-16  0.9741E-16  0.2023E-16  0.3882E-16  0.1463E-16  0.7498E-16  0.1324E-16  0.2026E-16  0.3105E-16  0.3739E-16  0.2110E-19  0.5341E-19
          60   61.36       1.426      0.5799E-14  0.9188E-13  0.2607E-14  0.1610E-15  0.3510E-14  0.1929E-14  0.1295E-14  0.6633E-15  0.4598E-15  0.2659E-15  0.1024E-15  0.3637E-16  0.8733E-18  0.2901E-17  0.1217E-16  0.6104E-17  0.1888E-17  0.1676E-17  0.1251E-17  0.2655E-17  0.1585E-17  0.1315E-17  0.8173E-19  0.2193E-19  0.1217E-18  0.3543E-20  0.9925E-23  0.5896E-17  0.3652E-36  0.3226E-17  0.4539E-13  0.2757E-16  0.2346E-15  0.6645E-16  0.9443E-16  0.2952E-16  0.4245E-16  0.1695E-16  0.9178E-16  0.1724E-16  0.2939E-16  0.4612E-16  0.5990E-16  0.3790E-19  0.1101E-18
          61   65.79       1.529      0.6216E-14  0.9539E-13  0.2774E-14  0.1651E-15  0.3702E-14  0.2058E-14  0.1390E-14  0.7349E-15  0.5179E-15  0.3123E-15  0.1245E-15  0.4567E-16  0.1313E-17  0.4444E-17  0.1860E-16  0.9556E-17  0.2982E-17  0.2666E-17  0.2009E-17  0.4290E-17  0.2576E-17  0.2451E-17  0.1412E-18  0.4319E-19  0.2558E-18  0.9081E-20  0.3260E-22  0.9339E-17  0.3503E-36  0.4468E-17  0.4645E-13  0.2658E-16  0.2262E-15  0.9412E-16  0.9103E-16  0.4181E-16  0.4752E-16  0.2014E-16  0.1128E-15  0.2226E-16  0.4138E-16  0.6645E-16  0.9274E-16  0.6554E-19  0.2170E-18
          62   70.55       1.655      0.6614E-14  0.9926E-13  0.2932E-14  0.1707E-15  0.3879E-14  0.2178E-14  0.1479E-14  0.8042E-15  0.5755E-15  0.3604E-15  0.1484E-15  0.5605E-16  0.1920E-17  0.6608E-17  0.2757E-16  0.1451E-16  0.4563E-17  0.4110E-17  0.3123E-17  0.6714E-17  0.4045E-17  0.4376E-17  0.2337E-18  0.8145E-19  0.5134E-18  0.2194E-19  0.9926E-22  0.1435E-16  0.3383E-36  0.6014E-17  0.4774E-13  0.2547E-16  0.2167E-15  0.1296E-15  0.8720E-16  0.5759E-16  0.5431E-16  0.2436E-16  0.1384E-15  0.2837E-16  0.5662E-16  0.9303E-16  0.1391E-15  0.1094E-18  0.4100E-18
          63   75.65       1.805      0.6987E-14  0.1035E-12  0.3078E-14  0.1780E-15  0.4038E-14  0.2288E-14  0.1559E-14  0.8701E-15  0.6319E-15  0.4095E-15  0.1737E-15  0.6731E-16  0.2728E-17  0.9541E-17  0.3966E-16  0.2139E-16  0.6766E-17  0.6143E-17  0.4704E-17  0.1018E-16  0.6141E-17  0.7494E-17  0.3712E-18  0.1472E-18  0.9850E-18  0.4999E-19  0.2803E-21  0.2142E-16  0.3205E-36  0.7866E-17  0.4928E-13  0.2425E-16  0.2063E-15  0.1735E-15  0.8297E-16  0.7713E-16  0.6302E-16  0.2973E-16  0.1687E-15  0.3558E-16  0.7531E-16  0.1265E-15  0.2020E-15  0.1763E-18  0.7435E-18
          64   81.11       1.979      0.7319E-14  0.1079E-12  0.3207E-14  0.1869E-15  0.4171E-14  0.2382E-14  0.1628E-14  0.9301E-15  0.6848E-15  0.4577E-15  0.1994E-15  0.7910E-16  0.3775E-17  0.1340E-16  0.5543E-16  0.3065E-16  0.9743E-17  0.8917E-17  0.6875E-17  0.1500E-16  0.9032E-17  0.1234E-16  0.5676E-18  0.2557E-18  0.1812E-17  0.1080E-18  0.7387E-21  0.3108E-16  0.2993E-36  0.1002E-16  0.5107E-13  0.2292E-16  0.1949E-15  0.2263E-15  0.7840E-16  0.1006E-15  0.7381E-16  0.3634E-16  0.2034E-15  0.4386E-16  0.9755E-16  0.1676E-15  0.2848E-15  0.2751E-18  0.1298E-17
          65   86.97       2.176      0.7598E-14  0.1126E-12  0.3314E-14  0.1975E-15  0.4274E-14  0.2457E-14  0.1682E-14  0.9817E-15  0.7321E-15  0.5031E-15  0.2246E-15  0.9103E-16  0.5093E-17  0.1833E-16  0.7540E-16  0.4275E-16  0.1364E-16  0.1259E-16  0.9766E-17  0.2148E-16  0.1289E-16  0.1956E-16  0.8370E-18  0.4279E-18  0.3206E-17  0.2219E-18  0.1826E-20  0.4393E-16  0.2815E-36  0.1244E-16  0.5311E-13  0.2152E-16  0.1828E-15  0.2877E-15  0.7355E-16  0.1280E-15  0.8673E-16  0.4421E-16  0.2423E-15  0.5312E-16  0.1232E-15  0.2163E-15  0.3905E-15  0.4164E-18  0.2186E-17
          66   93.26       2.394      0.7820E-14  0.1174E-12  0.3397E-14  0.2097E-15  0.4345E-14  0.2513E-14  0.1723E-14  0.1025E-14  0.7733E-15  0.5448E-15  0.2486E-15  0.1027E-15  0.6710E-17  0.2446E-16  0.9998E-16  0.5816E-16  0.1861E-16  0.1731E-16  0.1350E-16  0.2996E-16  0.1788E-16  0.2995E-16  0.1194E-17  0.6912E-18  0.5463E-17  0.4347E-18  0.4248E-20  0.6060E-16  0.2647E-36  0.1508E-16  0.5537E-13  0.2006E-16  0.1703E-15  0.3572E-15  0.6854E-16  0.1590E-15  0.1017E-15  0.5331E-16  0.2846E-15  0.6318E-16  0.1519E-15  0.2725E-15  0.5214E-15  0.6127E-18  0.3559E-17
          67   100.0       2.630      0.7978E-14  0.1222E-12  0.3453E-14  0.2231E-15  0.4382E-14  0.2548E-14  0.1747E-14  0.1057E-14  0.8069E-15  0.5813E-15  0.2707E-15  0.1137E-15  0.8645E-17  0.3189E-16  0.1294E-15  0.7729E-16  0.2476E-16  0.2323E-16  0.1821E-16  0.4079E-16  0.2414E-16  0.4437E-16  0.1650E-17  0.1080E-17  0.8994E-17  0.8151E-18  0.9342E-20  0.8173E-16  0.2436E-36  0.1787E-16  0.5785E-13  0.1859E-16  0.1576E-15  0.4338E-15  0.6346E-16  0.1933E-15  0.1186E-15  0.6351E-16  0.3294E-15  0.7384E-16  0.1832E-15  0.3357E-15  0.6793E-15  0.8779E-18  0.5617E-17
          68   107.2       2.880      0.8071E-14  0.1270E-12  0.3483E-14  0.2377E-15  0.4387E-14  0.2563E-14  0.1757E-14  0.1080E-14  0.8324E-15  0.6118E-15  0.2901E-15  0.1237E-15  0.1091E-16  0.4071E-16  0.1638E-15  0.1005E-15  0.3221E-16  0.3046E-16  0.2397E-16  0.5429E-16  0.3180E-16  0.6372E-16  0.2217E-17  0.1637E-17  0.1434E-16  0.1468E-17  0.1950E-19  0.1080E-15  0.2249E-36  0.2075E-16  0.6049E-13  0.1712E-16  0.1450E-15  0.5160E-15  0.5842E-16  0.2300E-15  0.1372E-15  0.7467E-16  0.3758E-15  0.8489E-16  0.2163E-15  0.4050E-15  0.8651E-15  0.1228E-17  0.8613E-17
          69   115.0       3.142      0.8100E-14  0.1316E-12  0.3486E-14  0.2532E-15  0.4360E-14  0.2557E-14  0.1752E-14  0.1092E-14  0.8497E-15  0.6357E-15  0.3064E-15  0.1325E-15  0.1352E-16  0.5098E-16  0.2033E-15  0.1282E-15  0.4106E-16  0.3913E-16  0.3091E-16  0.7081E-16  0.4097E-16  0.8900E-16  0.2902E-17  0.2413E-17  0.2221E-16  0.2546E-17  0.3882E-19  0.1400E-15  0.2053E-36  0.2366E-16  0.6329E-13  0.1569E-16  0.1327E-15  0.6025E-15  0.5350E-16  0.2688E-15  0.1571E-15  0.8662E-16  0.4229E-15  0.9614E-16  0.2508E-15  0.4795E-15  0.1080E-14  0.1681E-17  0.1287E-16
          70   123.3       3.411      0.8070E-14  0.1361E-12  0.3466E-14  0.2693E-15  0.4306E-14  0.2534E-14  0.1735E-14  0.1095E-14  0.8590E-15  0.6529E-15  0.3195E-15  0.1398E-15  0.1647E-16  0.6268E-16  0.2475E-15  0.1604E-15  0.5132E-16  0.4927E-16  0.3903E-16  0.9058E-16  0.5165E-16  0.1210E-15  0.3710E-17  0.3463E-17  0.3345E-16  0.4265E-17  0.7387E-19  0.1784E-15  0.1864E-36  0.2649E-16  0.6618E-13  0.1433E-16  0.1210E-15  0.6911E-15  0.4881E-16  0.3086E-15  0.1779E-15  0.9903E-16  0.4696E-15  0.1073E-15  0.2855E-15  0.5576E-15  0.1322E-14  0.2254E-17  0.1877E-16
          71   132.2       3.685      0.7988E-14  0.1403E-12  0.3424E-14  0.2858E-15  0.4228E-14  0.2495E-14  0.1707E-14  0.1088E-14  0.8610E-15  0.6638E-15  0.3292E-15  0.1457E-15  0.1975E-16  0.7584E-16  0.2963E-15  0.1975E-15  0.6307E-16  0.6094E-16  0.4840E-16  0.1139E-15  0.6389E-16  0.1607E-15  0.4642E-17  0.4850E-17  0.4915E-16  0.6923E-17  0.1350E-18  0.2240E-15  0.1703E-36  0.2921E-16  0.6914E-13  0.1305E-16  0.1100E-15  0.7804E-15  0.4441E-16  0.3487E-15  0.1993E-15  0.1117E-15  0.5152E-15  0.1182E-15  0.3200E-15  0.6383E-15  0.1591E-14  0.2969E-17  0.2677E-16
          72   141.7       3.963      0.7861E-14  0.1443E-12  0.3364E-14  0.3025E-15  0.4132E-14  0.2443E-14  0.1669E-14  0.1075E-14  0.8561E-15  0.6683E-15  0.3355E-15  0.1499E-15  0.2335E-16  0.9045E-16  0.3493E-15  0.2396E-15  0.7631E-16  0.7419E-16  0.5904E-16  0.1411E-15  0.7767E-16  0.2087E-15  0.5700E-17  0.6645E-17  0.7059E-16  0.1092E-16  0.2376E-18  0.2774E-15  0.1597E-36  0.3177E-16  0.7217E-13  0.1186E-16  0.9981E-16  0.8690E-15  0.4032E-16  0.3886E-15  0.2208E-15  0.1245E-15  0.5592E-15  0.1288E-15  0.3537E-15  0.7205E-15  0.1886E-14  0.3848E-17  0.3745E-16
          73   152.0       4.241      0.7696E-14  0.1480E-12  0.3289E-14  0.3193E-15  0.4019E-14  0.2381E-14  0.1625E-14  0.1055E-14  0.8460E-15  0.6679E-15  0.3389E-15  0.1528E-15  0.2728E-16  0.1065E-15  0.4063E-15  0.2868E-15  0.9108E-16  0.8901E-16  0.7094E-16  0.1723E-15  0.9296E-16  0.2657E-15  0.6881E-17  0.8921E-17  0.9932E-16  0.1677E-16  0.4042E-18  0.3394E-15  0.1382E-36  0.3414E-16  0.7523E-13  0.1076E-16  0.9041E-16  0.9555E-15  0.3656E-16  0.4276E-15  0.2422E-15  0.1371E-15  0.6010E-15  0.1389E-15  0.3860E-15  0.8032E-15  0.2206E-14  0.4918E-17  0.5148E-16
          74   163.0       4.519      0.7501E-14  0.1516E-12  0.3202E-14  0.3362E-15  0.3894E-14  0.2311E-14  0.1575E-14  0.1030E-14  0.8311E-15  0.6627E-15  0.3396E-15  0.1543E-15  0.3152E-16  0.1240E-15  0.4668E-15  0.3391E-15  0.1074E-15  0.1054E-15  0.8409E-16  0.2079E-15  0.1097E-15  0.3323E-15  0.8185E-17  0.1175E-16  0.1371E-15  0.2515E-16  0.6664E-18  0.4110E-15  0.1254E-36  0.3628E-16  0.7832E-13  0.9762E-17  0.8185E-16  0.1039E-14  0.3313E-16  0.4653E-15  0.2631E-15  0.1494E-15  0.6404E-15  0.1485E-15  0.4165E-15  0.8853E-15  0.2550E-14  0.6207E-17  0.6964E-16
          75   174.8       4.800      0.7282E-14  0.1549E-12  0.3105E-14  0.3533E-15  0.3760E-14  0.2234E-14  0.1521E-14  0.1002E-14  0.8126E-15  0.6536E-15  0.3379E-15  0.1546E-15  0.3607E-16  0.1429E-15  0.5306E-15  0.3968E-15  0.1252E-15  0.1233E-15  0.9848E-16  0.2481E-15  0.1279E-15  0.4089E-15  0.9612E-17  0.1523E-16  0.1862E-15  0.3693E-16  0.1068E-17  0.4932E-15  0.1139E-36  0.3821E-16  0.8144E-13  0.8850E-17  0.7405E-16  0.1119E-14  0.3000E-16  0.5014E-15  0.2834E-15  0.1612E-15  0.6774E-15  0.1576E-15  0.4450E-15  0.9664E-15  0.2918E-14  0.7748E-17  0.9291E-16
          76   187.4       5.080      0.7046E-14  0.1581E-12  0.3002E-14  0.3704E-15  0.3621E-14  0.2154E-14  0.1464E-14  0.9704E-15  0.7909E-15  0.6411E-15  0.3341E-15  0.1539E-15  0.4090E-16  0.1631E-15  0.5971E-15  0.4595E-15  0.1444E-15  0.1427E-15  0.1140E-15  0.2929E-15  0.1472E-15  0.4954E-15  0.1115E-16  0.1941E-16  0.2487E-15  0.5312E-16  0.1667E-17  0.5866E-15  0.1033E-36  0.3988E-16  0.8458E-13  0.8035E-17  0.6710E-16  0.1194E-14  0.2721E-16  0.5352E-15  0.3027E-15  0.1723E-15  0.7115E-15  0.1662E-15  0.4710E-15  0.1045E-14  0.3307E-14  0.9573E-17  0.1223E-15
          77   200.9       5.363      0.6798E-14  0.1611E-12  0.2894E-14  0.3876E-15  0.3479E-14  0.2071E-14  0.1406E-14  0.9367E-15  0.7668E-15  0.6259E-15  0.3286E-15  0.1522E-15  0.4602E-16  0.1846E-15  0.6661E-15  0.5272E-15  0.1652E-15  0.1635E-15  0.1306E-15  0.3427E-15  0.1678E-15  0.5919E-15  0.1281E-16  0.2439E-16  0.3275E-15  0.7502E-16  0.2541E-17  0.6923E-15  0.9433E-37  0.4132E-16  0.8773E-13  0.7303E-17  0.6086E-16  0.1263E-14  0.2471E-16  0.5667E-15  0.3209E-15  0.1827E-15  0.7430E-15  0.1742E-15  0.4945E-15  0.1122E-14  0.3717E-14  0.1172E-16  0.1592E-15
          78   215.4       5.649      0.6540E-14  0.1639E-12  0.2783E-14  0.4051E-15  0.3335E-14  0.1986E-14  0.1346E-14  0.9012E-15  0.7406E-15  0.6083E-15  0.3214E-15  0.1496E-15  0.5140E-16  0.2073E-15  0.7370E-15  0.5997E-15  0.1873E-15  0.1856E-15  0.1482E-15  0.3974E-15  0.1893E-15  0.6982E-15  0.1457E-16  0.3021E-16  0.4255E-15  0.1042E-15  0.3786E-17  0.8113E-15  0.8483E-37  0.4252E-16  0.9091E-13  0.6651E-17  0.5531E-16  0.1327E-14  0.2248E-16  0.5956E-15  0.3377E-15  0.1923E-15  0.7717E-15  0.1816E-15  0.5153E-15  0.1195E-14  0.4146E-14  0.1424E-16  0.2049E-15
          79   231.0       5.940      0.6278E-14  0.1667E-12  0.2670E-14  0.4229E-15  0.3191E-14  0.1901E-14  0.1287E-14  0.8652E-15  0.7136E-15  0.5894E-15  0.3132E-15  0.1465E-15  0.5704E-16  0.2313E-15  0.8098E-15  0.6770E-15  0.2107E-15  0.2089E-15  0.1667E-15  0.4574E-15  0.2118E-15  0.8142E-15  0.1645E-16  0.3696E-16  0.5461E-15  0.1425E-15  0.5527E-17  0.9450E-15  0.7884E-37  0.4352E-16  0.9413E-13  0.6063E-17  0.5032E-16  0.1385E-14  0.2048E-16  0.6219E-15  0.3531E-15  0.2010E-15  0.7981E-15  0.1886E-15  0.5334E-15  0.1265E-14  0.4595E-14  0.1718E-16  0.2614E-15
          80   247.7       6.238      0.6015E-14  0.1694E-12  0.2557E-14  0.4413E-15  0.3048E-14  0.1816E-14  0.1228E-14  0.8288E-15  0.6858E-15  0.5691E-15  0.3041E-15  0.1428E-15  0.6291E-16  0.2564E-15  0.8839E-15  0.7587E-15  0.2355E-15  0.2333E-15  0.1861E-15  0.5226E-15  0.2349E-15  0.9392E-15  0.1843E-16  0.4467E-16  0.6929E-15  0.1921E-15  0.7918E-17  0.1094E-14  0.7116E-37  0.4431E-16  0.9740E-13  0.5537E-17  0.4585E-16  0.1437E-14  0.1868E-16  0.6455E-15  0.3671E-15  0.2088E-15  0.8221E-15  0.1952E-15  0.5489E-15  0.1331E-14  0.5064E-14  0.2058E-16  0.3304E-15
          81   265.6       6.544      0.5751E-14  0.1721E-12  0.2444E-14  0.4602E-15  0.2906E-14  0.1732E-14  0.1170E-14  0.7921E-15  0.6574E-15  0.5479E-15  0.2942E-15  0.1387E-15  0.6900E-16  0.2825E-15  0.9590E-15  0.8444E-15  0.2614E-15  0.2587E-15  0.2061E-15  0.5932E-15  0.2587E-15  0.1073E-14  0.2052E-16  0.5338E-16  0.8699E-15  0.2555E-15  0.1115E-16  0.1260E-14  0.6386E-37  0.4492E-16  0.1007E-12  0.5063E-17  0.4185E-16  0.1483E-14  0.1707E-16  0.6664E-15  0.3795E-15  0.2156E-15  0.8438E-15  0.2014E-15  0.5618E-15  0.1394E-14  0.5551E-14  0.2453E-16  0.4143E-15
          82   284.8       6.860      0.5490E-14  0.1748E-12  0.2332E-14  0.4796E-15  0.2767E-14  0.1650E-14  0.1113E-14  0.7558E-15  0.6289E-15  0.5262E-15  0.2837E-15  0.1343E-15  0.7527E-16  0.3095E-15  0.1035E-14  0.9334E-15  0.2884E-15  0.2849E-15  0.2266E-15  0.6688E-15  0.2828E-15  0.1213E-14  0.2271E-16  0.6310E-16  0.1081E-14  0.3357E-15  0.1543E-16  0.1443E-14  0.5909E-37  0.4534E-16  0.1041E-12  0.4639E-17  0.3827E-16  0.1523E-14  0.1562E-16  0.6843E-15  0.3903E-15  0.2214E-15  0.8633E-15  0.2072E-15  0.5719E-15  0.1452E-14  0.6055E-14  0.2907E-16  0.5155E-15
          83   305.4       7.188      0.5231E-14  0.1775E-12  0.2222E-14  0.4998E-15  0.2631E-14  0.1569E-14  0.1058E-14  0.7198E-15  0.6005E-15  0.5041E-15  0.2728E-15  0.1295E-15  0.8169E-16  0.3372E-15  0.1110E-14  0.1025E-14  0.3163E-15  0.3116E-15  0.2475E-15  0.7495E-15  0.3071E-15  0.1360E-14  0.2499E-16  0.7383E-16  0.1331E-14  0.4360E-15  0.2104E-16  0.1645E-14  0.5351E-37  0.4560E-16  0.1075E-12  0.4257E-17  0.3505E-16  0.1556E-14  0.1433E-16  0.6994E-15  0.3994E-15  0.2262E-15  0.8807E-15  0.2127E-15  0.5794E-15  0.1507E-14  0.6577E-14  0.3428E-16  0.6370E-15
          84   327.5       7.528      0.4979E-14  0.1802E-12  0.2115E-14  0.5205E-15  0.2500E-14  0.1490E-14  0.1004E-14  0.6847E-15  0.5724E-15  0.4819E-15  0.2618E-15  0.1246E-15  0.8823E-16  0.3656E-15  0.1186E-14  0.1119E-14  0.3448E-15  0.3388E-15  0.2687E-15  0.8350E-15  0.3313E-15  0.1513E-14  0.2737E-16  0.8554E-16  0.1623E-14  0.5599E-15  0.2827E-16  0.1866E-14  0.4947E-37  0.4572E-16  0.1110E-12  0.3914E-17  0.3217E-16  0.1583E-14  0.1316E-16  0.7117E-15  0.4068E-15  0.2299E-15  0.8960E-15  0.2178E-15  0.5844E-15  0.1556E-14  0.7113E-14  0.4024E-16  0.7819E-15
          85   351.1       7.885      0.4729E-14  0.1829E-12  0.2008E-14  0.5420E-15  0.2370E-14  0.1413E-14  0.9510E-15  0.6499E-15  0.5444E-15  0.4596E-15  0.2505E-15  0.1196E-15  0.9486E-16  0.3944E-15  0.1261E-14  0.1215E-14  0.3741E-15  0.3662E-15  0.2899E-15  0.9251E-15  0.3554E-15  0.1669E-14  0.2983E-16  0.9820E-16  0.1963E-14  0.7118E-15  0.3748E-16  0.2106E-14  0.4559E-37  0.4571E-16  0.1146E-12  0.3601E-17  0.2955E-16  0.1604E-14  0.1210E-16  0.7212E-15  0.4125E-15  0.2327E-15  0.9096E-15  0.2226E-15  0.5870E-15  0.1602E-14  0.7666E-14  0.4704E-16  0.9539E-15
          86   376.5       8.259      0.4485E-14  0.1856E-12  0.1905E-14  0.5641E-15  0.2245E-14  0.1338E-14  0.8996E-15  0.6158E-15  0.5168E-15  0.4374E-15  0.2391E-15  0.1144E-15  0.1015E-15  0.4235E-15  0.1335E-14  0.1311E-14  0.4036E-15  0.3936E-15  0.3111E-15  0.1020E-14  0.3791E-15  0.1828E-14  0.3236E-16  0.1117E-15  0.2355E-14  0.8961E-15  0.4905E-16  0.2368E-14  0.4135E-37  0.4558E-16  0.1182E-12  0.3318E-17  0.2719E-16  0.1619E-14  0.1114E-16  0.7279E-15  0.4166E-15  0.2345E-15  0.9213E-15  0.2271E-15  0.5872E-15  0.1643E-14  0.8233E-14  0.5478E-16  0.1157E-14
          87   403.7       8.652      0.4248E-14  0.1885E-12  0.1804E-14  0.5866E-15  0.2123E-14  0.1265E-14  0.8501E-15  0.5828E-15  0.4899E-15  0.4155E-15  0.2277E-15  0.1092E-15  0.1082E-15  0.4526E-15  0.1407E-14  0.1408E-14  0.4334E-15  0.4209E-15  0.3320E-15  0.1118E-14  0.4023E-15  0.1988E-14  0.3496E-16  0.1261E-15  0.2804E-14  0.1118E-14  0.6343E-16  0.2651E-14  0.3873E-37  0.4534E-16  0.1220E-12  0.3059E-17  0.2503E-16  0.1628E-14  0.1027E-16  0.7320E-15  0.4190E-15  0.2353E-15  0.9313E-15  0.2312E-15  0.5853E-15  0.1679E-14  0.8814E-14  0.6357E-16  0.1396E-14
          88   432.9       9.067      0.4017E-14  0.1913E-12  0.1706E-14  0.6095E-15  0.2005E-14  0.1195E-14  0.8022E-15  0.5507E-15  0.4636E-15  0.3939E-15  0.2165E-15  0.1041E-15  0.1148E-15  0.4817E-15  0.1477E-14  0.1503E-14  0.4632E-15  0.4479E-15  0.3526E-15  0.1220E-14  0.4247E-15  0.2147E-14  0.3761E-16  0.1411E-15  0.3313E-14  0.1382E-14  0.8108E-16  0.2955E-14  0.3582E-37  0.4502E-16  0.1258E-12  0.2824E-17  0.2307E-16  0.1631E-14  0.9471E-17  0.7335E-15  0.4198E-15  0.2353E-15  0.9395E-15  0.2351E-15  0.5812E-15  0.1711E-14  0.9407E-14  0.7351E-16  0.1675E-14
          89   464.2       9.504      0.3794E-14  0.1943E-12  0.1611E-14  0.6326E-15  0.1892E-14  0.1127E-14  0.7560E-15  0.5197E-15  0.4381E-15  0.3729E-15  0.2054E-15  0.9892E-16  0.1214E-15  0.5104E-15  0.1546E-14  0.1596E-14  0.4927E-15  0.4743E-15  0.3726E-15  0.1325E-14  0.4462E-15  0.2305E-14  0.4029E-16  0.1567E-15  0.3888E-14  0.1695E-14  0.1025E-15  0.3280E-14  0.3282E-37  0.4461E-16  0.1297E-12  0.2608E-17  0.2128E-16  0.1628E-14  0.8742E-17  0.7325E-15  0.4191E-15  0.2343E-15  0.9461E-15  0.2387E-15  0.5752E-15  0.1738E-14  0.1001E-13  0.8475E-16  0.2000E-14
          90   497.7       9.967      0.3578E-14  0.1973E-12  0.1519E-14  0.6556E-15  0.1782E-14  0.1062E-14  0.7117E-15  0.4897E-15  0.4134E-15  0.3524E-15  0.1945E-15  0.9385E-16  0.1278E-15  0.5385E-15  0.1611E-14  0.1687E-14  0.5217E-15  0.5000E-15  0.3920E-15  0.1432E-14  0.4667E-15  0.2460E-14  0.4298E-16  0.1728E-15  0.4532E-14  0.2062E-14  0.1283E-15  0.3628E-14  0.2987E-37  0.4414E-16  0.1337E-12  0.2410E-17  0.1964E-16  0.1621E-14  0.8074E-17  0.7291E-15  0.4168E-15  0.2325E-15  0.9511E-15  0.2419E-15  0.5673E-15  0.1761E-14  0.1063E-13  0.9740E-16  0.2376E-14
          91   533.7       10.46      0.3370E-14  0.2004E-12  0.1431E-14  0.6784E-15  0.1677E-14  0.9986E-15  0.6691E-15  0.4608E-15  0.3895E-15  0.3325E-15  0.1839E-15  0.8886E-16  0.1340E-15  0.5660E-15  0.1673E-14  0.1775E-14  0.5502E-15  0.5249E-15  0.4106E-15  0.1541E-14  0.4859E-15  0.2611E-14  0.4567E-16  0.1892E-15  0.5250E-14  0.2491E-14  0.1590E-15  0.3996E-14  0.2797E-37  0.4361E-16  0.1378E-12  0.2227E-17  0.1813E-16  0.1608E-14  0.7459E-17  0.7234E-15  0.4131E-15  0.2298E-15  0.9545E-15  0.2448E-15  0.5577E-15  0.1779E-14  0.1125E-13  0.1116E-15  0.2811E-14
          92   572.2       10.98      0.3169E-14  0.2035E-12  0.1346E-14  0.7008E-15  0.1576E-14  0.9382E-15  0.6282E-15  0.4331E-15  0.3664E-15  0.3132E-15  0.1735E-15  0.8398E-16  0.1400E-15  0.5925E-15  0.1732E-14  0.1858E-14  0.5777E-15  0.5486E-15  0.4284E-15  0.1652E-14  0.5037E-15  0.2755E-14  0.4833E-16  0.2058E-15  0.6044E-14  0.2987E-14  0.1953E-15  0.4386E-14  0.2576E-37  0.4304E-16  0.1419E-12  0.2059E-17  0.1675E-16  0.1590E-14  0.6893E-17  0.7155E-15  0.4080E-15  0.2265E-15  0.9564E-15  0.2473E-15  0.5466E-15  0.1792E-14  0.1188E-13  0.1276E-15  0.3311E-14
          93   613.6       11.53      0.2976E-14  0.2068E-12  0.1264E-14  0.7224E-15  0.1479E-14  0.8802E-15  0.5891E-15  0.4064E-15  0.3441E-15  0.2945E-15  0.1634E-15  0.7922E-16  0.1458E-15  0.6179E-15  0.1787E-14  0.1936E-14  0.6042E-15  0.5712E-15  0.4452E-15  0.1763E-14  0.5201E-15  0.2893E-14  0.5094E-16  0.2225E-15  0.6917E-14  0.3557E-14  0.2376E-15  0.4797E-14  0.2373E-37  0.4243E-16  0.1462E-12  0.1904E-17  0.1547E-16  0.1568E-14  0.6372E-17  0.7055E-15  0.4017E-15  0.2224E-15  0.9568E-15  0.2494E-15  0.5340E-15  0.1802E-14  0.1251E-13  0.1455E-15  0.3883E-14
          94   657.9       12.12      0.2792E-14  0.2101E-12  0.1185E-14  0.7431E-15  0.1386E-14  0.8249E-15  0.5518E-15  0.3809E-15  0.3229E-15  0.2765E-15  0.1537E-15  0.7461E-16  0.1512E-15  0.6420E-15  0.1838E-14  0.2009E-14  0.6294E-15  0.5925E-15  0.4609E-15  0.1875E-14  0.5349E-15  0.3022E-14  0.5347E-16  0.2391E-15  0.7874E-14  0.4210E-14  0.2868E-15  0.5227E-14  0.2193E-37  0.4179E-16  0.1505E-12  0.1761E-17  0.1430E-16  0.1541E-14  0.5891E-17  0.6936E-15  0.3941E-15  0.2177E-15  0.9557E-15  0.2510E-15  0.5201E-15  0.1806E-14  0.1316E-13  0.1655E-15  0.4535E-14
          95   705.5       12.74      0.2616E-14  0.2135E-12  0.1111E-14  0.7626E-15  0.1298E-14  0.7721E-15  0.5163E-15  0.3566E-15  0.3025E-15  0.2593E-15  0.1443E-15  0.7015E-16  0.1563E-15  0.6646E-15  0.1885E-14  0.2076E-14  0.6531E-15  0.6123E-15  0.4756E-15  0.1986E-14  0.5479E-15  0.3142E-14  0.5589E-16  0.2554E-15  0.8916E-14  0.4952E-14  0.3435E-15  0.5675E-14  0.2026E-37  0.4114E-16  0.1549E-12  0.1629E-17  0.1321E-16  0.1511E-14  0.5446E-17  0.6799E-15  0.3854E-15  0.2124E-15  0.9533E-15  0.2522E-15  0.5050E-15  0.1807E-14  0.1380E-13  0.1878E-15  0.5277E-14
          96   756.5       13.41      0.2447E-14  0.2170E-12  0.1039E-14  0.7807E-15  0.1214E-14  0.7218E-15  0.4824E-15  0.3334E-15  0.2830E-15  0.2428E-15  0.1353E-15  0.6585E-16  0.1611E-15  0.6856E-15  0.1927E-14  0.2136E-14  0.6753E-15  0.6305E-15  0.4891E-15  0.2096E-14  0.5593E-15  0.3252E-14  0.5820E-16  0.2715E-15  0.1005E-13  0.5791E-14  0.4083E-15  0.6141E-14  0.1871E-37  0.4047E-16  0.1595E-12  0.1506E-17  0.1221E-16  0.1477E-14  0.5034E-17  0.6646E-15  0.3757E-15  0.2065E-15  0.9495E-15  0.2530E-15  0.4889E-15  0.1804E-14  0.1444E-13  0.2127E-15  0.6116E-14
          97   811.1       14.13      0.2286E-14  0.2206E-12  0.9708E-15  0.7972E-15  0.1133E-14  0.6738E-15  0.4501E-15  0.3113E-15  0.2644E-15  0.2270E-15  0.1267E-15  0.6169E-16  0.1654E-15  0.7048E-15  0.1963E-14  0.2189E-14  0.6957E-15  0.6471E-15  0.5014E-15  0.2204E-14  0.5688E-15  0.3351E-14  0.6036E-16  0.2871E-15  0.1126E-13  0.6736E-14  0.4819E-15  0.6623E-14  0.1728E-37  0.3981E-16  0.1641E-12  0.1392E-17  0.1128E-16  0.1439E-14  0.4652E-17  0.6478E-15  0.3651E-15  0.2002E-15  0.9445E-15  0.2532E-15  0.4720E-15  0.1796E-14  0.1509E-13  0.2403E-15  0.7062E-14
          98   869.7       14.89      0.2134E-14  0.2243E-12  0.9060E-15  0.8119E-15  0.1057E-14  0.6284E-15  0.4197E-15  0.2903E-15  0.2468E-15  0.2120E-15  0.1184E-15  0.5774E-16  0.1693E-15  0.7220E-15  0.1995E-14  0.2234E-14  0.7141E-15  0.6619E-15  0.5126E-15  0.2310E-14  0.5764E-15  0.3438E-14  0.6234E-16  0.3021E-15  0.1257E-13  0.7794E-14  0.5648E-15  0.7119E-14  0.1592E-37  0.3916E-16  0.1688E-12  0.1286E-17  0.1041E-16  0.1399E-14  0.4298E-17  0.6296E-15  0.3537E-15  0.1935E-15  0.9382E-15  0.2529E-15  0.4544E-15  0.1785E-14  0.1573E-13  0.2710E-15  0.8125E-14
          99   932.6       15.70      0.1990E-14  0.2281E-12  0.8450E-15  0.8245E-15  0.9855E-15  0.5857E-15  0.3910E-15  0.2706E-15  0.2301E-15  0.1978E-15  0.1106E-15  0.5397E-16  0.1727E-15  0.7372E-15  0.2021E-14  0.2271E-14  0.7305E-15  0.6749E-15  0.5225E-15  0.2413E-14  0.5820E-15  0.3512E-14  0.6413E-16  0.3164E-15  0.1397E-13  0.8975E-14  0.6580E-15  0.7626E-14  0.1474E-37  0.3852E-16  0.1736E-12  0.1189E-17  0.9621E-17  0.1355E-14  0.3971E-17  0.6102E-15  0.3416E-15  0.1864E-15  0.9309E-15  0.2520E-15  0.4362E-15  0.1770E-14  0.1637E-13  0.3049E-15  0.9317E-14
         100   1000.       16.57      0.1852E-14  0.2319E-12  0.7866E-15  0.8349E-15  0.9171E-15  0.5449E-15  0.3636E-15  0.2517E-15  0.2142E-15  0.1843E-15  0.1031E-15  0.5036E-16  0.1756E-15  0.7502E-15  0.2041E-14  0.2299E-14  0.7447E-15  0.6861E-15  0.5312E-15  0.2512E-14  0.5858E-15  0.3573E-14  0.6572E-16  0.3299E-15  0.1547E-13  0.1028E-13  0.7617E-15  0.8144E-14  0.1360E-37  0.3791E-16  0.1785E-12  0.1098E-17  0.8880E-17  0.1310E-14  0.3667E-17  0.5898E-15  0.3289E-15  0.1791E-15  0.9225E-15  0.2506E-15  0.4175E-15  0.1752E-14  0.1701E-13  0.3423E-15  0.1065E-13
 
 
