BOLSIG+ version: 03/2016
Collision input data:
--------------------------------------------------
N2                                                              
cross_section_air_phelps.txt
--------------------------------------------------
O2                                                              
cross_section_air_phelps.txt
 
 
 
 Transport coefficients
A1     Mean energy (eV)                                                
A2     Mobility *N (1/m/V/s)                                           
A6     Diffusion coefficient *N (1/m/s)                                
A11    Energy mobility *N (1/m/V/s)                                    
A12    Energy diffusion coef. D*N (1/m/s)                              
A13    Total collision freq. /N (m3/s)                                 
A14    Momentum frequency /N (m3/s)                                    
A16    Total ionization freq. /N (m3/s)                                
A17    Total attachment freq. /N (m3/s)                                
A18    Townsend ioniz. coef. alpha/N (m2)                              
A19    Townsend attach. coef. eta/N (m2)                               
A20    Power /N (eV m3/s)                                              
A21    Elastic power loss /N (eV m3/s)                                 
A22    Inelastic power loss /N (eV m3/s)                               
A23    Growth power /N (eV m3/s)                                       
A27    Maximum energy                                                  
A28    # of iterations                                                 
A29    # of grid trials                                                
          R#    E/N (Td)      A1          A2          A6         A11         A12         A13         A14         A16         A17         A18         A19         A20         A21         A22         A23         A27         A28         A29    
           1   1.000      0.2349      0.6103E+25  0.1294E+25  0.9170E+25  0.1365E+25  0.2037E-13  0.2882E-13   0.000      0.4899E-36   0.000      0.8027E-40  0.6103E-17  0.1893E-18  0.5914E-17 -0.1151E-36   1.889       8.000       2.000    
           2   1.151      0.2520      0.5816E+25  0.1310E+25  0.8727E+25  0.1391E+25  0.2150E-13  0.3024E-13   0.000      0.4619E-36   0.000      0.6898E-40  0.7710E-17  0.2189E-18  0.7491E-17 -0.1164E-36   1.889       4.000       1.000    
           3   1.326      0.2725      0.5530E+25  0.1330E+25  0.8271E+25  0.1425E+25  0.2278E-13  0.3180E-13   0.000      0.4336E-36   0.000      0.5914E-40  0.9719E-17  0.2567E-18  0.9463E-17 -0.1181E-36   2.250       9.000       2.000    
           4   1.526      0.2976      0.5243E+25  0.1354E+25  0.7793E+25  0.1468E+25  0.2425E-13  0.3354E-13   0.000      0.4048E-36   0.000      0.5058E-40  0.1222E-16  0.3062E-18  0.1191E-16 -0.1204E-36   2.250       5.000       1.000    
           5   1.758      0.3287      0.4951E+25  0.1385E+25  0.7290E+25  0.1521E+25  0.2599E-13  0.3553E-13   0.000      0.3752E-36   0.000      0.4312E-40  0.1529E-16  0.3723E-18  0.1492E-16 -0.1233E-36   2.250       5.000       1.000    
           6   2.024      0.3673      0.4649E+25  0.1423E+25  0.6766E+25  0.1584E+25  0.2803E-13  0.3783E-13   0.000      0.3447E-36   0.000      0.3664E-40  0.1904E-16  0.4600E-18  0.1858E-16 -0.1266E-36   2.250       5.000       1.000    
           7   2.330      0.4141      0.4339E+25  0.1469E+25  0.6238E+25  0.1652E+25  0.3039E-13  0.4053E-13   0.000      0.3136E-36   0.000      0.3102E-40  0.2356E-16  0.5732E-18  0.2298E-16 -0.1299E-36   2.250       5.000       1.000    
           8   2.683      0.4686      0.4024E+25  0.1521E+25  0.5729E+25  0.1721E+25  0.3306E-13  0.4370E-13   0.000      0.2824E-36   0.000      0.2616E-40  0.2896E-16  0.7131E-18  0.2825E-16 -0.1324E-36   2.250       5.000       1.000    
           9   3.089      0.5289      0.3714E+25  0.1576E+25  0.5260E+25  0.1786E+25  0.3594E-13  0.4736E-13   0.000      0.2523E-36   0.000      0.2199E-40  0.3543E-16  0.8766E-18  0.3455E-16 -0.1334E-36   2.250       5.000       1.000    
          10   3.556      0.5921      0.3415E+25  0.1631E+25  0.4841E+25  0.1842E+25  0.3892E-13  0.5150E-13   0.000      0.2241E-36   0.000      0.1845E-40  0.4320E-16  0.1058E-17  0.4216E-16 -0.1327E-36   2.679       10.00       2.000    
          11   4.095      0.6547      0.3140E+25  0.1683E+25  0.4479E+25  0.1888E+25  0.4186E-13  0.5601E-13   0.000      0.1990E-36   0.000      0.1547E-40  0.5265E-16  0.1247E-17  0.5143E-16 -0.1303E-36   2.679       5.000       1.000    
          12   4.715      0.7143      0.2892E+25  0.1730E+25  0.4168E+25  0.1925E+25  0.4467E-13  0.6081E-13   0.000      0.1772E-36   0.000      0.1299E-40  0.6430E-16  0.1437E-17  0.6288E-16 -0.1266E-36   2.679       5.000       1.000    
          13   5.429      0.7690      0.2674E+25  0.1770E+25  0.3902E+25  0.1953E+25  0.4727E-13  0.6578E-13   0.000      0.1589E-36   0.000      0.1095E-40  0.7880E-16  0.1621E-17  0.7720E-16 -0.1222E-36   2.679       5.000       1.000    
          14   6.251      0.8179      0.2485E+25  0.1803E+25  0.3674E+25  0.1973E+25  0.4964E-13  0.7079E-13   0.000      0.1438E-36   0.000      0.9259E-41  0.9707E-16  0.1795E-17  0.9529E-16 -0.1176E-36   2.679       5.000       1.000    
          15   7.197      0.8608      0.2322E+25  0.1829E+25  0.3478E+25  0.1987E+25  0.5178E-13  0.7576E-13   0.000      0.1315E-36   0.000      0.7872E-41  0.1202E-15  0.1956E-17  0.1183E-15 -0.1132E-36   2.679       5.000       1.000    
          16   8.286      0.8980      0.2182E+25  0.1850E+25  0.3308E+25  0.1996E+25  0.5368E-13  0.8060E-13   0.000      0.1217E-36   0.000      0.6728E-41  0.1498E-15  0.2105E-17  0.1478E-15 -0.1092E-36   2.679       5.000       1.000    
          17   9.541      0.9300      0.2063E+25  0.1865E+25  0.3160E+25  0.2002E+25  0.5539E-13  0.8525E-13   0.000      0.1138E-36   0.000      0.5780E-41  0.1878E-15  0.2240E-17  0.1856E-15 -0.1058E-36   3.191       10.00       2.000    
          18   10.99      0.9571      0.1961E+25  0.1876E+25  0.3030E+25  0.2004E+25  0.5693E-13  0.8969E-13   0.000      0.1074E-36   0.000      0.4987E-41  0.2366E-15  0.2365E-17  0.2343E-15 -0.1028E-36   3.191       5.000       1.000    
          19   12.65      0.9808      0.1874E+25  0.1884E+25  0.2915E+25  0.2004E+25  0.5833E-13  0.9388E-13   0.000      0.1024E-36   0.000      0.4321E-41  0.2997E-15  0.2481E-17  0.2973E-15 -0.1004E-36   3.801       10.00       2.000    
          20   14.56       1.002      0.1798E+25  0.1888E+25  0.2810E+25  0.2000E+25  0.5966E-13  0.9784E-13   0.000      0.2831E-25   0.000      0.1081E-29  0.3813E-15  0.2592E-17  0.3788E-15 -0.2835E-25   7.647       25.00       5.000    
          21   16.77       1.020      0.1731E+25  0.1889E+25  0.2715E+25  0.1994E+25  0.6092E-13  0.1016E-12   0.000      0.5374E-24   0.000      0.1851E-28  0.4868E-15  0.2699E-17  0.4845E-15 -0.5480E-24   10.85       17.00       3.000    
          22   19.31       1.037      0.1674E+25  0.1890E+25  0.2629E+25  0.1988E+25  0.6216E-13  0.1051E-12   0.000      0.7044E-23   0.000      0.2180E-27  0.6240E-15  0.2808E-17  0.6216E-15 -0.7299E-23   10.85       6.000       1.000    
          23   22.23       1.053      0.1623E+25  0.1889E+25  0.2547E+25  0.1978E+25  0.6344E-13  0.1084E-12  0.8777E-27  0.6618E-22  0.2433E-31  0.1834E-26  0.8020E-15  0.2921E-17  0.7995E-15 -0.6959E-22   12.91       10.00       2.000    
          24   25.60       1.068      0.1576E+25  0.1886E+25  0.2468E+25  0.1967E+25  0.6480E-13  0.1116E-12  0.3205E-25  0.4579E-21  0.7946E-30  0.1135E-25  0.1033E-14  0.3045E-17  0.1029E-14 -0.4884E-21   15.35       10.00       2.000    
          25   29.47       1.086      0.1532E+25  0.1882E+25  0.2389E+25  0.1955E+25  0.6632E-13  0.1148E-12  0.6187E-24  0.2416E-20  0.1371E-28  0.5352E-25  0.1330E-14  0.3191E-17  0.1327E-14 -0.2616E-20   15.35       5.000       1.000    
          26   33.93       1.102      0.1489E+25  0.1877E+25  0.2319E+25  0.1954E+25  0.6807E-13  0.1181E-12  0.8370E-23  0.1021E-19  0.1656E-27  0.2021E-24  0.1715E-14  0.3372E-17  0.1711E-14 -0.1125E-19   18.24       10.00       2.000    
          27   39.07       1.130      0.1447E+25  0.1875E+25  0.2240E+25  0.1964E+25  0.7023E-13  0.1215E-12  0.8206E-22  0.3528E-19  0.1451E-26  0.6239E-24  0.2209E-14  0.3624E-17  0.2206E-14 -0.3977E-19   18.24       5.000       1.000    
          28   44.98       1.176      0.1405E+25  0.1880E+25  0.2160E+25  0.2014E+25  0.7301E-13  0.1251E-12  0.6195E-21  0.1030E-18  0.9798E-26  0.1629E-23  0.2844E-14  0.4012E-17  0.2842E-14 -0.1204E-18   21.65       10.00       2.000    
          29   51.79       1.255      0.1363E+25  0.1901E+25  0.2079E+25  0.2141E+25  0.7665E-13  0.1290E-12  0.3714E-20  0.2572E-18  0.5260E-25  0.3641E-23  0.3658E-14  0.4633E-17  0.3655E-14 -0.3180E-18   21.65       4.000       1.000    
          30   59.64       1.390      0.1321E+25  0.1952E+25  0.1999E+25  0.2381E+25  0.8145E-13  0.1331E-12  0.1838E-19  0.5601E-18  0.2333E-24  0.7108E-23  0.4699E-14  0.5630E-17  0.4695E-14 -0.7526E-18   25.68       8.000       2.000    
          31   68.66       1.604      0.1279E+25  0.2047E+25  0.1924E+25  0.2737E+25  0.8762E-13  0.1375E-12  0.7701E-19  0.1076E-17  0.8768E-24  0.1225E-22  0.6031E-14  0.7158E-17  0.6026E-14 -0.1601E-17   30.44       8.000       2.000    
          32   79.06       1.912      0.1238E+25  0.2197E+25  0.1857E+25  0.3165E+25  0.9509E-13  0.1420E-12  0.2784E-18  0.1839E-17  0.2843E-23  0.1878E-22  0.7741E-14  0.9325E-17  0.7734E-14 -0.2984E-17   30.44       4.000       1.000    
          33   91.03       2.316      0.1199E+25  0.2402E+25  0.1798E+25  0.3603E+25  0.1035E-12  0.1467E-12  0.8826E-18  0.2828E-17  0.8086E-23  0.2591E-22  0.9936E-14  0.1215E-16  0.9927E-14 -0.4505E-17   36.07       8.000       2.000    
          34   104.8       2.797      0.1162E+25  0.2654E+25  0.1743E+25  0.4007E+25  0.1123E-12  0.1514E-12  0.2488E-17  0.3961E-17  0.2044E-22  0.3253E-22  0.1276E-13  0.1554E-16  0.1275E-13 -0.4120E-17   36.07       4.000       1.000    
          35   120.7       3.328      0.1126E+25  0.2932E+25  0.1691E+25  0.4363E+25  0.1208E-12  0.1562E-12  0.6325E-17  0.5126E-17  0.4654E-22  0.3772E-22  0.1640E-13  0.1936E-16  0.1638E-13  0.3989E-17   42.73       8.000       2.000    
          36   138.9       3.884      0.1091E+25  0.3221E+25  0.1638E+25  0.4671E+25  0.1288E-12  0.1611E-12  0.1467E-16  0.6212E-17  0.9674E-22  0.4096E-22  0.2107E-13  0.2348E-16  0.2102E-13  0.3284E-16   50.60       8.000       2.000    
          37   160.0       4.445      0.1058E+25  0.3505E+25  0.1586E+25  0.4951E+25  0.1360E-12  0.1663E-12  0.3145E-16  0.7147E-17  0.1859E-21  0.4224E-22  0.2707E-13  0.2784E-16  0.2693E-13  0.1080E-15   50.60       4.000       1.000    
          38   184.2       5.011      0.1024E+25  0.3781E+25  0.1534E+25  0.5212E+25  0.1426E-12  0.1717E-12  0.6304E-16  0.7899E-17  0.3341E-21  0.4186E-22  0.3476E-13  0.3247E-16  0.3445E-13  0.2763E-15   59.90       8.000       2.000    
          39   212.1       5.584      0.9910E+24  0.4045E+25  0.1482E+25  0.5467E+25  0.1487E-12  0.1775E-12  0.1191E-15  0.8454E-17  0.5665E-21  0.4022E-22  0.4458E-13  0.3742E-16  0.4392E-13  0.6176E-15   70.90       8.000       2.000    
          40   244.2       6.176      0.9578E+24  0.4303E+25  0.1430E+25  0.5728E+25  0.1545E-12  0.1836E-12  0.2137E-15  0.8833E-17  0.9134E-21  0.3776E-22  0.5712E-13  0.4285E-16  0.5581E-13  0.1265E-14   70.90       5.000       1.000    
          41   281.2       6.801      0.9249E+24  0.4558E+25  0.1379E+25  0.6003E+25  0.1601E-12  0.1902E-12  0.3664E-15  0.9055E-17  0.1409E-20  0.3482E-22  0.7312E-13  0.4888E-16  0.7064E-13  0.2430E-14   83.90       10.00       2.000    
          42   323.7       7.471      0.8920E+24  0.4815E+25  0.1330E+25  0.6301E+25  0.1659E-12  0.1972E-12  0.6032E-15  0.9142E-17  0.2089E-20  0.3166E-22  0.9349E-13  0.5568E-16  0.8900E-13  0.4438E-14   99.26       10.00       2.000    
          43   372.8       8.204      0.8595E+24  0.5079E+25  0.1281E+25  0.6627E+25  0.1717E-12  0.2046E-12  0.9571E-15  0.9120E-17  0.2987E-20  0.2847E-22  0.1194E-12  0.6344E-16  0.1116E-12  0.7778E-14   117.4       10.00       2.000    
          44   429.2       9.015      0.8273E+24  0.5354E+25  0.1234E+25  0.6988E+25  0.1778E-12  0.2126E-12  0.1469E-14  0.9012E-17  0.4136E-20  0.2538E-22  0.1524E-12  0.7235E-16  0.1392E-12  0.1316E-13   117.4       5.000       1.000    
          45   494.2       9.919      0.7954E+24  0.5644E+25  0.1187E+25  0.7389E+25  0.1842E-12  0.2211E-12  0.2185E-14  0.8839E-17  0.5560E-20  0.2249E-22  0.1942E-12  0.8265E-16  0.1726E-12  0.2159E-13   138.9       11.00       2.000    
          46   569.0       10.93      0.7638E+24  0.5953E+25  0.1142E+25  0.7833E+25  0.1909E-12  0.2303E-12  0.3162E-14  0.8617E-17  0.7276E-20  0.1983E-22  0.2473E-12  0.9461E-16  0.2127E-12  0.3448E-13   164.3       12.00       2.000    
          47   655.1       12.08      0.7326E+24  0.6285E+25  0.1097E+25  0.8326E+25  0.1980E-12  0.2401E-12  0.4459E-14  0.8366E-17  0.9291E-20  0.1743E-22  0.3144E-12  0.1086E-15  0.2606E-12  0.5378E-13   194.3       12.00       2.000    
          48   754.3       13.38      0.7019E+24  0.6642E+25  0.1054E+25  0.8876E+25  0.2054E-12  0.2506E-12  0.6144E-14  0.8100E-17  0.1160E-19  0.1530E-22  0.3994E-12  0.1249E-15  0.3171E-12  0.8214E-13   229.7       12.00       2.000    
          49   868.5       14.87      0.6718E+24  0.7031E+25  0.1011E+25  0.9495E+25  0.2131E-12  0.2618E-12  0.8288E-14  0.7835E-17  0.1421E-19  0.1343E-22  0.5067E-12  0.1440E-15  0.3834E-12  0.1231E-12   271.6       12.00       2.000    
          50   1000.       16.57      0.6423E+24  0.7458E+25  0.9706E+24  0.1021E+26  0.2212E-12  0.2738E-12  0.1097E-13  0.7582E-17  0.1707E-19  0.1180E-22  0.6423E-12  0.1666E-15  0.4606E-12  0.1816E-12   321.2       13.00       2.000    
 
 
Rate coefficients (m3/s)
 C1    N2    Excitation    0.020 eV                              
 C2    N2    Effective (momentum)                                
 C3    N2    Excitation    0.020 eV                              
 C4    N2    Excitation    0.29 eV                               
 C5    N2    Excitation    0.29 eV                               
 C6    N2    Excitation    0.59 eV                               
 C7    N2    Excitation    0.88 eV                               
 C8    N2    Excitation    1.17 eV                               
 C9    N2    Excitation    1.47 eV                               
 C10   N2    Excitation    1.76 eV                               
 C11   N2    Excitation    2.06 eV                               
 C12   N2    Excitation    2.35 eV                               
 C13   N2    Excitation    6.17 eV                               
 C14   N2    Excitation    7.00 eV                               
 C15   N2    Excitation    7.35 eV                               
 C16   N2    Excitation    7.36 eV                               
 C17   N2    Excitation    7.80 eV                               
 C18   N2    Excitation    8.16 eV                               
 C19   N2    Excitation    8.40 eV                               
 C20   N2    Excitation    8.55 eV                               
 C21   N2    Excitation    8.89 eV                               
 C22   N2    Excitation    11.03 eV                              
 C23   N2    Excitation    11.87 eV                              
 C24   N2    Excitation    12.25 eV                              
 C25   N2    Excitation    13.00 eV                              
 C26   N2    Ionization    15.60 eV                              
 C27   N2    Ionization    18.80 eV                              
 C28   O2    Excitation    0.0000 eV                             
 C29   O2    Attachment                                          
 C30   O2    Attachment                                          
 C31   O2    Effective (momentum)                                
 C32   O2    Excitation    0.020 eV                              
 C33   O2    Excitation    0.19 eV                               
 C34   O2    Excitation    0.19 eV                               
 C35   O2    Excitation    0.38 eV                               
 C36   O2    Excitation    0.38 eV                               
 C37   O2    Excitation    0.57 eV                               
 C38   O2    Excitation    0.75 eV                               
 C39   O2    Excitation    0.98 eV                               
 C40   O2    Excitation    1.63 eV                               
 C41   O2    Excitation    4.50 eV                               
 C42   O2    Excitation    6.00 eV                               
 C43   O2    Excitation    8.40 eV                               
 C44   O2    Excitation    9.97 eV                               
 C45   O2    Ionization    12.06 eV                              
          R#    E/N (Td) Energy (eV)      C1          C2          C3          C4          C5          C6          C7          C8          C9         C10         C11         C12         C13         C14         C15         C16         C17         C18         C19         C20         C21         C22         C23         C24         C25         C26         C27         C28         C29         C30         C31         C32         C33         C34         C35         C36         C37         C38         C39         C40         C41         C42         C43         C44         C45    
           1   1.000      0.2349      0.1597E-18  0.2266E-13  0.6817E-16  0.2522E-17  0.2381E-22  0.3831E-25   0.000       0.000       0.000       0.000       0.000       0.000       0.000       0.000       0.000       0.000       0.000       0.000       0.000       0.000       0.000       0.000       0.000       0.000       0.000       0.000       0.000       0.000      0.2450E-35   0.000      0.1120E-13  0.8947E-17  0.1225E-15   0.000      0.4003E-17   0.000      0.1040E-18  0.6194E-20  0.2342E-20  0.1569E-25   0.000       0.000       0.000       0.000       0.000    
           2   1.151      0.2520      0.4689E-18  0.2388E-13  0.7071E-16  0.3116E-17  0.2475E-21  0.6089E-24   0.000       0.000       0.000       0.000       0.000       0.000       0.000       0.000       0.000       0.000       0.000       0.000       0.000       0.000       0.000       0.000       0.000       0.000       0.000       0.000       0.000       0.000      0.2310E-35   0.000      0.1199E-13  0.1026E-16  0.1533E-15   0.000      0.7044E-17   0.000      0.2623E-18  0.1768E-19  0.8324E-20  0.1831E-24   0.000       0.000       0.000       0.000       0.000    
           3   1.326      0.2725      0.1256E-17  0.2524E-13  0.7374E-16  0.3914E-17  0.1991E-20  0.7943E-23  0.4740E-25  0.3317E-27  0.1609E-28  0.6217E-33   0.000       0.000       0.000       0.000       0.000       0.000       0.000       0.000       0.000       0.000       0.000       0.000       0.000       0.000       0.000       0.000       0.000       0.000      0.2168E-35   0.000      0.1290E-13  0.1182E-16  0.1888E-15   0.000      0.1185E-16   0.000      0.6099E-18  0.4694E-19  0.2606E-19  0.1643E-23   0.000       0.000       0.000       0.000       0.000    
           4   1.526      0.2976      0.3062E-17  0.2682E-13  0.7759E-16  0.5087E-17  0.1256E-19  0.7850E-22  0.4703E-24  0.2863E-26  0.1784E-27  0.6333E-32   0.000       0.000       0.000       0.000       0.000       0.000       0.000       0.000       0.000       0.000       0.000       0.000       0.000       0.000       0.000       0.000       0.000       0.000      0.2024E-35   0.000      0.1400E-13  0.1371E-16  0.2283E-15   0.000      0.1897E-16   0.000      0.1298E-17  0.1147E-18  0.7206E-19  0.1146E-22   0.000       0.000       0.000       0.000       0.000    
           5   1.758      0.3287      0.6810E-17  0.2865E-13  0.8269E-16  0.6957E-17  0.6342E-19  0.6141E-21  0.4571E-23  0.1961E-25  0.1557E-26  0.6379E-31   0.000       0.000       0.000       0.000       0.000       0.000       0.000       0.000       0.000       0.000       0.000       0.000       0.000       0.000       0.000       0.000       0.000       0.000      0.1876E-35   0.000      0.1533E-13  0.1596E-16  0.2698E-15   0.000      0.2884E-16   0.000      0.2528E-17  0.2562E-18  0.1774E-18  0.6339E-22   0.000       0.000       0.000       0.000       0.000    
           6   2.024      0.3673      0.1383E-16  0.3080E-13  0.8964E-16  0.1004E-16  0.2612E-18  0.3831E-20  0.4052E-22  0.1110E-24  0.1066E-25  0.5728E-30   0.000       0.000       0.000       0.000       0.000       0.000       0.000       0.000       0.000       0.000       0.000       0.000       0.000       0.000       0.000       0.000       0.000       0.000      0.1724E-35   0.000      0.1695E-13  0.1858E-16  0.3106E-15   0.000      0.4147E-16   0.000      0.4495E-17  0.5210E-18  0.3908E-18  0.2830E-21   0.000       0.000       0.000       0.000       0.000    
           7   2.330      0.4141      0.2572E-16  0.3327E-13  0.9904E-16  0.1503E-16  0.8928E-18  0.1927E-19  0.3036E-21  0.5591E-24  0.5799E-25  0.4256E-29   0.000       0.000       0.000       0.000       0.000       0.000       0.000       0.000       0.000       0.000       0.000       0.000       0.000       0.000       0.000       0.000       0.000       0.000      0.1568E-35   0.000      0.1887E-13  0.2149E-16  0.3470E-15   0.000      0.5626E-16   0.000      0.7311E-17  0.9624E-18  0.7752E-18  0.1037E-20   0.000       0.000       0.000       0.000       0.000    
           8   2.683      0.4686      0.4397E-16  0.3606E-13  0.1114E-15  0.2260E-16  0.2576E-17  0.7925E-19  0.1854E-20  0.2787E-23  0.2587E-24  0.2550E-28   0.000       0.000       0.000       0.000       0.000       0.000       0.000       0.000       0.000       0.000       0.000       0.000       0.000       0.000       0.000       0.000       0.000       0.000      0.1412E-35   0.000      0.2107E-13  0.2453E-16  0.3756E-15   0.000      0.7202E-16   0.000      0.1091E-16  0.1618E-17  0.1393E-17  0.3172E-20   0.000       0.000       0.000       0.000       0.000    
           9   3.089      0.5289      0.6955E-16  0.3906E-13  0.1270E-15  0.3313E-16  0.6390E-17  0.2711E-18  0.9194E-20  0.1475E-22  0.1011E-23  0.1242E-27   0.000       0.000       0.000       0.000       0.000       0.000       0.000       0.000       0.000       0.000       0.000       0.000       0.000       0.000       0.000       0.000       0.000       0.000      0.1261E-35   0.000      0.2344E-13  0.2749E-16  0.3944E-15   0.000      0.8722E-16   0.000      0.1504E-16  0.2489E-17  0.2287E-17  0.8249E-20   0.000       0.000       0.000       0.000       0.000    
          10   3.556      0.5921      0.1028E-15  0.4218E-13  0.1459E-15  0.4648E-16  0.1388E-16  0.7870E-18  0.3750E-19  0.8059E-22  0.4144E-23  0.4171E-26  0.5959E-28  0.4756E-31   0.000       0.000       0.000       0.000       0.000       0.000       0.000       0.000       0.000       0.000       0.000       0.000       0.000       0.000       0.000       0.000      0.1121E-35   0.000      0.2588E-13  0.3014E-16  0.4029E-15   0.000      0.1005E-15   0.000      0.1933E-16  0.3533E-17  0.3465E-17  0.1858E-19   0.000       0.000       0.000       0.000       0.000    
          11   4.095      0.6547      0.1431E-15  0.4527E-13  0.1680E-15  0.6190E-16  0.2689E-16  0.1976E-17  0.1279E-18  0.4095E-21  0.1982E-22  0.2080E-25  0.2918E-27  0.2062E-30   0.000       0.000       0.000       0.000       0.000       0.000       0.000       0.000       0.000       0.000       0.000       0.000       0.000       0.000       0.000       0.000      0.9948E-36   0.000      0.2824E-13  0.3232E-16  0.4025E-15   0.000      0.1110E-15   0.000      0.2337E-16  0.4669E-17  0.4889E-17  0.3692E-19   0.000       0.000       0.000       0.000       0.000    
          12   4.715      0.7143      0.1902E-15  0.4823E-13  0.1932E-15  0.7830E-16  0.4730E-16  0.4382E-17  0.3740E-18  0.1859E-20  0.1120E-21  0.1041E-24  0.1524E-26  0.1012E-29   0.000       0.000       0.000       0.000       0.000       0.000       0.000       0.000       0.000       0.000       0.000       0.000       0.000       0.000       0.000       0.000      0.8860E-36   0.000      0.3043E-13  0.3396E-16  0.3955E-15   0.000      0.1184E-15   0.000      0.2688E-16  0.5812E-17  0.6499E-17  0.6595E-19   0.000       0.000       0.000       0.000       0.000    
          13   5.429      0.7690      0.2435E-15  0.5100E-13  0.2218E-15  0.9453E-16  0.7683E-16  0.8757E-17  0.9579E-18  0.7442E-20  0.6322E-21  0.6096E-24  0.9468E-26  0.7310E-29   0.000       0.000       0.000       0.000       0.000       0.000       0.000       0.000       0.000       0.000       0.000       0.000       0.000       0.000       0.000       0.000      0.7944E-36   0.000      0.3238E-13  0.3508E-16  0.3845E-15   0.000      0.1230E-15   0.000      0.2974E-16  0.6886E-17  0.8219E-17  0.1077E-18   0.000       0.000       0.000       0.000       0.000    
          14   6.251      0.8179      0.3035E-15  0.5354E-13  0.2540E-15  0.1096E-15  0.1170E-15  0.1605E-16  0.2194E-17  0.2644E-19  0.3189E-20  0.4552E-23  0.7919E-25  0.8882E-28   0.000       0.000       0.000       0.000       0.000       0.000       0.000       0.000       0.000       0.000       0.000       0.000       0.000       0.000       0.000       0.000      0.7189E-36   0.000      0.3408E-13  0.3575E-16  0.3714E-15   0.000      0.1255E-15   0.000      0.3192E-16  0.7838E-17  0.9979E-17  0.1633E-18   0.000       0.000       0.000       0.000       0.000    
          15   7.197      0.8608      0.3711E-15  0.5584E-13  0.2904E-15  0.1229E-15  0.1690E-15  0.2738E-16  0.4578E-17  0.8432E-19  0.1388E-19  0.3715E-22  0.7943E-24  0.1584E-26   0.000       0.000       0.000       0.000       0.000       0.000       0.000       0.000       0.000       0.000       0.000       0.000       0.000       0.000       0.000       0.000      0.6576E-36   0.000      0.3551E-13  0.3606E-16  0.3579E-15   0.000      0.1263E-15   0.000      0.3348E-16  0.8642E-17  0.1172E-16  0.2329E-18   0.000       0.000       0.000       0.000       0.000    
          16   8.286      0.8980      0.4483E-15  0.5793E-13  0.3316E-15  0.1340E-15  0.2339E-15  0.4407E-16  0.8839E-17  0.2441E-18  0.5201E-19  0.2772E-21  0.7685E-23  0.2943E-25   0.000       0.000       0.000       0.000       0.000       0.000       0.000       0.000       0.000       0.000       0.000       0.000       0.000       0.000       0.000       0.000      0.6083E-36   0.000      0.3671E-13  0.3610E-16  0.3451E-15   0.000      0.1260E-15   0.000      0.3454E-16  0.9292E-17  0.1341E-16  0.3162E-18   0.000       0.000       0.000       0.000       0.000    
          17   9.541      0.9300      0.5376E-15  0.5981E-13  0.3784E-15  0.1430E-15  0.3130E-15  0.6763E-16  0.1599E-16  0.6474E-18  0.1700E-18  0.1763E-20  0.6467E-22  0.5878E-24   0.000       0.000       0.000       0.000       0.000       0.000       0.000       0.000       0.000       0.000       0.000       0.000       0.000       0.000       0.000       0.000      0.5688E-36   0.000      0.3770E-13  0.3596E-16  0.3333E-15   0.000      0.1250E-15   0.000      0.3518E-16  0.9796E-17  0.1501E-16  0.4127E-18   0.000       0.000       0.000       0.000       0.000    
          18   10.99      0.9571      0.6424E-15  0.6153E-13  0.4319E-15  0.1499E-15  0.4072E-15  0.9977E-16  0.2740E-16  0.1579E-17  0.4885E-18  0.9286E-20  0.4480E-21  0.7483E-23   0.000       0.000       0.000       0.000       0.000       0.000       0.000       0.000       0.000       0.000       0.000       0.000       0.000       0.000       0.000       0.000      0.5372E-36   0.000      0.3852E-13  0.3569E-16  0.3228E-15   0.000      0.1236E-15   0.000      0.3552E-16  0.1017E-16  0.1653E-16  0.5220E-18   0.000       0.000       0.000       0.000       0.000    
          19   12.65      0.9808      0.7670E-15  0.6312E-13  0.4936E-15  0.1550E-15  0.5178E-15  0.1424E-15  0.4480E-16  0.3570E-17  0.1258E-17  0.4127E-19  0.2596E-20  0.7399E-22   0.000       0.000       0.000       0.000       0.000       0.000       0.000       0.000       0.000       0.000       0.000       0.000       0.000       0.000       0.000       0.000      0.5119E-36   0.000      0.3919E-13  0.3536E-16  0.3137E-15   0.000      0.1221E-15   0.000      0.3564E-16  0.1044E-16  0.1796E-16  0.6448E-18   0.000       0.000       0.000       0.000       0.000    
          20   14.56       1.002      0.9163E-15  0.6463E-13  0.5652E-15  0.1585E-15  0.6461E-15  0.1974E-15  0.7025E-16  0.7531E-17  0.2954E-17  0.1593E-18  0.1300E-19  0.5958E-21  0.4985E-26  0.3628E-26  0.6233E-26  0.2937E-27   0.000       0.000       0.000       0.000       0.000       0.000       0.000       0.000       0.000       0.000       0.000       0.000      0.4915E-36  0.1415E-24  0.3976E-13  0.3499E-16  0.3058E-15  0.2307E-23  0.1205E-15  0.1113E-23  0.3560E-16  0.1061E-16  0.1934E-16  0.7827E-18  0.1024E-23  0.6927E-24   0.000       0.000       0.000    
          21   16.77       1.020      0.1097E-14  0.6610E-13  0.6490E-15  0.1607E-15  0.7940E-15  0.2669E-15  0.1062E-15  0.1481E-16  0.6341E-17  0.5247E-18  0.5432E-19  0.3700E-20  0.1530E-24  0.2571E-24  0.9863E-24  0.2719E-24  0.5908E-25  0.4684E-25  0.2429E-25  0.4206E-25  0.1403E-25   0.000       0.000       0.000       0.000       0.000       0.000      0.2061E-24  0.4750E-36  0.2687E-23  0.4023E-13  0.3457E-16  0.2989E-15  0.4524E-22  0.1188E-15  0.2147E-22  0.3542E-16  0.1070E-16  0.2068E-16  0.9388E-18  0.2018E-22  0.1635E-22  0.1980E-23  0.3622E-28   0.000    
          22   19.31       1.037      0.1315E-14  0.6755E-13  0.7476E-15  0.1618E-15  0.9632E-15  0.3532E-15  0.1554E-15  0.2720E-16  0.1253E-16  0.1486E-17  0.1897E-18  0.1784E-19  0.2424E-23  0.4576E-23  0.1800E-22  0.5447E-23  0.1237E-23  0.1004E-23  0.5539E-24  0.9943E-24  0.3716E-24   0.000       0.000       0.000       0.000       0.000       0.000      0.4257E-23  0.4618E-36  0.3522E-22  0.4062E-13  0.3415E-16  0.2929E-15  0.5851E-21  0.1172E-15  0.2731E-21  0.3515E-16  0.1074E-16  0.2201E-16  0.1117E-17  0.2659E-21  0.2413E-21  0.4373E-22  0.1303E-26   0.000    
          23   22.23       1.053      0.1580E-14  0.6906E-13  0.8646E-15  0.1619E-15  0.1157E-14  0.4583E-15  0.2204E-15  0.4726E-16  0.2326E-16  0.3778E-17  0.5864E-18  0.7284E-19  0.2722E-22  0.5693E-22  0.2283E-21  0.7520E-22  0.1789E-22  0.1478E-22  0.8639E-23  0.1603E-22  0.6670E-23  0.1988E-24  0.2686E-25  0.6710E-27   0.000       0.000       0.000      0.6055E-22  0.4509E-36  0.3309E-21  0.4095E-13  0.3370E-16  0.2876E-15  0.5496E-20  0.1155E-15  0.2531E-20  0.3481E-16  0.1072E-16  0.2339E-16  0.1327E-17  0.2524E-20  0.2524E-20  0.6505E-21  0.4015E-25  0.4389E-26
          24   25.60       1.068      0.1901E-14  0.7068E-13  0.1004E-14  0.1613E-15  0.1378E-14  0.5842E-15  0.3036E-15  0.7772E-16  0.4060E-16  0.8664E-17  0.1605E-17  0.2525E-18  0.2234E-21  0.5116E-21  0.2084E-20  0.7397E-21  0.1842E-21  0.1541E-21  0.9461E-22  0.1805E-21  0.8181E-22  0.4827E-23  0.6057E-24  0.2837E-25  0.4856E-25   0.000       0.000      0.6123E-21  0.4433E-36  0.2290E-20  0.4125E-13  0.3322E-16  0.2828E-15  0.3842E-19  0.1138E-15  0.1750E-19  0.3437E-16  0.1065E-16  0.2490E-16  0.1584E-17  0.1773E-19  0.1928E-19  0.6788E-20  0.6493E-24  0.1603E-24
          25   29.47       1.086      0.2293E-14  0.7251E-13  0.1171E-14  0.1600E-15  0.1631E-14  0.7341E-15  0.4079E-15  0.1221E-15  0.6740E-16  0.1818E-16  0.3946E-17  0.7568E-18  0.1392E-20  0.3455E-20  0.1424E-19  0.5408E-20  0.1409E-20  0.1189E-20  0.7625E-21  0.1489E-20  0.7262E-21  0.7532E-22  0.9017E-23  0.5692E-24  0.1244E-23   0.000       0.000      0.4598E-20  0.4345E-36  0.1208E-19  0.4154E-13  0.3271E-16  0.2780E-15  0.2066E-18  0.1121E-15  0.9333E-19  0.3391E-16  0.1056E-16  0.2673E-16  0.1932E-17  0.9537E-19  0.1117E-18  0.5181E-19  0.7325E-23  0.3094E-23
          26   33.93       1.102      0.2768E-14  0.7463E-13  0.1370E-14  0.1584E-15  0.1920E-14  0.9102E-15  0.5350E-15  0.1837E-15  0.1068E-15  0.3526E-16  0.8829E-17  0.2003E-17  0.6930E-20  0.1849E-19  0.7690E-19  0.3104E-19  0.8435E-20  0.7173E-20  0.4781E-20  0.9530E-20  0.4939E-20  0.8481E-21  0.9335E-22  0.7888E-23  0.2162E-22  0.5685E-25   0.000      0.2708E-19  0.4237E-36  0.5107E-19  0.4183E-13  0.3213E-16  0.2730E-15  0.8963E-18  0.1101E-15  0.4023E-18  0.3344E-16  0.1048E-16  0.2932E-16  0.2474E-17  0.4123E-18  0.5159E-18  0.3060E-18  0.6142E-22  0.4162E-22
          27   39.07       1.130      0.3339E-14  0.7724E-13  0.1608E-14  0.1567E-15  0.2249E-14  0.1115E-14  0.6863E-15  0.2656E-15  0.1619E-15  0.6346E-16  0.1802E-16  0.4706E-17  0.2818E-19  0.8011E-19  0.3354E-18  0.1432E-18  0.4045E-19  0.3467E-19  0.2390E-19  0.4848E-19  0.2641E-19  0.7107E-20  0.6993E-21  0.7840E-22  0.2618E-21  0.1381E-23   0.000      0.1281E-18  0.4137E-36  0.1764E-18  0.4221E-13  0.3145E-16  0.2673E-15  0.3195E-17  0.1078E-15  0.1428E-17  0.3317E-16  0.1054E-16  0.3369E-16  0.3456E-17  0.1460E-17  0.1941E-17  0.1434E-17  0.3947E-21  0.4048E-21
          28   44.98       1.176      0.4016E-14  0.8057E-13  0.1886E-14  0.1555E-15  0.2619E-14  0.1349E-14  0.8611E-15  0.3694E-15  0.2353E-15  0.1068E-15  0.3389E-16  0.9954E-17  0.9689E-19  0.2913E-18  0.1224E-17  0.5507E-18  0.1610E-18  0.1392E-18  0.9881E-19  0.2036E-18  0.1153E-18  0.4631E-19  0.3992E-20  0.5907E-21  0.2355E-20  0.2337E-22  0.1667E-25  0.5050E-18  0.4024E-36  0.5149E-18  0.4275E-13  0.3060E-16  0.2601E-15  0.9671E-17  0.1049E-15  0.4308E-17  0.3356E-16  0.1101E-16  0.4190E-16  0.5372E-17  0.4383E-17  0.6157E-17  0.5540E-17  0.2029E-20  0.3004E-20
          29   51.79       1.255      0.4790E-14  0.8490E-13  0.2201E-14  0.1560E-15  0.3019E-14  0.1607E-14  0.1054E-14  0.4941E-15  0.3278E-15  0.1681E-15  0.5872E-16  0.1900E-16  0.2852E-18  0.9006E-18  0.3788E-17  0.1792E-17  0.5392E-18  0.4712E-18  0.3430E-18  0.7165E-18  0.4182E-18  0.2393E-18  0.1785E-19  0.3468E-20  0.1621E-19  0.2734E-21  0.3751E-24  0.1682E-17  0.3881E-36  0.1286E-17  0.4361E-13  0.2946E-16  0.2506E-15  0.2514E-16  0.1010E-15  0.1118E-16  0.3556E-16  0.1247E-16  0.5729E-16  0.9020E-17  0.1127E-16  0.1668E-16  0.1792E-16  0.8516E-20  0.1748E-19
          30   59.64       1.390      0.5627E-14  0.9056E-13  0.2539E-14  0.1597E-15  0.3429E-14  0.1876E-14  0.1255E-14  0.6341E-15  0.4365E-15  0.2478E-15  0.9402E-16  0.3292E-16  0.7330E-18  0.2416E-17  0.1014E-16  0.5037E-17  0.1552E-17  0.1373E-17  0.1022E-17  0.2162E-17  0.1287E-17  0.1007E-17  0.6455E-19  0.1641E-19  0.8861E-19  0.2369E-20  0.5967E-23  0.4842E-17  0.3675E-36  0.2800E-17  0.4502E-13  0.2793E-16  0.2377E-15  0.5716E-16  0.9570E-16  0.2539E-16  0.4081E-16  0.1591E-16  0.8444E-16  0.1549E-16  0.2534E-16  0.3939E-16  0.4963E-16  0.2998E-19  0.8241E-19
          31   68.66       1.604      0.6461E-14  0.9772E-13  0.2871E-14  0.1684E-15  0.3812E-14  0.2133E-14  0.1445E-14  0.7775E-15  0.5531E-15  0.3415E-15  0.1389E-15  0.5190E-16  0.1663E-17  0.5687E-17  0.2376E-16  0.1239E-16  0.3884E-17  0.3488E-17  0.2643E-17  0.5666E-17  0.3410E-17  0.3513E-17  0.1932E-18  0.6403E-19  0.3941E-18  0.1570E-19  0.6510E-22  0.1220E-16  0.3409E-36  0.5379E-17  0.4721E-13  0.2592E-16  0.2205E-15  0.1149E-15  0.8873E-16  0.5105E-16  0.5146E-16  0.2260E-16  0.1279E-15  0.2587E-16  0.5031E-16  0.8195E-16  0.1193E-15  0.9007E-19  0.3220E-18
          32   79.06       1.912      0.7202E-14  0.1063E-12  0.3162E-14  0.1835E-15  0.4125E-14  0.2349E-14  0.1604E-14  0.9089E-15  0.6659E-15  0.4402E-15  0.1899E-15  0.7473E-16  0.3360E-17  0.1186E-16  0.4917E-16  0.2694E-16  0.8550E-17  0.7802E-17  0.6001E-17  0.1305E-16  0.7867E-17  0.1032E-16  0.4877E-18  0.2097E-18  0.1455E-17  0.8187E-19  0.5215E-21  0.2719E-16  0.3069E-36  0.9194E-17  0.5038E-13  0.2342E-16  0.1991E-15  0.2059E-15  0.8012E-16  0.9153E-16  0.6960E-16  0.3377E-16  0.1902E-15  0.4070E-16  0.8897E-16  0.1516E-15  0.2519E-15  0.2345E-18  0.1062E-17
          33   91.03       2.316      0.7750E-14  0.1157E-12  0.3371E-14  0.2053E-15  0.4324E-14  0.2496E-14  0.1710E-14  0.1011E-14  0.7598E-15  0.5309E-15  0.2405E-15  0.9871E-16  0.6113E-17  0.2219E-16  0.9091E-16  0.5242E-16  0.1675E-16  0.1555E-16  0.1210E-16  0.2677E-16  0.1601E-16  0.2594E-16  0.1059E-17  0.5875E-18  0.4559E-17  0.3460E-18  0.3191E-20  0.5434E-16  0.2713E-36  0.1414E-16  0.5456E-13  0.2057E-16  0.1747E-15  0.3323E-15  0.7029E-16  0.1479E-15  0.9630E-16  0.5002E-16  0.2696E-15  0.5961E-16  0.1416E-15  0.2522E-15  0.4730E-15  0.5375E-18  0.3016E-17
          34   104.8       2.797      0.8048E-14  0.1254E-12  0.3476E-14  0.2329E-15  0.4389E-14  0.2560E-14  0.1756E-14  0.1074E-14  0.8250E-15  0.6025E-15  0.2841E-15  0.1206E-15  0.1014E-16  0.3767E-16  0.1521E-15  0.9246E-16  0.2963E-16  0.2795E-16  0.2197E-16  0.4957E-16  0.2914E-16  0.5680E-16  0.2019E-17  0.1434E-17  0.1236E-16  0.1216E-17  0.1542E-19  0.9879E-16  0.2328E-36  0.1981E-16  0.5961E-13  0.1760E-16  0.1491E-15  0.4886E-15  0.6005E-16  0.2178E-15  0.1310E-15  0.7094E-16  0.3605E-15  0.8125E-16  0.2053E-15  0.3817E-15  0.8013E-15  0.1103E-17  0.7513E-17
          35   120.7       3.328      0.8085E-14  0.1347E-12  0.3474E-14  0.2643E-15  0.4325E-14  0.2542E-14  0.1742E-14  0.1095E-14  0.8569E-15  0.6483E-15  0.3159E-15  0.1378E-15  0.1553E-16  0.5894E-16  0.2335E-15  0.1501E-15  0.4803E-16  0.4600E-16  0.3641E-16  0.8416E-16  0.4821E-16  0.1104E-15  0.3449E-17  0.3109E-17  0.2959E-16  0.3655E-17  0.6094E-19  0.1659E-15  0.1927E-36  0.2563E-16  0.6528E-13  0.1474E-16  0.1246E-15  0.6638E-15  0.5022E-16  0.2963E-15  0.1715E-15  0.9519E-16  0.4554E-15  0.1039E-15  0.2749E-15  0.5334E-15  0.1245E-14  0.2064E-17  0.1676E-16
          36   138.9       3.884      0.7901E-14  0.1432E-12  0.3382E-14  0.2977E-15  0.4161E-14  0.2459E-14  0.1681E-14  0.1079E-14  0.8580E-15  0.6675E-15  0.3340E-15  0.1488E-15  0.2229E-16  0.8613E-16  0.3337E-15  0.2271E-15  0.7238E-16  0.7024E-16  0.5587E-16  0.1329E-15  0.7358E-16  0.1941E-15  0.5385E-17  0.6086E-17  0.6379E-16  0.9613E-17  0.2029E-18  0.2613E-15  0.1588E-36  0.3106E-16  0.7130E-13  0.1219E-16  0.1027E-15  0.8438E-15  0.4146E-16  0.3773E-15  0.2146E-15  0.1208E-15  0.5468E-15  0.1258E-15  0.3442E-15  0.6970E-15  0.1799E-14  0.3579E-17  0.3409E-16
          37   160.0       4.445      0.7555E-14  0.1507E-12  0.3226E-14  0.3318E-15  0.3928E-14  0.2330E-14  0.1588E-14  0.1037E-14  0.8355E-15  0.6645E-15  0.3397E-15  0.1540E-15  0.3036E-16  0.1192E-15  0.4504E-15  0.3247E-15  0.1029E-15  0.1009E-15  0.8048E-16  0.1980E-15  0.1051E-15  0.3137E-15  0.7828E-17  0.1094E-16  0.1261E-15  0.2264E-16  0.5853E-18  0.3911E-15  0.1313E-36  0.3573E-16  0.7750E-13  0.1002E-16  0.8404E-16  0.1017E-14  0.3401E-16  0.4554E-15  0.2576E-15  0.1461E-15  0.6302E-15  0.1460E-15  0.4086E-15  0.8636E-15  0.2457E-14  0.5842E-17  0.6437E-16
          38   184.2       5.011      0.7105E-14  0.1573E-12  0.3028E-14  0.3662E-15  0.3656E-14  0.2174E-14  0.1478E-14  0.9784E-15  0.7964E-15  0.6445E-15  0.3352E-15  0.1542E-15  0.3969E-16  0.1580E-15  0.5806E-15  0.4436E-15  0.1396E-15  0.1378E-15  0.1101E-15  0.2815E-15  0.1424E-15  0.4732E-15  0.1076E-16  0.1832E-16  0.2320E-15  0.4868E-16  0.1499E-17  0.5626E-15  0.1064E-36  0.3949E-16  0.8381E-13  0.8227E-17  0.6873E-16  0.1176E-14  0.2787E-16  0.5271E-15  0.2981E-15  0.1697E-15  0.7034E-15  0.1641E-15  0.4649E-15  0.1026E-14  0.3210E-14  0.9098E-17  0.1145E-15
          39   212.1       5.584      0.6598E-14  0.1633E-12  0.2808E-14  0.4011E-15  0.3367E-14  0.2005E-14  0.1360E-14  0.9092E-15  0.7466E-15  0.6124E-15  0.3231E-15  0.1503E-15  0.5017E-16  0.2021E-15  0.7209E-15  0.5830E-15  0.1822E-15  0.1805E-15  0.1442E-15  0.3847E-15  0.1844E-15  0.6735E-15  0.1416E-16  0.2883E-16  0.4016E-15  0.9691E-16  0.3468E-17  0.7834E-15  0.8760E-37  0.4227E-16  0.9019E-13  0.6792E-17  0.5651E-16  0.1313E-14  0.2297E-16  0.5893E-15  0.3340E-15  0.1902E-15  0.7655E-15  0.1800E-15  0.5108E-15  0.1179E-14  0.4047E-14  0.1364E-16  0.1938E-15
          40   244.2       6.176      0.6069E-14  0.1689E-12  0.2580E-14  0.4375E-15  0.3077E-14  0.1834E-14  0.1240E-14  0.8362E-15  0.6915E-15  0.5733E-15  0.3060E-15  0.1436E-15  0.6169E-16  0.2512E-15  0.8687E-15  0.7417E-15  0.2303E-15  0.2283E-15  0.1821E-15  0.5089E-15  0.2302E-15  0.9130E-15  0.1802E-16  0.4302E-16  0.6607E-15  0.1809E-15  0.7369E-17  0.1062E-14  0.7202E-37  0.4417E-16  0.9673E-13  0.5640E-17  0.4672E-16  0.1427E-14  0.1903E-16  0.6409E-15  0.3644E-15  0.2073E-15  0.8173E-15  0.1939E-15  0.5460E-15  0.1318E-14  0.4967E-14  0.1985E-16  0.3152E-15
          41   281.2       6.801      0.5537E-14  0.1743E-12  0.2353E-14  0.4760E-15  0.2793E-14  0.1665E-14  0.1124E-14  0.7624E-15  0.6342E-15  0.5302E-15  0.2857E-15  0.1351E-15  0.7410E-16  0.3044E-15  0.1021E-14  0.9168E-15  0.2834E-15  0.2800E-15  0.2228E-15  0.6545E-15  0.2783E-15  0.1187E-14  0.2230E-16  0.6124E-16  0.1039E-14  0.3196E-15  0.1456E-16  0.1408E-14  0.5951E-37  0.4528E-16  0.1035E-12  0.4713E-17  0.3890E-16  0.1516E-14  0.1588E-16  0.6812E-15  0.3885E-15  0.2204E-15  0.8599E-15  0.2062E-15  0.5702E-15  0.1442E-14  0.5961E-14  0.2819E-16  0.4955E-15
          42   323.7       7.471      0.5020E-14  0.1797E-12  0.2132E-14  0.5171E-15  0.2521E-14  0.1503E-14  0.1013E-14  0.6904E-15  0.5770E-15  0.4856E-15  0.2636E-15  0.1254E-15  0.8716E-16  0.3609E-15  0.1174E-14  0.1104E-14  0.3401E-15  0.3343E-15  0.2652E-15  0.8207E-15  0.3274E-15  0.1487E-14  0.2697E-16  0.8356E-16  0.1572E-14  0.5379E-15  0.2697E-16  0.1828E-14  0.5038E-37  0.4571E-16  0.1104E-12  0.3968E-17  0.3262E-16  0.1579E-14  0.1334E-16  0.7098E-15  0.4057E-15  0.2294E-15  0.8937E-15  0.2170E-15  0.5837E-15  0.1549E-14  0.7024E-14  0.3921E-16  0.7565E-15
          43   372.8       8.204      0.4520E-14  0.1852E-12  0.1919E-14  0.5609E-15  0.2262E-14  0.1349E-14  0.9069E-15  0.6206E-15  0.5207E-15  0.4405E-15  0.2407E-15  0.1152E-15  0.1006E-15  0.4193E-15  0.1324E-14  0.1298E-14  0.3994E-15  0.3897E-15  0.3081E-15  0.1006E-14  0.3758E-15  0.1805E-14  0.3200E-16  0.1097E-15  0.2296E-14  0.8676E-15  0.4724E-16  0.2329E-14  0.4230E-37  0.4560E-16  0.1177E-12  0.3357E-17  0.2751E-16  0.1617E-14  0.1127E-16  0.7271E-15  0.4161E-15  0.2343E-15  0.9197E-15  0.2264E-15  0.5873E-15  0.1637E-14  0.8151E-14  0.5362E-16  0.1126E-14
          44   429.2       9.015      0.4045E-14  0.1910E-12  0.1718E-14  0.6067E-15  0.2019E-14  0.1203E-14  0.8080E-15  0.5546E-15  0.4668E-15  0.3966E-15  0.2179E-15  0.1047E-15  0.1140E-15  0.4781E-15  0.1469E-14  0.1491E-14  0.4595E-15  0.4446E-15  0.3501E-15  0.1207E-14  0.4220E-15  0.2128E-14  0.3728E-16  0.1392E-15  0.3247E-14  0.1347E-14  0.7872E-16  0.2916E-14  0.3658E-37  0.4506E-16  0.1253E-12  0.2851E-17  0.2330E-16  0.1631E-14  0.9564E-17  0.7335E-15  0.4198E-15  0.2353E-15  0.9386E-15  0.2347E-15  0.5818E-15  0.1707E-14  0.9334E-14  0.7223E-16  0.1638E-14
          45   494.2       9.919      0.3600E-14  0.1970E-12  0.1528E-14  0.6533E-15  0.1793E-14  0.1068E-14  0.7161E-15  0.4927E-15  0.4159E-15  0.3545E-15  0.1956E-15  0.9436E-16  0.1272E-15  0.5357E-15  0.1604E-14  0.1678E-14  0.5188E-15  0.4974E-15  0.3901E-15  0.1421E-14  0.4646E-15  0.2445E-14  0.4271E-16  0.1711E-15  0.4463E-14  0.2022E-14  0.1255E-15  0.3591E-14  0.2961E-37  0.4419E-16  0.1333E-12  0.2429E-17  0.1980E-16  0.1622E-14  0.8139E-17  0.7295E-15  0.4171E-15  0.2327E-15  0.9506E-15  0.2416E-15  0.5682E-15  0.1759E-14  0.1056E-13  0.9604E-16  0.2335E-14
          46   569.0       10.93      0.3185E-14  0.2033E-12  0.1352E-14  0.6990E-15  0.1584E-14  0.9430E-15  0.6315E-15  0.4353E-15  0.3682E-15  0.3147E-15  0.1743E-15  0.8437E-16  0.1396E-15  0.5904E-15  0.1728E-14  0.1851E-14  0.5755E-15  0.5467E-15  0.4270E-15  0.1643E-14  0.5023E-15  0.2744E-14  0.4811E-16  0.2044E-15  0.5976E-14  0.2944E-14  0.1921E-15  0.4354E-14  0.2671E-37  0.4309E-16  0.1416E-12  0.2072E-17  0.1686E-16  0.1592E-14  0.6938E-17  0.7162E-15  0.4085E-15  0.2268E-15  0.9563E-15  0.2471E-15  0.5475E-15  0.1791E-14  0.1183E-13  0.1262E-15  0.3268E-14
          47   655.1       12.08      0.2803E-14  0.2099E-12  0.1190E-14  0.7419E-15  0.1392E-14  0.8282E-15  0.5540E-15  0.3825E-15  0.3241E-15  0.2776E-15  0.1543E-15  0.7489E-16  0.1509E-15  0.6406E-15  0.1835E-14  0.2005E-14  0.6279E-15  0.5912E-15  0.4600E-15  0.1868E-14  0.5340E-15  0.3015E-14  0.5331E-16  0.2381E-15  0.7813E-14  0.4167E-14  0.2836E-15  0.5200E-14  0.2204E-37  0.4183E-16  0.1502E-12  0.1769E-17  0.1437E-16  0.1543E-14  0.5919E-17  0.6944E-15  0.3946E-15  0.2180E-15  0.9558E-15  0.2509E-15  0.5209E-15  0.1806E-14  0.1312E-13  0.1642E-15  0.4493E-14
          48   754.3       13.38      0.2454E-14  0.2169E-12  0.1042E-14  0.7800E-15  0.1217E-14  0.7238E-15  0.4838E-15  0.3343E-15  0.2838E-15  0.2435E-15  0.1357E-15  0.6603E-16  0.1609E-15  0.6848E-15  0.1925E-14  0.2134E-14  0.6744E-15  0.6298E-15  0.4886E-15  0.2092E-14  0.5588E-15  0.3248E-14  0.5811E-16  0.2708E-15  0.9998E-14  0.5755E-14  0.4055E-15  0.6122E-14  0.1877E-37  0.4050E-16  0.1593E-12  0.1511E-17  0.1225E-16  0.1478E-14  0.5051E-17  0.6652E-15  0.3761E-15  0.2068E-15  0.9497E-15  0.2529E-15  0.4896E-15  0.1804E-14  0.1442E-13  0.2116E-15  0.6079E-14
          49   868.5       14.87      0.2137E-14  0.2242E-12  0.9073E-15  0.8116E-15  0.1059E-14  0.6293E-15  0.4203E-15  0.2907E-15  0.2471E-15  0.2123E-15  0.1186E-15  0.5782E-16  0.1692E-15  0.7217E-15  0.1994E-14  0.2233E-14  0.7138E-15  0.6616E-15  0.5123E-15  0.2308E-14  0.5762E-15  0.3436E-14  0.6230E-16  0.3018E-15  0.1255E-13  0.7771E-14  0.5630E-15  0.7108E-14  0.1597E-37  0.3917E-16  0.1687E-12  0.1288E-17  0.1043E-16  0.1400E-14  0.4305E-17  0.6299E-15  0.3540E-15  0.1936E-15  0.9384E-15  0.2529E-15  0.4547E-15  0.1785E-14  0.1572E-13  0.2703E-15  0.8102E-14
          50   1000.       16.57      0.1852E-14  0.2319E-12  0.7866E-15  0.8349E-15  0.9171E-15  0.5449E-15  0.3636E-15  0.2517E-15  0.2142E-15  0.1843E-15  0.1031E-15  0.5036E-16  0.1756E-15  0.7502E-15  0.2041E-14  0.2299E-14  0.7447E-15  0.6861E-15  0.5312E-15  0.2512E-14  0.5858E-15  0.3573E-14  0.6572E-16  0.3299E-15  0.1547E-13  0.1028E-13  0.7617E-15  0.8144E-14  0.1360E-37  0.3791E-16  0.1785E-12  0.1098E-17  0.8880E-17  0.1310E-14  0.3667E-17  0.5898E-15  0.3289E-15  0.1791E-15  0.9225E-15  0.2506E-15  0.4175E-15  0.1752E-14  0.1701E-13  0.3423E-15  0.1065E-13
 
 
