field_vs_length
---------------
0.000000000000000000e+00 2.500000000000000000e+06
1.001251564455569429e-04 2.500000000000000000e+06
2.002503128911138858e-04 2.500000000000000000e+06
3.003754693366708422e-04 2.500000000000000000e+06
4.005006257822277716e-04 2.500000000000000000e+06
5.006257822277847009e-04 2.500000000000000000e+06
6.007509386733416844e-04 2.500000000000000000e+06
7.008760951188985596e-04 2.500000000000000000e+06
8.010012515644555431e-04 2.500000000000000000e+06
9.011264080100125267e-04 2.500000000000000000e+06
1.001251564455569402e-03 2.500000000000000000e+06
1.101376720901126385e-03 2.500000000000000000e+06
1.201501877346683369e-03 2.500000000000000000e+06
1.301627033792240352e-03 2.500000000000000000e+06
1.401752190237797119e-03 2.500000000000000000e+06
1.501877346683354103e-03 2.500000000000000000e+06
1.602002503128911086e-03 2.500000000000000000e+06
1.702127659574468070e-03 2.500000000000000000e+06
1.802252816020025053e-03 2.500000000000000000e+06
1.902377972465581820e-03 2.500000000000000000e+06
2.002503128911138804e-03 2.500000000000000000e+06
2.102628285356695787e-03 2.500000000000000000e+06
2.202753441802252771e-03 2.500000000000000000e+06
2.302878598247809754e-03 2.500000000000000000e+06
2.403003754693366738e-03 2.500000000000000000e+06
2.503128911138923721e-03 2.500000000000000000e+06
2.603254067584480705e-03 2.500000000000000000e+06
2.703379224030037255e-03 2.500000000000000000e+06
2.803504380475594238e-03 2.500000000000000000e+06
2.903629536921151222e-03 2.500000000000000000e+06
3.003754693366708205e-03 2.500000000000000000e+06
3.103879849812265189e-03 2.500000000000000000e+06
3.204005006257822172e-03 2.500000000000000000e+06
3.304130162703379156e-03 2.500000000000000000e+06
3.404255319148936140e-03 2.500000000000000000e+06
3.504380475594493123e-03 2.500000000000000000e+06
3.604505632040050107e-03 2.500000000000000000e+06
3.704630788485607090e-03 2.500000000000000000e+06
3.804755944931163640e-03 2.500000000000000000e+06
3.904881101376720624e-03 2.500000000000000000e+06
4.005006257822277607e-03 2.500000000000000000e+06
4.105131414267835024e-03 2.500000000000000000e+06
4.205256570713391574e-03 2.500000000000000000e+06
4.305381727158948124e-03 2.500000000000000000e+06
4.405506883604505541e-03 2.500000000000000000e+06
4.505632040050062091e-03 2.500000000000000000e+06
4.605757196495619508e-03 2.500000000000000000e+06
4.705882352941176058e-03 2.500000000000000000e+06
4.806007509386733476e-03 2.500000000000000000e+06
4.906132665832290025e-03 2.500000000000000000e+06
5.006257822277847443e-03 2.500000000000000000e+06
5.106382978723403993e-03 2.500000000000000000e+06
5.206508135168961410e-03 2.500000000000000000e+06
5.306633291614517960e-03 2.500000000000000000e+06
5.406758448060074509e-03 2.500000000000000000e+06
5.506883604505631927e-03 2.500000000000000000e+06
5.607008760951188477e-03 2.500000000000000000e+06
5.707133917396745894e-03 2.500000000000000000e+06
5.807259073842302444e-03 2.500000000000000000e+06
5.907384230287859861e-03 2.500000000000000000e+06
6.007509386733416411e-03 2.500000000000000000e+06
6.107634543178973828e-03 2.500000000000000000e+06
6.207759699624530378e-03 2.500000000000000000e+06
6.307884856070087795e-03 2.500000000000000000e+06
6.408010012515644345e-03 2.500000000000000000e+06
6.508135168961200895e-03 2.500000000000000000e+06
6.608260325406758312e-03 2.500000000000000000e+06
6.708385481852314862e-03 2.500000000000000000e+06
6.808510638297872279e-03 2.500000000000000000e+06
6.908635794743428829e-03 2.500000000000000000e+06
7.008760951188986246e-03 2.500000000000000000e+06
7.108886107634542796e-03 2.500000000000000000e+06
7.209011264080100213e-03 2.500000000000000000e+06
7.309136420525656763e-03 2.500000000000000000e+06
7.409261576971214180e-03 2.500000000000000000e+06
7.509386733416770730e-03 2.500000000000000000e+06
7.609511889862327280e-03 2.500000000000000000e+06
7.709637046307884697e-03 2.500000000000000000e+06
7.809762202753441247e-03 2.500000000000000000e+06
7.909887359198997797e-03 2.500000000000000000e+06
8.010012515644555214e-03 2.500000000000000000e+06
8.110137672090112632e-03 2.500000000000000000e+06
8.210262828535670049e-03 2.500000000000000000e+06
8.310387984981225731e-03 2.500000000000000000e+06
8.410513141426783149e-03 2.500000000000000000e+06
8.510638297872340566e-03 2.500000000000000000e+06
8.610763454317896248e-03 2.500000000000000000e+06
8.710888610763453666e-03 2.500000000000000000e+06
8.811013767209011083e-03 2.500000000000000000e+06
8.911138923654568500e-03 2.500000000000000000e+06
9.011264080100124182e-03 2.500000000000000000e+06
9.111389236545681600e-03 2.500000000000000000e+06
9.211514392991239017e-03 2.500000000000000000e+06
9.311639549436796434e-03 2.500000000000000000e+06
9.411764705882352117e-03 2.500000000000000000e+06
9.511889862327909534e-03 2.500000000000000000e+06
9.612015018773466951e-03 2.500000000000000000e+06
9.712140175219022634e-03 2.500000000000000000e+06
9.812265331664580051e-03 2.500000000000000000e+06
9.912390488110137468e-03 2.500000000000000000e+06
1.001251564455569489e-02 2.500000000000000000e+06
1.011264080100125057e-02 2.500000000000000000e+06
1.021276595744680799e-02 2.500000000000000000e+06
1.031289111389236540e-02 2.500000000000000000e+06
1.041301627033792282e-02 2.500000000000000000e+06
1.051314142678347850e-02 2.500000000000000000e+06
1.061326658322903592e-02 2.500000000000000000e+06
1.071339173967459334e-02 2.500000000000000000e+06
1.081351689612014902e-02 2.500000000000000000e+06
1.091364205256570644e-02 2.500000000000000000e+06
1.101376720901126385e-02 2.500000000000000000e+06
1.111389236545682127e-02 2.500000000000000000e+06
1.121401752190237695e-02 2.500000000000000000e+06
1.131414267834793437e-02 2.500000000000000000e+06
1.141426783479349179e-02 2.500000000000000000e+06
1.151439299123904920e-02 2.500000000000000000e+06
1.161451814768460489e-02 2.500000000000000000e+06
1.171464330413016230e-02 2.500000000000000000e+06
1.181476846057571972e-02 2.500000000000000000e+06
1.191489361702127540e-02 2.500000000000000000e+06
1.201501877346683282e-02 2.500000000000000000e+06
1.211514392991239024e-02 2.500000000000000000e+06
1.221526908635794766e-02 2.500000000000000000e+06
1.231539424280350334e-02 2.500000000000000000e+06
1.241551939924906076e-02 2.500000000000000000e+06
1.251564455569461817e-02 2.500000000000000000e+06
1.261576971214017559e-02 2.500000000000000000e+06
1.271589486858573127e-02 2.500000000000000000e+06
1.281602002503128869e-02 2.500000000000000000e+06
1.291614518147684611e-02 2.500000000000000000e+06
1.301627033792240179e-02 2.500000000000000000e+06
1.311639549436795921e-02 2.500000000000000000e+06
1.321652065081351662e-02 2.500000000000000000e+06
1.331664580725907404e-02 2.500000000000000000e+06
1.341677096370462972e-02 2.500000000000000000e+06
1.351689612015018714e-02 2.500000000000000000e+06
1.361702127659574456e-02 2.500000000000000000e+06
1.371714643304130198e-02 2.500000000000000000e+06
1.381727158948685766e-02 2.500000000000000000e+06
1.391739674593241508e-02 2.500000000000000000e+06
1.401752190237797249e-02 2.500000000000000000e+06
1.411764705882352818e-02 2.500000000000000000e+06
1.421777221526908559e-02 2.500000000000000000e+06
1.431789737171464301e-02 2.500000000000000000e+06
1.441802252816020043e-02 2.500000000000000000e+06
1.451814768460575611e-02 2.500000000000000000e+06
1.461827284105131353e-02 2.500000000000000000e+06
1.471839799749687094e-02 2.500000000000000000e+06
1.481852315394242836e-02 2.500000000000000000e+06
1.491864831038798404e-02 2.500000000000000000e+06
1.501877346683354146e-02 2.500000000000000000e+06
1.511889862327909888e-02 2.500000000000000000e+06
1.521902377972465456e-02 2.500000000000000000e+06
1.531914893617021198e-02 2.500000000000000000e+06
1.541927409261576939e-02 2.500000000000000000e+06
1.551939924906132681e-02 2.500000000000000000e+06
1.561952440550688249e-02 2.500000000000000000e+06
1.571964956195244165e-02 2.500000000000000000e+06
1.581977471839799559e-02 2.500000000000000000e+06
1.591989987484355301e-02 2.500000000000000000e+06
1.602002503128911043e-02 2.500000000000000000e+06
1.612015018773466785e-02 2.500000000000000000e+06
1.622027534418022526e-02 2.500000000000000000e+06
1.632040050062578268e-02 2.500000000000000000e+06
1.642052565707134010e-02 2.500000000000000000e+06
1.652065081351689405e-02 2.500000000000000000e+06
1.662077596996245146e-02 2.500000000000000000e+06
1.672090112640800888e-02 2.500000000000000000e+06
1.682102628285356630e-02 2.500000000000000000e+06
1.692115143929912371e-02 2.500000000000000000e+06
1.702127659574468113e-02 2.500000000000000000e+06
1.712140175219023855e-02 2.500000000000000000e+06
1.722152690863579250e-02 2.500000000000000000e+06
1.732165206508134991e-02 2.500000000000000000e+06
1.742177722152690733e-02 2.500000000000000000e+06
1.752190237797246475e-02 2.500000000000000000e+06
1.762202753441802217e-02 2.500000000000000000e+06
1.772215269086357958e-02 2.500000000000000000e+06
1.782227784730913700e-02 2.500000000000000000e+06
1.792240300375469442e-02 2.500000000000000000e+06
1.802252816020024836e-02 2.500000000000000000e+06
1.812265331664580578e-02 2.500000000000000000e+06
1.822277847309136320e-02 2.500000000000000000e+06
1.832290362953692062e-02 2.500000000000000000e+06
1.842302878598247803e-02 2.500000000000000000e+06
1.852315394242803545e-02 2.500000000000000000e+06
1.862327909887359287e-02 2.500000000000000000e+06
1.872340425531914682e-02 2.500000000000000000e+06
1.882352941176470423e-02 2.500000000000000000e+06
1.892365456821026165e-02 2.500000000000000000e+06
1.902377972465581907e-02 2.500000000000000000e+06
1.912390488110137649e-02 2.500000000000000000e+06
1.922403003754693390e-02 2.500000000000000000e+06
1.932415519399249132e-02 2.500000000000000000e+06
1.942428035043804527e-02 2.500000000000000000e+06
1.952440550688360268e-02 2.500000000000000000e+06
1.962453066332916010e-02 2.500000000000000000e+06
1.972465581977471752e-02 2.500000000000000000e+06
1.982478097622027494e-02 2.500000000000000000e+06
1.992490613266583235e-02 2.500000000000000000e+06
2.002503128911138977e-02 2.498748435544430744e+06
2.012515644555694719e-02 2.493742177722152788e+06
2.022528160200250114e-02 2.488735919899874832e+06
2.032540675844805855e-02 2.483729662077596877e+06
2.042553191489361597e-02 2.478723404255319387e+06
2.052565707133917339e-02 2.473717146433041431e+06
2.062578222778473080e-02 2.468710888610763475e+06
2.072590738423028822e-02 2.463704630788485520e+06
2.082603254067584564e-02 2.458698372966207564e+06
2.092615769712139959e-02 2.453692115143930074e+06
2.102628285356695700e-02 2.448685857321652118e+06
2.112640801001251442e-02 2.443679599499374162e+06
2.122653316645807184e-02 2.438673341677096207e+06
2.132665832290362926e-02 2.433667083854818717e+06
2.142678347934918667e-02 2.428660826032540761e+06
2.152690863579474409e-02 2.423654568210262805e+06
2.162703379224029804e-02 2.418648310387985315e+06
2.172715894868585546e-02 2.413642052565707359e+06
2.182728410513141287e-02 2.408635794743429404e+06
2.192740926157697029e-02 2.403629536921151448e+06
2.202753441802252771e-02 2.398623279098873492e+06
2.212765957446808512e-02 2.393617021276596002e+06
2.222778473091364254e-02 2.388610763454318047e+06
2.232790988735919996e-02 2.383604505632040091e+06
2.242803504380475391e-02 2.378598247809762135e+06
2.252816020025031132e-02 2.373591989987484645e+06
2.262828535669586874e-02 2.368585732165206689e+06
2.272841051314142616e-02 2.363579474342928734e+06
2.282853566958698358e-02 2.358573216520650778e+06
2.292866082603254099e-02 2.353566958698372822e+06
2.302878598247809841e-02 2.348560700876095332e+06
2.312891113892365236e-02 2.343554443053817376e+06
2.322903629536920977e-02 2.338548185231539421e+06
2.332916145181476719e-02 2.333541927409261465e+06
2.342928660826032461e-02 2.328535669586983975e+06
2.352941176470588203e-02 2.323529411764706019e+06
2.362953692115143944e-02 2.318523153942428064e+06
2.372966207759699686e-02 2.313516896120150108e+06
2.382978723404255081e-02 2.308510638297872618e+06
2.392991239048810823e-02 2.303504380475594662e+06
2.403003754693366564e-02 2.298498122653316706e+06
2.413016270337922306e-02 2.293491864831038751e+06
2.423028785982478048e-02 2.288485607008760795e+06
2.433041301627033789e-02 2.283479349186483305e+06
2.443053817271589531e-02 2.278473091364205349e+06
2.453066332916145273e-02 2.273466833541927394e+06
2.463078848560700668e-02 2.268460575719649903e+06
2.473091364205256409e-02 2.263454317897371948e+06
2.483103879849812151e-02 2.258448060075093992e+06
2.493116395494367893e-02 2.253441802252816036e+06
2.503128911138923635e-02 2.248435544430538081e+06
2.513141426783479376e-02 2.243429286608260125e+06
2.523153942428035118e-02 2.238423028785982635e+06
2.533166458072590513e-02 2.233416770963704679e+06
2.543178973717146255e-02 2.228410513141426723e+06
2.553191489361701996e-02 2.223404255319149233e+06
2.563204005006257738e-02 2.218397997496871278e+06
2.573216520650813480e-02 2.213391739674593322e+06
2.583229036295369221e-02 2.208385481852315366e+06
2.593241551939924963e-02 2.203379224030037411e+06
2.603254067584480358e-02 2.198372966207759921e+06
2.613266583229036100e-02 2.193366708385481965e+06
2.623279098873591841e-02 2.188360450563204009e+06
2.633291614518147583e-02 2.183354192740926053e+06
2.643304130162703325e-02 2.178347934918648563e+06
2.653316645807259067e-02 2.173341677096370608e+06
2.663329161451814808e-02 2.168335419274092652e+06
2.673341677096370203e-02 2.163329161451814696e+06
2.683354192740925945e-02 2.158322903629537206e+06
2.693366708385481686e-02 2.153316645807259250e+06
2.703379224030037428e-02 2.148310387984981295e+06
2.713391739674593170e-02 2.143304130162703339e+06
2.723404255319148912e-02 2.138297872340425383e+06
2.733416770963704653e-02 2.133291614518147893e+06
2.743429286608260395e-02 2.128285356695869938e+06
2.753441802252815790e-02 2.123279098873591982e+06
2.763454317897371532e-02 2.118272841051314026e+06
2.773466833541927273e-02 2.113266583229036536e+06
2.783479349186483015e-02 2.108260325406758580e+06
2.793491864831038757e-02 2.103254067584480625e+06
2.803504380475594499e-02 2.098247809762202669e+06
2.813516896120150240e-02 2.093241551939924946e+06
2.823529411764705635e-02 2.088235294117647223e+06
2.833541927409261377e-02 2.083229036295369267e+06
2.843554443053817118e-02 2.078222778473091545e+06
2.853566958698372860e-02 2.073216520650813589e+06
2.863579474342928602e-02 2.068210262828535633e+06
2.873591989987484344e-02 2.063204005006257910e+06
2.883604505632040085e-02 2.058197747183979955e+06
2.893617021276595480e-02 2.053191489361702232e+06
2.903629536921151222e-02 2.048185231539424509e+06
2.913642052565706964e-02 2.043178973717146553e+06
2.923654568210262705e-02 2.038172715894868597e+06
2.933667083854818447e-02 2.033166458072590875e+06
2.943679599499374189e-02 2.028160200250312919e+06
2.953692115143929930e-02 2.023153942428035196e+06
2.963704630788485672e-02 2.018147684605757240e+06
2.973717146433041067e-02 2.013141426783479517e+06
2.983729662077596809e-02 2.008135168961201562e+06
2.993742177722152550e-02 2.003128911138923839e+06
3.003754693366708292e-02 1.998122653316645883e+06
3.013767209011264034e-02 1.993116395494367927e+06
3.023779724655819776e-02 1.988110137672090204e+06
3.033792240300375517e-02 1.983103879849812249e+06
3.043804755944930912e-02 1.978097622027534526e+06
3.053817271589486654e-02 1.973091364205256570e+06
3.063829787234042396e-02 1.968085106382978847e+06
3.073842302878598137e-02 1.963078848560701124e+06
3.083854818523153879e-02 1.958072590738423169e+06
3.093867334167709621e-02 1.953066332916145213e+06
3.103879849812265362e-02 1.948060075093867257e+06
3.113892365456820757e-02 1.943053817271589767e+06
3.123904881101376499e-02 1.938047559449311811e+06
3.133917396745932588e-02 1.933041301627033856e+06
3.143929912390488329e-02 1.928035043804755900e+06
3.153942428035043377e-02 1.923028785982478410e+06
3.163954943679599119e-02 1.918022528160200454e+06
3.173967459324154861e-02 1.913016270337922499e+06
3.183979974968710602e-02 1.908010012515644776e+06
3.193992490613266344e-02 1.903003754693366820e+06
3.204005006257822086e-02 1.897997496871089097e+06
3.214017521902377827e-02 1.892991239048811141e+06
3.224030037546933569e-02 1.887984981226533186e+06
3.234042553191489311e-02 1.882978723404255230e+06
3.244055068836045053e-02 1.877972465581977507e+06
3.254067584480600794e-02 1.872966207759699784e+06
3.264080100125156536e-02 1.867959949937421829e+06
3.274092615769712278e-02 1.862953692115143873e+06
3.284105131414268020e-02 1.857947434292865917e+06
3.294117647058823761e-02 1.852941176470588194e+06
3.304130162703378809e-02 1.847934918648310471e+06
3.314142678347934551e-02 1.842928660826032748e+06
3.324155193992490293e-02 1.837922403003755026e+06
3.334167709637046034e-02 1.832916145181477070e+06
3.344180225281601776e-02 1.827909887359199114e+06
3.354192740926157518e-02 1.822903629536921158e+06
3.364205256570713259e-02 1.817897371714643436e+06
3.374217772215269001e-02 1.812891113892365480e+06
3.384230287859824743e-02 1.807884856070087757e+06
3.394242803504380485e-02 1.802878598247809801e+06
3.404255319148936226e-02 1.797872340425531846e+06
3.414267834793491968e-02 1.792866082603253890e+06
3.424280350438047710e-02 1.787859824780976167e+06
3.434292866082603451e-02 1.782853566958698444e+06
3.444305381727158499e-02 1.777847309136420721e+06
3.454317897371714241e-02 1.772841051314142998e+06
3.464330413016269983e-02 1.767834793491865043e+06
3.474342928660825724e-02 1.762828535669587087e+06
3.484355444305381466e-02 1.757822277847309131e+06
3.494367959949937208e-02 1.752816020025031408e+06
3.504380475594492950e-02 1.747809762202753685e+06
3.514392991239048691e-02 1.742803504380475730e+06
3.524405506883604433e-02 1.737797246558197774e+06
3.534418022528160175e-02 1.732790988735919818e+06
3.544430538172715917e-02 1.727784730913642095e+06
3.554443053817271658e-02 1.722778473091364140e+06
3.564455569461827400e-02 1.717772215269086417e+06
3.574468085106383142e-02 1.712765957446808461e+06
3.584480600750938883e-02 1.707759699624530505e+06
3.594493116395493931e-02 1.702753441802253015e+06
3.604505632040049673e-02 1.697747183979975060e+06
3.614518147684605415e-02 1.692740926157697337e+06
3.624530663329161156e-02 1.687734668335419614e+06
3.634543178973716898e-02 1.682728410513141658e+06
3.644555694618272640e-02 1.677722152690863702e+06
3.654568210262828382e-02 1.672715894868585747e+06
3.664580725907384123e-02 1.667709637046307791e+06
3.674593241551939865e-02 1.662703379224030068e+06
3.684605757196495607e-02 1.657697121401752345e+06
3.694618272841051348e-02 1.652690863579474390e+06
3.704630788485607090e-02 1.647684605757196434e+06
3.714643304130162832e-02 1.642678347934918478e+06
3.724655819774718574e-02 1.637672090112640755e+06
3.734668335419274315e-02 1.632665832290363032e+06
3.744680851063829363e-02 1.627659574468085309e+06
3.754693366708385105e-02 1.622653316645807587e+06
3.764705882352940847e-02 1.617647058823529631e+06
3.774718397997496588e-02 1.612640801001251675e+06
3.784730913642052330e-02 1.607634543178973719e+06
3.794743429286608072e-02 1.602628285356695997e+06
3.804755944931163814e-02 1.597622027534418274e+06
3.814768460575719555e-02 1.592615769712140318e+06
3.824780976220275297e-02 1.587609511889862362e+06
3.834793491864831039e-02 1.582603254067584407e+06
3.844806007509386780e-02 1.577596996245306684e+06
3.854818523153942522e-02 1.572590738423028728e+06
3.864831038798498264e-02 1.567584480600751005e+06
3.874843554443054006e-02 1.562578222778473049e+06
3.884856070087609053e-02 1.557571964956195559e+06
3.894868585732164795e-02 1.552565707133917604e+06
3.904881101376720537e-02 1.547559449311639648e+06
3.914893617021276279e-02 1.542553191489361925e+06
3.924906132665832020e-02 1.537546933667083969e+06
3.934918648310387762e-02 1.532540675844806246e+06
3.944931163954943504e-02 1.527534418022528291e+06
3.954943679599499246e-02 1.522528160200250335e+06
3.964956195244054987e-02 1.517521902377972379e+06
3.974968710888610729e-02 1.512515644555694656e+06
3.984981226533166471e-02 1.507509386733416934e+06
3.994993742177722212e-02 1.502503128911138978e+06
4.005006257822277954e-02 1.497496871088861022e+06
4.015018773466833696e-02 1.492490613266583066e+06
4.025031289111389438e-02 1.487484355444305344e+06
4.035043804755944485e-02 1.482478097622027621e+06
4.045056320400500227e-02 1.477471839799749898e+06
4.055068836045055969e-02 1.472465581977472175e+06
4.065081351689611711e-02 1.467459324155194219e+06
4.075093867334167452e-02 1.462453066332916263e+06
4.085106382978723194e-02 1.457446808510638308e+06
4.095118898623278936e-02 1.452440550688360585e+06
4.105131414267834677e-02 1.447434292866082629e+06
4.115143929912390419e-02 1.442428035043804906e+06
4.125156445556946161e-02 1.437421777221526951e+06
4.135168961201501903e-02 1.432415519399248995e+06
4.145181476846057644e-02 1.427409261576971272e+06
4.155193992490613386e-02 1.422403003754693316e+06
4.165206508135169128e-02 1.417396745932415361e+06
4.175219023779724176e-02 1.412390488110137871e+06
4.185231539424279917e-02 1.407384230287860148e+06
4.195244055068835659e-02 1.402377972465582192e+06
4.205256570713391401e-02 1.397371714643304236e+06
4.215269086357947143e-02 1.392365456821026513e+06
4.225281602002502884e-02 1.387359198998748558e+06
4.235294117647058626e-02 1.382352941176470602e+06
4.245306633291614368e-02 1.377346683354192879e+06
4.255319148936170109e-02 1.372340425531914923e+06
4.265331664580725851e-02 1.367334167709637200e+06
4.275344180225281593e-02 1.362327909887359245e+06
4.285356695869837335e-02 1.357321652065081289e+06
4.295369211514393076e-02 1.352315394242803566e+06
4.305381727158948818e-02 1.347309136420525610e+06
4.315394242803504560e-02 1.342302878598247655e+06
4.325406758448059608e-02 1.337296620775970165e+06
4.335419274092615349e-02 1.332290362953692442e+06
4.345431789737171091e-02 1.327284105131414486e+06
4.355444305381726833e-02 1.322277847309136530e+06
4.365456821026282574e-02 1.317271589486858808e+06
4.375469336670838316e-02 1.312265331664580852e+06
4.385481852315394058e-02 1.307259073842302896e+06
4.395494367959949800e-02 1.302252816020025173e+06
4.405506883604505541e-02 1.297246558197747217e+06
4.415519399249061283e-02 1.292240300375469495e+06
4.425531914893617025e-02 1.287234042553191539e+06
4.435544430538172767e-02 1.282227784730913583e+06
4.445556946182728508e-02 1.277221526908635860e+06
4.455569461827284250e-02 1.272215269086357905e+06
4.465581977471839992e-02 1.267209011264079949e+06
4.475594493116395040e-02 1.262202753441802459e+06
4.485607008760950781e-02 1.257196495619524736e+06
4.495619524405506523e-02 1.252190237797246780e+06
4.505632040050062265e-02 1.247183979974968825e+06
4.515644555694618006e-02 1.242177722152691102e+06
4.525657071339173748e-02 1.237171464330413146e+06
4.535669586983729490e-02 1.232165206508135190e+06
4.545682102628285232e-02 1.227158948685857467e+06
4.555694618272840973e-02 1.222152690863579512e+06
4.565707133917396715e-02 1.217146433041301556e+06
4.575719649561952457e-02 1.212140175219023833e+06
4.585732165206508198e-02 1.207133917396745877e+06
4.595744680851063940e-02 1.202127659574468154e+06
4.605757196495619682e-02 1.197121401752190199e+06
4.615769712140174730e-02 1.192115143929912709e+06
4.625782227784730471e-02 1.187108886107634753e+06
4.635794743429286213e-02 1.182102628285357030e+06
4.645807259073841955e-02 1.177096370463079074e+06
4.655819774718397697e-02 1.172090112640801119e+06
4.665832290362953438e-02 1.167083854818523396e+06
4.675844806007509180e-02 1.162077596996245440e+06
4.685857321652064922e-02 1.157071339173967484e+06
4.695869837296620664e-02 1.152065081351689762e+06
4.705882352941176405e-02 1.147058823529411806e+06
4.715894868585732147e-02 1.142052565707133850e+06
4.725907384230287889e-02 1.137046307884856127e+06
4.735919899874843630e-02 1.132040050062578171e+06
4.745932415519399372e-02 1.127033792240300449e+06
4.755944931163955114e-02 1.122027534418022493e+06
4.765957446808510162e-02 1.117021276595745003e+06
4.775969962453065903e-02 1.112015018773467047e+06
4.785982478097621645e-02 1.107008760951189091e+06
4.795994993742177387e-02 1.102002503128911369e+06
4.806007509386733129e-02 1.096996245306633413e+06
4.816020025031288870e-02 1.091989987484355690e+06
4.826032540675844612e-02 1.086983729662077734e+06
4.836045056320400354e-02 1.081977471839799779e+06
4.846057571964956096e-02 1.076971214017522056e+06
4.856070087609511837e-02 1.071964956195244100e+06
4.866082603254067579e-02 1.066958698372966144e+06
4.876095118898623321e-02 1.061952440550688421e+06
4.886107634543179062e-02 1.056946182728410466e+06
4.896120150187734804e-02 1.051939924906132510e+06
4.906132665832290546e-02 1.046933667083854787e+06
4.916145181476845594e-02 1.041927409261577297e+06
4.926157697121401335e-02 1.036921151439299341e+06
4.936170212765957077e-02 1.031914893617021386e+06
4.946182728410512819e-02 1.026908635794743663e+06
4.956195244055068561e-02 1.021902377972465707e+06
4.966207759699624302e-02 1.016896120150187984e+06
4.976220275344180044e-02 1.011889862327910028e+06
4.986232790988735786e-02 1.006883604505632073e+06
4.996245306633291527e-02 1.001877346683354350e+06
5.006257822277847269e-02 9.968710888610763941e+05
5.016270337922403011e-02 9.918648310387984384e+05
5.026282853566958753e-02 9.868585732165207155e+05
5.036295369211514494e-02 9.818523153942427598e+05
5.046307884856070236e-02 9.768460575719648041e+05
5.056320400500625284e-02 9.718397997496873140e+05
5.066332916145181026e-02 9.668335419274095912e+05
5.076345431789736767e-02 9.618272841051316354e+05
5.086357947434292509e-02 9.568210262828536797e+05
5.096370463078848251e-02 9.518147684605759569e+05
5.106382978723403993e-02 9.468085106382980011e+05
5.116395494367959734e-02 9.418022528160200454e+05
5.126408010012515476e-02 9.367959949937420897e+05
5.136420525657071218e-02 9.317897371714641340e+05
5.146433041301626959e-02 9.267834793491864111e+05
5.156445556946182701e-02 9.217772215269084554e+05
5.166458072590738443e-02 9.167709637046307325e+05
5.176470588235294185e-02 9.117647058823527768e+05
5.186483103879849926e-02 9.067584480600748211e+05
5.196495619524405668e-02 9.017521902377970982e+05
5.206508135168960716e-02 8.967459324155198410e+05
5.216520650813516458e-02 8.917396745932418853e+05
5.226533166458072199e-02 8.867334167709641624e+05
5.236545682102627941e-02 8.817271589486862067e+05
5.246558197747183683e-02 8.767209011264082510e+05
5.256570713391739424e-02 8.717146433041305281e+05
5.266583229036295166e-02 8.667083854818525724e+05
5.276595744680850908e-02 8.617021276595748495e+05
5.286608260325406650e-02 8.566958698372968938e+05
5.296620775969962391e-02 8.516896120150189381e+05
5.306633291614518133e-02 8.466833541927412152e+05
5.316645807259073875e-02 8.416770963704632595e+05
5.326658322903629617e-02 8.366708385481853038e+05
5.336670838548185358e-02 8.316645807259075809e+05
5.346683354192740406e-02 8.266583229036296252e+05
5.356695869837296148e-02 8.216520650813516695e+05
5.366708385481851890e-02 8.166458072590739466e+05
5.376720901126407631e-02 8.116395494367959909e+05
5.386733416770963373e-02 8.066332916145182680e+05
5.396745932415519115e-02 8.016270337922403123e+05
5.406758448060074856e-02 7.966207759699623566e+05
5.416770963704630598e-02 7.916145181476846337e+05
5.426783479349186340e-02 7.866082603254066780e+05
5.436795994993742082e-02 7.816020025031287223e+05
5.446808510638297823e-02 7.765957446808509994e+05
5.456821026282853565e-02 7.715894868585730437e+05
5.466833541927409307e-02 7.665832290362950880e+05
5.476846057571965048e-02 7.615769712140173651e+05
5.486858573216520790e-02 7.565707133917394094e+05
5.496871088861075838e-02 7.515644555694623850e+05
5.506883604505631580e-02 7.465581977471844293e+05
5.516896120150187321e-02 7.415519399249064736e+05
5.526908635794743063e-02 7.365456821026287507e+05
5.536921151439298805e-02 7.315394242803507950e+05
5.546933667083854547e-02 7.265331664580728393e+05
5.556946182728410288e-02 7.215269086357951164e+05
5.566958698372966030e-02 7.165206508135171607e+05
5.576971214017521772e-02 7.115143929912392050e+05
5.586983729662077514e-02 7.065081351689614821e+05
5.596996245306633255e-02 7.015018773466835264e+05
5.607008760951188997e-02 6.964956195244058035e+05
5.617021276595744739e-02 6.914893617021278478e+05
5.627033792240300480e-02 6.864831038798498921e+05
5.637046307884856222e-02 6.814768460575721692e+05
5.647058823529411270e-02 6.764705882352942135e+05
5.657071339173967012e-02 6.714643304130162578e+05
5.667083854818522753e-02 6.664580725907385349e+05
5.677096370463078495e-02 6.614518147684605792e+05
5.687108886107634237e-02 6.564455569461826235e+05
5.697121401752189979e-02 6.514392991239049006e+05
5.707133917396745720e-02 6.464330413016269449e+05
5.717146433041301462e-02 6.414267834793492220e+05
5.727158948685857204e-02 6.364205256570712663e+05
5.737171464330412946e-02 6.314142678347933106e+05
5.747183979974968687e-02 6.264080100125155877e+05
5.757196495619524429e-02 6.214017521902376320e+05
5.767209011264080171e-02 6.163954943679596763e+05
5.777221526908635912e-02 6.113892365456819534e+05
5.787234042553190960e-02 6.063829787234046962e+05
5.797246558197746702e-02 6.013767209011267405e+05
5.807259073842302444e-02 5.963704630788490176e+05
5.817271589486858185e-02 5.913642052565710619e+05
5.827284105131413927e-02 5.863579474342933390e+05
5.837296620775969669e-02 5.813516896120153833e+05
5.847309136420525411e-02 5.763454317897374276e+05
5.857321652065081152e-02 5.713391739674597047e+05
5.867334167709636894e-02 5.663329161451817490e+05
5.877346683354192636e-02 5.613266583229037933e+05
5.887359198998748377e-02 5.563204005006260704e+05
5.897371714643304119e-02 5.513141426783481147e+05
5.907384230287859861e-02 5.463078848560701590e+05
5.917396745932415603e-02 5.413016270337924361e+05
5.927409261576971344e-02 5.362953692115144804e+05
5.937421777221526392e-02 5.312891113892367575e+05
5.947434292866082134e-02 5.262828535669588018e+05
5.957446808510637876e-02 5.212765957446808461e+05
5.967459324155193617e-02 5.162703379224031232e+05
5.977471839799749359e-02 5.112640801001251675e+05
5.987484355444305101e-02 5.062578222778472118e+05
5.997496871088860843e-02 5.012515644555694889e+05
6.007509386733416584e-02 4.962453066332915332e+05
6.017521902377972326e-02 4.912390488110135775e+05
6.027534418022528068e-02 4.862327909887358546e+05
6.037546933667083809e-02 4.812265331664578989e+05
6.047559449311639551e-02 4.762202753441801760e+05
6.057571964956195293e-02 4.712140175219022203e+05
6.067584480600751035e-02 4.662077596996242646e+05
6.077596996245306776e-02 4.612015018773465417e+05
6.087609511889861824e-02 4.561952440550692845e+05
6.097622027534417566e-02 4.511889862327913288e+05
6.107634543178973308e-02 4.461827284105136059e+05
6.117647058823529049e-02 4.411764705882356502e+05
6.127659574468084791e-02 4.361702127659576945e+05
6.137672090112640533e-02 4.311639549436799716e+05
6.147684605757196274e-02 4.261576971214020159e+05
6.157697121401752016e-02 4.211514392991242930e+05
6.167709637046307758e-02 4.161451814768463373e+05
6.177722152690863500e-02 4.111389236545683816e+05
6.187734668335419241e-02 4.061326658322906587e+05
6.197747183979974983e-02 4.011264080100124702e+05
6.207759699624530725e-02 3.961201501877349801e+05
6.217772215269086467e-02 3.911138923654570244e+05
6.227784730913641514e-02 3.861076345431790687e+05
6.237797246558197256e-02 3.811013767209011130e+05
6.247809762202752998e-02 3.760951188986231573e+05
6.257822277847309433e-02 3.710888610763456672e+05
6.267834793491865175e-02 3.660826032540677115e+05
6.277847309136420917e-02 3.610763454317897558e+05
6.287859824780976659e-02 3.560700876095118001e+05
6.297872340425532400e-02 3.510638297872338444e+05
6.307884856070086754e-02 3.460575719649568200e+05
6.317897371714642496e-02 3.410513141426788643e+05
6.327909887359198238e-02 3.360450563204009086e+05
6.337922403003753979e-02 3.310387984981234185e+05
6.347934918648309721e-02 3.260325406758454628e+05
6.357947434292865463e-02 3.210262828535675071e+05
6.367959949937421205e-02 3.160200250312895514e+05
6.377972465581976946e-02 3.110137672090115957e+05
6.387984981226532688e-02 3.060075093867336400e+05
6.397997496871088430e-02 3.010012515644561499e+05
6.408010012515644171e-02 2.959949937421781942e+05
6.418022528160199913e-02 2.909887359199002385e+05
6.428035043804755655e-02 2.859824780976222828e+05
6.438047559449311397e-02 2.809762202753443271e+05
6.448060075093867138e-02 2.759699624530668370e+05
6.458072590738422880e-02 2.709637046307888813e+05
6.468085106382978622e-02 2.659574468085109256e+05
6.478097622027534364e-02 2.609511889862329699e+05
6.488110137672090105e-02 2.559449311639550142e+05
6.498122653316645847e-02 2.509386733416770585e+05
6.508135168961201589e-02 2.459324155193995684e+05
6.518147684605757330e-02 2.409261576971216127e+05
6.528160200250313072e-02 2.359198998748436570e+05
6.538172715894868814e-02 2.309136420525657013e+05
6.548185231539424556e-02 2.259073842302877456e+05
6.558197747183980297e-02 2.209011264080102555e+05
6.568210262828536039e-02 2.158948685857322998e+05
6.578222778473091781e-02 2.108886107634543441e+05
6.588235294117647523e-02 2.058823529411763884e+05
6.598247809762201876e-02 2.008760951188993640e+05
6.608260325406757618e-02 1.958698372966214083e+05
6.618272841051313360e-02 1.908635794743434526e+05
6.628285356695869102e-02 1.858573216520654969e+05
6.638297872340424843e-02 1.808510638297875412e+05
6.648310387984980585e-02 1.758448060075100511e+05
6.658322903629536327e-02 1.708385481852320954e+05
6.668335419274092069e-02 1.658322903629541397e+05
6.678347934918647810e-02 1.608260325406761840e+05
6.688360450563203552e-02 1.558197747183982283e+05
6.698372966207759294e-02 1.508135168961207382e+05
6.708385481852315035e-02 1.458072590738427825e+05
6.718397997496870777e-02 1.408010012515648268e+05
6.728410513141426519e-02 1.357947434292868711e+05
6.738423028785982261e-02 1.307884856070089154e+05
6.748435544430538002e-02 1.257822277847314253e+05
6.758448060075093744e-02 1.207759699624534696e+05
6.768460575719649486e-02 1.157697121401755139e+05
6.778473091364205227e-02 1.107634543178975582e+05
6.788485607008760969e-02 1.057571964956196025e+05
6.798498122653316711e-02 1.007509386733416468e+05
6.808510638297872453e-02 9.574468085106415674e+04
6.818523153942428194e-02 9.073842302878620103e+04
6.828535669586983936e-02 8.573216520650824532e+04
6.838548185231539678e-02 8.072590738423028961e+04
6.848560700876095420e-02 7.571964956195233390e+04
6.858573216520651161e-02 7.071339173967484385e+04
6.868585732165206903e-02 6.570713391739688814e+04
6.878598247809762645e-02 6.070087609511893243e+04
6.888610763454316999e-02 5.569461827284190804e+04
6.898623279098872740e-02 5.068836045056395233e+04
6.908635794743428482e-02 4.568210262828599662e+04
6.918648310387984224e-02 4.067584480600804090e+04
6.928660826032539966e-02 3.566958698373008519e+04
6.938673341677095707e-02 3.066332916145212948e+04
6.948685857321651449e-02 2.565707133917463943e+04
6.958698372966207191e-02 2.065081351689668372e+04
6.968710888610762932e-02 1.564455569461872801e+04
6.978723404255318674e-02 1.063829787234077230e+04
6.988735919899874416e-02 5.632040050062816590e+03
6.998748435544430158e-02 6.257822277853265405e+02
7.008760951188985899e-02 0.000000000000000000e+00
7.018773466833541641e-02 0.000000000000000000e+00
7.028785982478097383e-02 0.000000000000000000e+00
7.038798498122653124e-02 0.000000000000000000e+00
7.048811013767208866e-02 0.000000000000000000e+00
7.058823529411764608e-02 0.000000000000000000e+00
7.068836045056320350e-02 0.000000000000000000e+00
7.078848560700876091e-02 0.000000000000000000e+00
7.088861076345431833e-02 0.000000000000000000e+00
7.098873591989987575e-02 0.000000000000000000e+00
7.108886107634543317e-02 0.000000000000000000e+00
7.118898623279099058e-02 0.000000000000000000e+00
7.128911138923654800e-02 0.000000000000000000e+00
7.138923654568210542e-02 0.000000000000000000e+00
7.148936170212766283e-02 0.000000000000000000e+00
7.158948685857322025e-02 0.000000000000000000e+00
7.168961201501877767e-02 0.000000000000000000e+00
7.178973717146432121e-02 0.000000000000000000e+00
7.188986232790987863e-02 0.000000000000000000e+00
7.198998748435543604e-02 0.000000000000000000e+00
7.209011264080099346e-02 0.000000000000000000e+00
7.219023779724655088e-02 0.000000000000000000e+00
7.229036295369210829e-02 0.000000000000000000e+00
7.239048811013766571e-02 0.000000000000000000e+00
7.249061326658322313e-02 0.000000000000000000e+00
7.259073842302878055e-02 0.000000000000000000e+00
7.269086357947433796e-02 0.000000000000000000e+00
7.279098873591989538e-02 0.000000000000000000e+00
7.289111389236545280e-02 0.000000000000000000e+00
7.299123904881101021e-02 0.000000000000000000e+00
7.309136420525656763e-02 0.000000000000000000e+00
7.319148936170212505e-02 0.000000000000000000e+00
7.329161451814768247e-02 0.000000000000000000e+00
7.339173967459323988e-02 0.000000000000000000e+00
7.349186483103879730e-02 0.000000000000000000e+00
7.359198998748435472e-02 0.000000000000000000e+00
7.369211514392991214e-02 0.000000000000000000e+00
7.379224030037546955e-02 0.000000000000000000e+00
7.389236545682102697e-02 0.000000000000000000e+00
7.399249061326658439e-02 0.000000000000000000e+00
7.409261576971214180e-02 0.000000000000000000e+00
7.419274092615769922e-02 0.000000000000000000e+00
7.429286608260325664e-02 0.000000000000000000e+00
7.439299123904881406e-02 0.000000000000000000e+00
7.449311639549437147e-02 0.000000000000000000e+00
7.459324155193992889e-02 0.000000000000000000e+00
7.469336670838548631e-02 0.000000000000000000e+00
7.479349186483102985e-02 0.000000000000000000e+00
7.489361702127658726e-02 0.000000000000000000e+00
7.499374217772214468e-02 0.000000000000000000e+00
7.509386733416770210e-02 0.000000000000000000e+00
7.519399249061325952e-02 0.000000000000000000e+00
7.529411764705881693e-02 0.000000000000000000e+00
7.539424280350437435e-02 0.000000000000000000e+00
7.549436795994993177e-02 0.000000000000000000e+00
7.559449311639548919e-02 0.000000000000000000e+00
7.569461827284104660e-02 0.000000000000000000e+00
7.579474342928660402e-02 0.000000000000000000e+00
7.589486858573216144e-02 0.000000000000000000e+00
7.599499374217771885e-02 0.000000000000000000e+00
7.609511889862327627e-02 0.000000000000000000e+00
7.619524405506883369e-02 0.000000000000000000e+00
7.629536921151439111e-02 0.000000000000000000e+00
7.639549436795994852e-02 0.000000000000000000e+00
7.649561952440550594e-02 0.000000000000000000e+00
7.659574468085106336e-02 0.000000000000000000e+00
7.669586983729662077e-02 0.000000000000000000e+00
7.679599499374217819e-02 0.000000000000000000e+00
7.689612015018773561e-02 0.000000000000000000e+00
7.699624530663329303e-02 0.000000000000000000e+00
7.709637046307885044e-02 0.000000000000000000e+00
7.719649561952440786e-02 0.000000000000000000e+00
7.729662077596996528e-02 0.000000000000000000e+00
7.739674593241552270e-02 0.000000000000000000e+00
7.749687108886108011e-02 0.000000000000000000e+00
7.759699624530663753e-02 0.000000000000000000e+00
7.769712140175218107e-02 0.000000000000000000e+00
7.779724655819773849e-02 0.000000000000000000e+00
7.789737171464329590e-02 0.000000000000000000e+00
7.799749687108885332e-02 0.000000000000000000e+00
7.809762202753441074e-02 0.000000000000000000e+00
7.819774718397996816e-02 0.000000000000000000e+00
7.829787234042552557e-02 0.000000000000000000e+00
7.839799749687108299e-02 0.000000000000000000e+00
7.849812265331664041e-02 0.000000000000000000e+00
7.859824780976219782e-02 0.000000000000000000e+00
7.869837296620775524e-02 0.000000000000000000e+00
7.879849812265331266e-02 0.000000000000000000e+00
7.889862327909887008e-02 0.000000000000000000e+00
7.899874843554442749e-02 0.000000000000000000e+00
7.909887359198998491e-02 0.000000000000000000e+00
7.919899874843554233e-02 0.000000000000000000e+00
7.929912390488109974e-02 0.000000000000000000e+00
7.939924906132665716e-02 0.000000000000000000e+00
7.949937421777221458e-02 0.000000000000000000e+00
7.959949937421777200e-02 0.000000000000000000e+00
7.969962453066332941e-02 0.000000000000000000e+00
7.979974968710888683e-02 0.000000000000000000e+00
7.989987484355444425e-02 0.000000000000000000e+00
8.000000000000000167e-02 0.000000000000000000e+00
---------------
