field_vs_length
---------------
0.000000000000000000e+00 2.500000000000000000e+06
1.001251564455569429e-04 2.500000000000000000e+06
2.002503128911138858e-04 2.500000000000000000e+06
3.003754693366708422e-04 2.500000000000000000e+06
4.005006257822277716e-04 2.500000000000000000e+06
5.006257822277847009e-04 2.500000000000000000e+06
6.007509386733416844e-04 2.500000000000000000e+06
7.008760951188985596e-04 2.500000000000000000e+06
8.010012515644555431e-04 2.500000000000000000e+06
9.011264080100125267e-04 2.500000000000000000e+06
1.001251564455569402e-03 2.500000000000000000e+06
1.101376720901126385e-03 2.500000000000000000e+06
1.201501877346683369e-03 2.500000000000000000e+06
1.301627033792240352e-03 2.500000000000000000e+06
1.401752190237797119e-03 2.500000000000000000e+06
1.501877346683354103e-03 2.500000000000000000e+06
1.602002503128911086e-03 2.500000000000000000e+06
1.702127659574468070e-03 2.500000000000000000e+06
1.802252816020025053e-03 2.500000000000000000e+06
1.902377972465581820e-03 2.500000000000000000e+06
2.002503128911138804e-03 2.500000000000000000e+06
2.102628285356695787e-03 2.500000000000000000e+06
2.202753441802252771e-03 2.500000000000000000e+06
2.302878598247809754e-03 2.500000000000000000e+06
2.403003754693366738e-03 2.500000000000000000e+06
2.503128911138923721e-03 2.500000000000000000e+06
2.603254067584480705e-03 2.500000000000000000e+06
2.703379224030037255e-03 2.500000000000000000e+06
2.803504380475594238e-03 2.500000000000000000e+06
2.903629536921151222e-03 2.500000000000000000e+06
3.003754693366708205e-03 2.500000000000000000e+06
3.103879849812265189e-03 2.500000000000000000e+06
3.204005006257822172e-03 2.500000000000000000e+06
3.304130162703379156e-03 2.500000000000000000e+06
3.404255319148936140e-03 2.500000000000000000e+06
3.504380475594493123e-03 2.500000000000000000e+06
3.604505632040050107e-03 2.500000000000000000e+06
3.704630788485607090e-03 2.500000000000000000e+06
3.804755944931163640e-03 2.500000000000000000e+06
3.904881101376720624e-03 2.500000000000000000e+06
4.005006257822277607e-03 2.500000000000000000e+06
4.105131414267835024e-03 2.500000000000000000e+06
4.205256570713391574e-03 2.500000000000000000e+06
4.305381727158948124e-03 2.500000000000000000e+06
4.405506883604505541e-03 2.500000000000000000e+06
4.505632040050062091e-03 2.500000000000000000e+06
4.605757196495619508e-03 2.500000000000000000e+06
4.705882352941176058e-03 2.500000000000000000e+06
4.806007509386733476e-03 2.500000000000000000e+06
4.906132665832290025e-03 2.500000000000000000e+06
5.006257822277847443e-03 2.500000000000000000e+06
5.106382978723403993e-03 2.500000000000000000e+06
5.206508135168961410e-03 2.500000000000000000e+06
5.306633291614517960e-03 2.500000000000000000e+06
5.406758448060074509e-03 2.500000000000000000e+06
5.506883604505631927e-03 2.500000000000000000e+06
5.607008760951188477e-03 2.500000000000000000e+06
5.707133917396745894e-03 2.500000000000000000e+06
5.807259073842302444e-03 2.500000000000000000e+06
5.907384230287859861e-03 2.500000000000000000e+06
6.007509386733416411e-03 2.500000000000000000e+06
6.107634543178973828e-03 2.500000000000000000e+06
6.207759699624530378e-03 2.500000000000000000e+06
6.307884856070087795e-03 2.500000000000000000e+06
6.408010012515644345e-03 2.500000000000000000e+06
6.508135168961200895e-03 2.500000000000000000e+06
6.608260325406758312e-03 2.500000000000000000e+06
6.708385481852314862e-03 2.500000000000000000e+06
6.808510638297872279e-03 2.500000000000000000e+06
6.908635794743428829e-03 2.500000000000000000e+06
7.008760951188986246e-03 2.500000000000000000e+06
7.108886107634542796e-03 2.500000000000000000e+06
7.209011264080100213e-03 2.500000000000000000e+06
7.309136420525656763e-03 2.500000000000000000e+06
7.409261576971214180e-03 2.500000000000000000e+06
7.509386733416770730e-03 2.500000000000000000e+06
7.609511889862327280e-03 2.500000000000000000e+06
7.709637046307884697e-03 2.500000000000000000e+06
7.809762202753441247e-03 2.500000000000000000e+06
7.909887359198997797e-03 2.500000000000000000e+06
8.010012515644555214e-03 2.500000000000000000e+06
8.110137672090112632e-03 2.500000000000000000e+06
8.210262828535670049e-03 2.500000000000000000e+06
8.310387984981225731e-03 2.500000000000000000e+06
8.410513141426783149e-03 2.500000000000000000e+06
8.510638297872340566e-03 2.500000000000000000e+06
8.610763454317896248e-03 2.500000000000000000e+06
8.710888610763453666e-03 2.500000000000000000e+06
8.811013767209011083e-03 2.500000000000000000e+06
8.911138923654568500e-03 2.500000000000000000e+06
9.011264080100124182e-03 2.500000000000000000e+06
9.111389236545681600e-03 2.500000000000000000e+06
9.211514392991239017e-03 2.500000000000000000e+06
9.311639549436796434e-03 2.500000000000000000e+06
9.411764705882352117e-03 2.500000000000000000e+06
9.511889862327909534e-03 2.500000000000000000e+06
9.612015018773466951e-03 2.500000000000000000e+06
9.712140175219022634e-03 2.500000000000000000e+06
9.812265331664580051e-03 2.500000000000000000e+06
9.912390488110137468e-03 2.500000000000000000e+06
1.001251564455569489e-02 2.500000000000000000e+06
1.011264080100125057e-02 2.500000000000000000e+06
1.021276595744680799e-02 2.500000000000000000e+06
1.031289111389236540e-02 2.500000000000000000e+06
1.041301627033792282e-02 2.500000000000000000e+06
1.051314142678347850e-02 2.500000000000000000e+06
1.061326658322903592e-02 2.500000000000000000e+06
1.071339173967459334e-02 2.500000000000000000e+06
1.081351689612014902e-02 2.500000000000000000e+06
1.091364205256570644e-02 2.500000000000000000e+06
1.101376720901126385e-02 2.500000000000000000e+06
1.111389236545682127e-02 2.500000000000000000e+06
1.121401752190237695e-02 2.500000000000000000e+06
1.131414267834793437e-02 2.500000000000000000e+06
1.141426783479349179e-02 2.500000000000000000e+06
1.151439299123904920e-02 2.500000000000000000e+06
1.161451814768460489e-02 2.500000000000000000e+06
1.171464330413016230e-02 2.500000000000000000e+06
1.181476846057571972e-02 2.500000000000000000e+06
1.191489361702127540e-02 2.500000000000000000e+06
1.201501877346683282e-02 2.500000000000000000e+06
1.211514392991239024e-02 2.500000000000000000e+06
1.221526908635794766e-02 2.500000000000000000e+06
1.231539424280350334e-02 2.500000000000000000e+06
1.241551939924906076e-02 2.500000000000000000e+06
1.251564455569461817e-02 2.500000000000000000e+06
1.261576971214017559e-02 2.500000000000000000e+06
1.271589486858573127e-02 2.500000000000000000e+06
1.281602002503128869e-02 2.500000000000000000e+06
1.291614518147684611e-02 2.500000000000000000e+06
1.301627033792240179e-02 2.500000000000000000e+06
1.311639549436795921e-02 2.500000000000000000e+06
1.321652065081351662e-02 2.500000000000000000e+06
1.331664580725907404e-02 2.500000000000000000e+06
1.341677096370462972e-02 2.500000000000000000e+06
1.351689612015018714e-02 2.500000000000000000e+06
1.361702127659574456e-02 2.500000000000000000e+06
1.371714643304130198e-02 2.500000000000000000e+06
1.381727158948685766e-02 2.500000000000000000e+06
1.391739674593241508e-02 2.500000000000000000e+06
1.401752190237797249e-02 2.500000000000000000e+06
1.411764705882352818e-02 2.500000000000000000e+06
1.421777221526908559e-02 2.500000000000000000e+06
1.431789737171464301e-02 2.500000000000000000e+06
1.441802252816020043e-02 2.500000000000000000e+06
1.451814768460575611e-02 2.500000000000000000e+06
1.461827284105131353e-02 2.500000000000000000e+06
1.471839799749687094e-02 2.500000000000000000e+06
1.481852315394242836e-02 2.500000000000000000e+06
1.491864831038798404e-02 2.500000000000000000e+06
1.501877346683354146e-02 2.500000000000000000e+06
1.511889862327909888e-02 2.500000000000000000e+06
1.521902377972465456e-02 2.500000000000000000e+06
1.531914893617021198e-02 2.500000000000000000e+06
1.541927409261576939e-02 2.500000000000000000e+06
1.551939924906132681e-02 2.500000000000000000e+06
1.561952440550688249e-02 2.500000000000000000e+06
1.571964956195244165e-02 2.500000000000000000e+06
1.581977471839799559e-02 2.500000000000000000e+06
1.591989987484355301e-02 2.500000000000000000e+06
1.602002503128911043e-02 2.500000000000000000e+06
1.612015018773466785e-02 2.500000000000000000e+06
1.622027534418022526e-02 2.500000000000000000e+06
1.632040050062578268e-02 2.500000000000000000e+06
1.642052565707134010e-02 2.500000000000000000e+06
1.652065081351689405e-02 2.500000000000000000e+06
1.662077596996245146e-02 2.500000000000000000e+06
1.672090112640800888e-02 2.500000000000000000e+06
1.682102628285356630e-02 2.500000000000000000e+06
1.692115143929912371e-02 2.500000000000000000e+06
1.702127659574468113e-02 2.500000000000000000e+06
1.712140175219023855e-02 2.500000000000000000e+06
1.722152690863579250e-02 2.500000000000000000e+06
1.732165206508134991e-02 2.500000000000000000e+06
1.742177722152690733e-02 2.500000000000000000e+06
1.752190237797246475e-02 2.500000000000000000e+06
1.762202753441802217e-02 2.500000000000000000e+06
1.772215269086357958e-02 2.500000000000000000e+06
1.782227784730913700e-02 2.500000000000000000e+06
1.792240300375469442e-02 2.500000000000000000e+06
1.802252816020024836e-02 2.500000000000000000e+06
1.812265331664580578e-02 2.500000000000000000e+06
1.822277847309136320e-02 2.500000000000000000e+06
1.832290362953692062e-02 2.500000000000000000e+06
1.842302878598247803e-02 2.500000000000000000e+06
1.852315394242803545e-02 2.500000000000000000e+06
1.862327909887359287e-02 2.500000000000000000e+06
1.872340425531914682e-02 2.500000000000000000e+06
1.882352941176470423e-02 2.500000000000000000e+06
1.892365456821026165e-02 2.500000000000000000e+06
1.902377972465581907e-02 2.500000000000000000e+06
1.912390488110137649e-02 2.500000000000000000e+06
1.922403003754693390e-02 2.500000000000000000e+06
1.932415519399249132e-02 2.500000000000000000e+06
1.942428035043804527e-02 2.500000000000000000e+06
1.952440550688360268e-02 2.500000000000000000e+06
1.962453066332916010e-02 2.500000000000000000e+06
1.972465581977471752e-02 2.500000000000000000e+06
1.982478097622027494e-02 2.500000000000000000e+06
1.992490613266583235e-02 2.500000000000000000e+06
2.002503128911138977e-02 2.499249061326658353e+06
2.012515644555694719e-02 2.496245306633291766e+06
2.022528160200250114e-02 2.493241551939925179e+06
2.032540675844805855e-02 2.490237797246558126e+06
2.042553191489361597e-02 2.487234042553191539e+06
2.052565707133917339e-02 2.484230287859824952e+06
2.062578222778473080e-02 2.481226533166457899e+06
2.072590738423028822e-02 2.478222778473091312e+06
2.082603254067584564e-02 2.475219023779724725e+06
2.092615769712139959e-02 2.472215269086358137e+06
2.102628285356695700e-02 2.469211514392991085e+06
2.112640801001251442e-02 2.466207759699624497e+06
2.122653316645807184e-02 2.463204005006257910e+06
2.132665832290362926e-02 2.460200250312891323e+06
2.142678347934918667e-02 2.457196495619524270e+06
2.152690863579474409e-02 2.454192740926157683e+06
2.162703379224029804e-02 2.451188986232791096e+06
2.172715894868585546e-02 2.448185231539424509e+06
2.182728410513141287e-02 2.445181476846057456e+06
2.192740926157697029e-02 2.442177722152690869e+06
2.202753441802252771e-02 2.439173967459324282e+06
2.212765957446808512e-02 2.436170212765957229e+06
2.222778473091364254e-02 2.433166458072590642e+06
2.232790988735919996e-02 2.430162703379224055e+06
2.242803504380475391e-02 2.427158948685857467e+06
2.252816020025031132e-02 2.424155193992490880e+06
2.262828535669586874e-02 2.421151439299123827e+06
2.272841051314142616e-02 2.418147684605757240e+06
2.282853566958698358e-02 2.415143929912390653e+06
2.292866082603254099e-02 2.412140175219023600e+06
2.302878598247809841e-02 2.409136420525657013e+06
2.312891113892365236e-02 2.406132665832290426e+06
2.322903629536920977e-02 2.403128911138923839e+06
2.332916145181476719e-02 2.400125156445556786e+06
2.342928660826032461e-02 2.397121401752190199e+06
2.352941176470588203e-02 2.394117647058823612e+06
2.362953692115143944e-02 2.391113892365457024e+06
2.372966207759699686e-02 2.388110137672089972e+06
2.382978723404255081e-02 2.385106382978723384e+06
2.392991239048810823e-02 2.382102628285356797e+06
2.403003754693366564e-02 2.379098873591990210e+06
2.413016270337922306e-02 2.376095118898623157e+06
2.423028785982478048e-02 2.373091364205256570e+06
2.433041301627033789e-02 2.370087609511889983e+06
2.443053817271589531e-02 2.367083854818522930e+06
2.453066332916145273e-02 2.364080100125156343e+06
2.463078848560700668e-02 2.361076345431789756e+06
2.473091364205256409e-02 2.358072590738423169e+06
2.483103879849812151e-02 2.355068836045056581e+06
2.493116395494367893e-02 2.352065081351689529e+06
2.503128911138923635e-02 2.349061326658322942e+06
2.513141426783479376e-02 2.346057571964956354e+06
2.523153942428035118e-02 2.343053817271589302e+06
2.533166458072590513e-02 2.340050062578222714e+06
2.543178973717146255e-02 2.337046307884856127e+06
2.553191489361701996e-02 2.334042553191489540e+06
2.563204005006257738e-02 2.331038798498122487e+06
2.573216520650813480e-02 2.328035043804755900e+06
2.583229036295369221e-02 2.325031289111389313e+06
2.593241551939924963e-02 2.322027534418022726e+06
2.603254067584480358e-02 2.319023779724655673e+06
2.613266583229036100e-02 2.316020025031289086e+06
2.623279098873591841e-02 2.313016270337922499e+06
2.633291614518147583e-02 2.310012515644555911e+06
2.643304130162703325e-02 2.307008760951188859e+06
2.653316645807259067e-02 2.304005006257822271e+06
2.663329161451814808e-02 2.301001251564455684e+06
2.673341677096370203e-02 2.297997496871089097e+06
2.683354192740925945e-02 2.294993742177722044e+06
2.693366708385481686e-02 2.291989987484355457e+06
2.703379224030037428e-02 2.288986232790988870e+06
2.713391739674593170e-02 2.285982478097622283e+06
2.723404255319148912e-02 2.282978723404255230e+06
2.733416770963704653e-02 2.279974968710888643e+06
2.743429286608260395e-02 2.276971214017522056e+06
2.753441802252815790e-02 2.273967459324155468e+06
2.763454317897371532e-02 2.270963704630788416e+06
2.773466833541927273e-02 2.267959949937421829e+06
2.783479349186483015e-02 2.264956195244055241e+06
2.793491864831038757e-02 2.261952440550688189e+06
2.803504380475594499e-02 2.258948685857321601e+06
2.813516896120150240e-02 2.255944931163955014e+06
2.823529411764705635e-02 2.252941176470588427e+06
2.833541927409261377e-02 2.249937421777221374e+06
2.843554443053817118e-02 2.246933667083854787e+06
2.853566958698372860e-02 2.243929912390488200e+06
2.863579474342928602e-02 2.240926157697121613e+06
2.873591989987484344e-02 2.237922403003754560e+06
2.883604505632040085e-02 2.234918648310387973e+06
2.893617021276595480e-02 2.231914893617021386e+06
2.903629536921151222e-02 2.228911138923654798e+06
2.913642052565706964e-02 2.225907384230287746e+06
2.923654568210262705e-02 2.222903629536921158e+06
2.933667083854818447e-02 2.219899874843554571e+06
2.943679599499374189e-02 2.216896120150187984e+06
2.953692115143929930e-02 2.213892365456820931e+06
2.963704630788485672e-02 2.210888610763454344e+06
2.973717146433041067e-02 2.207884856070087757e+06
2.983729662077596809e-02 2.204881101376721170e+06
2.993742177722152550e-02 2.201877346683354117e+06
3.003754693366708292e-02 2.198873591989987530e+06
3.013767209011264034e-02 2.195869837296620943e+06
3.023779724655819776e-02 2.192866082603253890e+06
3.033792240300375517e-02 2.189862327909887303e+06
3.043804755944930912e-02 2.186858573216520716e+06
3.053817271589486654e-02 2.183854818523154128e+06
3.063829787234042396e-02 2.180851063829787076e+06
3.073842302878598137e-02 2.177847309136420488e+06
3.083854818523153879e-02 2.174843554443053901e+06
3.093867334167709621e-02 2.171839799749687314e+06
3.103879849812265362e-02 2.168836045056320261e+06
3.113892365456820757e-02 2.165832290362953674e+06
3.123904881101376499e-02 2.162828535669587087e+06
3.133917396745932588e-02 2.159824780976220034e+06
3.143929912390488329e-02 2.156821026282853447e+06
3.153942428035043377e-02 2.153817271589486860e+06
3.163954943679599119e-02 2.150813516896120273e+06
3.173967459324154861e-02 2.147809762202753685e+06
3.183979974968710602e-02 2.144806007509386633e+06
3.193992490613266344e-02 2.141802252816020045e+06
3.204005006257822086e-02 2.138798498122653458e+06
3.214017521902377827e-02 2.135794743429286405e+06
3.224030037546933569e-02 2.132790988735919818e+06
3.234042553191489311e-02 2.129787234042553231e+06
3.244055068836045053e-02 2.126783479349186644e+06
3.254067584480600794e-02 2.123779724655819591e+06
3.264080100125156536e-02 2.120775969962453004e+06
3.274092615769712278e-02 2.117772215269086417e+06
3.284105131414268020e-02 2.114768460575719364e+06
3.294117647058823761e-02 2.111764705882352777e+06
3.304130162703378809e-02 2.108760951188986190e+06
3.314142678347934551e-02 2.105757196495619603e+06
3.324155193992490293e-02 2.102753441802253015e+06
3.334167709637046034e-02 2.099749687108886428e+06
3.344180225281601776e-02 2.096745932415519375e+06
3.354192740926157518e-02 2.093742177722152788e+06
3.364205256570713259e-02 2.090738423028785968e+06
3.374217772215269001e-02 2.087734668335419381e+06
3.384230287859824743e-02 2.084730913642052561e+06
3.394242803504380485e-02 2.081727158948685974e+06
3.404255319148936226e-02 2.078723404255319154e+06
3.414267834793491968e-02 2.075719649561952334e+06
3.424280350438047710e-02 2.072715894868585747e+06
3.434292866082603451e-02 2.069712140175218927e+06
3.444305381727158499e-02 2.066708385481852572e+06
3.454317897371714241e-02 2.063704630788485752e+06
3.464330413016269983e-02 2.060700876095118932e+06
3.474342928660825724e-02 2.057697121401752345e+06
3.484355444305381466e-02 2.054693366708385525e+06
3.494367959949937208e-02 2.051689612015018705e+06
3.504380475594492950e-02 2.048685857321652118e+06
3.514392991239048691e-02 2.045682102628285531e+06
3.524405506883604433e-02 2.042678347934918711e+06
3.534418022528160175e-02 2.039674593241551891e+06
3.544430538172715917e-02 2.036670838548185304e+06
3.554443053817271658e-02 2.033667083854818484e+06
3.564455569461827400e-02 2.030663329161451664e+06
3.574468085106383142e-02 2.027659574468085077e+06
3.584480600750938883e-02 2.024655819774718489e+06
3.594493116395493931e-02 2.021652065081351902e+06
3.604505632040049673e-02 2.018648310387985082e+06
3.614518147684605415e-02 2.015644555694618262e+06
3.624530663329161156e-02 2.012640801001251675e+06
3.634543178973716898e-02 2.009637046307885088e+06
3.644555694618272640e-02 2.006633291614518268e+06
3.654568210262828382e-02 2.003629536921151448e+06
3.664580725907384123e-02 2.000625782227784861e+06
3.674593241551939865e-02 1.997622027534418041e+06
3.684605757196495607e-02 1.994618272841051221e+06
3.694618272841051348e-02 1.991614518147684634e+06
3.704630788485607090e-02 1.988610763454317814e+06
3.714643304130162832e-02 1.985607008760951227e+06
3.724655819774718574e-02 1.982603254067584407e+06
3.734668335419274315e-02 1.979599499374217819e+06
3.744680851063829363e-02 1.976595744680851232e+06
3.754693366708385105e-02 1.973591989987484645e+06
3.764705882352940847e-02 1.970588235294117592e+06
3.774718397997496588e-02 1.967584480600751005e+06
3.784730913642052330e-02 1.964580725907384418e+06
3.794743429286608072e-02 1.961576971214017598e+06
3.804755944931163814e-02 1.958573216520650778e+06
3.814768460575719555e-02 1.955569461827284191e+06
3.824780976220275297e-02 1.952565707133917371e+06
3.834793491864831039e-02 1.949561952440550551e+06
3.844806007509386780e-02 1.946558197747183964e+06
3.854818523153942522e-02 1.943554443053817376e+06
3.864831038798498264e-02 1.940550688360450557e+06
3.874843554443054006e-02 1.937546933667083737e+06
3.884856070087609053e-02 1.934543178973717149e+06
3.894868585732164795e-02 1.931539424280350562e+06
3.904881101376720537e-02 1.928535669586983975e+06
3.914893617021276279e-02 1.925531914893617155e+06
3.924906132665832020e-02 1.922528160200250335e+06
3.934918648310387762e-02 1.919524405506883748e+06
3.944931163954943504e-02 1.916520650813516928e+06
3.954943679599499246e-02 1.913516896120150108e+06
3.964956195244054987e-02 1.910513141426783521e+06
3.974968710888610729e-02 1.907509386733416934e+06
3.984981226533166471e-02 1.904505632040050114e+06
3.994993742177722212e-02 1.901501877346683294e+06
4.005006257822277954e-02 1.898498122653316706e+06
4.015018773466833696e-02 1.895494367959949886e+06
4.025031289111389438e-02 1.892490613266583066e+06
4.035043804755944485e-02 1.889486858573216712e+06
4.045056320400500227e-02 1.886483103879849892e+06
4.055068836045055969e-02 1.883479349186483305e+06
4.065081351689611711e-02 1.880475594493116485e+06
4.075093867334167452e-02 1.877471839799749665e+06
4.085106382978723194e-02 1.874468085106383078e+06
4.095118898623278936e-02 1.871464330413016491e+06
4.105131414267834677e-02 1.868460575719649438e+06
4.115143929912390419e-02 1.865456821026282851e+06
4.125156445556946161e-02 1.862453066332916263e+06
4.135168961201501903e-02 1.859449311639549443e+06
4.145181476846057644e-02 1.856445556946182624e+06
4.155193992490613386e-02 1.853441802252816036e+06
4.165206508135169128e-02 1.850438047559449216e+06
4.175219023779724176e-02 1.847434292866082862e+06
4.185231539424279917e-02 1.844430538172716042e+06
4.195244055068835659e-02 1.841426783479349222e+06
4.205256570713391401e-02 1.838423028785982635e+06
4.215269086357947143e-02 1.835419274092615815e+06
4.225281602002502884e-02 1.832415519399248995e+06
4.235294117647058626e-02 1.829411764705882408e+06
4.245306633291614368e-02 1.826408010012515821e+06
4.255319148936170109e-02 1.823404255319149001e+06
4.265331664580725851e-02 1.820400500625782181e+06
4.275344180225281593e-02 1.817396745932415593e+06
4.285356695869837335e-02 1.814392991239048773e+06
4.295369211514393076e-02 1.811389236545681953e+06
4.305381727158948818e-02 1.808385481852315366e+06
4.315394242803504560e-02 1.805381727158948779e+06
4.325406758448059608e-02 1.802377972465582192e+06
4.335419274092615349e-02 1.799374217772215372e+06
4.345431789737171091e-02 1.796370463078848552e+06
4.355444305381726833e-02 1.793366708385481965e+06
4.365456821026282574e-02 1.790362953692115378e+06
4.375469336670838316e-02 1.787359198998748558e+06
4.385481852315394058e-02 1.784355444305381738e+06
4.395494367959949800e-02 1.781351689612015150e+06
4.405506883604505541e-02 1.778347934918648330e+06
4.415519399249061283e-02 1.775344180225281511e+06
4.425531914893617025e-02 1.772340425531914923e+06
4.435544430538172767e-02 1.769336670838548336e+06
4.445556946182728508e-02 1.766332916145181516e+06
4.455569461827284250e-02 1.763329161451814696e+06
4.465581977471839992e-02 1.760325406758448109e+06
4.475594493116395040e-02 1.757321652065081522e+06
4.485607008760950781e-02 1.754317897371714935e+06
4.495619524405506523e-02 1.751314142678347882e+06
4.505632040050062265e-02 1.748310387984981295e+06
4.515644555694618006e-02 1.745306633291614708e+06
4.525657071339173748e-02 1.742302878598247888e+06
4.535669586983729490e-02 1.739299123904881068e+06
4.545682102628285232e-02 1.736295369211514480e+06
4.555694618272840973e-02 1.733291614518147893e+06
4.565707133917396715e-02 1.730287859824780840e+06
4.575719649561952457e-02 1.727284105131414253e+06
4.585732165206508198e-02 1.724280350438047666e+06
4.595744680851063940e-02 1.721276595744680846e+06
4.605757196495619682e-02 1.718272841051314026e+06
4.615769712140174730e-02 1.715269086357947439e+06
4.625782227784730471e-02 1.712265331664580852e+06
4.635794743429286213e-02 1.709261576971214265e+06
4.645807259073841955e-02 1.706257822277847445e+06
4.655819774718397697e-02 1.703254067584480625e+06
4.665832290362953438e-02 1.700250312891114037e+06
4.675844806007509180e-02 1.697246558197747217e+06
4.685857321652064922e-02 1.694242803504380397e+06
4.695869837296620664e-02 1.691239048811013810e+06
4.705882352941176405e-02 1.688235294117647223e+06
4.715894868585732147e-02 1.685231539424280403e+06
4.725907384230287889e-02 1.682227784730913583e+06
4.735919899874843630e-02 1.679224030037546996e+06
4.745932415519399372e-02 1.676220275344180176e+06
4.755944931163955114e-02 1.673216520650813356e+06
4.765957446808510162e-02 1.670212765957447002e+06
4.775969962453065903e-02 1.667209011264080182e+06
4.785982478097621645e-02 1.664205256570713595e+06
4.795994993742177387e-02 1.661201501877346775e+06
4.806007509386733129e-02 1.658197747183979955e+06
4.816020025031288870e-02 1.655193992490613367e+06
4.826032540675844612e-02 1.652190237797246780e+06
4.836045056320400354e-02 1.649186483103879960e+06
4.846057571964956096e-02 1.646182728410513140e+06
4.856070087609511837e-02 1.643178973717146553e+06
4.866082603254067579e-02 1.640175219023779733e+06
4.876095118898623321e-02 1.637171464330412913e+06
4.886107634543179062e-02 1.634167709637046326e+06
4.896120150187734804e-02 1.631163954943679739e+06
4.906132665832290546e-02 1.628160200250312686e+06
4.916145181476845594e-02 1.625156445556946332e+06
4.926157697121401335e-02 1.622152690863579512e+06
4.936170212765957077e-02 1.619148936170212924e+06
4.946182728410512819e-02 1.616145181476846337e+06
4.956195244055068561e-02 1.613141426783479284e+06
4.966207759699624302e-02 1.610137672090112697e+06
4.976220275344180044e-02 1.607133917396746110e+06
4.986232790988735786e-02 1.604130162703379290e+06
4.996245306633291527e-02 1.601126408010012470e+06
5.006257822277847269e-02 1.598122653316645883e+06
5.016270337922403011e-02 1.595118898623279063e+06
5.026282853566958753e-02 1.592115143929912243e+06
5.036295369211514494e-02 1.589111389236545656e+06
5.046307884856070236e-02 1.586107634543179069e+06
5.056320400500625284e-02 1.583103879849812482e+06
5.066332916145181026e-02 1.580100125156445662e+06
5.076345431789736767e-02 1.577096370463078842e+06
5.086357947434292509e-02 1.574092615769712254e+06
5.096370463078848251e-02 1.571088861076345667e+06
5.106382978723403993e-02 1.568085106382978847e+06
5.116395494367959734e-02 1.565081351689612027e+06
5.126408010012515476e-02 1.562077596996245440e+06
5.136420525657071218e-02 1.559073842302878387e+06
5.146433041301626959e-02 1.556070087609511800e+06
5.156445556946182701e-02 1.553066332916145213e+06
5.166458072590738443e-02 1.550062578222778393e+06
5.176470588235294185e-02 1.547058823529411573e+06
5.186483103879849926e-02 1.544055068836044986e+06
5.196495619524405668e-02 1.541051314142678166e+06
5.206508135168960716e-02 1.538047559449311811e+06
5.216520650813516458e-02 1.535043804755945224e+06
5.226533166458072199e-02 1.532040050062578404e+06
5.236545682102627941e-02 1.529036295369211584e+06
5.246558197747183683e-02 1.526032540675844997e+06
5.256570713391739424e-02 1.523028785982478410e+06
5.266583229036295166e-02 1.520025031289111590e+06
5.276595744680850908e-02 1.517021276595744770e+06
5.286608260325406650e-02 1.514017521902378183e+06
5.296620775969962391e-02 1.511013767209011363e+06
5.306633291614518133e-02 1.508010012515644543e+06
5.316645807259073875e-02 1.505006257822277956e+06
5.326658322903629617e-02 1.502002503128911369e+06
5.336670838548185358e-02 1.498998748435544549e+06
5.346683354192740406e-02 1.495994993742177729e+06
5.356695869837296148e-02 1.492991239048811141e+06
5.366708385481851890e-02 1.489987484355444321e+06
5.376720901126407631e-02 1.486983729662077501e+06
5.386733416770963373e-02 1.483979974968710914e+06
5.396745932415519115e-02 1.480976220275344327e+06
5.406758448060074856e-02 1.477972465581977507e+06
5.416770963704630598e-02 1.474968710888610687e+06
5.426783479349186340e-02 1.471964956195244100e+06
5.436795994993742082e-02 1.468961201501877280e+06
5.446808510638297823e-02 1.465957446808510460e+06
5.456821026282853565e-02 1.462953692115143873e+06
5.466833541927409307e-02 1.459949937421777286e+06
5.476846057571965048e-02 1.456946182728410233e+06
5.486858573216520790e-02 1.453942428035043646e+06
5.496871088861075838e-02 1.450938673341677291e+06
5.506883604505631580e-02 1.447934918648310704e+06
5.516896120150187321e-02 1.444931163954943884e+06
5.526908635794743063e-02 1.441927409261577297e+06
5.536921151439298805e-02 1.438923654568210477e+06
5.546933667083854547e-02 1.435919899874843657e+06
5.556946182728410288e-02 1.432916145181477070e+06
5.566958698372966030e-02 1.429912390488110250e+06
5.576971214017521772e-02 1.426908635794743663e+06
5.586983729662077514e-02 1.423904881101376843e+06
5.596996245306633255e-02 1.420901126408010256e+06
5.607008760951188997e-02 1.417897371714643436e+06
5.617021276595744739e-02 1.414893617021276616e+06
5.627033792240300480e-02 1.411889862327910028e+06
5.637046307884856222e-02 1.408886107634543208e+06
5.647058823529411270e-02 1.405882352941176621e+06
5.657071339173967012e-02 1.402878598247809801e+06
5.667083854818522753e-02 1.399874843554442981e+06
5.677096370463078495e-02 1.396871088861076394e+06
5.687108886107634237e-02 1.393867334167709574e+06
5.697121401752189979e-02 1.390863579474342987e+06
5.707133917396745720e-02 1.387859824780976167e+06
5.717146433041301462e-02 1.384856070087609580e+06
5.727158948685857204e-02 1.381852315394242760e+06
5.737171464330412946e-02 1.378848560700875940e+06
5.747183979974968687e-02 1.375844806007509353e+06
5.757196495619524429e-02 1.372841051314142533e+06
5.767209011264080171e-02 1.369837296620775945e+06
5.777221526908635912e-02 1.366833541927409125e+06
5.787234042553190960e-02 1.363829787234042771e+06
5.797246558197746702e-02 1.360826032540676184e+06
5.807259073842302444e-02 1.357822277847309364e+06
5.817271589486858185e-02 1.354818523153942777e+06
5.827284105131413927e-02 1.351814768460575957e+06
5.837296620775969669e-02 1.348811013767209137e+06
5.847309136420525411e-02 1.345807259073842550e+06
5.857321652065081152e-02 1.342803504380475730e+06
5.867334167709636894e-02 1.339799749687109143e+06
5.877346683354192636e-02 1.336795994993742323e+06
5.887359198998748377e-02 1.333792240300375503e+06
5.897371714643304119e-02 1.330788485607008915e+06
5.907384230287859861e-02 1.327784730913642095e+06
5.917396745932415603e-02 1.324780976220275508e+06
5.927409261576971344e-02 1.321777221526908688e+06
5.937421777221526392e-02 1.318773466833542101e+06
5.947434292866082134e-02 1.315769712140175281e+06
5.957446808510637876e-02 1.312765957446808461e+06
5.967459324155193617e-02 1.309762202753441874e+06
5.977471839799749359e-02 1.306758448060075054e+06
5.987484355444305101e-02 1.303754693366708467e+06
5.997496871088860843e-02 1.300750938673341647e+06
6.007509386733416584e-02 1.297747183979974827e+06
6.017521902377972326e-02 1.294743429286608240e+06
6.027534418022528068e-02 1.291739674593241420e+06
6.037546933667083809e-02 1.288735919899874832e+06
6.047559449311639551e-02 1.285732165206508012e+06
6.057571964956195293e-02 1.282728410513141425e+06
6.067584480600751035e-02 1.279724655819774605e+06
6.077596996245306776e-02 1.276720901126407785e+06
6.087609511889861824e-02 1.273717146433041664e+06
6.097622027534417566e-02 1.270713391739674844e+06
6.107634543178973308e-02 1.267709637046308024e+06
6.117647058823529049e-02 1.264705882352941437e+06
6.127659574468084791e-02 1.261702127659574617e+06
6.137672090112640533e-02 1.258698372966208030e+06
6.147684605757196274e-02 1.255694618272841210e+06
6.157697121401752016e-02 1.252690863579474622e+06
6.167709637046307758e-02 1.249687108886107802e+06
6.177722152690863500e-02 1.246683354192740982e+06
6.187734668335419241e-02 1.243679599499374395e+06
6.197747183979974983e-02 1.240675844806007575e+06
6.207759699624530725e-02 1.237672090112640988e+06
6.217772215269086467e-02 1.234668335419274168e+06
6.227784730913641514e-02 1.231664580725907348e+06
6.237797246558197256e-02 1.228660826032540761e+06
6.247809762202752998e-02 1.225657071339173941e+06
6.257822277847309433e-02 1.222653316645807354e+06
6.267834793491865175e-02 1.219649561952440534e+06
6.277847309136420917e-02 1.216645807259073947e+06
6.287859824780976659e-02 1.213642052565707127e+06
6.297872340425532400e-02 1.210638297872340307e+06
6.307884856070086754e-02 1.207634543178974185e+06
6.317897371714642496e-02 1.204630788485607365e+06
6.327909887359198238e-02 1.201627033792240545e+06
6.337922403003753979e-02 1.198623279098873958e+06
6.347934918648309721e-02 1.195619524405507138e+06
6.357947434292865463e-02 1.192615769712140551e+06
6.367959949937421205e-02 1.189612015018773731e+06
6.377972465581976946e-02 1.186608260325407144e+06
6.387984981226532688e-02 1.183604505632040324e+06
6.397997496871088430e-02 1.180600750938673504e+06
6.408010012515644171e-02 1.177596996245306917e+06
6.418022528160199913e-02 1.174593241551940097e+06
6.428035043804755655e-02 1.171589486858573509e+06
6.438047559449311397e-02 1.168585732165206689e+06
6.448060075093867138e-02 1.165581977471839869e+06
6.458072590738422880e-02 1.162578222778473282e+06
6.468085106382978622e-02 1.159574468085106462e+06
6.478097622027534364e-02 1.156570713391739875e+06
6.488110137672090105e-02 1.153566958698373055e+06
6.498122653316645847e-02 1.150563204005006468e+06
6.508135168961201589e-02 1.147559449311639648e+06
6.518147684605757330e-02 1.144555694618272828e+06
6.528160200250313072e-02 1.141551939924906241e+06
6.538172715894868814e-02 1.138548185231539421e+06
6.548185231539424556e-02 1.135544430538172834e+06
6.558197747183980297e-02 1.132540675844806014e+06
6.568210262828536039e-02 1.129536921151439194e+06
6.578222778473091781e-02 1.126533166458072606e+06
6.588235294117647523e-02 1.123529411764705786e+06
6.598247809762201876e-02 1.120525657071339665e+06
6.608260325406757618e-02 1.117521902377972845e+06
6.618272841051313360e-02 1.114518147684606025e+06
6.628285356695869102e-02 1.111514392991239438e+06
6.638297872340424843e-02 1.108510638297872618e+06
6.648310387984980585e-02 1.105506883604506031e+06
6.658322903629536327e-02 1.102503128911139211e+06
6.668335419274092069e-02 1.099499374217772391e+06
6.678347934918647810e-02 1.096495619524405804e+06
6.688360450563203552e-02 1.093491864831038984e+06
6.698372966207759294e-02 1.090488110137672396e+06
6.708385481852315035e-02 1.087484355444305576e+06
6.718397997496870777e-02 1.084480600750938989e+06
6.728410513141426519e-02 1.081476846057572169e+06
6.738423028785982261e-02 1.078473091364205349e+06
6.748435544430538002e-02 1.075469336670838762e+06
6.758448060075093744e-02 1.072465581977471942e+06
6.768460575719649486e-02 1.069461827284105355e+06
6.778473091364205227e-02 1.066458072590738535e+06
6.788485607008760969e-02 1.063454317897371715e+06
6.798498122653316711e-02 1.060450563204005128e+06
6.808510638297872453e-02 1.057446808510638308e+06
6.818523153942428194e-02 1.054443053817271721e+06
6.828535669586983936e-02 1.051439299123904901e+06
6.838548185231539678e-02 1.048435544430538313e+06
6.848560700876095420e-02 1.045431789737171493e+06
6.858573216520651161e-02 1.042428035043804673e+06
6.868585732165206903e-02 1.039424280350438086e+06
6.878598247809762645e-02 1.036420525657071266e+06
6.888610763454316999e-02 1.033416770963704912e+06
6.898623279098872740e-02 1.030413016270338325e+06
6.908635794743428482e-02 1.027409261576971505e+06
6.918648310387984224e-02 1.024405506883604918e+06
6.928660826032539966e-02 1.021401752190238098e+06
6.938673341677095707e-02 1.018397997496871511e+06
6.948685857321651449e-02 1.015394242803504691e+06
6.958698372966207191e-02 1.012390488110137871e+06
6.968710888610762932e-02 1.009386733416771283e+06
6.978723404255318674e-02 1.006382978723404463e+06
6.988735919899874416e-02 1.003379224030037876e+06
6.998748435544430158e-02 1.000375469336671056e+06
7.008760951188985899e-02 9.973717146433042362e+05
7.018773466833541641e-02 9.943679599499376491e+05
7.028785982478097383e-02 9.913642052565708291e+05
7.038798498122653124e-02 9.883604505632042419e+05
7.048811013767208866e-02 9.853566958698374219e+05
7.058823529411764608e-02 9.823529411764708348e+05
7.068836045056320350e-02 9.793491864831040148e+05
7.078848560700876091e-02 9.763454317897371948e+05
7.088861076345431833e-02 9.733416770963706076e+05
7.098873591989987575e-02 9.703379224030037876e+05
7.108886107634543317e-02 9.673341677096372005e+05
7.118898623279099058e-02 9.643304130162703805e+05
7.128911138923654800e-02 9.613266583229035605e+05
7.138923654568210542e-02 9.583229036295369733e+05
7.148936170212766283e-02 9.553191489361701533e+05
7.158948685857322025e-02 9.523153942428035662e+05
7.168961201501877767e-02 9.493116395494367462e+05
7.178973717146432121e-02 9.463078848560703918e+05
7.188986232790987863e-02 9.433041301627038047e+05
7.198998748435543604e-02 9.403003754693369847e+05
7.209011264080099346e-02 9.372966207759703975e+05
7.219023779724655088e-02 9.342928660826035775e+05
7.229036295369210829e-02 9.312891113892367575e+05
7.239048811013766571e-02 9.282853566958701704e+05
7.249061326658322313e-02 9.252816020025033504e+05
7.259073842302878055e-02 9.222778473091367632e+05
7.269086357947433796e-02 9.192740926157699432e+05
7.279098873591989538e-02 9.162703379224033561e+05
7.289111389236545280e-02 9.132665832290365361e+05
7.299123904881101021e-02 9.102628285356697161e+05
7.309136420525656763e-02 9.072590738423031289e+05
7.319148936170212505e-02 9.042553191489363089e+05
7.329161451814768247e-02 9.012515644555697218e+05
7.339173967459323988e-02 8.982478097622029018e+05
7.349186483103879730e-02 8.952440550688360818e+05
7.359198998748435472e-02 8.922403003754694946e+05
7.369211514392991214e-02 8.892365456821026746e+05
7.379224030037546955e-02 8.862327909887360875e+05
7.389236545682102697e-02 8.832290362953692675e+05
7.399249061326658439e-02 8.802252816020026803e+05
7.409261576971214180e-02 8.772215269086358603e+05
7.419274092615769922e-02 8.742177722152690403e+05
7.429286608260325664e-02 8.712140175219024532e+05
7.439299123904881406e-02 8.682102628285356332e+05
7.449311639549437147e-02 8.652065081351690460e+05
7.459324155193992889e-02 8.622027534418022260e+05
7.469336670838548631e-02 8.591989987484356388e+05
7.479349186483102985e-02 8.561952440550692845e+05
7.489361702127658726e-02 8.531914893617024645e+05
7.499374217772214468e-02 8.501877346683358774e+05
7.509386733416770210e-02 8.471839799749690574e+05
7.519399249061325952e-02 8.441802252816022374e+05
7.529411764705881693e-02 8.411764705882356502e+05
7.539424280350437435e-02 8.381727158948688302e+05
7.549436795994993177e-02 8.351689612015022431e+05
7.559449311639548919e-02 8.321652065081354231e+05
7.569461827284104660e-02 8.291614518147686031e+05
7.579474342928660402e-02 8.261576971214020159e+05
7.589486858573216144e-02 8.231539424280351959e+05
7.599499374217771885e-02 8.201501877346686088e+05
7.609511889862327627e-02 8.171464330413017888e+05
7.619524405506883369e-02 8.141426783479352016e+05
7.629536921151439111e-02 8.111389236545683816e+05
7.639549436795994852e-02 8.081351689612015616e+05
7.649561952440550594e-02 8.051314142678349745e+05
7.659574468085106336e-02 8.021276595744681545e+05
7.669586983729662077e-02 7.991239048811015673e+05
7.679599499374217819e-02 7.961201501877347473e+05
7.689612015018773561e-02 7.931163954943681601e+05
7.699624530663329303e-02 7.901126408010013402e+05
7.709637046307885044e-02 7.871088861076345202e+05
7.719649561952440786e-02 7.841051314142679330e+05
7.729662077596996528e-02 7.811013767209011130e+05
7.739674593241552270e-02 7.780976220275345258e+05
7.749687108886108011e-02 7.750938673341677058e+05
7.759699624530663753e-02 7.720901126408008859e+05
7.769712140175218107e-02 7.690863579474347644e+05
7.779724655819773849e-02 7.660826032540679444e+05
7.789737171464329590e-02 7.630788485607011244e+05
7.799749687108885332e-02 7.600750938673345372e+05
7.809762202753441074e-02 7.570713391739677172e+05
7.819774718397996816e-02 7.540675844806011301e+05
7.829787234042552557e-02 7.510638297872343101e+05
7.839799749687108299e-02 7.480600750938677229e+05
7.849812265331664041e-02 7.450563204005009029e+05
7.859824780976219782e-02 7.420525657071340829e+05
7.869837296620775524e-02 7.390488110137674958e+05
7.879849812265331266e-02 7.360450563204006758e+05
7.889862327909887008e-02 7.330413016270340886e+05
7.899874843554442749e-02 7.300375469336672686e+05
7.909887359198998491e-02 7.270337922403006814e+05
7.919899874843554233e-02 7.240300375469338614e+05
7.929912390488109974e-02 7.210262828535670415e+05
7.939924906132665716e-02 7.180225281602004543e+05
7.949937421777221458e-02 7.150187734668336343e+05
7.959949937421777200e-02 7.120150187734670471e+05
7.969962453066332941e-02 7.090112640801002271e+05
7.979974968710888683e-02 7.060075093867334072e+05
7.989987484355444425e-02 7.030037546933668200e+05
8.000000000000000167e-02 7.000000000000000000e+05
---------------
