field_vs_length
---------------
0.000000000000000000e+00 2.500000000000000000e+06
1.001251564455569429e-04 2.500000000000000000e+06
2.002503128911138858e-04 2.500000000000000000e+06
3.003754693366708422e-04 2.500000000000000000e+06
4.005006257822277716e-04 2.500000000000000000e+06
5.006257822277847009e-04 2.500000000000000000e+06
6.007509386733416844e-04 2.500000000000000000e+06
7.008760951188985596e-04 2.500000000000000000e+06
8.010012515644555431e-04 2.500000000000000000e+06
9.011264080100125267e-04 2.500000000000000000e+06
1.001251564455569402e-03 2.500000000000000000e+06
1.101376720901126385e-03 2.500000000000000000e+06
1.201501877346683369e-03 2.500000000000000000e+06
1.301627033792240352e-03 2.500000000000000000e+06
1.401752190237797119e-03 2.500000000000000000e+06
1.501877346683354103e-03 2.500000000000000000e+06
1.602002503128911086e-03 2.500000000000000000e+06
1.702127659574468070e-03 2.500000000000000000e+06
1.802252816020025053e-03 2.500000000000000000e+06
1.902377972465581820e-03 2.500000000000000000e+06
2.002503128911138804e-03 2.500000000000000000e+06
2.102628285356695787e-03 2.500000000000000000e+06
2.202753441802252771e-03 2.500000000000000000e+06
2.302878598247809754e-03 2.500000000000000000e+06
2.403003754693366738e-03 2.500000000000000000e+06
2.503128911138923721e-03 2.500000000000000000e+06
2.603254067584480705e-03 2.500000000000000000e+06
2.703379224030037255e-03 2.500000000000000000e+06
2.803504380475594238e-03 2.500000000000000000e+06
2.903629536921151222e-03 2.500000000000000000e+06
3.003754693366708205e-03 2.500000000000000000e+06
3.103879849812265189e-03 2.500000000000000000e+06
3.204005006257822172e-03 2.500000000000000000e+06
3.304130162703379156e-03 2.500000000000000000e+06
3.404255319148936140e-03 2.500000000000000000e+06
3.504380475594493123e-03 2.500000000000000000e+06
3.604505632040050107e-03 2.500000000000000000e+06
3.704630788485607090e-03 2.500000000000000000e+06
3.804755944931163640e-03 2.500000000000000000e+06
3.904881101376720624e-03 2.500000000000000000e+06
4.005006257822277607e-03 2.500000000000000000e+06
4.105131414267835024e-03 2.500000000000000000e+06
4.205256570713391574e-03 2.500000000000000000e+06
4.305381727158948124e-03 2.500000000000000000e+06
4.405506883604505541e-03 2.500000000000000000e+06
4.505632040050062091e-03 2.500000000000000000e+06
4.605757196495619508e-03 2.500000000000000000e+06
4.705882352941176058e-03 2.500000000000000000e+06
4.806007509386733476e-03 2.500000000000000000e+06
4.906132665832290025e-03 2.500000000000000000e+06
5.006257822277847443e-03 2.500000000000000000e+06
5.106382978723403993e-03 2.500000000000000000e+06
5.206508135168961410e-03 2.500000000000000000e+06
5.306633291614517960e-03 2.500000000000000000e+06
5.406758448060074509e-03 2.500000000000000000e+06
5.506883604505631927e-03 2.500000000000000000e+06
5.607008760951188477e-03 2.500000000000000000e+06
5.707133917396745894e-03 2.500000000000000000e+06
5.807259073842302444e-03 2.500000000000000000e+06
5.907384230287859861e-03 2.500000000000000000e+06
6.007509386733416411e-03 2.500000000000000000e+06
6.107634543178973828e-03 2.500000000000000000e+06
6.207759699624530378e-03 2.500000000000000000e+06
6.307884856070087795e-03 2.500000000000000000e+06
6.408010012515644345e-03 2.500000000000000000e+06
6.508135168961200895e-03 2.500000000000000000e+06
6.608260325406758312e-03 2.500000000000000000e+06
6.708385481852314862e-03 2.500000000000000000e+06
6.808510638297872279e-03 2.500000000000000000e+06
6.908635794743428829e-03 2.500000000000000000e+06
7.008760951188986246e-03 2.500000000000000000e+06
7.108886107634542796e-03 2.500000000000000000e+06
7.209011264080100213e-03 2.500000000000000000e+06
7.309136420525656763e-03 2.500000000000000000e+06
7.409261576971214180e-03 2.500000000000000000e+06
7.509386733416770730e-03 2.500000000000000000e+06
7.609511889862327280e-03 2.500000000000000000e+06
7.709637046307884697e-03 2.500000000000000000e+06
7.809762202753441247e-03 2.500000000000000000e+06
7.909887359198997797e-03 2.500000000000000000e+06
8.010012515644555214e-03 2.500000000000000000e+06
8.110137672090112632e-03 2.500000000000000000e+06
8.210262828535670049e-03 2.500000000000000000e+06
8.310387984981225731e-03 2.500000000000000000e+06
8.410513141426783149e-03 2.500000000000000000e+06
8.510638297872340566e-03 2.500000000000000000e+06
8.610763454317896248e-03 2.500000000000000000e+06
8.710888610763453666e-03 2.500000000000000000e+06
8.811013767209011083e-03 2.500000000000000000e+06
8.911138923654568500e-03 2.500000000000000000e+06
9.011264080100124182e-03 2.500000000000000000e+06
9.111389236545681600e-03 2.500000000000000000e+06
9.211514392991239017e-03 2.500000000000000000e+06
9.311639549436796434e-03 2.500000000000000000e+06
9.411764705882352117e-03 2.500000000000000000e+06
9.511889862327909534e-03 2.500000000000000000e+06
9.612015018773466951e-03 2.500000000000000000e+06
9.712140175219022634e-03 2.500000000000000000e+06
9.812265331664580051e-03 2.500000000000000000e+06
9.912390488110137468e-03 2.500000000000000000e+06
1.001251564455569489e-02 2.500000000000000000e+06
1.011264080100125057e-02 2.500000000000000000e+06
1.021276595744680799e-02 2.500000000000000000e+06
1.031289111389236540e-02 2.500000000000000000e+06
1.041301627033792282e-02 2.500000000000000000e+06
1.051314142678347850e-02 2.500000000000000000e+06
1.061326658322903592e-02 2.500000000000000000e+06
1.071339173967459334e-02 2.500000000000000000e+06
1.081351689612014902e-02 2.500000000000000000e+06
1.091364205256570644e-02 2.500000000000000000e+06
1.101376720901126385e-02 2.500000000000000000e+06
1.111389236545682127e-02 2.500000000000000000e+06
1.121401752190237695e-02 2.500000000000000000e+06
1.131414267834793437e-02 2.500000000000000000e+06
1.141426783479349179e-02 2.500000000000000000e+06
1.151439299123904920e-02 2.500000000000000000e+06
1.161451814768460489e-02 2.500000000000000000e+06
1.171464330413016230e-02 2.500000000000000000e+06
1.181476846057571972e-02 2.500000000000000000e+06
1.191489361702127540e-02 2.500000000000000000e+06
1.201501877346683282e-02 2.500000000000000000e+06
1.211514392991239024e-02 2.500000000000000000e+06
1.221526908635794766e-02 2.500000000000000000e+06
1.231539424280350334e-02 2.500000000000000000e+06
1.241551939924906076e-02 2.500000000000000000e+06
1.251564455569461817e-02 2.500000000000000000e+06
1.261576971214017559e-02 2.500000000000000000e+06
1.271589486858573127e-02 2.500000000000000000e+06
1.281602002503128869e-02 2.500000000000000000e+06
1.291614518147684611e-02 2.500000000000000000e+06
1.301627033792240179e-02 2.500000000000000000e+06
1.311639549436795921e-02 2.500000000000000000e+06
1.321652065081351662e-02 2.500000000000000000e+06
1.331664580725907404e-02 2.500000000000000000e+06
1.341677096370462972e-02 2.500000000000000000e+06
1.351689612015018714e-02 2.500000000000000000e+06
1.361702127659574456e-02 2.500000000000000000e+06
1.371714643304130198e-02 2.500000000000000000e+06
1.381727158948685766e-02 2.500000000000000000e+06
1.391739674593241508e-02 2.500000000000000000e+06
1.401752190237797249e-02 2.500000000000000000e+06
1.411764705882352818e-02 2.500000000000000000e+06
1.421777221526908559e-02 2.500000000000000000e+06
1.431789737171464301e-02 2.500000000000000000e+06
1.441802252816020043e-02 2.500000000000000000e+06
1.451814768460575611e-02 2.500000000000000000e+06
1.461827284105131353e-02 2.500000000000000000e+06
1.471839799749687094e-02 2.500000000000000000e+06
1.481852315394242836e-02 2.500000000000000000e+06
1.491864831038798404e-02 2.500000000000000000e+06
1.501877346683354146e-02 2.500000000000000000e+06
1.511889862327909888e-02 2.500000000000000000e+06
1.521902377972465456e-02 2.500000000000000000e+06
1.531914893617021198e-02 2.500000000000000000e+06
1.541927409261576939e-02 2.500000000000000000e+06
1.551939924906132681e-02 2.500000000000000000e+06
1.561952440550688249e-02 2.500000000000000000e+06
1.571964956195244165e-02 2.500000000000000000e+06
1.581977471839799559e-02 2.500000000000000000e+06
1.591989987484355301e-02 2.500000000000000000e+06
1.602002503128911043e-02 2.500000000000000000e+06
1.612015018773466785e-02 2.500000000000000000e+06
1.622027534418022526e-02 2.500000000000000000e+06
1.632040050062578268e-02 2.500000000000000000e+06
1.642052565707134010e-02 2.500000000000000000e+06
1.652065081351689405e-02 2.500000000000000000e+06
1.662077596996245146e-02 2.500000000000000000e+06
1.672090112640800888e-02 2.500000000000000000e+06
1.682102628285356630e-02 2.500000000000000000e+06
1.692115143929912371e-02 2.500000000000000000e+06
1.702127659574468113e-02 2.500000000000000000e+06
1.712140175219023855e-02 2.500000000000000000e+06
1.722152690863579250e-02 2.500000000000000000e+06
1.732165206508134991e-02 2.500000000000000000e+06
1.742177722152690733e-02 2.500000000000000000e+06
1.752190237797246475e-02 2.500000000000000000e+06
1.762202753441802217e-02 2.500000000000000000e+06
1.772215269086357958e-02 2.500000000000000000e+06
1.782227784730913700e-02 2.500000000000000000e+06
1.792240300375469442e-02 2.500000000000000000e+06
1.802252816020024836e-02 2.500000000000000000e+06
1.812265331664580578e-02 2.500000000000000000e+06
1.822277847309136320e-02 2.500000000000000000e+06
1.832290362953692062e-02 2.500000000000000000e+06
1.842302878598247803e-02 2.500000000000000000e+06
1.852315394242803545e-02 2.500000000000000000e+06
1.862327909887359287e-02 2.500000000000000000e+06
1.872340425531914682e-02 2.500000000000000000e+06
1.882352941176470423e-02 2.500000000000000000e+06
1.892365456821026165e-02 2.500000000000000000e+06
1.902377972465581907e-02 2.500000000000000000e+06
1.912390488110137649e-02 2.500000000000000000e+06
1.922403003754693390e-02 2.500000000000000000e+06
1.932415519399249132e-02 2.500000000000000000e+06
1.942428035043804527e-02 2.500000000000000000e+06
1.952440550688360268e-02 2.500000000000000000e+06
1.962453066332916010e-02 2.500000000000000000e+06
1.972465581977471752e-02 2.500000000000000000e+06
1.982478097622027494e-02 2.500000000000000000e+06
1.992490613266583235e-02 2.500000000000000000e+06
2.002503128911138977e-02 2.499499374217772391e+06
2.012515644555694719e-02 2.497496871088861022e+06
2.022528160200250114e-02 2.495494367959950119e+06
2.032540675844805855e-02 2.493491864831038751e+06
2.042553191489361597e-02 2.491489361702127848e+06
2.052565707133917339e-02 2.489486858573216479e+06
2.062578222778473080e-02 2.487484355444305576e+06
2.072590738423028822e-02 2.485481852315394208e+06
2.082603254067584564e-02 2.483479349186483305e+06
2.092615769712139959e-02 2.481476846057571936e+06
2.102628285356695700e-02 2.479474342928661034e+06
2.112640801001251442e-02 2.477471839799749665e+06
2.122653316645807184e-02 2.475469336670838762e+06
2.132665832290362926e-02 2.473466833541927394e+06
2.142678347934918667e-02 2.471464330413016491e+06
2.152690863579474409e-02 2.469461827284105122e+06
2.162703379224029804e-02 2.467459324155194219e+06
2.172715894868585546e-02 2.465456821026282851e+06
2.182728410513141287e-02 2.463454317897371948e+06
2.192740926157697029e-02 2.461451814768460579e+06
2.202753441802252771e-02 2.459449311639549676e+06
2.212765957446808512e-02 2.457446808510638308e+06
2.222778473091364254e-02 2.455444305381726939e+06
2.232790988735919996e-02 2.453441802252816036e+06
2.242803504380475391e-02 2.451439299123905133e+06
2.252816020025031132e-02 2.449436795994993765e+06
2.262828535669586874e-02 2.447434292866082862e+06
2.272841051314142616e-02 2.445431789737171493e+06
2.282853566958698358e-02 2.443429286608260125e+06
2.292866082603254099e-02 2.441426783479349222e+06
2.302878598247809841e-02 2.439424280350437853e+06
2.312891113892365236e-02 2.437421777221526951e+06
2.322903629536920977e-02 2.435419274092615582e+06
2.332916145181476719e-02 2.433416770963704679e+06
2.342928660826032461e-02 2.431414267834793311e+06
2.352941176470588203e-02 2.429411764705882408e+06
2.362953692115143944e-02 2.427409261576971039e+06
2.372966207759699686e-02 2.425406758448060136e+06
2.382978723404255081e-02 2.423404255319148768e+06
2.392991239048810823e-02 2.421401752190237865e+06
2.403003754693366564e-02 2.419399249061326496e+06
2.413016270337922306e-02 2.417396745932415593e+06
2.423028785982478048e-02 2.415394242803504225e+06
2.433041301627033789e-02 2.413391739674593322e+06
2.443053817271589531e-02 2.411389236545681953e+06
2.453066332916145273e-02 2.409386733416771051e+06
2.463078848560700668e-02 2.407384230287859682e+06
2.473091364205256409e-02 2.405381727158948779e+06
2.483103879849812151e-02 2.403379224030037411e+06
2.493116395494367893e-02 2.401376720901126508e+06
2.503128911138923635e-02 2.399374217772215139e+06
2.513141426783479376e-02 2.397371714643304236e+06
2.523153942428035118e-02 2.395369211514392868e+06
2.533166458072590513e-02 2.393366708385481965e+06
2.543178973717146255e-02 2.391364205256570596e+06
2.553191489361701996e-02 2.389361702127659693e+06
2.563204005006257738e-02 2.387359198998748325e+06
2.573216520650813480e-02 2.385356695869837422e+06
2.583229036295369221e-02 2.383354192740926053e+06
2.593241551939924963e-02 2.381351689612015150e+06
2.603254067584480358e-02 2.379349186483103782e+06
2.613266583229036100e-02 2.377346683354192879e+06
2.623279098873591841e-02 2.375344180225281511e+06
2.633291614518147583e-02 2.373341677096370608e+06
2.643304130162703325e-02 2.371339173967459239e+06
2.653316645807259067e-02 2.369336670838548336e+06
2.663329161451814808e-02 2.367334167709636968e+06
2.673341677096370203e-02 2.365331664580726065e+06
2.683354192740925945e-02 2.363329161451814696e+06
2.693366708385481686e-02 2.361326658322903793e+06
2.703379224030037428e-02 2.359324155193992425e+06
2.713391739674593170e-02 2.357321652065081522e+06
2.723404255319148912e-02 2.355319148936170153e+06
2.733416770963704653e-02 2.353316645807259250e+06
2.743429286608260395e-02 2.351314142678347882e+06
2.753441802252815790e-02 2.349311639549436979e+06
2.763454317897371532e-02 2.347309136420525610e+06
2.773466833541927273e-02 2.345306633291614708e+06
2.783479349186483015e-02 2.343304130162703339e+06
2.793491864831038757e-02 2.341301627033792436e+06
2.803504380475594499e-02 2.339299123904881068e+06
2.813516896120150240e-02 2.337296620775970165e+06
2.823529411764705635e-02 2.335294117647058796e+06
2.833541927409261377e-02 2.333291614518147893e+06
2.843554443053817118e-02 2.331289111389236525e+06
2.853566958698372860e-02 2.329286608260325622e+06
2.863579474342928602e-02 2.327284105131414253e+06
2.873591989987484344e-02 2.325281602002503350e+06
2.883604505632040085e-02 2.323279098873591982e+06
2.893617021276595480e-02 2.321276595744681079e+06
2.903629536921151222e-02 2.319274092615769710e+06
2.913642052565706964e-02 2.317271589486858808e+06
2.923654568210262705e-02 2.315269086357947439e+06
2.933667083854818447e-02 2.313266583229036536e+06
2.943679599499374189e-02 2.311264080100125168e+06
2.953692115143929930e-02 2.309261576971214265e+06
2.963704630788485672e-02 2.307259073842302896e+06
2.973717146433041067e-02 2.305256570713391993e+06
2.983729662077596809e-02 2.303254067584480625e+06
2.993742177722152550e-02 2.301251564455569722e+06
3.003754693366708292e-02 2.299249061326658353e+06
3.013767209011264034e-02 2.297246558197746985e+06
3.023779724655819776e-02 2.295244055068836082e+06
3.033792240300375517e-02 2.293241551939924713e+06
3.043804755944930912e-02 2.291239048811013810e+06
3.053817271589486654e-02 2.289236545682102442e+06
3.063829787234042396e-02 2.287234042553191539e+06
3.073842302878598137e-02 2.285231539424280170e+06
3.083854818523153879e-02 2.283229036295369267e+06
3.093867334167709621e-02 2.281226533166457899e+06
3.103879849812265362e-02 2.279224030037546996e+06
3.113892365456820757e-02 2.277221526908636093e+06
3.123904881101376499e-02 2.275219023779724725e+06
3.133917396745932588e-02 2.273216520650813356e+06
3.143929912390488329e-02 2.271214017521902453e+06
3.153942428035043377e-02 2.269211514392991550e+06
3.163954943679599119e-02 2.267209011264080182e+06
3.173967459324154861e-02 2.265206508135168813e+06
3.183979974968710602e-02 2.263204005006257910e+06
3.193992490613266344e-02 2.261201501877346542e+06
3.204005006257822086e-02 2.259198998748435639e+06
3.214017521902377827e-02 2.257196495619524270e+06
3.224030037546933569e-02 2.255193992490613367e+06
3.234042553191489311e-02 2.253191489361701999e+06
3.244055068836045053e-02 2.251188986232791096e+06
3.254067584480600794e-02 2.249186483103879727e+06
3.264080100125156536e-02 2.247183979974968825e+06
3.274092615769712278e-02 2.245181476846057456e+06
3.284105131414268020e-02 2.243178973717146553e+06
3.294117647058823761e-02 2.241176470588235185e+06
3.304130162703378809e-02 2.239173967459324282e+06
3.314142678347934551e-02 2.237171464330412913e+06
3.324155193992490293e-02 2.235168961201502010e+06
3.334167709637046034e-02 2.233166458072590642e+06
3.344180225281601776e-02 2.231163954943679739e+06
3.354192740926157518e-02 2.229161451814768370e+06
3.364205256570713259e-02 2.227158948685857467e+06
3.374217772215269001e-02 2.225156445556946099e+06
3.384230287859824743e-02 2.223153942428035196e+06
3.394242803504380485e-02 2.221151439299123827e+06
3.404255319148936226e-02 2.219148936170212924e+06
3.414267834793491968e-02 2.217146433041301556e+06
3.424280350438047710e-02 2.215143929912390653e+06
3.434292866082603451e-02 2.213141426783479284e+06
3.444305381727158499e-02 2.211138923654568382e+06
3.454317897371714241e-02 2.209136420525657013e+06
3.464330413016269983e-02 2.207133917396746110e+06
3.474342928660825724e-02 2.205131414267834742e+06
3.484355444305381466e-02 2.203128911138923839e+06
3.494367959949937208e-02 2.201126408010012470e+06
3.504380475594492950e-02 2.199123904881101567e+06
3.514392991239048691e-02 2.197121401752190199e+06
3.524405506883604433e-02 2.195118898623279296e+06
3.534418022528160175e-02 2.193116395494367927e+06
3.544430538172715917e-02 2.191113892365457024e+06
3.554443053817271658e-02 2.189111389236545656e+06
3.564455569461827400e-02 2.187108886107634753e+06
3.574468085106383142e-02 2.185106382978723384e+06
3.584480600750938883e-02 2.183103879849812016e+06
3.594493116395493931e-02 2.181101376720901113e+06
3.604505632040049673e-02 2.179098873591990210e+06
3.614518147684605415e-02 2.177096370463078842e+06
3.624530663329161156e-02 2.175093867334167939e+06
3.634543178973716898e-02 2.173091364205256570e+06
3.644555694618272640e-02 2.171088861076345667e+06
3.654568210262828382e-02 2.169086357947434299e+06
3.664580725907384123e-02 2.167083854818522930e+06
3.674593241551939865e-02 2.165081351689612027e+06
3.684605757196495607e-02 2.163078848560701124e+06
3.694618272841051348e-02 2.161076345431789756e+06
3.704630788485607090e-02 2.159073842302878387e+06
3.714643304130162832e-02 2.157071339173967484e+06
3.724655819774718574e-02 2.155068836045056116e+06
3.734668335419274315e-02 2.153066332916145213e+06
3.744680851063829363e-02 2.151063829787234310e+06
3.754693366708385105e-02 2.149061326658322942e+06
3.764705882352940847e-02 2.147058823529412039e+06
3.774718397997496588e-02 2.145056320400500670e+06
3.784730913642052330e-02 2.143053817271589302e+06
3.794743429286608072e-02 2.141051314142678399e+06
3.804755944931163814e-02 2.139048811013767496e+06
3.814768460575719555e-02 2.137046307884856127e+06
3.824780976220275297e-02 2.135043804755944759e+06
3.834793491864831039e-02 2.133041301627033856e+06
3.844806007509386780e-02 2.131038798498122487e+06
3.854818523153942522e-02 2.129036295369211584e+06
3.864831038798498264e-02 2.127033792240300216e+06
3.874843554443054006e-02 2.125031289111389313e+06
3.884856070087609053e-02 2.123028785982478410e+06
3.894868585732164795e-02 2.121026282853567041e+06
3.904881101376720537e-02 2.119023779724655673e+06
3.914893617021276279e-02 2.117021276595744770e+06
3.924906132665832020e-02 2.115018773466833401e+06
3.934918648310387762e-02 2.113016270337922499e+06
3.944931163954943504e-02 2.111013767209011130e+06
3.954943679599499246e-02 2.109011264080100227e+06
3.964956195244054987e-02 2.107008760951188859e+06
3.974968710888610729e-02 2.105006257822277956e+06
3.984981226533166471e-02 2.103003754693366587e+06
3.994993742177722212e-02 2.101001251564455684e+06
4.005006257822277954e-02 2.098998748435544316e+06
4.015018773466833696e-02 2.096996245306633413e+06
4.025031289111389438e-02 2.094993742177722044e+06
4.035043804755944485e-02 2.092991239048811141e+06
4.045056320400500227e-02 2.090988735919900006e+06
4.055068836045055969e-02 2.088986232790988870e+06
4.065081351689611711e-02 2.086983729662077734e+06
4.075093867334167452e-02 2.084981226533166599e+06
4.085106382978723194e-02 2.082978723404255230e+06
4.095118898623278936e-02 2.080976220275344327e+06
4.105131414267834677e-02 2.078973717146432959e+06
4.115143929912390419e-02 2.076971214017522056e+06
4.125156445556946161e-02 2.074968710888610687e+06
4.135168961201501903e-02 2.072966207759699551e+06
4.145181476846057644e-02 2.070963704630788416e+06
4.155193992490613386e-02 2.068961201501877280e+06
4.165206508135169128e-02 2.066958698372966144e+06
4.175219023779724176e-02 2.064956195244055241e+06
4.185231539424279917e-02 2.062953692115144106e+06
4.195244055068835659e-02 2.060951188986232970e+06
4.205256570713391401e-02 2.058948685857321601e+06
4.215269086357947143e-02 2.056946182728410698e+06
4.225281602002502884e-02 2.054943679599499330e+06
4.235294117647058626e-02 2.052941176470588427e+06
4.245306633291614368e-02 2.050938673341677058e+06
4.255319148936170109e-02 2.048936170212765923e+06
4.265331664580725851e-02 2.046933667083854787e+06
4.275344180225281593e-02 2.044931163954943651e+06
4.285356695869837335e-02 2.042928660826032516e+06
4.295369211514393076e-02 2.040926157697121380e+06
4.305381727158948818e-02 2.038923654568210244e+06
4.315394242803504560e-02 2.036921151439299108e+06
4.325406758448059608e-02 2.034918648310387973e+06
4.335419274092615349e-02 2.032916145181477070e+06
4.345431789737171091e-02 2.030913642052565701e+06
4.355444305381726833e-02 2.028911138923654566e+06
4.365456821026282574e-02 2.026908635794743430e+06
4.375469336670838316e-02 2.024906132665832294e+06
4.385481852315394058e-02 2.022903629536921158e+06
4.395494367959949800e-02 2.020901126408010023e+06
4.405506883604505541e-02 2.018898623279098887e+06
4.415519399249061283e-02 2.016896120150187751e+06
4.425531914893617025e-02 2.014893617021276616e+06
4.435544430538172767e-02 2.012891113892365480e+06
4.445556946182728508e-02 2.010888610763454344e+06
4.455569461827284250e-02 2.008886107634543208e+06
4.465581977471839992e-02 2.006883604505632073e+06
4.475594493116395040e-02 2.004881101376720937e+06
4.485607008760950781e-02 2.002878598247809801e+06
4.495619524405506523e-02 2.000876095118898666e+06
4.505632040050062265e-02 1.998873591989987530e+06
4.515644555694618006e-02 1.996871088861076394e+06
4.525657071339173748e-02 1.994868585732165258e+06
4.535669586983729490e-02 1.992866082603254123e+06
4.545682102628285232e-02 1.990863579474342987e+06
4.555694618272840973e-02 1.988861076345431851e+06
4.565707133917396715e-02 1.986858573216520716e+06
4.575719649561952457e-02 1.984856070087609580e+06
4.585732165206508198e-02 1.982853566958698444e+06
4.595744680851063940e-02 1.980851063829787076e+06
4.605757196495619682e-02 1.978848560700876173e+06
4.615769712140174730e-02 1.976846057571965037e+06
4.625782227784730471e-02 1.974843554443053901e+06
4.635794743429286213e-02 1.972841051314142765e+06
4.645807259073841955e-02 1.970838548185231630e+06
4.655819774718397697e-02 1.968836045056320494e+06
4.665832290362953438e-02 1.966833541927409358e+06
4.675844806007509180e-02 1.964831038798498223e+06
4.685857321652064922e-02 1.962828535669587087e+06
4.695869837296620664e-02 1.960826032540675718e+06
4.705882352941176405e-02 1.958823529411764815e+06
4.715894868585732147e-02 1.956821026282853447e+06
4.725907384230287889e-02 1.954818523153942544e+06
4.735919899874843630e-02 1.952816020025031175e+06
4.745932415519399372e-02 1.950813516896120273e+06
4.755944931163955114e-02 1.948811013767208904e+06
4.765957446808510162e-02 1.946808510638298001e+06
4.775969962453065903e-02 1.944806007509386865e+06
4.785982478097621645e-02 1.942803504380475730e+06
4.795994993742177387e-02 1.940801001251564361e+06
4.806007509386733129e-02 1.938798498122653458e+06
4.816020025031288870e-02 1.936795994993742090e+06
4.826032540675844612e-02 1.934793491864831187e+06
4.836045056320400354e-02 1.932790988735919818e+06
4.846057571964956096e-02 1.930788485607008915e+06
4.856070087609511837e-02 1.928785982478097547e+06
4.866082603254067579e-02 1.926783479349186644e+06
4.876095118898623321e-02 1.924780976220275275e+06
4.886107634543179062e-02 1.922778473091364140e+06
4.896120150187734804e-02 1.920775969962453004e+06
4.906132665832290546e-02 1.918773466833541868e+06
4.916145181476845594e-02 1.916770963704630733e+06
4.926157697121401335e-02 1.914768460575719830e+06
4.936170212765957077e-02 1.912765957446808461e+06
4.946182728410512819e-02 1.910763454317897558e+06
4.956195244055068561e-02 1.908760951188986190e+06
4.966207759699624302e-02 1.906758448060075287e+06
4.976220275344180044e-02 1.904755944931163918e+06
4.986232790988735786e-02 1.902753441802253015e+06
4.996245306633291527e-02 1.900750938673341647e+06
5.006257822277847269e-02 1.898748435544430511e+06
5.016270337922403011e-02 1.896745932415519375e+06
5.026282853566958753e-02 1.894743429286608240e+06
5.036295369211514494e-02 1.892740926157697104e+06
5.046307884856070236e-02 1.890738423028785968e+06
5.056320400500625284e-02 1.888735919899874832e+06
5.066332916145181026e-02 1.886733416770963930e+06
5.076345431789736767e-02 1.884730913642052561e+06
5.086357947434292509e-02 1.882728410513141658e+06
5.096370463078848251e-02 1.880725907384230290e+06
5.106382978723403993e-02 1.878723404255319154e+06
5.116395494367959734e-02 1.876720901126408018e+06
5.126408010012515476e-02 1.874718397997496882e+06
5.136420525657071218e-02 1.872715894868585747e+06
5.146433041301626959e-02 1.870713391739674378e+06
5.156445556946182701e-02 1.868710888610763475e+06
5.166458072590738443e-02 1.866708385481852107e+06
5.176470588235294185e-02 1.864705882352941204e+06
5.186483103879849926e-02 1.862703379224029835e+06
5.196495619524405668e-02 1.860700876095118932e+06
5.206508135168960716e-02 1.858698372966208030e+06
5.216520650813516458e-02 1.856695869837296661e+06
5.226533166458072199e-02 1.854693366708385758e+06
5.236545682102627941e-02 1.852690863579474390e+06
5.246558197747183683e-02 1.850688360450563487e+06
5.256570713391739424e-02 1.848685857321652118e+06
5.266583229036295166e-02 1.846683354192741215e+06
5.276595744680850908e-02 1.844680851063829847e+06
5.286608260325406650e-02 1.842678347934918711e+06
5.296620775969962391e-02 1.840675844806007575e+06
5.306633291614518133e-02 1.838673341677096440e+06
5.316645807259073875e-02 1.836670838548185304e+06
5.326658322903629617e-02 1.834668335419274168e+06
5.336670838548185358e-02 1.832665832290363032e+06
5.346683354192740406e-02 1.830663329161451897e+06
5.356695869837296148e-02 1.828660826032540761e+06
5.366708385481851890e-02 1.826658322903629392e+06
5.376720901126407631e-02 1.824655819774718489e+06
5.386733416770963373e-02 1.822653316645807121e+06
5.396745932415519115e-02 1.820650813516896218e+06
5.406758448060074856e-02 1.818648310387984850e+06
5.416770963704630598e-02 1.816645807259073947e+06
5.426783479349186340e-02 1.814643304130162578e+06
5.436795994993742082e-02 1.812640801001251675e+06
5.446808510638297823e-02 1.810638297872340307e+06
5.456821026282853565e-02 1.808635794743429171e+06
5.466833541927409307e-02 1.806633291614518035e+06
5.476846057571965048e-02 1.804630788485606899e+06
5.486858573216520790e-02 1.802628285356695764e+06
5.496871088861075838e-02 1.800625782227784861e+06
5.506883604505631580e-02 1.798623279098873725e+06
5.516896120150187321e-02 1.796620775969962589e+06
5.526908635794743063e-02 1.794618272841051454e+06
5.536921151439298805e-02 1.792615769712140318e+06
5.546933667083854547e-02 1.790613266583229182e+06
5.556946182728410288e-02 1.788610763454318047e+06
5.566958698372966030e-02 1.786608260325406911e+06
5.576971214017521772e-02 1.784605757196495775e+06
5.586983729662077514e-02 1.782603254067584407e+06
5.596996245306633255e-02 1.780600750938673504e+06
5.607008760951188997e-02 1.778598247809762135e+06
5.617021276595744739e-02 1.776595744680851232e+06
5.627033792240300480e-02 1.774593241551939864e+06
5.637046307884856222e-02 1.772590738423028961e+06
5.647058823529411270e-02 1.770588235294117592e+06
5.657071339173967012e-02 1.768585732165206689e+06
5.667083854818522753e-02 1.766583229036295321e+06
5.677096370463078495e-02 1.764580725907384185e+06
5.687108886107634237e-02 1.762578222778473049e+06
5.697121401752189979e-02 1.760575719649561914e+06
5.707133917396745720e-02 1.758573216520650778e+06
5.717146433041301462e-02 1.756570713391739642e+06
5.727158948685857204e-02 1.754568210262828507e+06
5.737171464330412946e-02 1.752565707133917371e+06
5.747183979974968687e-02 1.750563204005006235e+06
5.757196495619524429e-02 1.748560700876095099e+06
5.767209011264080171e-02 1.746558197747183964e+06
5.777221526908635912e-02 1.744555694618272595e+06
5.787234042553190960e-02 1.742553191489361925e+06
5.797246558197746702e-02 1.740550688360450789e+06
5.807259073842302444e-02 1.738548185231539421e+06
5.817271589486858185e-02 1.736545682102628518e+06
5.827284105131413927e-02 1.734543178973717149e+06
5.837296620775969669e-02 1.732540675844806246e+06
5.847309136420525411e-02 1.730538172715894878e+06
5.857321652065081152e-02 1.728535669586983975e+06
5.867334167709636894e-02 1.726533166458072606e+06
5.877346683354192636e-02 1.724530663329161704e+06
5.887359198998748377e-02 1.722528160200250335e+06
5.897371714643304119e-02 1.720525657071339199e+06
5.907384230287859861e-02 1.718523153942428064e+06
5.917396745932415603e-02 1.716520650813516928e+06
5.927409261576971344e-02 1.714518147684605792e+06
5.937421777221526392e-02 1.712515644555694656e+06
5.947434292866082134e-02 1.710513141426783521e+06
5.957446808510637876e-02 1.708510638297872385e+06
5.967459324155193617e-02 1.706508135168961249e+06
5.977471839799749359e-02 1.704505632040050114e+06
5.987484355444305101e-02 1.702503128911138978e+06
5.997496871088860843e-02 1.700500625782227609e+06
6.007509386733416584e-02 1.698498122653316706e+06
6.017521902377972326e-02 1.696495619524405338e+06
6.027534418022528068e-02 1.694493116395494435e+06
6.037546933667083809e-02 1.692490613266583066e+06
6.047559449311639551e-02 1.690488110137672164e+06
6.057571964956195293e-02 1.688485607008760795e+06
6.067584480600751035e-02 1.686483103879849892e+06
6.077596996245306776e-02 1.684480600750938524e+06
6.087609511889861824e-02 1.682478097622027621e+06
6.097622027534417566e-02 1.680475594493116718e+06
6.107634543178973308e-02 1.678473091364205349e+06
6.117647058823529049e-02 1.676470588235294214e+06
6.127659574468084791e-02 1.674468085106383078e+06
6.137672090112640533e-02 1.672465581977471942e+06
6.147684605757196274e-02 1.670463078848560806e+06
6.157697121401752016e-02 1.668460575719649671e+06
6.167709637046307758e-02 1.666458072590738535e+06
6.177722152690863500e-02 1.664455569461827399e+06
6.187734668335419241e-02 1.662453066332916263e+06
6.197747183979974983e-02 1.660450563204005128e+06
6.207759699624530725e-02 1.658448060075093992e+06
6.217772215269086467e-02 1.656445556946182624e+06
6.227784730913641514e-02 1.654443053817271721e+06
6.237797246558197256e-02 1.652440550688360352e+06
6.247809762202752998e-02 1.650438047559449449e+06
6.257822277847309433e-02 1.648435544430538081e+06
6.267834793491865175e-02 1.646433041301627178e+06
6.277847309136420917e-02 1.644430538172715809e+06
6.287859824780976659e-02 1.642428035043804906e+06
6.297872340425532400e-02 1.640425531914893538e+06
6.307884856070086754e-02 1.638423028785982635e+06
6.317897371714642496e-02 1.636420525657071732e+06
6.327909887359198238e-02 1.634418022528160363e+06
6.337922403003753979e-02 1.632415519399249228e+06
6.347934918648309721e-02 1.630413016270338092e+06
6.357947434292865463e-02 1.628410513141426956e+06
6.367959949937421205e-02 1.626408010012515821e+06
6.377972465581976946e-02 1.624405506883604685e+06
6.387984981226532688e-02 1.622403003754693549e+06
6.397997496871088430e-02 1.620400500625782413e+06
6.408010012515644171e-02 1.618397997496871278e+06
6.418022528160199913e-02 1.616395494367960142e+06
6.428035043804755655e-02 1.614392991239049006e+06
6.438047559449311397e-02 1.612390488110137638e+06
6.448060075093867138e-02 1.610387984981226735e+06
6.458072590738422880e-02 1.608385481852315366e+06
6.468085106382978622e-02 1.606382978723404463e+06
6.478097622027534364e-02 1.604380475594493095e+06
6.488110137672090105e-02 1.602377972465582192e+06
6.498122653316645847e-02 1.600375469336670823e+06
6.508135168961201589e-02 1.598372966207759921e+06
6.518147684605757330e-02 1.596370463078848552e+06
6.528160200250313072e-02 1.594367959949937416e+06
6.538172715894868814e-02 1.592365456821026281e+06
6.548185231539424556e-02 1.590362953692115145e+06
6.558197747183980297e-02 1.588360450563204009e+06
6.568210262828536039e-02 1.586357947434292873e+06
6.578222778473091781e-02 1.584355444305381738e+06
6.588235294117647523e-02 1.582352941176470602e+06
6.598247809762201876e-02 1.580350438047559699e+06
6.608260325406757618e-02 1.578347934918648563e+06
6.618272841051313360e-02 1.576345431789737428e+06
6.628285356695869102e-02 1.574342928660826292e+06
6.638297872340424843e-02 1.572340425531915156e+06
6.648310387984980585e-02 1.570337922403004020e+06
6.658322903629536327e-02 1.568335419274092652e+06
6.668335419274092069e-02 1.566332916145181749e+06
6.678347934918647810e-02 1.564330413016270380e+06
6.688360450563203552e-02 1.562327909887359478e+06
6.698372966207759294e-02 1.560325406758448109e+06
6.708385481852315035e-02 1.558322903629537206e+06
6.718397997496870777e-02 1.556320400500625838e+06
6.728410513141426519e-02 1.554317897371714935e+06
6.738423028785982261e-02 1.552315394242803566e+06
6.748435544430538002e-02 1.550312891113892430e+06
6.758448060075093744e-02 1.548310387984981295e+06
6.768460575719649486e-02 1.546307884856070159e+06
6.778473091364205227e-02 1.544305381727159023e+06
6.788485607008760969e-02 1.542302878598247888e+06
6.798498122653316711e-02 1.540300375469336752e+06
6.808510638297872453e-02 1.538297872340425616e+06
6.818523153942428194e-02 1.536295369211514480e+06
6.828535669586983936e-02 1.534292866082603345e+06
6.838548185231539678e-02 1.532290362953692209e+06
6.848560700876095420e-02 1.530287859824780840e+06
6.858573216520651161e-02 1.528285356695869938e+06
6.868585732165206903e-02 1.526282853566958569e+06
6.878598247809762645e-02 1.524280350438047666e+06
6.888610763454316999e-02 1.522277847309136763e+06
6.898623279098872740e-02 1.520275344180225395e+06
6.908635794743428482e-02 1.518272841051314492e+06
6.918648310387984224e-02 1.516270337922403123e+06
6.928660826032539966e-02 1.514267834793492220e+06
6.938673341677095707e-02 1.512265331664580852e+06
6.948685857321651449e-02 1.510262828535669949e+06
6.958698372966207191e-02 1.508260325406758580e+06
6.968710888610762932e-02 1.506257822277847445e+06
6.978723404255318674e-02 1.504255319148936309e+06
6.988735919899874416e-02 1.502252816020025173e+06
6.998748435544430158e-02 1.500250312891114037e+06
7.008760951188985899e-02 1.498247809762202902e+06
7.018773466833541641e-02 1.496245306633291766e+06
7.028785982478097383e-02 1.494242803504380630e+06
7.038798498122653124e-02 1.492240300375469495e+06
7.048811013767208866e-02 1.490237797246558359e+06
7.058823529411764608e-02 1.488235294117647223e+06
7.068836045056320350e-02 1.486232790988735855e+06
7.078848560700876091e-02 1.484230287859824952e+06
7.088861076345431833e-02 1.482227784730913583e+06
7.098873591989987575e-02 1.480225281602002680e+06
7.108886107634543317e-02 1.478222778473091312e+06
7.118898623279099058e-02 1.476220275344180409e+06
7.128911138923654800e-02 1.474217772215269040e+06
7.138923654568210542e-02 1.472215269086358137e+06
7.148936170212766283e-02 1.470212765957446769e+06
7.158948685857322025e-02 1.468210262828535633e+06
7.168961201501877767e-02 1.466207759699624497e+06
7.178973717146432121e-02 1.464205256570713595e+06
7.188986232790987863e-02 1.462202753441802459e+06
7.198998748435543604e-02 1.460200250312891323e+06
7.209011264080099346e-02 1.458197747183980187e+06
7.219023779724655088e-02 1.456195244055069052e+06
7.229036295369210829e-02 1.454192740926157916e+06
7.239048811013766571e-02 1.452190237797246780e+06
7.249061326658322313e-02 1.450187734668335645e+06
7.259073842302878055e-02 1.448185231539424509e+06
7.269086357947433796e-02 1.446182728410513373e+06
7.279098873591989538e-02 1.444180225281602237e+06
7.289111389236545280e-02 1.442177722152691102e+06
7.299123904881101021e-02 1.440175219023779966e+06
7.309136420525656763e-02 1.438172715894868830e+06
7.319148936170212505e-02 1.436170212765957462e+06
7.329161451814768247e-02 1.434167709637046326e+06
7.339173967459323988e-02 1.432165206508135190e+06
7.349186483103879730e-02 1.430162703379224055e+06
7.359198998748435472e-02 1.428160200250312919e+06
7.369211514392991214e-02 1.426157697121401783e+06
7.379224030037546955e-02 1.424155193992490647e+06
7.389236545682102697e-02 1.422152690863579512e+06
7.399249061326658439e-02 1.420150187734668376e+06
7.409261576971214180e-02 1.418147684605757240e+06
7.419274092615769922e-02 1.416145181476846104e+06
7.429286608260325664e-02 1.414142678347934969e+06
7.439299123904881406e-02 1.412140175219023833e+06
7.449311639549437147e-02 1.410137672090112697e+06
7.459324155193992889e-02 1.408135168961201562e+06
7.469336670838548631e-02 1.406132665832290426e+06
7.479349186483102985e-02 1.404130162703379523e+06
7.489361702127658726e-02 1.402127659574468387e+06
7.499374217772214468e-02 1.400125156445557252e+06
7.509386733416770210e-02 1.398122653316646116e+06
7.519399249061325952e-02 1.396120150187734980e+06
7.529411764705881693e-02 1.394117647058823844e+06
7.539424280350437435e-02 1.392115143929912476e+06
7.549436795994993177e-02 1.390112640801001340e+06
7.559449311639548919e-02 1.388110137672090204e+06
7.569461827284104660e-02 1.386107634543179069e+06
7.579474342928660402e-02 1.384105131414267933e+06
7.589486858573216144e-02 1.382102628285356797e+06
7.599499374217771885e-02 1.380100125156445662e+06
7.609511889862327627e-02 1.378097622027534526e+06
7.619524405506883369e-02 1.376095118898623390e+06
7.629536921151439111e-02 1.374092615769712254e+06
7.639549436795994852e-02 1.372090112640801119e+06
7.649561952440550594e-02 1.370087609511889983e+06
7.659574468085106336e-02 1.368085106382978847e+06
7.669586983729662077e-02 1.366082603254067712e+06
7.679599499374217819e-02 1.364080100125156576e+06
7.689612015018773561e-02 1.362077596996245440e+06
7.699624530663329303e-02 1.360075093867334304e+06
7.709637046307885044e-02 1.358072590738423169e+06
7.719649561952440786e-02 1.356070087609512033e+06
7.729662077596996528e-02 1.354067584480600664e+06
7.739674593241552270e-02 1.352065081351689529e+06
7.749687108886108011e-02 1.350062578222778393e+06
7.759699624530663753e-02 1.348060075093867257e+06
7.769712140175218107e-02 1.346057571964956354e+06
7.779724655819773849e-02 1.344055068836045219e+06
7.789737171464329590e-02 1.342052565707134083e+06
7.799749687108885332e-02 1.340050062578222947e+06
7.809762202753441074e-02 1.338047559449311811e+06
7.819774718397996816e-02 1.336045056320400676e+06
7.829787234042552557e-02 1.334042553191489540e+06
7.839799749687108299e-02 1.332040050062578404e+06
7.849812265331664041e-02 1.330037546933667269e+06
7.859824780976219782e-02 1.328035043804756133e+06
7.869837296620775524e-02 1.326032540675844997e+06
7.879849812265331266e-02 1.324030037546933861e+06
7.889862327909887008e-02 1.322027534418022726e+06
7.899874843554442749e-02 1.320025031289111590e+06
7.909887359198998491e-02 1.318022528160200454e+06
7.919899874843554233e-02 1.316020025031289319e+06
7.929912390488109974e-02 1.314017521902378183e+06
7.939924906132665716e-02 1.312015018773467047e+06
7.949937421777221458e-02 1.310012515644555679e+06
7.959949937421777200e-02 1.308010012515644543e+06
7.969962453066332941e-02 1.306007509386733407e+06
7.979974968710888683e-02 1.304005006257822271e+06
7.989987484355444425e-02 1.302002503128911136e+06
8.000000000000000167e-02 1.300000000000000000e+06
---------------
