field_vs_length
---------------
0.000000000000000000e+00 2.500000000000000000e+06
1.001251564455569429e-04 2.500000000000000000e+06
2.002503128911138858e-04 2.500000000000000000e+06
3.003754693366708422e-04 2.500000000000000000e+06
4.005006257822277716e-04 2.500000000000000000e+06
5.006257822277847009e-04 2.500000000000000000e+06
6.007509386733416844e-04 2.500000000000000000e+06
7.008760951188985596e-04 2.500000000000000000e+06
8.010012515644555431e-04 2.500000000000000000e+06
9.011264080100125267e-04 2.500000000000000000e+06
1.001251564455569402e-03 2.500000000000000000e+06
1.101376720901126385e-03 2.500000000000000000e+06
1.201501877346683369e-03 2.500000000000000000e+06
1.301627033792240352e-03 2.500000000000000000e+06
1.401752190237797119e-03 2.500000000000000000e+06
1.501877346683354103e-03 2.500000000000000000e+06
1.602002503128911086e-03 2.500000000000000000e+06
1.702127659574468070e-03 2.500000000000000000e+06
1.802252816020025053e-03 2.500000000000000000e+06
1.902377972465581820e-03 2.500000000000000000e+06
2.002503128911138804e-03 2.500000000000000000e+06
2.102628285356695787e-03 2.500000000000000000e+06
2.202753441802252771e-03 2.500000000000000000e+06
2.302878598247809754e-03 2.500000000000000000e+06
2.403003754693366738e-03 2.500000000000000000e+06
2.503128911138923721e-03 2.500000000000000000e+06
2.603254067584480705e-03 2.500000000000000000e+06
2.703379224030037255e-03 2.500000000000000000e+06
2.803504380475594238e-03 2.500000000000000000e+06
2.903629536921151222e-03 2.500000000000000000e+06
3.003754693366708205e-03 2.500000000000000000e+06
3.103879849812265189e-03 2.500000000000000000e+06
3.204005006257822172e-03 2.500000000000000000e+06
3.304130162703379156e-03 2.500000000000000000e+06
3.404255319148936140e-03 2.500000000000000000e+06
3.504380475594493123e-03 2.500000000000000000e+06
3.604505632040050107e-03 2.500000000000000000e+06
3.704630788485607090e-03 2.500000000000000000e+06
3.804755944931163640e-03 2.500000000000000000e+06
3.904881101376720624e-03 2.500000000000000000e+06
4.005006257822277607e-03 2.500000000000000000e+06
4.105131414267835024e-03 2.500000000000000000e+06
4.205256570713391574e-03 2.500000000000000000e+06
4.305381727158948124e-03 2.500000000000000000e+06
4.405506883604505541e-03 2.500000000000000000e+06
4.505632040050062091e-03 2.500000000000000000e+06
4.605757196495619508e-03 2.500000000000000000e+06
4.705882352941176058e-03 2.500000000000000000e+06
4.806007509386733476e-03 2.500000000000000000e+06
4.906132665832290025e-03 2.500000000000000000e+06
5.006257822277847443e-03 2.500000000000000000e+06
5.106382978723403993e-03 2.500000000000000000e+06
5.206508135168961410e-03 2.500000000000000000e+06
5.306633291614517960e-03 2.500000000000000000e+06
5.406758448060074509e-03 2.500000000000000000e+06
5.506883604505631927e-03 2.500000000000000000e+06
5.607008760951188477e-03 2.500000000000000000e+06
5.707133917396745894e-03 2.500000000000000000e+06
5.807259073842302444e-03 2.500000000000000000e+06
5.907384230287859861e-03 2.500000000000000000e+06
6.007509386733416411e-03 2.500000000000000000e+06
6.107634543178973828e-03 2.500000000000000000e+06
6.207759699624530378e-03 2.500000000000000000e+06
6.307884856070087795e-03 2.500000000000000000e+06
6.408010012515644345e-03 2.500000000000000000e+06
6.508135168961200895e-03 2.500000000000000000e+06
6.608260325406758312e-03 2.500000000000000000e+06
6.708385481852314862e-03 2.500000000000000000e+06
6.808510638297872279e-03 2.500000000000000000e+06
6.908635794743428829e-03 2.500000000000000000e+06
7.008760951188986246e-03 2.500000000000000000e+06
7.108886107634542796e-03 2.500000000000000000e+06
7.209011264080100213e-03 2.500000000000000000e+06
7.309136420525656763e-03 2.500000000000000000e+06
7.409261576971214180e-03 2.500000000000000000e+06
7.509386733416770730e-03 2.500000000000000000e+06
7.609511889862327280e-03 2.500000000000000000e+06
7.709637046307884697e-03 2.500000000000000000e+06
7.809762202753441247e-03 2.500000000000000000e+06
7.909887359198997797e-03 2.500000000000000000e+06
8.010012515644555214e-03 2.500000000000000000e+06
8.110137672090112632e-03 2.500000000000000000e+06
8.210262828535670049e-03 2.500000000000000000e+06
8.310387984981225731e-03 2.500000000000000000e+06
8.410513141426783149e-03 2.500000000000000000e+06
8.510638297872340566e-03 2.500000000000000000e+06
8.610763454317896248e-03 2.500000000000000000e+06
8.710888610763453666e-03 2.500000000000000000e+06
8.811013767209011083e-03 2.500000000000000000e+06
8.911138923654568500e-03 2.500000000000000000e+06
9.011264080100124182e-03 2.500000000000000000e+06
9.111389236545681600e-03 2.500000000000000000e+06
9.211514392991239017e-03 2.500000000000000000e+06
9.311639549436796434e-03 2.500000000000000000e+06
9.411764705882352117e-03 2.500000000000000000e+06
9.511889862327909534e-03 2.500000000000000000e+06
9.612015018773466951e-03 2.500000000000000000e+06
9.712140175219022634e-03 2.500000000000000000e+06
9.812265331664580051e-03 2.500000000000000000e+06
9.912390488110137468e-03 2.500000000000000000e+06
1.001251564455569489e-02 2.500000000000000000e+06
1.011264080100125057e-02 2.500000000000000000e+06
1.021276595744680799e-02 2.500000000000000000e+06
1.031289111389236540e-02 2.500000000000000000e+06
1.041301627033792282e-02 2.500000000000000000e+06
1.051314142678347850e-02 2.500000000000000000e+06
1.061326658322903592e-02 2.500000000000000000e+06
1.071339173967459334e-02 2.500000000000000000e+06
1.081351689612014902e-02 2.500000000000000000e+06
1.091364205256570644e-02 2.500000000000000000e+06
1.101376720901126385e-02 2.500000000000000000e+06
1.111389236545682127e-02 2.500000000000000000e+06
1.121401752190237695e-02 2.500000000000000000e+06
1.131414267834793437e-02 2.500000000000000000e+06
1.141426783479349179e-02 2.500000000000000000e+06
1.151439299123904920e-02 2.500000000000000000e+06
1.161451814768460489e-02 2.500000000000000000e+06
1.171464330413016230e-02 2.500000000000000000e+06
1.181476846057571972e-02 2.500000000000000000e+06
1.191489361702127540e-02 2.500000000000000000e+06
1.201501877346683282e-02 2.500000000000000000e+06
1.211514392991239024e-02 2.500000000000000000e+06
1.221526908635794766e-02 2.500000000000000000e+06
1.231539424280350334e-02 2.500000000000000000e+06
1.241551939924906076e-02 2.500000000000000000e+06
1.251564455569461817e-02 2.500000000000000000e+06
1.261576971214017559e-02 2.500000000000000000e+06
1.271589486858573127e-02 2.500000000000000000e+06
1.281602002503128869e-02 2.500000000000000000e+06
1.291614518147684611e-02 2.500000000000000000e+06
1.301627033792240179e-02 2.500000000000000000e+06
1.311639549436795921e-02 2.500000000000000000e+06
1.321652065081351662e-02 2.500000000000000000e+06
1.331664580725907404e-02 2.500000000000000000e+06
1.341677096370462972e-02 2.500000000000000000e+06
1.351689612015018714e-02 2.500000000000000000e+06
1.361702127659574456e-02 2.500000000000000000e+06
1.371714643304130198e-02 2.500000000000000000e+06
1.381727158948685766e-02 2.500000000000000000e+06
1.391739674593241508e-02 2.500000000000000000e+06
1.401752190237797249e-02 2.500000000000000000e+06
1.411764705882352818e-02 2.500000000000000000e+06
1.421777221526908559e-02 2.500000000000000000e+06
1.431789737171464301e-02 2.500000000000000000e+06
1.441802252816020043e-02 2.500000000000000000e+06
1.451814768460575611e-02 2.500000000000000000e+06
1.461827284105131353e-02 2.500000000000000000e+06
1.471839799749687094e-02 2.500000000000000000e+06
1.481852315394242836e-02 2.500000000000000000e+06
1.491864831038798404e-02 2.500000000000000000e+06
1.501877346683354146e-02 2.500000000000000000e+06
1.511889862327909888e-02 2.500000000000000000e+06
1.521902377972465456e-02 2.500000000000000000e+06
1.531914893617021198e-02 2.500000000000000000e+06
1.541927409261576939e-02 2.500000000000000000e+06
1.551939924906132681e-02 2.500000000000000000e+06
1.561952440550688249e-02 2.500000000000000000e+06
1.571964956195244165e-02 2.500000000000000000e+06
1.581977471839799559e-02 2.500000000000000000e+06
1.591989987484355301e-02 2.500000000000000000e+06
1.602002503128911043e-02 2.500000000000000000e+06
1.612015018773466785e-02 2.500000000000000000e+06
1.622027534418022526e-02 2.500000000000000000e+06
1.632040050062578268e-02 2.500000000000000000e+06
1.642052565707134010e-02 2.500000000000000000e+06
1.652065081351689405e-02 2.500000000000000000e+06
1.662077596996245146e-02 2.500000000000000000e+06
1.672090112640800888e-02 2.500000000000000000e+06
1.682102628285356630e-02 2.500000000000000000e+06
1.692115143929912371e-02 2.500000000000000000e+06
1.702127659574468113e-02 2.500000000000000000e+06
1.712140175219023855e-02 2.500000000000000000e+06
1.722152690863579250e-02 2.500000000000000000e+06
1.732165206508134991e-02 2.500000000000000000e+06
1.742177722152690733e-02 2.500000000000000000e+06
1.752190237797246475e-02 2.500000000000000000e+06
1.762202753441802217e-02 2.500000000000000000e+06
1.772215269086357958e-02 2.500000000000000000e+06
1.782227784730913700e-02 2.500000000000000000e+06
1.792240300375469442e-02 2.500000000000000000e+06
1.802252816020024836e-02 2.500000000000000000e+06
1.812265331664580578e-02 2.500000000000000000e+06
1.822277847309136320e-02 2.500000000000000000e+06
1.832290362953692062e-02 2.500000000000000000e+06
1.842302878598247803e-02 2.500000000000000000e+06
1.852315394242803545e-02 2.500000000000000000e+06
1.862327909887359287e-02 2.500000000000000000e+06
1.872340425531914682e-02 2.500000000000000000e+06
1.882352941176470423e-02 2.500000000000000000e+06
1.892365456821026165e-02 2.500000000000000000e+06
1.902377972465581907e-02 2.500000000000000000e+06
1.912390488110137649e-02 2.500000000000000000e+06
1.922403003754693390e-02 2.500000000000000000e+06
1.932415519399249132e-02 2.500000000000000000e+06
1.942428035043804527e-02 2.500000000000000000e+06
1.952440550688360268e-02 2.500000000000000000e+06
1.962453066332916010e-02 2.500000000000000000e+06
1.972465581977471752e-02 2.500000000000000000e+06
1.982478097622027494e-02 2.500000000000000000e+06
1.992490613266583235e-02 2.500000000000000000e+06
2.002503128911138977e-02 2.499749687108885963e+06
2.012515644555694719e-02 2.498748435544430744e+06
2.022528160200250114e-02 2.497747183979975060e+06
2.032540675844805855e-02 2.496745932415519375e+06
2.042553191489361597e-02 2.495744680851063691e+06
2.052565707133917339e-02 2.494743429286608472e+06
2.062578222778473080e-02 2.493742177722152788e+06
2.072590738423028822e-02 2.492740926157697104e+06
2.082603254067584564e-02 2.491739674593241420e+06
2.092615769712139959e-02 2.490738423028786201e+06
2.102628285356695700e-02 2.489737171464330517e+06
2.112640801001251442e-02 2.488735919899874832e+06
2.122653316645807184e-02 2.487734668335419148e+06
2.132665832290362926e-02 2.486733416770963930e+06
2.142678347934918667e-02 2.485732165206508245e+06
2.152690863579474409e-02 2.484730913642052561e+06
2.162703379224029804e-02 2.483729662077596877e+06
2.172715894868585546e-02 2.482728410513141658e+06
2.182728410513141287e-02 2.481727158948685974e+06
2.192740926157697029e-02 2.480725907384230290e+06
2.202753441802252771e-02 2.479724655819774605e+06
2.212765957446808512e-02 2.478723404255319387e+06
2.222778473091364254e-02 2.477722152690863702e+06
2.232790988735919996e-02 2.476720901126408018e+06
2.242803504380475391e-02 2.475719649561952334e+06
2.252816020025031132e-02 2.474718397997497115e+06
2.262828535669586874e-02 2.473717146433041431e+06
2.272841051314142616e-02 2.472715894868585747e+06
2.282853566958698358e-02 2.471714643304130062e+06
2.292866082603254099e-02 2.470713391739674378e+06
2.302878598247809841e-02 2.469712140175219160e+06
2.312891113892365236e-02 2.468710888610763475e+06
2.322903629536920977e-02 2.467709637046307791e+06
2.332916145181476719e-02 2.466708385481852107e+06
2.342928660826032461e-02 2.465707133917396888e+06
2.352941176470588203e-02 2.464705882352941204e+06
2.362953692115143944e-02 2.463704630788485520e+06
2.372966207759699686e-02 2.462703379224029835e+06
2.382978723404255081e-02 2.461702127659574617e+06
2.392991239048810823e-02 2.460700876095118932e+06
2.403003754693366564e-02 2.459699624530663248e+06
2.413016270337922306e-02 2.458698372966207564e+06
2.423028785982478048e-02 2.457697121401752345e+06
2.433041301627033789e-02 2.456695869837296661e+06
2.443053817271589531e-02 2.455694618272840977e+06
2.453066332916145273e-02 2.454693366708385292e+06
2.463078848560700668e-02 2.453692115143930074e+06
2.473091364205256409e-02 2.452690863579474390e+06
2.483103879849812151e-02 2.451689612015018705e+06
2.493116395494367893e-02 2.450688360450563021e+06
2.503128911138923635e-02 2.449687108886107802e+06
2.513141426783479376e-02 2.448685857321652118e+06
2.523153942428035118e-02 2.447684605757196434e+06
2.533166458072590513e-02 2.446683354192740750e+06
2.543178973717146255e-02 2.445682102628285531e+06
2.553191489361701996e-02 2.444680851063829847e+06
2.563204005006257738e-02 2.443679599499374162e+06
2.573216520650813480e-02 2.442678347934918478e+06
2.583229036295369221e-02 2.441677096370463260e+06
2.593241551939924963e-02 2.440675844806007575e+06
2.603254067584480358e-02 2.439674593241551891e+06
2.613266583229036100e-02 2.438673341677096207e+06
2.623279098873591841e-02 2.437672090112640988e+06
2.633291614518147583e-02 2.436670838548185304e+06
2.643304130162703325e-02 2.435669586983729620e+06
2.653316645807259067e-02 2.434668335419273935e+06
2.663329161451814808e-02 2.433667083854818717e+06
2.673341677096370203e-02 2.432665832290363032e+06
2.683354192740925945e-02 2.431664580725907348e+06
2.693366708385481686e-02 2.430663329161451664e+06
2.703379224030037428e-02 2.429662077596996445e+06
2.713391739674593170e-02 2.428660826032540761e+06
2.723404255319148912e-02 2.427659574468085077e+06
2.733416770963704653e-02 2.426658322903629392e+06
2.743429286608260395e-02 2.425657071339174174e+06
2.753441802252815790e-02 2.424655819774718489e+06
2.763454317897371532e-02 2.423654568210262805e+06
2.773466833541927273e-02 2.422653316645807121e+06
2.783479349186483015e-02 2.421652065081351902e+06
2.793491864831038757e-02 2.420650813516896218e+06
2.803504380475594499e-02 2.419649561952440534e+06
2.813516896120150240e-02 2.418648310387984850e+06
2.823529411764705635e-02 2.417647058823529631e+06
2.833541927409261377e-02 2.416645807259073947e+06
2.843554443053817118e-02 2.415644555694618262e+06
2.853566958698372860e-02 2.414643304130162578e+06
2.863579474342928602e-02 2.413642052565707359e+06
2.873591989987484344e-02 2.412640801001251675e+06
2.883604505632040085e-02 2.411639549436795991e+06
2.893617021276595480e-02 2.410638297872340307e+06
2.903629536921151222e-02 2.409637046307885088e+06
2.913642052565706964e-02 2.408635794743429404e+06
2.923654568210262705e-02 2.407634543178973719e+06
2.933667083854818447e-02 2.406633291614518035e+06
2.943679599499374189e-02 2.405632040050062351e+06
2.953692115143929930e-02 2.404630788485607132e+06
2.963704630788485672e-02 2.403629536921151448e+06
2.973717146433041067e-02 2.402628285356695764e+06
2.983729662077596809e-02 2.401627033792240545e+06
2.993742177722152550e-02 2.400625782227784861e+06
3.003754693366708292e-02 2.399624530663329177e+06
3.013767209011264034e-02 2.398623279098873492e+06
3.023779724655819776e-02 2.397622027534417808e+06
3.033792240300375517e-02 2.396620775969962589e+06
3.043804755944930912e-02 2.395619524405506905e+06
3.053817271589486654e-02 2.394618272841051221e+06
3.063829787234042396e-02 2.393617021276596002e+06
3.073842302878598137e-02 2.392615769712140318e+06
3.083854818523153879e-02 2.391614518147684634e+06
3.093867334167709621e-02 2.390613266583228949e+06
3.103879849812265362e-02 2.389612015018773265e+06
3.113892365456820757e-02 2.388610763454318047e+06
3.123904881101376499e-02 2.387609511889862362e+06
3.133917396745932588e-02 2.386608260325406678e+06
3.143929912390488329e-02 2.385607008760950994e+06
3.153942428035043377e-02 2.384605757196495775e+06
3.163954943679599119e-02 2.383604505632040091e+06
3.173967459324154861e-02 2.382603254067584407e+06
3.183979974968710602e-02 2.381602002503128722e+06
3.193992490613266344e-02 2.380600750938673504e+06
3.204005006257822086e-02 2.379599499374217819e+06
3.214017521902377827e-02 2.378598247809762135e+06
3.224030037546933569e-02 2.377596996245306451e+06
3.234042553191489311e-02 2.376595744680851232e+06
3.244055068836045053e-02 2.375594493116395548e+06
3.254067584480600794e-02 2.374593241551939864e+06
3.264080100125156536e-02 2.373591989987484179e+06
3.274092615769712278e-02 2.372590738423028961e+06
3.284105131414268020e-02 2.371589486858573277e+06
3.294117647058823761e-02 2.370588235294117592e+06
3.304130162703378809e-02 2.369586983729661908e+06
3.314142678347934551e-02 2.368585732165206689e+06
3.324155193992490293e-02 2.367584480600751005e+06
3.334167709637046034e-02 2.366583229036295321e+06
3.344180225281601776e-02 2.365581977471839637e+06
3.354192740926157518e-02 2.364580725907384418e+06
3.364205256570713259e-02 2.363579474342928734e+06
3.374217772215269001e-02 2.362578222778473049e+06
3.384230287859824743e-02 2.361576971214017365e+06
3.394242803504380485e-02 2.360575719649562147e+06
3.404255319148936226e-02 2.359574468085106462e+06
3.414267834793491968e-02 2.358573216520650778e+06
3.424280350438047710e-02 2.357571964956195094e+06
3.434292866082603451e-02 2.356570713391739875e+06
3.444305381727158499e-02 2.355569461827284191e+06
3.454317897371714241e-02 2.354568210262828507e+06
3.464330413016269983e-02 2.353566958698372822e+06
3.474342928660825724e-02 2.352565707133917604e+06
3.484355444305381466e-02 2.351564455569461919e+06
3.494367959949937208e-02 2.350563204005006235e+06
3.504380475594492950e-02 2.349561952440550551e+06
3.514392991239048691e-02 2.348560700876095332e+06
3.524405506883604433e-02 2.347559449311639648e+06
3.534418022528160175e-02 2.346558197747183964e+06
3.544430538172715917e-02 2.345556946182728279e+06
3.554443053817271658e-02 2.344555694618272595e+06
3.564455569461827400e-02 2.343554443053817376e+06
3.574468085106383142e-02 2.342553191489361692e+06
3.584480600750938883e-02 2.341551939924906008e+06
3.594493116395493931e-02 2.340550688360450789e+06
3.604505632040049673e-02 2.339549436795995105e+06
3.614518147684605415e-02 2.338548185231539421e+06
3.624530663329161156e-02 2.337546933667083737e+06
3.634543178973716898e-02 2.336545682102628518e+06
3.644555694618272640e-02 2.335544430538172834e+06
3.654568210262828382e-02 2.334543178973717149e+06
3.664580725907384123e-02 2.333541927409261465e+06
3.674593241551939865e-02 2.332540675844806246e+06
3.684605757196495607e-02 2.331539424280350562e+06
3.694618272841051348e-02 2.330538172715894878e+06
3.704630788485607090e-02 2.329536921151439194e+06
3.714643304130162832e-02 2.328535669586983509e+06
3.724655819774718574e-02 2.327534418022528291e+06
3.734668335419274315e-02 2.326533166458072606e+06
3.744680851063829363e-02 2.325531914893616922e+06
3.754693366708385105e-02 2.324530663329161704e+06
3.764705882352940847e-02 2.323529411764706019e+06
3.774718397997496588e-02 2.322528160200250335e+06
3.784730913642052330e-02 2.321526908635794651e+06
3.794743429286608072e-02 2.320525657071338966e+06
3.804755944931163814e-02 2.319524405506883748e+06
3.814768460575719555e-02 2.318523153942428064e+06
3.824780976220275297e-02 2.317521902377972379e+06
3.834793491864831039e-02 2.316520650813516695e+06
3.844806007509386780e-02 2.315519399249061476e+06
3.854818523153942522e-02 2.314518147684605792e+06
3.864831038798498264e-02 2.313516896120150108e+06
3.874843554443054006e-02 2.312515644555694424e+06
3.884856070087609053e-02 2.311514392991239205e+06
3.894868585732164795e-02 2.310513141426783521e+06
3.904881101376720537e-02 2.309511889862327836e+06
3.914893617021276279e-02 2.308510638297872618e+06
3.924906132665832020e-02 2.307509386733416934e+06
3.934918648310387762e-02 2.306508135168961249e+06
3.944931163954943504e-02 2.305506883604505565e+06
3.954943679599499246e-02 2.304505632040049881e+06
3.964956195244054987e-02 2.303504380475594662e+06
3.974968710888610729e-02 2.302503128911138978e+06
3.984981226533166471e-02 2.301501877346683294e+06
3.994993742177722212e-02 2.300500625782227609e+06
4.005006257822277954e-02 2.299499374217772391e+06
4.015018773466833696e-02 2.298498122653316706e+06
4.025031289111389438e-02 2.297496871088861022e+06
4.035043804755944485e-02 2.296495619524405338e+06
4.045056320400500227e-02 2.295494367959950119e+06
4.055068836045055969e-02 2.294493116395494435e+06
4.065081351689611711e-02 2.293491864831038751e+06
4.075093867334167452e-02 2.292490613266583066e+06
4.085106382978723194e-02 2.291489361702127848e+06
4.095118898623278936e-02 2.290488110137672164e+06
4.105131414267834677e-02 2.289486858573216479e+06
4.115143929912390419e-02 2.288485607008760795e+06
4.125156445556946161e-02 2.287484355444305576e+06
4.135168961201501903e-02 2.286483103879849892e+06
4.145181476846057644e-02 2.285481852315394208e+06
4.155193992490613386e-02 2.284480600750938524e+06
4.165206508135169128e-02 2.283479349186483305e+06
4.175219023779724176e-02 2.282478097622027621e+06
4.185231539424279917e-02 2.281476846057571936e+06
4.195244055068835659e-02 2.280475594493116252e+06
4.205256570713391401e-02 2.279474342928661034e+06
4.215269086357947143e-02 2.278473091364205349e+06
4.225281602002502884e-02 2.277471839799749665e+06
4.235294117647058626e-02 2.276470588235293981e+06
4.245306633291614368e-02 2.275469336670838762e+06
4.255319148936170109e-02 2.274468085106383078e+06
4.265331664580725851e-02 2.273466833541927394e+06
4.275344180225281593e-02 2.272465581977471709e+06
4.285356695869837335e-02 2.271464330413016491e+06
4.295369211514393076e-02 2.270463078848560806e+06
4.305381727158948818e-02 2.269461827284105122e+06
4.315394242803504560e-02 2.268460575719649438e+06
4.325406758448059608e-02 2.267459324155194219e+06
4.335419274092615349e-02 2.266458072590738535e+06
4.345431789737171091e-02 2.265456821026282851e+06
4.355444305381726833e-02 2.264455569461827166e+06
4.365456821026282574e-02 2.263454317897371948e+06
4.375469336670838316e-02 2.262453066332916263e+06
4.385481852315394058e-02 2.261451814768460579e+06
4.395494367959949800e-02 2.260450563204004895e+06
4.405506883604505541e-02 2.259449311639549211e+06
4.415519399249061283e-02 2.258448060075093992e+06
4.425531914893617025e-02 2.257446808510638308e+06
4.435544430538172767e-02 2.256445556946182624e+06
4.445556946182728508e-02 2.255444305381726939e+06
4.455569461827284250e-02 2.254443053817271721e+06
4.465581977471839992e-02 2.253441802252816036e+06
4.475594493116395040e-02 2.252440550688360352e+06
4.485607008760950781e-02 2.251439299123905133e+06
4.495619524405506523e-02 2.250438047559449449e+06
4.505632040050062265e-02 2.249436795994993765e+06
4.515644555694618006e-02 2.248435544430538081e+06
4.525657071339173748e-02 2.247434292866082862e+06
4.535669586983729490e-02 2.246433041301627178e+06
4.545682102628285232e-02 2.245431789737171493e+06
4.555694618272840973e-02 2.244430538172715809e+06
4.565707133917396715e-02 2.243429286608260125e+06
4.575719649561952457e-02 2.242428035043804906e+06
4.585732165206508198e-02 2.241426783479349222e+06
4.595744680851063940e-02 2.240425531914893538e+06
4.605757196495619682e-02 2.239424280350437853e+06
4.615769712140174730e-02 2.238423028785982635e+06
4.625782227784730471e-02 2.237421777221526951e+06
4.635794743429286213e-02 2.236420525657071266e+06
4.645807259073841955e-02 2.235419274092615582e+06
4.655819774718397697e-02 2.234418022528160363e+06
4.665832290362953438e-02 2.233416770963704679e+06
4.675844806007509180e-02 2.232415519399248995e+06
4.685857321652064922e-02 2.231414267834793311e+06
4.695869837296620664e-02 2.230413016270338092e+06
4.705882352941176405e-02 2.229411764705882408e+06
4.715894868585732147e-02 2.228410513141426723e+06
4.725907384230287889e-02 2.227409261576971039e+06
4.735919899874843630e-02 2.226408010012515821e+06
4.745932415519399372e-02 2.225406758448060136e+06
4.755944931163955114e-02 2.224405506883604452e+06
4.765957446808510162e-02 2.223404255319149233e+06
4.775969962453065903e-02 2.222403003754693549e+06
4.785982478097621645e-02 2.221401752190237865e+06
4.795994993742177387e-02 2.220400500625782181e+06
4.806007509386733129e-02 2.219399249061326496e+06
4.816020025031288870e-02 2.218397997496871278e+06
4.826032540675844612e-02 2.217396745932415593e+06
4.836045056320400354e-02 2.216395494367959909e+06
4.846057571964956096e-02 2.215394242803504225e+06
4.856070087609511837e-02 2.214392991239049006e+06
4.866082603254067579e-02 2.213391739674593322e+06
4.876095118898623321e-02 2.212390488110137638e+06
4.886107634543179062e-02 2.211389236545681953e+06
4.896120150187734804e-02 2.210387984981226735e+06
4.906132665832290546e-02 2.209386733416771051e+06
4.916145181476845594e-02 2.208385481852315366e+06
4.926157697121401335e-02 2.207384230287859682e+06
4.936170212765957077e-02 2.206382978723404463e+06
4.946182728410512819e-02 2.205381727158948779e+06
4.956195244055068561e-02 2.204380475594493095e+06
4.966207759699624302e-02 2.203379224030037411e+06
4.976220275344180044e-02 2.202377972465582192e+06
4.986232790988735786e-02 2.201376720901126508e+06
4.996245306633291527e-02 2.200375469336670823e+06
5.006257822277847269e-02 2.199374217772215139e+06
5.016270337922403011e-02 2.198372966207759455e+06
5.026282853566958753e-02 2.197371714643304236e+06
5.036295369211514494e-02 2.196370463078848552e+06
5.046307884856070236e-02 2.195369211514392868e+06
5.056320400500625284e-02 2.194367959949937649e+06
5.066332916145181026e-02 2.193366708385481965e+06
5.076345431789736767e-02 2.192365456821026281e+06
5.086357947434292509e-02 2.191364205256570596e+06
5.096370463078848251e-02 2.190362953692115378e+06
5.106382978723403993e-02 2.189361702127659693e+06
5.116395494367959734e-02 2.188360450563204009e+06
5.126408010012515476e-02 2.187359198998748325e+06
5.136420525657071218e-02 2.186357947434293106e+06
5.146433041301626959e-02 2.185356695869837422e+06
5.156445556946182701e-02 2.184355444305381738e+06
5.166458072590738443e-02 2.183354192740926053e+06
5.176470588235294185e-02 2.182352941176470369e+06
5.186483103879849926e-02 2.181351689612015150e+06
5.196495619524405668e-02 2.180350438047559466e+06
5.206508135168960716e-02 2.179349186483103782e+06
5.216520650813516458e-02 2.178347934918648563e+06
5.226533166458072199e-02 2.177346683354192879e+06
5.236545682102627941e-02 2.176345431789737195e+06
5.246558197747183683e-02 2.175344180225281511e+06
5.256570713391739424e-02 2.174342928660826292e+06
5.266583229036295166e-02 2.173341677096370608e+06
5.276595744680850908e-02 2.172340425531914923e+06
5.286608260325406650e-02 2.171339173967459239e+06
5.296620775969962391e-02 2.170337922403004020e+06
5.306633291614518133e-02 2.169336670838548336e+06
5.316645807259073875e-02 2.168335419274092652e+06
5.326658322903629617e-02 2.167334167709636968e+06
5.336670838548185358e-02 2.166332916145181283e+06
5.346683354192740406e-02 2.165331664580726065e+06
5.356695869837296148e-02 2.164330413016270380e+06
5.366708385481851890e-02 2.163329161451814696e+06
5.376720901126407631e-02 2.162327909887359012e+06
5.386733416770963373e-02 2.161326658322903793e+06
5.396745932415519115e-02 2.160325406758448109e+06
5.406758448060074856e-02 2.159324155193992425e+06
5.416770963704630598e-02 2.158322903629536740e+06
5.426783479349186340e-02 2.157321652065081522e+06
5.436795994993742082e-02 2.156320400500625838e+06
5.446808510638297823e-02 2.155319148936170153e+06
5.456821026282853565e-02 2.154317897371714469e+06
5.466833541927409307e-02 2.153316645807258785e+06
5.476846057571965048e-02 2.152315394242803566e+06
5.486858573216520790e-02 2.151314142678347882e+06
5.496871088861075838e-02 2.150312891113892198e+06
5.506883604505631580e-02 2.149311639549436979e+06
5.516896120150187321e-02 2.148310387984981295e+06
5.526908635794743063e-02 2.147309136420525610e+06
5.536921151439298805e-02 2.146307884856070392e+06
5.546933667083854547e-02 2.145306633291614708e+06
5.556946182728410288e-02 2.144305381727159023e+06
5.566958698372966030e-02 2.143304130162703339e+06
5.576971214017521772e-02 2.142302878598247655e+06
5.586983729662077514e-02 2.141301627033792436e+06
5.596996245306633255e-02 2.140300375469336752e+06
5.607008760951188997e-02 2.139299123904881068e+06
5.617021276595744739e-02 2.138297872340425383e+06
5.627033792240300480e-02 2.137296620775970165e+06
5.637046307884856222e-02 2.136295369211514480e+06
5.647058823529411270e-02 2.135294117647058796e+06
5.657071339173967012e-02 2.134292866082603112e+06
5.667083854818522753e-02 2.133291614518147893e+06
5.677096370463078495e-02 2.132290362953692209e+06
5.687108886107634237e-02 2.131289111389236525e+06
5.697121401752189979e-02 2.130287859824780840e+06
5.707133917396745720e-02 2.129286608260325156e+06
5.717146433041301462e-02 2.128285356695869938e+06
5.727158948685857204e-02 2.127284105131414253e+06
5.737171464330412946e-02 2.126282853566958569e+06
5.747183979974968687e-02 2.125281602002503350e+06
5.757196495619524429e-02 2.124280350438047666e+06
5.767209011264080171e-02 2.123279098873591982e+06
5.777221526908635912e-02 2.122277847309136298e+06
5.787234042553190960e-02 2.121276595744681079e+06
5.797246558197746702e-02 2.120275344180225395e+06
5.807259073842302444e-02 2.119274092615769710e+06
5.817271589486858185e-02 2.118272841051314026e+06
5.827284105131413927e-02 2.117271589486858808e+06
5.837296620775969669e-02 2.116270337922403123e+06
5.847309136420525411e-02 2.115269086357947439e+06
5.857321652065081152e-02 2.114267834793491755e+06
5.867334167709636894e-02 2.113266583229036536e+06
5.877346683354192636e-02 2.112265331664580852e+06
5.887359198998748377e-02 2.111264080100125168e+06
5.897371714643304119e-02 2.110262828535669483e+06
5.907384230287859861e-02 2.109261576971214265e+06
5.917396745932415603e-02 2.108260325406758580e+06
5.927409261576971344e-02 2.107259073842302896e+06
5.937421777221526392e-02 2.106257822277847212e+06
5.947434292866082134e-02 2.105256570713391528e+06
5.957446808510637876e-02 2.104255319148936309e+06
5.967459324155193617e-02 2.103254067584480625e+06
5.977471839799749359e-02 2.102252816020024940e+06
5.987484355444305101e-02 2.101251564455569256e+06
5.997496871088860843e-02 2.100250312891114037e+06
6.007509386733416584e-02 2.099249061326658353e+06
6.017521902377972326e-02 2.098247809762202669e+06
6.027534418022528068e-02 2.097246558197746985e+06
6.037546933667083809e-02 2.096245306633291533e+06
6.047559449311639551e-02 2.095244055068836082e+06
6.057571964956195293e-02 2.094242803504380397e+06
6.067584480600751035e-02 2.093241551939924946e+06
6.077596996245306776e-02 2.092240300375469262e+06
6.087609511889861824e-02 2.091239048811013810e+06
6.097622027534417566e-02 2.090237797246558359e+06
6.107634543178973308e-02 2.089236545682102675e+06
6.117647058823529049e-02 2.088235294117647223e+06
6.127659574468084791e-02 2.087234042553191539e+06
6.137672090112640533e-02 2.086232790988735855e+06
6.147684605757196274e-02 2.085231539424280403e+06
6.157697121401752016e-02 2.084230287859824952e+06
6.167709637046307758e-02 2.083229036295369267e+06
6.177722152690863500e-02 2.082227784730913583e+06
6.187734668335419241e-02 2.081226533166458132e+06
6.197747183979974983e-02 2.080225281602002680e+06
6.207759699624530725e-02 2.079224030037546996e+06
6.217772215269086467e-02 2.078222778473091312e+06
6.227784730913641514e-02 2.077221526908635860e+06
6.237797246558197256e-02 2.076220275344180176e+06
6.247809762202752998e-02 2.075219023779724725e+06
6.257822277847309433e-02 2.074217772215269040e+06
6.267834793491865175e-02 2.073216520650813589e+06
6.277847309136420917e-02 2.072215269086357905e+06
6.287859824780976659e-02 2.071214017521902453e+06
6.297872340425532400e-02 2.070212765957446769e+06
6.307884856070086754e-02 2.069211514392991317e+06
6.317897371714642496e-02 2.068210262828535866e+06
6.327909887359198238e-02 2.067209011264080182e+06
6.337922403003753979e-02 2.066207759699624497e+06
6.347934918648309721e-02 2.065206508135169046e+06
6.357947434292865463e-02 2.064205256570713595e+06
6.367959949937421205e-02 2.063204005006257910e+06
6.377972465581976946e-02 2.062202753441802226e+06
6.387984981226532688e-02 2.061201501877346775e+06
6.397997496871088430e-02 2.060200250312891323e+06
6.408010012515644171e-02 2.059198998748435639e+06
6.418022528160199913e-02 2.058197747183979955e+06
6.428035043804755655e-02 2.057196495619524503e+06
6.438047559449311397e-02 2.056195244055068819e+06
6.448060075093867138e-02 2.055193992490613367e+06
6.458072590738422880e-02 2.054192740926157683e+06
6.468085106382978622e-02 2.053191489361702232e+06
6.478097622027534364e-02 2.052190237797246547e+06
6.488110137672090105e-02 2.051188986232791096e+06
6.498122653316645847e-02 2.050187734668335412e+06
6.508135168961201589e-02 2.049186483103879960e+06
6.518147684605757330e-02 2.048185231539424276e+06
6.528160200250313072e-02 2.047183979974968825e+06
6.538172715894868814e-02 2.046182728410513140e+06
6.548185231539424556e-02 2.045181476846057456e+06
6.558197747183980297e-02 2.044180225281602005e+06
6.568210262828536039e-02 2.043178973717146553e+06
6.578222778473091781e-02 2.042177722152690869e+06
6.588235294117647523e-02 2.041176470588235185e+06
6.598247809762201876e-02 2.040175219023779966e+06
6.608260325406757618e-02 2.039173967459324282e+06
6.618272841051313360e-02 2.038172715894868597e+06
6.628285356695869102e-02 2.037171464330413146e+06
6.638297872340424843e-02 2.036170212765957695e+06
6.648310387984980585e-02 2.035168961201502010e+06
6.658322903629536327e-02 2.034167709637046326e+06
6.668335419274092069e-02 2.033166458072590875e+06
6.678347934918647810e-02 2.032165206508135190e+06
6.688360450563203552e-02 2.031163954943679739e+06
6.698372966207759294e-02 2.030162703379224055e+06
6.708385481852315035e-02 2.029161451814768603e+06
6.718397997496870777e-02 2.028160200250312919e+06
6.728410513141426519e-02 2.027158948685857467e+06
6.738423028785982261e-02 2.026157697121401783e+06
6.748435544430538002e-02 2.025156445556946099e+06
6.758448060075093744e-02 2.024155193992490647e+06
6.768460575719649486e-02 2.023153942428035196e+06
6.778473091364205227e-02 2.022152690863579512e+06
6.788485607008760969e-02 2.021151439299123827e+06
6.798498122653316711e-02 2.020150187734668376e+06
6.808510638297872453e-02 2.019148936170212924e+06
6.818523153942428194e-02 2.018147684605757240e+06
6.828535669586983936e-02 2.017146433041301556e+06
6.838548185231539678e-02 2.016145181476846104e+06
6.848560700876095420e-02 2.015143929912390420e+06
6.858573216520651161e-02 2.014142678347934969e+06
6.868585732165206903e-02 2.013141426783479284e+06
6.878598247809762645e-02 2.012140175219023833e+06
6.888610763454316999e-02 2.011138923654568382e+06
6.898623279098872740e-02 2.010137672090112697e+06
6.908635794743428482e-02 2.009136420525657246e+06
6.918648310387984224e-02 2.008135168961201562e+06
6.928660826032539966e-02 2.007133917396746110e+06
6.938673341677095707e-02 2.006132665832290426e+06
6.948685857321651449e-02 2.005131414267834974e+06
6.958698372966207191e-02 2.004130162703379290e+06
6.968710888610762932e-02 2.003128911138923839e+06
6.978723404255318674e-02 2.002127659574468154e+06
6.988735919899874416e-02 2.001126408010012470e+06
6.998748435544430158e-02 2.000125156445557019e+06
7.008760951188985899e-02 1.999123904881101567e+06
7.018773466833541641e-02 1.998122653316645883e+06
7.028785982478097383e-02 1.997121401752190199e+06
7.038798498122653124e-02 1.996120150187734747e+06
7.048811013767208866e-02 1.995118898623279296e+06
7.058823529411764608e-02 1.994117647058823612e+06
7.068836045056320350e-02 1.993116395494367927e+06
7.078848560700876091e-02 1.992115143929912476e+06
7.088861076345431833e-02 1.991113892365456792e+06
7.098873591989987575e-02 1.990112640801001340e+06
7.108886107634543317e-02 1.989111389236545656e+06
7.118898623279099058e-02 1.988110137672090204e+06
7.128911138923654800e-02 1.987108886107634520e+06
7.138923654568210542e-02 1.986107634543179069e+06
7.148936170212766283e-02 1.985106382978723384e+06
7.158948685857322025e-02 1.984105131414267700e+06
7.168961201501877767e-02 1.983103879849812249e+06
7.178973717146432121e-02 1.982102628285356797e+06
7.188986232790987863e-02 1.981101376720901113e+06
7.198998748435543604e-02 1.980100125156445662e+06
7.209011264080099346e-02 1.979098873591990210e+06
7.219023779724655088e-02 1.978097622027534526e+06
7.229036295369210829e-02 1.977096370463078842e+06
7.239048811013766571e-02 1.976095118898623390e+06
7.249061326658322313e-02 1.975093867334167939e+06
7.259073842302878055e-02 1.974092615769712254e+06
7.269086357947433796e-02 1.973091364205256570e+06
7.279098873591989538e-02 1.972090112640801119e+06
7.289111389236545280e-02 1.971088861076345667e+06
7.299123904881101021e-02 1.970087609511889983e+06
7.309136420525656763e-02 1.969086357947434299e+06
7.319148936170212505e-02 1.968085106382978614e+06
7.329161451814768247e-02 1.967083854818523163e+06
7.339173967459323988e-02 1.966082603254067712e+06
7.349186483103879730e-02 1.965081351689612027e+06
7.359198998748435472e-02 1.964080100125156343e+06
7.369211514392991214e-02 1.963078848560700892e+06
7.379224030037546955e-02 1.962077596996245440e+06
7.389236545682102697e-02 1.961076345431789756e+06
7.399249061326658439e-02 1.960075093867334072e+06
7.409261576971214180e-02 1.959073842302878620e+06
7.419274092615769922e-02 1.958072590738423169e+06
7.429286608260325664e-02 1.957071339173967484e+06
7.439299123904881406e-02 1.956070087609511800e+06
7.449311639549437147e-02 1.955068836045056349e+06
7.459324155193992889e-02 1.954067584480600897e+06
7.469336670838548631e-02 1.953066332916145213e+06
7.479349186483102985e-02 1.952065081351689762e+06
7.489361702127658726e-02 1.951063829787234310e+06
7.499374217772214468e-02 1.950062578222778626e+06
7.509386733416770210e-02 1.949061326658322942e+06
7.519399249061325952e-02 1.948060075093867490e+06
7.529411764705881693e-02 1.947058823529412039e+06
7.539424280350437435e-02 1.946057571964956354e+06
7.549436795994993177e-02 1.945056320400500670e+06
7.559449311639548919e-02 1.944055068836044986e+06
7.569461827284104660e-02 1.943053817271589534e+06
7.579474342928660402e-02 1.942052565707134083e+06
7.589486858573216144e-02 1.941051314142678399e+06
7.599499374217771885e-02 1.940050062578222714e+06
7.609511889862327627e-02 1.939048811013767263e+06
7.619524405506883369e-02 1.938047559449311811e+06
7.629536921151439111e-02 1.937046307884856127e+06
7.639549436795994852e-02 1.936045056320400443e+06
7.649561952440550594e-02 1.935043804755944991e+06
7.659574468085106336e-02 1.934042553191489540e+06
7.669586983729662077e-02 1.933041301627033856e+06
7.679599499374217819e-02 1.932040050062578171e+06
7.689612015018773561e-02 1.931038798498122720e+06
7.699624530663329303e-02 1.930037546933667269e+06
7.709637046307885044e-02 1.929036295369211584e+06
7.719649561952440786e-02 1.928035043804755900e+06
7.729662077596996528e-02 1.927033792240300216e+06
7.739674593241552270e-02 1.926032540675844764e+06
7.749687108886108011e-02 1.925031289111389313e+06
7.759699624530663753e-02 1.924030037546933629e+06
7.769712140175218107e-02 1.923028785982478177e+06
7.779724655819773849e-02 1.922027534418022726e+06
7.789737171464329590e-02 1.921026282853567041e+06
7.799749687108885332e-02 1.920025031289111357e+06
7.809762202753441074e-02 1.919023779724655906e+06
7.819774718397996816e-02 1.918022528160200454e+06
7.829787234042552557e-02 1.917021276595744770e+06
7.839799749687108299e-02 1.916020025031289086e+06
7.849812265331664041e-02 1.915018773466833634e+06
7.859824780976219782e-02 1.914017521902378183e+06
7.869837296620775524e-02 1.913016270337922499e+06
7.879849812265331266e-02 1.912015018773466814e+06
7.889862327909887008e-02 1.911013767209011363e+06
7.899874843554442749e-02 1.910012515644555911e+06
7.909887359198998491e-02 1.909011264080100227e+06
7.919899874843554233e-02 1.908010012515644543e+06
7.929912390488109974e-02 1.907008760951189091e+06
7.939924906132665716e-02 1.906007509386733640e+06
7.949937421777221458e-02 1.905006257822277956e+06
7.959949937421777200e-02 1.904005006257822271e+06
7.969962453066332941e-02 1.903003754693366587e+06
7.979974968710888683e-02 1.902002503128911136e+06
7.989987484355444425e-02 1.901001251564455684e+06
8.000000000000000167e-02 1.900000000000000000e+06
---------------
