field_vs_length
---------------
0.000000000000000000e+00 2.500000000000000000e+06
1.001251564455569429e-04 2.500000000000000000e+06
2.002503128911138858e-04 2.500000000000000000e+06
3.003754693366708422e-04 2.500000000000000000e+06
4.005006257822277716e-04 2.500000000000000000e+06
5.006257822277847009e-04 2.500000000000000000e+06
6.007509386733416844e-04 2.500000000000000000e+06
7.008760951188985596e-04 2.500000000000000000e+06
8.010012515644555431e-04 2.500000000000000000e+06
9.011264080100125267e-04 2.500000000000000000e+06
1.001251564455569402e-03 2.500000000000000000e+06
1.101376720901126385e-03 2.500000000000000000e+06
1.201501877346683369e-03 2.500000000000000000e+06
1.301627033792240352e-03 2.500000000000000000e+06
1.401752190237797119e-03 2.500000000000000000e+06
1.501877346683354103e-03 2.500000000000000000e+06
1.602002503128911086e-03 2.500000000000000000e+06
1.702127659574468070e-03 2.500000000000000000e+06
1.802252816020025053e-03 2.500000000000000000e+06
1.902377972465581820e-03 2.500000000000000000e+06
2.002503128911138804e-03 2.500000000000000000e+06
2.102628285356695787e-03 2.500000000000000000e+06
2.202753441802252771e-03 2.500000000000000000e+06
2.302878598247809754e-03 2.500000000000000000e+06
2.403003754693366738e-03 2.500000000000000000e+06
2.503128911138923721e-03 2.500000000000000000e+06
2.603254067584480705e-03 2.500000000000000000e+06
2.703379224030037255e-03 2.500000000000000000e+06
2.803504380475594238e-03 2.500000000000000000e+06
2.903629536921151222e-03 2.500000000000000000e+06
3.003754693366708205e-03 2.500000000000000000e+06
3.103879849812265189e-03 2.500000000000000000e+06
3.204005006257822172e-03 2.500000000000000000e+06
3.304130162703379156e-03 2.500000000000000000e+06
3.404255319148936140e-03 2.500000000000000000e+06
3.504380475594493123e-03 2.500000000000000000e+06
3.604505632040050107e-03 2.500000000000000000e+06
3.704630788485607090e-03 2.500000000000000000e+06
3.804755944931163640e-03 2.500000000000000000e+06
3.904881101376720624e-03 2.500000000000000000e+06
4.005006257822277607e-03 2.500000000000000000e+06
4.105131414267835024e-03 2.500000000000000000e+06
4.205256570713391574e-03 2.500000000000000000e+06
4.305381727158948124e-03 2.500000000000000000e+06
4.405506883604505541e-03 2.500000000000000000e+06
4.505632040050062091e-03 2.500000000000000000e+06
4.605757196495619508e-03 2.500000000000000000e+06
4.705882352941176058e-03 2.500000000000000000e+06
4.806007509386733476e-03 2.500000000000000000e+06
4.906132665832290025e-03 2.500000000000000000e+06
5.006257822277847443e-03 2.500000000000000000e+06
5.106382978723403993e-03 2.500000000000000000e+06
5.206508135168961410e-03 2.500000000000000000e+06
5.306633291614517960e-03 2.500000000000000000e+06
5.406758448060074509e-03 2.500000000000000000e+06
5.506883604505631927e-03 2.500000000000000000e+06
5.607008760951188477e-03 2.500000000000000000e+06
5.707133917396745894e-03 2.500000000000000000e+06
5.807259073842302444e-03 2.500000000000000000e+06
5.907384230287859861e-03 2.500000000000000000e+06
6.007509386733416411e-03 2.500000000000000000e+06
6.107634543178973828e-03 2.500000000000000000e+06
6.207759699624530378e-03 2.500000000000000000e+06
6.307884856070087795e-03 2.500000000000000000e+06
6.408010012515644345e-03 2.500000000000000000e+06
6.508135168961200895e-03 2.500000000000000000e+06
6.608260325406758312e-03 2.500000000000000000e+06
6.708385481852314862e-03 2.500000000000000000e+06
6.808510638297872279e-03 2.500000000000000000e+06
6.908635794743428829e-03 2.500000000000000000e+06
7.008760951188986246e-03 2.500000000000000000e+06
7.108886107634542796e-03 2.500000000000000000e+06
7.209011264080100213e-03 2.500000000000000000e+06
7.309136420525656763e-03 2.500000000000000000e+06
7.409261576971214180e-03 2.500000000000000000e+06
7.509386733416770730e-03 2.500000000000000000e+06
7.609511889862327280e-03 2.500000000000000000e+06
7.709637046307884697e-03 2.500000000000000000e+06
7.809762202753441247e-03 2.500000000000000000e+06
7.909887359198997797e-03 2.500000000000000000e+06
8.010012515644555214e-03 2.500000000000000000e+06
8.110137672090112632e-03 2.500000000000000000e+06
8.210262828535670049e-03 2.500000000000000000e+06
8.310387984981225731e-03 2.500000000000000000e+06
8.410513141426783149e-03 2.500000000000000000e+06
8.510638297872340566e-03 2.500000000000000000e+06
8.610763454317896248e-03 2.500000000000000000e+06
8.710888610763453666e-03 2.500000000000000000e+06
8.811013767209011083e-03 2.500000000000000000e+06
8.911138923654568500e-03 2.500000000000000000e+06
9.011264080100124182e-03 2.500000000000000000e+06
9.111389236545681600e-03 2.500000000000000000e+06
9.211514392991239017e-03 2.500000000000000000e+06
9.311639549436796434e-03 2.500000000000000000e+06
9.411764705882352117e-03 2.500000000000000000e+06
9.511889862327909534e-03 2.500000000000000000e+06
9.612015018773466951e-03 2.500000000000000000e+06
9.712140175219022634e-03 2.500000000000000000e+06
9.812265331664580051e-03 2.500000000000000000e+06
9.912390488110137468e-03 2.500000000000000000e+06
1.001251564455569489e-02 2.500000000000000000e+06
1.011264080100125057e-02 2.500000000000000000e+06
1.021276595744680799e-02 2.500000000000000000e+06
1.031289111389236540e-02 2.500000000000000000e+06
1.041301627033792282e-02 2.500000000000000000e+06
1.051314142678347850e-02 2.500000000000000000e+06
1.061326658322903592e-02 2.500000000000000000e+06
1.071339173967459334e-02 2.500000000000000000e+06
1.081351689612014902e-02 2.500000000000000000e+06
1.091364205256570644e-02 2.500000000000000000e+06
1.101376720901126385e-02 2.500000000000000000e+06
1.111389236545682127e-02 2.500000000000000000e+06
1.121401752190237695e-02 2.500000000000000000e+06
1.131414267834793437e-02 2.500000000000000000e+06
1.141426783479349179e-02 2.500000000000000000e+06
1.151439299123904920e-02 2.500000000000000000e+06
1.161451814768460489e-02 2.500000000000000000e+06
1.171464330413016230e-02 2.500000000000000000e+06
1.181476846057571972e-02 2.500000000000000000e+06
1.191489361702127540e-02 2.500000000000000000e+06
1.201501877346683282e-02 2.500000000000000000e+06
1.211514392991239024e-02 2.500000000000000000e+06
1.221526908635794766e-02 2.500000000000000000e+06
1.231539424280350334e-02 2.500000000000000000e+06
1.241551939924906076e-02 2.500000000000000000e+06
1.251564455569461817e-02 2.500000000000000000e+06
1.261576971214017559e-02 2.500000000000000000e+06
1.271589486858573127e-02 2.500000000000000000e+06
1.281602002503128869e-02 2.500000000000000000e+06
1.291614518147684611e-02 2.500000000000000000e+06
1.301627033792240179e-02 2.500000000000000000e+06
1.311639549436795921e-02 2.500000000000000000e+06
1.321652065081351662e-02 2.500000000000000000e+06
1.331664580725907404e-02 2.500000000000000000e+06
1.341677096370462972e-02 2.500000000000000000e+06
1.351689612015018714e-02 2.500000000000000000e+06
1.361702127659574456e-02 2.500000000000000000e+06
1.371714643304130198e-02 2.500000000000000000e+06
1.381727158948685766e-02 2.500000000000000000e+06
1.391739674593241508e-02 2.500000000000000000e+06
1.401752190237797249e-02 2.500000000000000000e+06
1.411764705882352818e-02 2.500000000000000000e+06
1.421777221526908559e-02 2.500000000000000000e+06
1.431789737171464301e-02 2.500000000000000000e+06
1.441802252816020043e-02 2.500000000000000000e+06
1.451814768460575611e-02 2.500000000000000000e+06
1.461827284105131353e-02 2.500000000000000000e+06
1.471839799749687094e-02 2.500000000000000000e+06
1.481852315394242836e-02 2.500000000000000000e+06
1.491864831038798404e-02 2.500000000000000000e+06
1.501877346683354146e-02 2.500000000000000000e+06
1.511889862327909888e-02 2.500000000000000000e+06
1.521902377972465456e-02 2.500000000000000000e+06
1.531914893617021198e-02 2.500000000000000000e+06
1.541927409261576939e-02 2.500000000000000000e+06
1.551939924906132681e-02 2.500000000000000000e+06
1.561952440550688249e-02 2.500000000000000000e+06
1.571964956195244165e-02 2.500000000000000000e+06
1.581977471839799559e-02 2.500000000000000000e+06
1.591989987484355301e-02 2.500000000000000000e+06
1.602002503128911043e-02 2.500000000000000000e+06
1.612015018773466785e-02 2.500000000000000000e+06
1.622027534418022526e-02 2.500000000000000000e+06
1.632040050062578268e-02 2.500000000000000000e+06
1.642052565707134010e-02 2.500000000000000000e+06
1.652065081351689405e-02 2.500000000000000000e+06
1.662077596996245146e-02 2.500000000000000000e+06
1.672090112640800888e-02 2.500000000000000000e+06
1.682102628285356630e-02 2.500000000000000000e+06
1.692115143929912371e-02 2.500000000000000000e+06
1.702127659574468113e-02 2.500000000000000000e+06
1.712140175219023855e-02 2.500000000000000000e+06
1.722152690863579250e-02 2.500000000000000000e+06
1.732165206508134991e-02 2.500000000000000000e+06
1.742177722152690733e-02 2.500000000000000000e+06
1.752190237797246475e-02 2.500000000000000000e+06
1.762202753441802217e-02 2.500000000000000000e+06
1.772215269086357958e-02 2.500000000000000000e+06
1.782227784730913700e-02 2.500000000000000000e+06
1.792240300375469442e-02 2.500000000000000000e+06
1.802252816020024836e-02 2.500000000000000000e+06
1.812265331664580578e-02 2.500000000000000000e+06
1.822277847309136320e-02 2.500000000000000000e+06
1.832290362953692062e-02 2.500000000000000000e+06
1.842302878598247803e-02 2.500000000000000000e+06
1.852315394242803545e-02 2.500000000000000000e+06
1.862327909887359287e-02 2.500000000000000000e+06
1.872340425531914682e-02 2.500000000000000000e+06
1.882352941176470423e-02 2.500000000000000000e+06
1.892365456821026165e-02 2.500000000000000000e+06
1.902377972465581907e-02 2.500000000000000000e+06
1.912390488110137649e-02 2.500000000000000000e+06
1.922403003754693390e-02 2.500000000000000000e+06
1.932415519399249132e-02 2.500000000000000000e+06
1.942428035043804527e-02 2.500000000000000000e+06
1.952440550688360268e-02 2.500000000000000000e+06
1.962453066332916010e-02 2.500000000000000000e+06
1.972465581977471752e-02 2.500000000000000000e+06
1.982478097622027494e-02 2.500000000000000000e+06
1.992490613266583235e-02 2.500000000000000000e+06
2.002503128911138977e-02 2.498498122653316706e+06
2.012515644555694719e-02 2.492490613266583066e+06
2.022528160200250114e-02 2.486483103879849892e+06
2.032540675844805855e-02 2.480475594493116718e+06
2.042553191489361597e-02 2.474468085106383078e+06
2.052565707133917339e-02 2.468460575719649438e+06
2.062578222778473080e-02 2.462453066332916263e+06
2.072590738423028822e-02 2.456445556946182624e+06
2.082603254067584564e-02 2.450438047559449449e+06
2.092615769712139959e-02 2.444430538172716275e+06
2.102628285356695700e-02 2.438423028785982635e+06
2.112640801001251442e-02 2.432415519399248995e+06
2.122653316645807184e-02 2.426408010012515821e+06
2.132665832290362926e-02 2.420400500625782181e+06
2.142678347934918667e-02 2.414392991239049006e+06
2.152690863579474409e-02 2.408385481852315366e+06
2.162703379224029804e-02 2.402377972465582192e+06
2.172715894868585546e-02 2.396370463078848552e+06
2.182728410513141287e-02 2.390362953692115378e+06
2.192740926157697029e-02 2.384355444305381738e+06
2.202753441802252771e-02 2.378347934918648563e+06
2.212765957446808512e-02 2.372340425531914923e+06
2.222778473091364254e-02 2.366332916145181283e+06
2.232790988735919996e-02 2.360325406758448109e+06
2.242803504380475391e-02 2.354317897371714935e+06
2.252816020025031132e-02 2.348310387984981295e+06
2.262828535669586874e-02 2.342302878598247655e+06
2.272841051314142616e-02 2.336295369211514480e+06
2.282853566958698358e-02 2.330287859824780840e+06
2.292866082603254099e-02 2.324280350438047666e+06
2.302878598247809841e-02 2.318272841051314026e+06
2.312891113892365236e-02 2.312265331664580852e+06
2.322903629536920977e-02 2.306257822277847677e+06
2.332916145181476719e-02 2.300250312891114037e+06
2.342928660826032461e-02 2.294242803504380397e+06
2.352941176470588203e-02 2.288235294117647223e+06
2.362953692115143944e-02 2.282227784730913583e+06
2.372966207759699686e-02 2.276220275344180409e+06
2.382978723404255081e-02 2.270212765957446769e+06
2.392991239048810823e-02 2.264205256570713595e+06
2.403003754693366564e-02 2.258197747183979955e+06
2.413016270337922306e-02 2.252190237797246780e+06
2.423028785982478048e-02 2.246182728410513140e+06
2.433041301627033789e-02 2.240175219023779966e+06
2.443053817271589531e-02 2.234167709637046326e+06
2.453066332916145273e-02 2.228160200250312686e+06
2.463078848560700668e-02 2.222152690863579512e+06
2.473091364205256409e-02 2.216145181476846337e+06
2.483103879849812151e-02 2.210137672090112697e+06
2.493116395494367893e-02 2.204130162703379057e+06
2.503128911138923635e-02 2.198122653316645883e+06
2.513141426783479376e-02 2.192115143929912243e+06
2.523153942428035118e-02 2.186107634543179069e+06
2.533166458072590513e-02 2.180100125156445894e+06
2.543178973717146255e-02 2.174092615769712254e+06
2.553191489361701996e-02 2.168085106382979080e+06
2.563204005006257738e-02 2.162077596996245440e+06
2.573216520650813480e-02 2.156070087609511800e+06
2.583229036295369221e-02 2.150062578222778626e+06
2.593241551939924963e-02 2.144055068836044986e+06
2.603254067584480358e-02 2.138047559449311811e+06
2.613266583229036100e-02 2.132040050062578171e+06
2.623279098873591841e-02 2.126032540675844997e+06
2.633291614518147583e-02 2.120025031289111357e+06
2.643304130162703325e-02 2.114017521902378183e+06
2.653316645807259067e-02 2.108010012515644543e+06
2.663329161451814808e-02 2.102002503128911369e+06
2.673341677096370203e-02 2.095994993742177961e+06
2.683354192740925945e-02 2.089987484355444554e+06
2.693366708385481686e-02 2.083979974968710914e+06
2.703379224030037428e-02 2.077972465581977507e+06
2.713391739674593170e-02 2.071964956195244100e+06
2.723404255319148912e-02 2.065957446808510693e+06
2.733416770963704653e-02 2.059949937421777286e+06
2.743429286608260395e-02 2.053942428035043646e+06
2.753441802252815790e-02 2.047934918648310471e+06
2.763454317897371532e-02 2.041927409261577064e+06
2.773466833541927273e-02 2.035919899874843657e+06
2.783479349186483015e-02 2.029912390488110250e+06
2.793491864831038757e-02 2.023904881101376843e+06
2.803504380475594499e-02 2.017897371714643203e+06
2.813516896120150240e-02 2.011889862327909796e+06
2.823529411764705635e-02 2.005882352941176621e+06
2.833541927409261377e-02 1.999874843554443214e+06
2.843554443053817118e-02 1.993867334167709807e+06
2.853566958698372860e-02 1.987859824780976400e+06
2.863579474342928602e-02 1.981852315394242760e+06
2.873591989987484344e-02 1.975844806007509353e+06
2.883604505632040085e-02 1.969837296620775945e+06
2.893617021276595480e-02 1.963829787234042771e+06
2.903629536921151222e-02 1.957822277847309131e+06
2.913642052565706964e-02 1.951814768460575957e+06
2.923654568210262705e-02 1.945807259073842317e+06
2.933667083854818447e-02 1.939799749687108910e+06
2.943679599499374189e-02 1.933792240300375503e+06
2.953692115143929930e-02 1.927784730913642095e+06
2.963704630788485672e-02 1.921777221526908688e+06
2.973717146433041067e-02 1.915769712140175514e+06
2.983729662077596809e-02 1.909762202753441874e+06
2.993742177722152550e-02 1.903754693366708467e+06
3.003754693366708292e-02 1.897747183979975060e+06
3.013767209011264034e-02 1.891739674593241652e+06
3.023779724655819776e-02 1.885732165206508245e+06
3.033792240300375517e-02 1.879724655819774605e+06
3.043804755944930912e-02 1.873717146433041431e+06
3.053817271589486654e-02 1.867709637046308024e+06
3.063829787234042396e-02 1.861702127659574617e+06
3.073842302878598137e-02 1.855694618272840977e+06
3.083854818523153879e-02 1.849687108886107802e+06
3.093867334167709621e-02 1.843679599499374162e+06
3.103879849812265362e-02 1.837672090112640755e+06
3.113892365456820757e-02 1.831664580725907581e+06
3.123904881101376499e-02 1.825657071339174174e+06
3.133917396745932588e-02 1.819649561952440534e+06
3.143929912390488329e-02 1.813642052565706894e+06
3.153942428035043377e-02 1.807634543178973952e+06
3.163954943679599119e-02 1.801627033792240545e+06
3.173967459324154861e-02 1.795619524405507138e+06
3.183979974968710602e-02 1.789612015018773731e+06
3.193992490613266344e-02 1.783604505632040091e+06
3.204005006257822086e-02 1.777596996245306917e+06
3.214017521902377827e-02 1.771589486858573277e+06
3.224030037546933569e-02 1.765581977471839869e+06
3.234042553191489311e-02 1.759574468085106462e+06
3.244055068836045053e-02 1.753566958698372822e+06
3.254067584480600794e-02 1.747559449311639648e+06
3.264080100125156536e-02 1.741551939924906008e+06
3.274092615769712278e-02 1.735544430538172601e+06
3.284105131414268020e-02 1.729536921151439194e+06
3.294117647058823761e-02 1.723529411764705786e+06
3.304130162703378809e-02 1.717521902377972845e+06
3.314142678347934551e-02 1.711514392991239205e+06
3.324155193992490293e-02 1.705506883604505798e+06
3.334167709637046034e-02 1.699499374217772391e+06
3.344180225281601776e-02 1.693491864831038984e+06
3.354192740926157518e-02 1.687484355444305576e+06
3.364205256570713259e-02 1.681476846057571936e+06
3.374217772215269001e-02 1.675469336670838762e+06
3.384230287859824743e-02 1.669461827284105122e+06
3.394242803504380485e-02 1.663454317897371715e+06
3.404255319148936226e-02 1.657446808510638308e+06
3.414267834793491968e-02 1.651439299123904901e+06
3.424280350438047710e-02 1.645431789737171493e+06
3.434292866082603451e-02 1.639424280350437853e+06
3.444305381727158499e-02 1.633416770963704912e+06
3.454317897371714241e-02 1.627409261576971505e+06
3.464330413016269983e-02 1.621401752190237865e+06
3.474342928660825724e-02 1.615394242803504691e+06
3.484355444305381466e-02 1.609386733416771051e+06
3.494367959949937208e-02 1.603379224030037643e+06
3.504380475594492950e-02 1.597371714643304236e+06
3.514392991239048691e-02 1.591364205256570829e+06
3.524405506883604433e-02 1.585356695869837422e+06
3.534418022528160175e-02 1.579349186483103782e+06
3.544430538172715917e-02 1.573341677096370608e+06
3.554443053817271658e-02 1.567334167709636968e+06
3.564455569461827400e-02 1.561326658322903560e+06
3.574468085106383142e-02 1.555319148936170153e+06
3.584480600750938883e-02 1.549311639549436746e+06
3.594493116395493931e-02 1.543304130162703805e+06
3.604505632040049673e-02 1.537296620775970165e+06
3.614518147684605415e-02 1.531289111389236758e+06
3.624530663329161156e-02 1.525281602002503350e+06
3.634543178973716898e-02 1.519274092615769943e+06
3.644555694618272640e-02 1.513266583229036536e+06
3.654568210262828382e-02 1.507259073842302896e+06
3.664580725907384123e-02 1.501251564455569722e+06
3.674593241551939865e-02 1.495244055068836082e+06
3.684605757196495607e-02 1.489236545682102675e+06
3.694618272841051348e-02 1.483229036295369267e+06
3.704630788485607090e-02 1.477221526908635627e+06
3.714643304130162832e-02 1.471214017521902453e+06
3.724655819774718574e-02 1.465206508135168813e+06
3.734668335419274315e-02 1.459198998748435406e+06
3.744680851063829363e-02 1.453191489361702465e+06
3.754693366708385105e-02 1.447183979974969057e+06
3.764705882352940847e-02 1.441176470588235417e+06
3.774718397997496588e-02 1.435168961201502010e+06
3.784730913642052330e-02 1.429161451814768603e+06
3.794743429286608072e-02 1.423153942428035196e+06
3.804755944931163814e-02 1.417146433041301789e+06
3.814768460575719555e-02 1.411138923654568382e+06
3.824780976220275297e-02 1.405131414267834742e+06
3.834793491864831039e-02 1.399123904881101334e+06
3.844806007509386780e-02 1.393116395494367927e+06
3.854818523153942522e-02 1.387108886107634520e+06
3.864831038798498264e-02 1.381101376720901113e+06
3.874843554443054006e-02 1.375093867334167706e+06
3.884856070087609053e-02 1.369086357947434532e+06
3.894868585732164795e-02 1.363078848560701124e+06
3.904881101376720537e-02 1.357071339173967717e+06
3.914893617021276279e-02 1.351063829787234310e+06
3.924906132665832020e-02 1.345056320400500903e+06
3.934918648310387762e-02 1.339048811013767263e+06
3.944931163954943504e-02 1.333041301627033856e+06
3.954943679599499246e-02 1.327033792240300449e+06
3.964956195244054987e-02 1.321026282853567041e+06
3.974968710888610729e-02 1.315018773466833634e+06
3.984981226533166471e-02 1.309011264080100227e+06
3.994993742177722212e-02 1.303003754693366587e+06
4.005006257822277954e-02 1.296996245306633180e+06
4.015018773466833696e-02 1.290988735919899773e+06
4.025031289111389438e-02 1.284981226533166366e+06
4.035043804755944485e-02 1.278973717146433424e+06
4.045056320400500227e-02 1.272966207759699784e+06
4.055068836045055969e-02 1.266958698372966377e+06
4.065081351689611711e-02 1.260951188986232970e+06
4.075093867334167452e-02 1.254943679599499563e+06
4.085106382978723194e-02 1.248936170212766156e+06
4.095118898623278936e-02 1.242928660826032748e+06
4.105131414267834677e-02 1.236921151439299108e+06
4.115143929912390419e-02 1.230913642052565701e+06
4.125156445556946161e-02 1.224906132665832294e+06
4.135168961201501903e-02 1.218898623279098887e+06
4.145181476846057644e-02 1.212891113892365480e+06
4.155193992490613386e-02 1.206883604505632073e+06
4.165206508135169128e-02 1.200876095118898433e+06
4.175219023779724176e-02 1.194868585732165491e+06
4.185231539424279917e-02 1.188861076345432084e+06
4.195244055068835659e-02 1.182853566958698677e+06
4.205256570713391401e-02 1.176846057571965270e+06
4.215269086357947143e-02 1.170838548185231630e+06
4.225281602002502884e-02 1.164831038798498223e+06
4.235294117647058626e-02 1.158823529411764815e+06
4.245306633291614368e-02 1.152816020025031408e+06
4.255319148936170109e-02 1.146808510638298001e+06
4.265331664580725851e-02 1.140801001251564594e+06
4.275344180225281593e-02 1.134793491864830954e+06
4.285356695869837335e-02 1.128785982478097547e+06
4.295369211514393076e-02 1.122778473091364140e+06
4.305381727158948818e-02 1.116770963704630733e+06
4.315394242803504560e-02 1.110763454317897325e+06
4.325406758448059608e-02 1.104755944931164151e+06
4.335419274092615349e-02 1.098748435544430744e+06
4.345431789737171091e-02 1.092740926157697337e+06
4.355444305381726833e-02 1.086733416770963930e+06
4.365456821026282574e-02 1.080725907384230522e+06
4.375469336670838316e-02 1.074718397997497115e+06
4.385481852315394058e-02 1.068710888610763475e+06
4.395494367959949800e-02 1.062703379224030068e+06
4.405506883604505541e-02 1.056695869837296661e+06
4.415519399249061283e-02 1.050688360450563254e+06
4.425531914893617025e-02 1.044680851063829847e+06
4.435544430538172767e-02 1.038673341677096440e+06
4.445556946182728508e-02 1.032665832290363032e+06
4.455569461827284250e-02 1.026658322903629392e+06
4.465581977471839992e-02 1.020650813516895985e+06
4.475594493116395040e-02 1.014643304130163044e+06
4.485607008760950781e-02 1.008635794743429637e+06
4.495619524405506523e-02 1.002628285356695997e+06
4.505632040050062265e-02 9.966207759699625894e+05
4.515644555694618006e-02 9.906132665832291823e+05
4.525657071339173748e-02 9.846057571964957751e+05
4.535669586983729490e-02 9.785982478097623680e+05
4.545682102628285232e-02 9.725907384230289608e+05
4.555694618272840973e-02 9.665832290362955537e+05
4.565707133917396715e-02 9.605757196495619137e+05
4.575719649561952457e-02 9.545682102628285065e+05
4.585732165206508198e-02 9.485607008760950994e+05
4.595744680851063940e-02 9.425531914893616922e+05
4.605757196495619682e-02 9.365456821026282851e+05
4.615769712140174730e-02 9.305381727158951107e+05
4.625782227784730471e-02 9.245306633291617036e+05
4.635794743429286213e-02 9.185231539424282964e+05
4.645807259073841955e-02 9.125156445556948893e+05
4.655819774718397697e-02 9.065081351689614821e+05
4.665832290362953438e-02 9.005006257822280750e+05
4.675844806007509180e-02 8.944931163954944350e+05
4.685857321652064922e-02 8.884856070087610278e+05
4.695869837296620664e-02 8.824780976220276207e+05
4.705882352941176405e-02 8.764705882352942135e+05
4.715894868585732147e-02 8.704630788485608064e+05
4.725907384230287889e-02 8.644555694618273992e+05
4.735919899874843630e-02 8.584480600750937592e+05
4.745932415519399372e-02 8.524405506883603521e+05
4.755944931163955114e-02 8.464330413016269449e+05
4.765957446808510162e-02 8.404255319148940034e+05
4.775969962453065903e-02 8.344180225281605963e+05
4.785982478097621645e-02 8.284105131414269563e+05
4.795994993742177387e-02 8.224030037546935491e+05
4.806007509386733129e-02 8.163954943679601420e+05
4.816020025031288870e-02 8.103879849812267348e+05
4.826032540675844612e-02 8.043804755944933277e+05
4.836045056320400354e-02 7.983729662077599205e+05
4.846057571964956096e-02 7.923654568210262805e+05
4.856070087609511837e-02 7.863579474342928734e+05
4.866082603254067579e-02 7.803504380475594662e+05
4.876095118898623321e-02 7.743429286608260591e+05
4.886107634543179062e-02 7.683354192740926519e+05
4.896120150187734804e-02 7.623279098873592447e+05
4.906132665832290546e-02 7.563204005006256048e+05
4.916145181476845594e-02 7.503128911138926633e+05
4.926157697121401335e-02 7.443053817271592561e+05
4.936170212765957077e-02 7.382978723404258490e+05
4.946182728410512819e-02 7.322903629536924418e+05
4.956195244055068561e-02 7.262828535669588018e+05
4.966207759699624302e-02 7.202753441802253947e+05
4.976220275344180044e-02 7.142678347934919875e+05
4.986232790988735786e-02 7.082603254067585804e+05
4.996245306633291527e-02 7.022528160200251732e+05
5.006257822277847269e-02 6.962453066332917660e+05
5.016270337922403011e-02 6.902377972465581261e+05
5.026282853566958753e-02 6.842302878598247189e+05
5.036295369211514494e-02 6.782227784730913118e+05
5.046307884856070236e-02 6.722152690863579046e+05
5.056320400500625284e-02 6.662077596996249631e+05
5.066332916145181026e-02 6.602002503128913231e+05
5.076345431789736767e-02 6.541927409261579160e+05
5.086357947434292509e-02 6.481852315394245088e+05
5.096370463078848251e-02 6.421777221526911017e+05
5.106382978723403993e-02 6.361702127659576945e+05
5.116395494367959734e-02 6.301627033792242873e+05
5.126408010012515476e-02 6.241551939924906474e+05
5.136420525657071218e-02 6.181476846057570074e+05
5.146433041301626959e-02 6.121401752190236002e+05
5.156445556946182701e-02 6.061326658322901931e+05
5.166458072590738443e-02 6.001251564455567859e+05
5.176470588235294185e-02 5.941176470588233788e+05
5.186483103879849926e-02 5.881101376720899716e+05
5.196495619524405668e-02 5.821026282853563316e+05
5.206508135168960716e-02 5.760951188986238558e+05
5.216520650813516458e-02 5.700876095118904486e+05
5.226533166458072199e-02 5.640801001251568086e+05
5.236545682102627941e-02 5.580725907384234015e+05
5.246558197747183683e-02 5.520650813516899943e+05
5.256570713391739424e-02 5.460575719649565872e+05
5.266583229036295166e-02 5.400500625782231800e+05
5.276595744680850908e-02 5.340425531914897729e+05
5.286608260325406650e-02 5.280350438047561329e+05
5.296620775969962391e-02 5.220275344180227257e+05
5.306633291614518133e-02 5.160200250312893186e+05
5.316645807259073875e-02 5.100125156445559114e+05
5.326658322903629617e-02 5.040050062578225043e+05
5.336670838548185358e-02 4.979974968710890971e+05
5.346683354192740406e-02 4.919899874843554571e+05
5.356695869837296148e-02 4.859824780976220500e+05
5.366708385481851890e-02 4.799749687108886428e+05
5.376720901126407631e-02 4.739674593241552357e+05
5.386733416770963373e-02 4.679599499374218285e+05
5.396745932415519115e-02 4.619524405506884214e+05
5.406758448060074856e-02 4.559449311639550142e+05
5.416770963704630598e-02 4.499374217772213742e+05
5.426783479349186340e-02 4.439299123904879671e+05
5.436795994993742082e-02 4.379224030037545599e+05
5.446808510638297823e-02 4.319148936170211527e+05
5.456821026282853565e-02 4.259073842302877456e+05
5.466833541927409307e-02 4.198998748435543384e+05
5.476846057571965048e-02 4.138923654568206985e+05
5.486858573216520790e-02 4.078848560700872913e+05
5.496871088861075838e-02 4.018773466833545826e+05
5.506883604505631580e-02 3.958698372966214083e+05
5.516896120150187321e-02 3.898623279098877683e+05
5.526908635794743063e-02 3.838548185231545940e+05
5.536921151439298805e-02 3.778473091364209540e+05
5.546933667083854547e-02 3.718397997496873140e+05
5.556946182728410288e-02 3.658322903629541397e+05
5.566958698372966030e-02 3.598247809762204997e+05
5.576971214017521772e-02 3.538172715894873254e+05
5.586983729662077514e-02 3.478097622027536854e+05
5.596996245306633255e-02 3.418022528160205111e+05
5.607008760951188997e-02 3.357947434292868711e+05
5.617021276595744739e-02 3.297872340425532311e+05
5.627033792240300480e-02 3.237797246558200568e+05
5.637046307884856222e-02 3.177722152690864168e+05
5.647058823529411270e-02 3.117647058823532425e+05
5.657071339173967012e-02 3.057571964956196025e+05
5.667083854818522753e-02 2.997496871088859625e+05
5.677096370463078495e-02 2.937421777221527882e+05
5.687108886107634237e-02 2.877346683354191482e+05
5.697121401752189979e-02 2.817271589486859739e+05
5.707133917396745720e-02 2.757196495619523339e+05
5.717146433041301462e-02 2.697121401752191596e+05
5.727158948685857204e-02 2.637046307884855196e+05
5.737171464330412946e-02 2.576971214017518796e+05
5.747183979974968687e-02 2.516896120150187053e+05
5.757196495619524429e-02 2.456821026282850653e+05
5.767209011264080171e-02 2.396745932415518910e+05
5.777221526908635912e-02 2.336670838548182510e+05
5.787234042553190960e-02 2.276595744680855423e+05
5.797246558197746702e-02 2.216520650813523680e+05
5.807259073842302444e-02 2.156445556946187280e+05
5.817271589486858185e-02 2.096370463078855537e+05
5.827284105131413927e-02 2.036295369211519137e+05
5.837296620775969669e-02 1.976220275344182737e+05
5.847309136420525411e-02 1.916145181476850994e+05
5.857321652065081152e-02 1.856070087609514594e+05
5.867334167709636894e-02 1.795994993742182851e+05
5.877346683354192636e-02 1.735919899874846451e+05
5.887359198998748377e-02 1.675844806007510051e+05
5.897371714643304119e-02 1.615769712140178308e+05
5.907384230287859861e-02 1.555694618272841908e+05
5.917396745932415603e-02 1.495619524405510165e+05
5.927409261576971344e-02 1.435544430538173765e+05
5.937421777221526392e-02 1.375469336670842022e+05
5.947434292866082134e-02 1.315394242803505622e+05
5.957446808510637876e-02 1.255319148936169222e+05
5.967459324155193617e-02 1.195244055068837479e+05
5.977471839799749359e-02 1.135168961201501079e+05
5.987484355444305101e-02 1.075093867334169336e+05
5.997496871088860843e-02 1.015018773466832936e+05
6.007509386733416584e-02 9.549436795994965360e+04
6.017521902377972326e-02 8.948685857321647927e+04
6.027534418022528068e-02 8.347934918648283929e+04
6.037546933667083809e-02 7.747183979974966496e+04
6.047559449311639551e-02 7.146433041301602498e+04
6.057571964956195293e-02 6.545682102628285065e+04
6.067584480600751035e-02 5.944931163954921067e+04
6.077596996245306776e-02 5.344180225281557068e+04
6.087609511889861824e-02 4.743429286608332768e+04
6.097622027534417566e-02 4.142678347934968770e+04
6.107634543178973308e-02 3.541927409261604771e+04
6.117647058823529049e-02 2.941176470588287339e+04
6.127659574468084791e-02 2.340425531914923340e+04
6.137672090112640533e-02 1.739674593241605908e+04
6.147684605757196274e-02 1.138923654568241909e+04
6.157697121401752016e-02 5.381727158949244767e+03
6.167709637046307758e-02 0.000000000000000000e+00
6.177722152690863500e-02 0.000000000000000000e+00
6.187734668335419241e-02 0.000000000000000000e+00
6.197747183979974983e-02 0.000000000000000000e+00
6.207759699624530725e-02 0.000000000000000000e+00
6.217772215269086467e-02 0.000000000000000000e+00
6.227784730913641514e-02 0.000000000000000000e+00
6.237797246558197256e-02 0.000000000000000000e+00
6.247809762202752998e-02 0.000000000000000000e+00
6.257822277847309433e-02 0.000000000000000000e+00
6.267834793491865175e-02 0.000000000000000000e+00
6.277847309136420917e-02 0.000000000000000000e+00
6.287859824780976659e-02 0.000000000000000000e+00
6.297872340425532400e-02 0.000000000000000000e+00
6.307884856070086754e-02 0.000000000000000000e+00
6.317897371714642496e-02 0.000000000000000000e+00
6.327909887359198238e-02 0.000000000000000000e+00
6.337922403003753979e-02 0.000000000000000000e+00
6.347934918648309721e-02 0.000000000000000000e+00
6.357947434292865463e-02 0.000000000000000000e+00
6.367959949937421205e-02 0.000000000000000000e+00
6.377972465581976946e-02 0.000000000000000000e+00
6.387984981226532688e-02 0.000000000000000000e+00
6.397997496871088430e-02 0.000000000000000000e+00
6.408010012515644171e-02 0.000000000000000000e+00
6.418022528160199913e-02 0.000000000000000000e+00
6.428035043804755655e-02 0.000000000000000000e+00
6.438047559449311397e-02 0.000000000000000000e+00
6.448060075093867138e-02 0.000000000000000000e+00
6.458072590738422880e-02 0.000000000000000000e+00
6.468085106382978622e-02 0.000000000000000000e+00
6.478097622027534364e-02 0.000000000000000000e+00
6.488110137672090105e-02 0.000000000000000000e+00
6.498122653316645847e-02 0.000000000000000000e+00
6.508135168961201589e-02 0.000000000000000000e+00
6.518147684605757330e-02 0.000000000000000000e+00
6.528160200250313072e-02 0.000000000000000000e+00
6.538172715894868814e-02 0.000000000000000000e+00
6.548185231539424556e-02 0.000000000000000000e+00
6.558197747183980297e-02 0.000000000000000000e+00
6.568210262828536039e-02 0.000000000000000000e+00
6.578222778473091781e-02 0.000000000000000000e+00
6.588235294117647523e-02 0.000000000000000000e+00
6.598247809762201876e-02 0.000000000000000000e+00
6.608260325406757618e-02 0.000000000000000000e+00
6.618272841051313360e-02 0.000000000000000000e+00
6.628285356695869102e-02 0.000000000000000000e+00
6.638297872340424843e-02 0.000000000000000000e+00
6.648310387984980585e-02 0.000000000000000000e+00
6.658322903629536327e-02 0.000000000000000000e+00
6.668335419274092069e-02 0.000000000000000000e+00
6.678347934918647810e-02 0.000000000000000000e+00
6.688360450563203552e-02 0.000000000000000000e+00
6.698372966207759294e-02 0.000000000000000000e+00
6.708385481852315035e-02 0.000000000000000000e+00
6.718397997496870777e-02 0.000000000000000000e+00
6.728410513141426519e-02 0.000000000000000000e+00
6.738423028785982261e-02 0.000000000000000000e+00
6.748435544430538002e-02 0.000000000000000000e+00
6.758448060075093744e-02 0.000000000000000000e+00
6.768460575719649486e-02 0.000000000000000000e+00
6.778473091364205227e-02 0.000000000000000000e+00
6.788485607008760969e-02 0.000000000000000000e+00
6.798498122653316711e-02 0.000000000000000000e+00
6.808510638297872453e-02 0.000000000000000000e+00
6.818523153942428194e-02 0.000000000000000000e+00
6.828535669586983936e-02 0.000000000000000000e+00
6.838548185231539678e-02 0.000000000000000000e+00
6.848560700876095420e-02 0.000000000000000000e+00
6.858573216520651161e-02 0.000000000000000000e+00
6.868585732165206903e-02 0.000000000000000000e+00
6.878598247809762645e-02 0.000000000000000000e+00
6.888610763454316999e-02 0.000000000000000000e+00
6.898623279098872740e-02 0.000000000000000000e+00
6.908635794743428482e-02 0.000000000000000000e+00
6.918648310387984224e-02 0.000000000000000000e+00
6.928660826032539966e-02 0.000000000000000000e+00
6.938673341677095707e-02 0.000000000000000000e+00
6.948685857321651449e-02 0.000000000000000000e+00
6.958698372966207191e-02 0.000000000000000000e+00
6.968710888610762932e-02 0.000000000000000000e+00
6.978723404255318674e-02 0.000000000000000000e+00
6.988735919899874416e-02 0.000000000000000000e+00
6.998748435544430158e-02 0.000000000000000000e+00
7.008760951188985899e-02 0.000000000000000000e+00
7.018773466833541641e-02 0.000000000000000000e+00
7.028785982478097383e-02 0.000000000000000000e+00
7.038798498122653124e-02 0.000000000000000000e+00
7.048811013767208866e-02 0.000000000000000000e+00
7.058823529411764608e-02 0.000000000000000000e+00
7.068836045056320350e-02 0.000000000000000000e+00
7.078848560700876091e-02 0.000000000000000000e+00
7.088861076345431833e-02 0.000000000000000000e+00
7.098873591989987575e-02 0.000000000000000000e+00
7.108886107634543317e-02 0.000000000000000000e+00
7.118898623279099058e-02 0.000000000000000000e+00
7.128911138923654800e-02 0.000000000000000000e+00
7.138923654568210542e-02 0.000000000000000000e+00
7.148936170212766283e-02 0.000000000000000000e+00
7.158948685857322025e-02 0.000000000000000000e+00
7.168961201501877767e-02 0.000000000000000000e+00
7.178973717146432121e-02 0.000000000000000000e+00
7.188986232790987863e-02 0.000000000000000000e+00
7.198998748435543604e-02 0.000000000000000000e+00
7.209011264080099346e-02 0.000000000000000000e+00
7.219023779724655088e-02 0.000000000000000000e+00
7.229036295369210829e-02 0.000000000000000000e+00
7.239048811013766571e-02 0.000000000000000000e+00
7.249061326658322313e-02 0.000000000000000000e+00
7.259073842302878055e-02 0.000000000000000000e+00
7.269086357947433796e-02 0.000000000000000000e+00
7.279098873591989538e-02 0.000000000000000000e+00
7.289111389236545280e-02 0.000000000000000000e+00
7.299123904881101021e-02 0.000000000000000000e+00
7.309136420525656763e-02 0.000000000000000000e+00
7.319148936170212505e-02 0.000000000000000000e+00
7.329161451814768247e-02 0.000000000000000000e+00
7.339173967459323988e-02 0.000000000000000000e+00
7.349186483103879730e-02 0.000000000000000000e+00
7.359198998748435472e-02 0.000000000000000000e+00
7.369211514392991214e-02 0.000000000000000000e+00
7.379224030037546955e-02 0.000000000000000000e+00
7.389236545682102697e-02 0.000000000000000000e+00
7.399249061326658439e-02 0.000000000000000000e+00
7.409261576971214180e-02 0.000000000000000000e+00
7.419274092615769922e-02 0.000000000000000000e+00
7.429286608260325664e-02 0.000000000000000000e+00
7.439299123904881406e-02 0.000000000000000000e+00
7.449311639549437147e-02 0.000000000000000000e+00
7.459324155193992889e-02 0.000000000000000000e+00
7.469336670838548631e-02 0.000000000000000000e+00
7.479349186483102985e-02 0.000000000000000000e+00
7.489361702127658726e-02 0.000000000000000000e+00
7.499374217772214468e-02 0.000000000000000000e+00
7.509386733416770210e-02 0.000000000000000000e+00
7.519399249061325952e-02 0.000000000000000000e+00
7.529411764705881693e-02 0.000000000000000000e+00
7.539424280350437435e-02 0.000000000000000000e+00
7.549436795994993177e-02 0.000000000000000000e+00
7.559449311639548919e-02 0.000000000000000000e+00
7.569461827284104660e-02 0.000000000000000000e+00
7.579474342928660402e-02 0.000000000000000000e+00
7.589486858573216144e-02 0.000000000000000000e+00
7.599499374217771885e-02 0.000000000000000000e+00
7.609511889862327627e-02 0.000000000000000000e+00
7.619524405506883369e-02 0.000000000000000000e+00
7.629536921151439111e-02 0.000000000000000000e+00
7.639549436795994852e-02 0.000000000000000000e+00
7.649561952440550594e-02 0.000000000000000000e+00
7.659574468085106336e-02 0.000000000000000000e+00
7.669586983729662077e-02 0.000000000000000000e+00
7.679599499374217819e-02 0.000000000000000000e+00
7.689612015018773561e-02 0.000000000000000000e+00
7.699624530663329303e-02 0.000000000000000000e+00
7.709637046307885044e-02 0.000000000000000000e+00
7.719649561952440786e-02 0.000000000000000000e+00
7.729662077596996528e-02 0.000000000000000000e+00
7.739674593241552270e-02 0.000000000000000000e+00
7.749687108886108011e-02 0.000000000000000000e+00
7.759699624530663753e-02 0.000000000000000000e+00
7.769712140175218107e-02 0.000000000000000000e+00
7.779724655819773849e-02 0.000000000000000000e+00
7.789737171464329590e-02 0.000000000000000000e+00
7.799749687108885332e-02 0.000000000000000000e+00
7.809762202753441074e-02 0.000000000000000000e+00
7.819774718397996816e-02 0.000000000000000000e+00
7.829787234042552557e-02 0.000000000000000000e+00
7.839799749687108299e-02 0.000000000000000000e+00
7.849812265331664041e-02 0.000000000000000000e+00
7.859824780976219782e-02 0.000000000000000000e+00
7.869837296620775524e-02 0.000000000000000000e+00
7.879849812265331266e-02 0.000000000000000000e+00
7.889862327909887008e-02 0.000000000000000000e+00
7.899874843554442749e-02 0.000000000000000000e+00
7.909887359198998491e-02 0.000000000000000000e+00
7.919899874843554233e-02 0.000000000000000000e+00
7.929912390488109974e-02 0.000000000000000000e+00
7.939924906132665716e-02 0.000000000000000000e+00
7.949937421777221458e-02 0.000000000000000000e+00
7.959949937421777200e-02 0.000000000000000000e+00
7.969962453066332941e-02 0.000000000000000000e+00
7.979974968710888683e-02 0.000000000000000000e+00
7.989987484355444425e-02 0.000000000000000000e+00
8.000000000000000167e-02 0.000000000000000000e+00
---------------
