field_vs_length
---------------
0.000000000000000000e+00 2.500000000000000000e+06
1.001251564455569429e-04 2.500000000000000000e+06
2.002503128911138858e-04 2.500000000000000000e+06
3.003754693366708422e-04 2.500000000000000000e+06
4.005006257822277716e-04 2.500000000000000000e+06
5.006257822277847009e-04 2.500000000000000000e+06
6.007509386733416844e-04 2.500000000000000000e+06
7.008760951188985596e-04 2.500000000000000000e+06
8.010012515644555431e-04 2.500000000000000000e+06
9.011264080100125267e-04 2.500000000000000000e+06
1.001251564455569402e-03 2.500000000000000000e+06
1.101376720901126385e-03 2.500000000000000000e+06
1.201501877346683369e-03 2.500000000000000000e+06
1.301627033792240352e-03 2.500000000000000000e+06
1.401752190237797119e-03 2.500000000000000000e+06
1.501877346683354103e-03 2.500000000000000000e+06
1.602002503128911086e-03 2.500000000000000000e+06
1.702127659574468070e-03 2.500000000000000000e+06
1.802252816020025053e-03 2.500000000000000000e+06
1.902377972465581820e-03 2.500000000000000000e+06
2.002503128911138804e-03 2.500000000000000000e+06
2.102628285356695787e-03 2.500000000000000000e+06
2.202753441802252771e-03 2.500000000000000000e+06
2.302878598247809754e-03 2.500000000000000000e+06
2.403003754693366738e-03 2.500000000000000000e+06
2.503128911138923721e-03 2.500000000000000000e+06
2.603254067584480705e-03 2.500000000000000000e+06
2.703379224030037255e-03 2.500000000000000000e+06
2.803504380475594238e-03 2.500000000000000000e+06
2.903629536921151222e-03 2.500000000000000000e+06
3.003754693366708205e-03 2.500000000000000000e+06
3.103879849812265189e-03 2.500000000000000000e+06
3.204005006257822172e-03 2.500000000000000000e+06
3.304130162703379156e-03 2.500000000000000000e+06
3.404255319148936140e-03 2.500000000000000000e+06
3.504380475594493123e-03 2.500000000000000000e+06
3.604505632040050107e-03 2.500000000000000000e+06
3.704630788485607090e-03 2.500000000000000000e+06
3.804755944931163640e-03 2.500000000000000000e+06
3.904881101376720624e-03 2.500000000000000000e+06
4.005006257822277607e-03 2.500000000000000000e+06
4.105131414267835024e-03 2.500000000000000000e+06
4.205256570713391574e-03 2.500000000000000000e+06
4.305381727158948124e-03 2.500000000000000000e+06
4.405506883604505541e-03 2.500000000000000000e+06
4.505632040050062091e-03 2.500000000000000000e+06
4.605757196495619508e-03 2.500000000000000000e+06
4.705882352941176058e-03 2.500000000000000000e+06
4.806007509386733476e-03 2.500000000000000000e+06
4.906132665832290025e-03 2.500000000000000000e+06
5.006257822277847443e-03 2.500000000000000000e+06
5.106382978723403993e-03 2.500000000000000000e+06
5.206508135168961410e-03 2.500000000000000000e+06
5.306633291614517960e-03 2.500000000000000000e+06
5.406758448060074509e-03 2.500000000000000000e+06
5.506883604505631927e-03 2.500000000000000000e+06
5.607008760951188477e-03 2.500000000000000000e+06
5.707133917396745894e-03 2.500000000000000000e+06
5.807259073842302444e-03 2.500000000000000000e+06
5.907384230287859861e-03 2.500000000000000000e+06
6.007509386733416411e-03 2.500000000000000000e+06
6.107634543178973828e-03 2.500000000000000000e+06
6.207759699624530378e-03 2.500000000000000000e+06
6.307884856070087795e-03 2.500000000000000000e+06
6.408010012515644345e-03 2.500000000000000000e+06
6.508135168961200895e-03 2.500000000000000000e+06
6.608260325406758312e-03 2.500000000000000000e+06
6.708385481852314862e-03 2.500000000000000000e+06
6.808510638297872279e-03 2.500000000000000000e+06
6.908635794743428829e-03 2.500000000000000000e+06
7.008760951188986246e-03 2.500000000000000000e+06
7.108886107634542796e-03 2.500000000000000000e+06
7.209011264080100213e-03 2.500000000000000000e+06
7.309136420525656763e-03 2.500000000000000000e+06
7.409261576971214180e-03 2.500000000000000000e+06
7.509386733416770730e-03 2.500000000000000000e+06
7.609511889862327280e-03 2.500000000000000000e+06
7.709637046307884697e-03 2.500000000000000000e+06
7.809762202753441247e-03 2.500000000000000000e+06
7.909887359198997797e-03 2.500000000000000000e+06
8.010012515644555214e-03 2.500000000000000000e+06
8.110137672090112632e-03 2.500000000000000000e+06
8.210262828535670049e-03 2.500000000000000000e+06
8.310387984981225731e-03 2.500000000000000000e+06
8.410513141426783149e-03 2.500000000000000000e+06
8.510638297872340566e-03 2.500000000000000000e+06
8.610763454317896248e-03 2.500000000000000000e+06
8.710888610763453666e-03 2.500000000000000000e+06
8.811013767209011083e-03 2.500000000000000000e+06
8.911138923654568500e-03 2.500000000000000000e+06
9.011264080100124182e-03 2.500000000000000000e+06
9.111389236545681600e-03 2.500000000000000000e+06
9.211514392991239017e-03 2.500000000000000000e+06
9.311639549436796434e-03 2.500000000000000000e+06
9.411764705882352117e-03 2.500000000000000000e+06
9.511889862327909534e-03 2.500000000000000000e+06
9.612015018773466951e-03 2.500000000000000000e+06
9.712140175219022634e-03 2.500000000000000000e+06
9.812265331664580051e-03 2.500000000000000000e+06
9.912390488110137468e-03 2.500000000000000000e+06
1.001251564455569489e-02 2.500000000000000000e+06
1.011264080100125057e-02 2.500000000000000000e+06
1.021276595744680799e-02 2.500000000000000000e+06
1.031289111389236540e-02 2.500000000000000000e+06
1.041301627033792282e-02 2.500000000000000000e+06
1.051314142678347850e-02 2.500000000000000000e+06
1.061326658322903592e-02 2.500000000000000000e+06
1.071339173967459334e-02 2.500000000000000000e+06
1.081351689612014902e-02 2.500000000000000000e+06
1.091364205256570644e-02 2.500000000000000000e+06
1.101376720901126385e-02 2.500000000000000000e+06
1.111389236545682127e-02 2.500000000000000000e+06
1.121401752190237695e-02 2.500000000000000000e+06
1.131414267834793437e-02 2.500000000000000000e+06
1.141426783479349179e-02 2.500000000000000000e+06
1.151439299123904920e-02 2.500000000000000000e+06
1.161451814768460489e-02 2.500000000000000000e+06
1.171464330413016230e-02 2.500000000000000000e+06
1.181476846057571972e-02 2.500000000000000000e+06
1.191489361702127540e-02 2.500000000000000000e+06
1.201501877346683282e-02 2.500000000000000000e+06
1.211514392991239024e-02 2.500000000000000000e+06
1.221526908635794766e-02 2.500000000000000000e+06
1.231539424280350334e-02 2.500000000000000000e+06
1.241551939924906076e-02 2.500000000000000000e+06
1.251564455569461817e-02 2.500000000000000000e+06
1.261576971214017559e-02 2.500000000000000000e+06
1.271589486858573127e-02 2.500000000000000000e+06
1.281602002503128869e-02 2.500000000000000000e+06
1.291614518147684611e-02 2.500000000000000000e+06
1.301627033792240179e-02 2.500000000000000000e+06
1.311639549436795921e-02 2.500000000000000000e+06
1.321652065081351662e-02 2.500000000000000000e+06
1.331664580725907404e-02 2.500000000000000000e+06
1.341677096370462972e-02 2.500000000000000000e+06
1.351689612015018714e-02 2.500000000000000000e+06
1.361702127659574456e-02 2.500000000000000000e+06
1.371714643304130198e-02 2.500000000000000000e+06
1.381727158948685766e-02 2.500000000000000000e+06
1.391739674593241508e-02 2.500000000000000000e+06
1.401752190237797249e-02 2.500000000000000000e+06
1.411764705882352818e-02 2.500000000000000000e+06
1.421777221526908559e-02 2.500000000000000000e+06
1.431789737171464301e-02 2.500000000000000000e+06
1.441802252816020043e-02 2.500000000000000000e+06
1.451814768460575611e-02 2.500000000000000000e+06
1.461827284105131353e-02 2.500000000000000000e+06
1.471839799749687094e-02 2.500000000000000000e+06
1.481852315394242836e-02 2.500000000000000000e+06
1.491864831038798404e-02 2.500000000000000000e+06
1.501877346683354146e-02 2.500000000000000000e+06
1.511889862327909888e-02 2.500000000000000000e+06
1.521902377972465456e-02 2.500000000000000000e+06
1.531914893617021198e-02 2.500000000000000000e+06
1.541927409261576939e-02 2.500000000000000000e+06
1.551939924906132681e-02 2.500000000000000000e+06
1.561952440550688249e-02 2.500000000000000000e+06
1.571964956195244165e-02 2.500000000000000000e+06
1.581977471839799559e-02 2.500000000000000000e+06
1.591989987484355301e-02 2.500000000000000000e+06
1.602002503128911043e-02 2.500000000000000000e+06
1.612015018773466785e-02 2.500000000000000000e+06
1.622027534418022526e-02 2.500000000000000000e+06
1.632040050062578268e-02 2.500000000000000000e+06
1.642052565707134010e-02 2.500000000000000000e+06
1.652065081351689405e-02 2.500000000000000000e+06
1.662077596996245146e-02 2.500000000000000000e+06
1.672090112640800888e-02 2.500000000000000000e+06
1.682102628285356630e-02 2.500000000000000000e+06
1.692115143929912371e-02 2.500000000000000000e+06
1.702127659574468113e-02 2.500000000000000000e+06
1.712140175219023855e-02 2.500000000000000000e+06
1.722152690863579250e-02 2.500000000000000000e+06
1.732165206508134991e-02 2.500000000000000000e+06
1.742177722152690733e-02 2.500000000000000000e+06
1.752190237797246475e-02 2.500000000000000000e+06
1.762202753441802217e-02 2.500000000000000000e+06
1.772215269086357958e-02 2.500000000000000000e+06
1.782227784730913700e-02 2.500000000000000000e+06
1.792240300375469442e-02 2.500000000000000000e+06
1.802252816020024836e-02 2.500000000000000000e+06
1.812265331664580578e-02 2.500000000000000000e+06
1.822277847309136320e-02 2.500000000000000000e+06
1.832290362953692062e-02 2.500000000000000000e+06
1.842302878598247803e-02 2.500000000000000000e+06
1.852315394242803545e-02 2.500000000000000000e+06
1.862327909887359287e-02 2.500000000000000000e+06
1.872340425531914682e-02 2.500000000000000000e+06
1.882352941176470423e-02 2.500000000000000000e+06
1.892365456821026165e-02 2.500000000000000000e+06
1.902377972465581907e-02 2.500000000000000000e+06
1.912390488110137649e-02 2.500000000000000000e+06
1.922403003754693390e-02 2.500000000000000000e+06
1.932415519399249132e-02 2.500000000000000000e+06
1.942428035043804527e-02 2.500000000000000000e+06
1.952440550688360268e-02 2.500000000000000000e+06
1.962453066332916010e-02 2.500000000000000000e+06
1.972465581977471752e-02 2.500000000000000000e+06
1.982478097622027494e-02 2.500000000000000000e+06
1.992490613266583235e-02 2.500000000000000000e+06
2.002503128911138977e-02 2.498998748435544316e+06
2.012515644555694719e-02 2.494993742177722044e+06
2.022528160200250114e-02 2.490988735919899773e+06
2.032540675844805855e-02 2.486983729662077501e+06
2.042553191489361597e-02 2.482978723404255230e+06
2.052565707133917339e-02 2.478973717146432959e+06
2.062578222778473080e-02 2.474968710888610687e+06
2.072590738423028822e-02 2.470963704630788416e+06
2.082603254067584564e-02 2.466958698372966144e+06
2.092615769712139959e-02 2.462953692115143873e+06
2.102628285356695700e-02 2.458948685857321601e+06
2.112640801001251442e-02 2.454943679599499330e+06
2.122653316645807184e-02 2.450938673341677058e+06
2.132665832290362926e-02 2.446933667083854787e+06
2.142678347934918667e-02 2.442928660826032516e+06
2.152690863579474409e-02 2.438923654568210244e+06
2.162703379224029804e-02 2.434918648310387973e+06
2.172715894868585546e-02 2.430913642052565701e+06
2.182728410513141287e-02 2.426908635794743430e+06
2.192740926157697029e-02 2.422903629536921158e+06
2.202753441802252771e-02 2.418898623279098887e+06
2.212765957446808512e-02 2.414893617021276616e+06
2.222778473091364254e-02 2.410888610763454344e+06
2.232790988735919996e-02 2.406883604505632073e+06
2.242803504380475391e-02 2.402878598247809801e+06
2.252816020025031132e-02 2.398873591989987530e+06
2.262828535669586874e-02 2.394868585732165258e+06
2.272841051314142616e-02 2.390863579474342987e+06
2.282853566958698358e-02 2.386858573216520716e+06
2.292866082603254099e-02 2.382853566958698444e+06
2.302878598247809841e-02 2.378848560700876173e+06
2.312891113892365236e-02 2.374843554443053901e+06
2.322903629536920977e-02 2.370838548185231630e+06
2.332916145181476719e-02 2.366833541927409358e+06
2.342928660826032461e-02 2.362828535669587087e+06
2.352941176470588203e-02 2.358823529411764815e+06
2.362953692115143944e-02 2.354818523153942544e+06
2.372966207759699686e-02 2.350813516896120273e+06
2.382978723404255081e-02 2.346808510638298001e+06
2.392991239048810823e-02 2.342803504380475730e+06
2.403003754693366564e-02 2.338798498122653458e+06
2.413016270337922306e-02 2.334793491864831187e+06
2.423028785982478048e-02 2.330788485607008915e+06
2.433041301627033789e-02 2.326783479349186644e+06
2.443053817271589531e-02 2.322778473091364373e+06
2.453066332916145273e-02 2.318773466833542101e+06
2.463078848560700668e-02 2.314768460575719830e+06
2.473091364205256409e-02 2.310763454317897558e+06
2.483103879849812151e-02 2.306758448060075287e+06
2.493116395494367893e-02 2.302753441802253015e+06
2.503128911138923635e-02 2.298748435544430744e+06
2.513141426783479376e-02 2.294743429286608472e+06
2.523153942428035118e-02 2.290738423028785735e+06
2.533166458072590513e-02 2.286733416770963930e+06
2.543178973717146255e-02 2.282728410513141658e+06
2.553191489361701996e-02 2.278723404255319387e+06
2.563204005006257738e-02 2.274718397997497115e+06
2.573216520650813480e-02 2.270713391739674844e+06
2.583229036295369221e-02 2.266708385481852107e+06
2.593241551939924963e-02 2.262703379224029835e+06
2.603254067584480358e-02 2.258698372966208030e+06
2.613266583229036100e-02 2.254693366708385758e+06
2.623279098873591841e-02 2.250688360450563487e+06
2.633291614518147583e-02 2.246683354192741215e+06
2.643304130162703325e-02 2.242678347934918478e+06
2.653316645807259067e-02 2.238673341677096207e+06
2.663329161451814808e-02 2.234668335419273935e+06
2.673341677096370203e-02 2.230663329161452129e+06
2.683354192740925945e-02 2.226658322903629392e+06
2.693366708385481686e-02 2.222653316645807587e+06
2.703379224030037428e-02 2.218648310387984850e+06
2.713391739674593170e-02 2.214643304130162578e+06
2.723404255319148912e-02 2.210638297872340307e+06
2.733416770963704653e-02 2.206633291614518035e+06
2.743429286608260395e-02 2.202628285356695764e+06
2.753441802252815790e-02 2.198623279098873958e+06
2.763454317897371532e-02 2.194618272841051221e+06
2.773466833541927273e-02 2.190613266583228949e+06
2.783479349186483015e-02 2.186608260325406678e+06
2.793491864831038757e-02 2.182603254067584407e+06
2.803504380475594499e-02 2.178598247809762135e+06
2.813516896120150240e-02 2.174593241551939864e+06
2.823529411764705635e-02 2.170588235294117592e+06
2.833541927409261377e-02 2.166583229036295321e+06
2.843554443053817118e-02 2.162578222778473049e+06
2.853566958698372860e-02 2.158573216520650778e+06
2.863579474342928602e-02 2.154568210262828507e+06
2.873591989987484344e-02 2.150563204005006235e+06
2.883604505632040085e-02 2.146558197747183964e+06
2.893617021276595480e-02 2.142553191489361692e+06
2.903629536921151222e-02 2.138548185231539421e+06
2.913642052565706964e-02 2.134543178973717149e+06
2.923654568210262705e-02 2.130538172715894878e+06
2.933667083854818447e-02 2.126533166458072606e+06
2.943679599499374189e-02 2.122528160200250335e+06
2.953692115143929930e-02 2.118523153942428064e+06
2.963704630788485672e-02 2.114518147684605792e+06
2.973717146433041067e-02 2.110513141426783521e+06
2.983729662077596809e-02 2.106508135168961249e+06
2.993742177722152550e-02 2.102503128911138978e+06
3.003754693366708292e-02 2.098498122653316706e+06
3.013767209011264034e-02 2.094493116395494435e+06
3.023779724655819776e-02 2.090488110137672164e+06
3.033792240300375517e-02 2.086483103879849892e+06
3.043804755944930912e-02 2.082478097622027621e+06
3.053817271589486654e-02 2.078473091364205349e+06
3.063829787234042396e-02 2.074468085106383078e+06
3.073842302878598137e-02 2.070463078848560806e+06
3.083854818523153879e-02 2.066458072590738535e+06
3.093867334167709621e-02 2.062453066332916263e+06
3.103879849812265362e-02 2.058448060075093992e+06
3.113892365456820757e-02 2.054443053817271721e+06
3.123904881101376499e-02 2.050438047559449449e+06
3.133917396745932588e-02 2.046433041301626945e+06
3.143929912390488329e-02 2.042428035043804673e+06
3.153942428035043377e-02 2.038423028785982635e+06
3.163954943679599119e-02 2.034418022528160363e+06
3.173967459324154861e-02 2.030413016270338092e+06
3.183979974968710602e-02 2.026408010012515821e+06
3.193992490613266344e-02 2.022403003754693549e+06
3.204005006257822086e-02 2.018397997496871278e+06
3.214017521902377827e-02 2.014392991239049006e+06
3.224030037546933569e-02 2.010387984981226502e+06
3.234042553191489311e-02 2.006382978723404231e+06
3.244055068836045053e-02 2.002377972465581959e+06
3.254067584480600794e-02 1.998372966207759688e+06
3.264080100125156536e-02 1.994367959949937416e+06
3.274092615769712278e-02 1.990362953692115145e+06
3.284105131414268020e-02 1.986357947434292873e+06
3.294117647058823761e-02 1.982352941176470369e+06
3.304130162703378809e-02 1.978347934918648563e+06
3.314142678347934551e-02 1.974342928660826292e+06
3.324155193992490293e-02 1.970337922403004020e+06
3.334167709637046034e-02 1.966332916145181749e+06
3.344180225281601776e-02 1.962327909887359478e+06
3.354192740926157518e-02 1.958322903629536973e+06
3.364205256570713259e-02 1.954317897371714702e+06
3.374217772215269001e-02 1.950312891113892430e+06
3.384230287859824743e-02 1.946307884856070159e+06
3.394242803504380485e-02 1.942302878598247655e+06
3.404255319148936226e-02 1.938297872340425383e+06
3.414267834793491968e-02 1.934292866082603112e+06
3.424280350438047710e-02 1.930287859824780840e+06
3.434292866082603451e-02 1.926282853566958569e+06
3.444305381727158499e-02 1.922277847309136763e+06
3.454317897371714241e-02 1.918272841051314492e+06
3.464330413016269983e-02 1.914267834793491988e+06
3.474342928660825724e-02 1.910262828535669716e+06
3.484355444305381466e-02 1.906257822277847445e+06
3.494367959949937208e-02 1.902252816020025173e+06
3.504380475594492950e-02 1.898247809762202669e+06
3.514392991239048691e-02 1.894242803504380397e+06
3.524405506883604433e-02 1.890237797246558126e+06
3.534418022528160175e-02 1.886232790988735855e+06
3.544430538172715917e-02 1.882227784730913583e+06
3.554443053817271658e-02 1.878222778473091312e+06
3.564455569461827400e-02 1.874217772215269040e+06
3.574468085106383142e-02 1.870212765957446769e+06
3.584480600750938883e-02 1.866207759699624497e+06
3.594493116395493931e-02 1.862202753441802459e+06
3.604505632040049673e-02 1.858197747183980187e+06
3.614518147684605415e-02 1.854192740926157683e+06
3.624530663329161156e-02 1.850187734668335412e+06
3.634543178973716898e-02 1.846182728410513140e+06
3.644555694618272640e-02 1.842177722152690869e+06
3.654568210262828382e-02 1.838172715894868597e+06
3.664580725907384123e-02 1.834167709637046326e+06
3.674593241551939865e-02 1.830162703379224055e+06
3.684605757196495607e-02 1.826157697121401783e+06
3.694618272841051348e-02 1.822152690863579512e+06
3.704630788485607090e-02 1.818147684605757240e+06
3.714643304130162832e-02 1.814142678347934969e+06
3.724655819774718574e-02 1.810137672090112697e+06
3.734668335419274315e-02 1.806132665832290426e+06
3.744680851063829363e-02 1.802127659574468154e+06
3.754693366708385105e-02 1.798122653316645883e+06
3.764705882352940847e-02 1.794117647058823612e+06
3.774718397997496588e-02 1.790112640801001340e+06
3.784730913642052330e-02 1.786107634543179069e+06
3.794743429286608072e-02 1.782102628285356797e+06
3.804755944931163814e-02 1.778097622027534526e+06
3.814768460575719555e-02 1.774092615769712254e+06
3.824780976220275297e-02 1.770087609511889983e+06
3.834793491864831039e-02 1.766082603254067712e+06
3.844806007509386780e-02 1.762077596996245440e+06
3.854818523153942522e-02 1.758072590738423169e+06
3.864831038798498264e-02 1.754067584480600664e+06
3.874843554443054006e-02 1.750062578222778393e+06
3.884856070087609053e-02 1.746057571964956354e+06
3.894868585732164795e-02 1.742052565707134083e+06
3.904881101376720537e-02 1.738047559449311811e+06
3.914893617021276279e-02 1.734042553191489540e+06
3.924906132665832020e-02 1.730037546933667269e+06
3.934918648310387762e-02 1.726032540675844997e+06
3.944931163954943504e-02 1.722027534418022726e+06
3.954943679599499246e-02 1.718022528160200454e+06
3.964956195244054987e-02 1.714017521902378183e+06
3.974968710888610729e-02 1.710012515644555679e+06
3.984981226533166471e-02 1.706007509386733407e+06
3.994993742177722212e-02 1.702002503128911136e+06
4.005006257822277954e-02 1.697997496871088864e+06
4.015018773466833696e-02 1.693992490613266593e+06
4.025031289111389438e-02 1.689987484355444089e+06
4.035043804755944485e-02 1.685982478097622283e+06
4.045056320400500227e-02 1.681977471839800011e+06
4.055068836045055969e-02 1.677972465581977740e+06
4.065081351689611711e-02 1.673967459324155468e+06
4.075093867334167452e-02 1.669962453066333197e+06
4.085106382978723194e-02 1.665957446808510693e+06
4.095118898623278936e-02 1.661952440550688421e+06
4.105131414267834677e-02 1.657947434292866150e+06
4.115143929912390419e-02 1.653942428035043878e+06
4.125156445556946161e-02 1.649937421777221607e+06
4.135168961201501903e-02 1.645932415519399103e+06
4.145181476846057644e-02 1.641927409261576831e+06
4.155193992490613386e-02 1.637922403003754560e+06
4.165206508135169128e-02 1.633917396745932288e+06
4.175219023779724176e-02 1.629912390488110483e+06
4.185231539424279917e-02 1.625907384230288211e+06
4.195244055068835659e-02 1.621902377972465707e+06
4.205256570713391401e-02 1.617897371714643436e+06
4.215269086357947143e-02 1.613892365456821164e+06
4.225281602002502884e-02 1.609887359198998893e+06
4.235294117647058626e-02 1.605882352941176621e+06
4.245306633291614368e-02 1.601877346683354117e+06
4.255319148936170109e-02 1.597872340425531846e+06
4.265331664580725851e-02 1.593867334167709574e+06
4.275344180225281593e-02 1.589862327909887303e+06
4.285356695869837335e-02 1.585857321652065031e+06
4.295369211514393076e-02 1.581852315394242760e+06
4.305381727158948818e-02 1.577847309136420488e+06
4.315394242803504560e-02 1.573842302878598217e+06
4.325406758448059608e-02 1.569837296620776178e+06
4.335419274092615349e-02 1.565832290362953907e+06
4.345431789737171091e-02 1.561827284105131635e+06
4.355444305381726833e-02 1.557822277847309131e+06
4.365456821026282574e-02 1.553817271589486860e+06
4.375469336670838316e-02 1.549812265331664588e+06
4.385481852315394058e-02 1.545807259073842317e+06
4.395494367959949800e-02 1.541802252816020045e+06
4.405506883604505541e-02 1.537797246558197774e+06
4.415519399249061283e-02 1.533792240300375503e+06
4.425531914893617025e-02 1.529787234042553231e+06
4.435544430538172767e-02 1.525782227784730960e+06
4.445556946182728508e-02 1.521777221526908688e+06
4.455569461827284250e-02 1.517772215269086417e+06
4.465581977471839992e-02 1.513767209011264145e+06
4.475594493116395040e-02 1.509762202753441874e+06
4.485607008760950781e-02 1.505757196495619603e+06
4.495619524405506523e-02 1.501752190237797331e+06
4.505632040050062265e-02 1.497747183979975060e+06
4.515644555694618006e-02 1.493742177722152788e+06
4.525657071339173748e-02 1.489737171464330517e+06
4.535669586983729490e-02 1.485732165206508245e+06
4.545682102628285232e-02 1.481727158948685974e+06
4.555694618272840973e-02 1.477722152690863702e+06
4.565707133917396715e-02 1.473717146433041431e+06
4.575719649561952457e-02 1.469712140175219160e+06
4.585732165206508198e-02 1.465707133917396888e+06
4.595744680851063940e-02 1.461702127659574384e+06
4.605757196495619682e-02 1.457697121401752112e+06
4.615769712140174730e-02 1.453692115143930074e+06
4.625782227784730471e-02 1.449687108886107802e+06
4.635794743429286213e-02 1.445682102628285531e+06
4.645807259073841955e-02 1.441677096370463260e+06
4.655819774718397697e-02 1.437672090112640988e+06
4.665832290362953438e-02 1.433667083854818717e+06
4.675844806007509180e-02 1.429662077596996445e+06
4.685857321652064922e-02 1.425657071339173941e+06
4.695869837296620664e-02 1.421652065081351670e+06
4.705882352941176405e-02 1.417647058823529398e+06
4.715894868585732147e-02 1.413642052565707127e+06
4.725907384230287889e-02 1.409637046307884855e+06
4.735919899874843630e-02 1.405632040050062584e+06
4.745932415519399372e-02 1.401627033792240312e+06
4.755944931163955114e-02 1.397622027534418041e+06
4.765957446808510162e-02 1.393617021276596002e+06
4.775969962453065903e-02 1.389612015018773731e+06
4.785982478097621645e-02 1.385607008760951459e+06
4.795994993742177387e-02 1.381602002503128955e+06
4.806007509386733129e-02 1.377596996245306684e+06
4.816020025031288870e-02 1.373591989987484412e+06
4.826032540675844612e-02 1.369586983729662141e+06
4.836045056320400354e-02 1.365581977471839869e+06
4.846057571964956096e-02 1.361576971214017598e+06
4.856070087609511837e-02 1.357571964956195327e+06
4.866082603254067579e-02 1.353566958698373055e+06
4.876095118898623321e-02 1.349561952440550784e+06
4.886107634543179062e-02 1.345556946182728279e+06
4.896120150187734804e-02 1.341551939924906008e+06
4.906132665832290546e-02 1.337546933667083737e+06
4.916145181476845594e-02 1.333541927409261698e+06
4.926157697121401335e-02 1.329536921151439426e+06
4.936170212765957077e-02 1.325531914893617155e+06
4.946182728410512819e-02 1.321526908635794884e+06
4.956195244055068561e-02 1.317521902377972612e+06
4.966207759699624302e-02 1.313516896120150341e+06
4.976220275344180044e-02 1.309511889862328069e+06
4.986232790988735786e-02 1.305506883604505798e+06
4.996245306633291527e-02 1.301501877346683294e+06
5.006257822277847269e-02 1.297496871088861022e+06
5.016270337922403011e-02 1.293491864831038751e+06
5.026282853566958753e-02 1.289486858573216479e+06
5.036295369211514494e-02 1.285481852315394208e+06
5.046307884856070236e-02 1.281476846057571936e+06
5.056320400500625284e-02 1.277471839799749898e+06
5.066332916145181026e-02 1.273466833541927626e+06
5.076345431789736767e-02 1.269461827284105355e+06
5.086357947434292509e-02 1.265456821026283083e+06
5.096370463078848251e-02 1.261451814768460812e+06
5.106382978723403993e-02 1.257446808510638308e+06
5.116395494367959734e-02 1.253441802252816036e+06
5.126408010012515476e-02 1.249436795994993765e+06
5.136420525657071218e-02 1.245431789737171493e+06
5.146433041301626959e-02 1.241426783479348989e+06
5.156445556946182701e-02 1.237421777221526718e+06
5.166458072590738443e-02 1.233416770963704446e+06
5.176470588235294185e-02 1.229411764705882175e+06
5.186483103879849926e-02 1.225406758448059903e+06
5.196495619524405668e-02 1.221401752190237632e+06
5.206508135168960716e-02 1.217396745932415826e+06
5.216520650813516458e-02 1.213391739674593555e+06
5.226533166458072199e-02 1.209386733416771283e+06
5.236545682102627941e-02 1.205381727158949012e+06
5.246558197747183683e-02 1.201376720901126741e+06
5.256570713391739424e-02 1.197371714643304469e+06
5.266583229036295166e-02 1.193366708385482198e+06
5.276595744680850908e-02 1.189361702127659693e+06
5.286608260325406650e-02 1.185356695869837422e+06
5.296620775969962391e-02 1.181351689612015150e+06
5.306633291614518133e-02 1.177346683354192879e+06
5.316645807259073875e-02 1.173341677096370608e+06
5.326658322903629617e-02 1.169336670838548336e+06
5.336670838548185358e-02 1.165331664580726065e+06
5.346683354192740406e-02 1.161326658322903793e+06
5.356695869837296148e-02 1.157321652065081522e+06
5.366708385481851890e-02 1.153316645807259018e+06
5.376720901126407631e-02 1.149311639549436746e+06
5.386733416770963373e-02 1.145306633291614475e+06
5.396745932415519115e-02 1.141301627033792203e+06
5.406758448060074856e-02 1.137296620775969932e+06
5.416770963704630598e-02 1.133291614518147660e+06
5.426783479349186340e-02 1.129286608260325389e+06
5.436795994993742082e-02 1.125281602002503118e+06
5.446808510638297823e-02 1.121276595744680846e+06
5.456821026282853565e-02 1.117271589486858342e+06
5.466833541927409307e-02 1.113266583229036070e+06
5.476846057571965048e-02 1.109261576971213799e+06
5.486858573216520790e-02 1.105256570713391528e+06
5.496871088861075838e-02 1.101251564455569722e+06
5.506883604505631580e-02 1.097246558197747450e+06
5.516896120150187321e-02 1.093241551939925179e+06
5.526908635794743063e-02 1.089236545682102907e+06
5.536921151439298805e-02 1.085231539424280636e+06
5.546933667083854547e-02 1.081226533166458365e+06
5.556946182728410288e-02 1.077221526908636093e+06
5.566958698372966030e-02 1.073216520650813822e+06
5.576971214017521772e-02 1.069211514392991550e+06
5.586983729662077514e-02 1.065206508135169046e+06
5.596996245306633255e-02 1.061201501877346775e+06
5.607008760951188997e-02 1.057196495619524503e+06
5.617021276595744739e-02 1.053191489361702232e+06
5.627033792240300480e-02 1.049186483103879960e+06
5.637046307884856222e-02 1.045181476846057689e+06
5.647058823529411270e-02 1.041176470588235417e+06
5.657071339173967012e-02 1.037171464330413146e+06
5.667083854818522753e-02 1.033166458072590875e+06
5.677096370463078495e-02 1.029161451814768370e+06
5.687108886107634237e-02 1.025156445556946099e+06
5.697121401752189979e-02 1.021151439299123827e+06
5.707133917396745720e-02 1.017146433041301556e+06
5.717146433041301462e-02 1.013141426783479284e+06
5.727158948685857204e-02 1.009136420525657013e+06
5.737171464330412946e-02 1.005131414267834742e+06
5.747183979974968687e-02 1.001126408010012470e+06
5.757196495619524429e-02 9.971214017521901987e+05
5.767209011264080171e-02 9.931163954943676945e+05
5.777221526908635912e-02 9.891113892365454230e+05
5.787234042553190960e-02 9.851063829787238501e+05
5.797246558197746702e-02 9.811013767209015787e+05
5.807259073842302444e-02 9.770963704630790744e+05
5.817271589486858185e-02 9.730913642052568030e+05
5.827284105131413927e-02 9.690863579474345315e+05
5.837296620775969669e-02 9.650813516896122601e+05
5.847309136420525411e-02 9.610763454317899887e+05
5.857321652065081152e-02 9.570713391739677172e+05
5.867334167709636894e-02 9.530663329161454458e+05
5.877346683354192636e-02 9.490613266583231743e+05
5.887359198998748377e-02 9.450563204005009029e+05
5.897371714643304119e-02 9.410513141426783986e+05
5.907384230287859861e-02 9.370463078848561272e+05
5.917396745932415603e-02 9.330413016270338558e+05
5.927409261576971344e-02 9.290362953692115843e+05
5.937421777221526392e-02 9.250312891113893129e+05
5.947434292866082134e-02 9.210262828535670415e+05
5.957446808510637876e-02 9.170212765957447700e+05
5.967459324155193617e-02 9.130162703379224986e+05
5.977471839799749359e-02 9.090112640801002271e+05
5.987484355444305101e-02 9.050062578222777229e+05
5.997496871088860843e-02 9.010012515644554514e+05
6.007509386733416584e-02 8.969962453066331800e+05
6.017521902377972326e-02 8.929912390488109086e+05
6.027534418022528068e-02 8.889862327909886371e+05
6.037546933667083809e-02 8.849812265331663657e+05
6.047559449311639551e-02 8.809762202753440943e+05
6.057571964956195293e-02 8.769712140175218228e+05
6.067584480600751035e-02 8.729662077596995514e+05
6.077596996245306776e-02 8.689612015018772800e+05
6.087609511889861824e-02 8.649561952440554742e+05
6.097622027534417566e-02 8.609511889862332027e+05
6.107634543178973308e-02 8.569461827284109313e+05
6.117647058823529049e-02 8.529411764705884270e+05
6.127659574468084791e-02 8.489361702127661556e+05
6.137672090112640533e-02 8.449311639549438842e+05
6.147684605757196274e-02 8.409261576971216127e+05
6.157697121401752016e-02 8.369211514392993413e+05
6.167709637046307758e-02 8.329161451814770699e+05
6.177722152690863500e-02 8.289111389236547984e+05
6.187734668335419241e-02 8.249061326658325270e+05
6.197747183979974983e-02 8.209011264080102555e+05
6.207759699624530725e-02 8.168961201501877513e+05
6.217772215269086467e-02 8.128911138923654798e+05
6.227784730913641514e-02 8.088861076345432084e+05
6.237797246558197256e-02 8.048811013767209370e+05
6.247809762202752998e-02 8.008760951188986655e+05
6.257822277847309433e-02 7.968710888610763941e+05
6.267834793491865175e-02 7.928660826032541227e+05
6.277847309136420917e-02 7.888610763454318512e+05
6.287859824780976659e-02 7.848560700876095798e+05
6.297872340425532400e-02 7.808510638297873084e+05
6.307884856070086754e-02 7.768460575719655026e+05
6.317897371714642496e-02 7.728410513141432311e+05
6.327909887359198238e-02 7.688360450563209597e+05
6.337922403003753979e-02 7.648310387984984554e+05
6.347934918648309721e-02 7.608260325406761840e+05
6.357947434292865463e-02 7.568210262828539126e+05
6.367959949937421205e-02 7.528160200250316411e+05
6.377972465581976946e-02 7.488110137672093697e+05
6.387984981226532688e-02 7.448060075093870983e+05
6.397997496871088430e-02 7.408010012515648268e+05
6.408010012515644171e-02 7.367959949937425554e+05
6.418022528160199913e-02 7.327909887359202839e+05
6.428035043804755655e-02 7.287859824780977797e+05
6.438047559449311397e-02 7.247809762202755082e+05
6.448060075093867138e-02 7.207759699624532368e+05
6.458072590738422880e-02 7.167709637046309654e+05
6.468085106382978622e-02 7.127659574468086939e+05
6.478097622027534364e-02 7.087609511889864225e+05
6.488110137672090105e-02 7.047559449311641511e+05
6.498122653316645847e-02 7.007509386733418796e+05
6.508135168961201589e-02 6.967459324155196082e+05
6.518147684605757330e-02 6.927409261576973367e+05
6.528160200250313072e-02 6.887359198998748325e+05
6.538172715894868814e-02 6.847309136420525610e+05
6.548185231539424556e-02 6.807259073842302896e+05
6.558197747183980297e-02 6.767209011264080182e+05
6.568210262828536039e-02 6.727158948685857467e+05
6.578222778473091781e-02 6.687108886107634753e+05
6.588235294117647523e-02 6.647058823529412039e+05
6.598247809762201876e-02 6.607008760951193981e+05
6.608260325406757618e-02 6.566958698372971267e+05
6.618272841051313360e-02 6.526908635794748552e+05
6.628285356695869102e-02 6.486858573216525838e+05
6.638297872340424843e-02 6.446808510638303123e+05
6.648310387984980585e-02 6.406758448060078081e+05
6.658322903629536327e-02 6.366708385481855366e+05
6.668335419274092069e-02 6.326658322903632652e+05
6.678347934918647810e-02 6.286608260325409938e+05
6.688360450563203552e-02 6.246558197747187223e+05
6.698372966207759294e-02 6.206508135168964509e+05
6.708385481852315035e-02 6.166458072590741795e+05
6.718397997496870777e-02 6.126408010012519080e+05
6.728410513141426519e-02 6.086357947434296366e+05
6.738423028785982261e-02 6.046307884856073651e+05
6.748435544430538002e-02 6.006257822277848609e+05
6.758448060075093744e-02 5.966207759699625894e+05
6.768460575719649486e-02 5.926157697121403180e+05
6.778473091364205227e-02 5.886107634543180466e+05
6.788485607008760969e-02 5.846057571964957751e+05
6.798498122653316711e-02 5.806007509386735037e+05
6.808510638297872453e-02 5.765957446808512323e+05
6.818523153942428194e-02 5.725907384230289608e+05
6.828535669586983936e-02 5.685857321652066894e+05
6.838548185231539678e-02 5.645807259073841851e+05
6.848560700876095420e-02 5.605757196495619137e+05
6.858573216520651161e-02 5.565707133917396422e+05
6.868585732165206903e-02 5.525657071339173708e+05
6.878598247809762645e-02 5.485607008760950994e+05
6.888610763454316999e-02 5.445556946182732936e+05
6.898623279098872740e-02 5.405506883604510222e+05
6.908635794743428482e-02 5.365456821026287507e+05
6.918648310387984224e-02 5.325406758448064793e+05
6.928660826032539966e-02 5.285356695869842079e+05
6.938673341677095707e-02 5.245306633291619364e+05
6.948685857321651449e-02 5.205256570713396650e+05
6.958698372966207191e-02 5.165206508135173935e+05
6.968710888610762932e-02 5.125156445556948893e+05
6.978723404255318674e-02 5.085106382978726178e+05
6.988735919899874416e-02 5.045056320400503464e+05
6.998748435544430158e-02 5.005006257822280750e+05
7.008760951188985899e-02 4.964956195244058035e+05
7.018773466833541641e-02 4.924906132665835321e+05
7.028785982478097383e-02 4.884856070087612607e+05
7.038798498122653124e-02 4.844806007509389892e+05
7.048811013767208866e-02 4.804755944931167178e+05
7.058823529411764608e-02 4.764705882352942135e+05
7.068836045056320350e-02 4.724655819774719421e+05
7.078848560700876091e-02 4.684605757196496706e+05
7.088861076345431833e-02 4.644555694618273992e+05
7.098873591989987575e-02 4.604505632040051278e+05
7.108886107634543317e-02 4.564455569461828563e+05
7.118898623279099058e-02 4.524405506883605849e+05
7.128911138923654800e-02 4.484355444305383135e+05
7.138923654568210542e-02 4.444305381727160420e+05
7.148936170212766283e-02 4.404255319148935378e+05
7.158948685857322025e-02 4.364205256570712663e+05
7.168961201501877767e-02 4.324155193992489949e+05
7.178973717146432121e-02 4.284105131414274219e+05
7.188986232790987863e-02 4.244055068836049177e+05
7.198998748435543604e-02 4.204005006257826462e+05
7.209011264080099346e-02 4.163954943679603748e+05
7.219023779724655088e-02 4.123904881101381034e+05
7.229036295369210829e-02 4.083854818523158319e+05
7.239048811013766571e-02 4.043804755944935605e+05
7.249061326658322313e-02 4.003754693366712891e+05
7.259073842302878055e-02 3.963704630788490176e+05
7.269086357947433796e-02 3.923654568210267462e+05
7.279098873591989538e-02 3.883604505632044747e+05
7.289111389236545280e-02 3.843554443053822033e+05
7.299123904881101021e-02 3.803504380475599319e+05
7.309136420525656763e-02 3.763454317897376604e+05
7.319148936170212505e-02 3.723404255319149233e+05
7.329161451814768247e-02 3.683354192740926519e+05
7.339173967459323988e-02 3.643304130162703805e+05
7.349186483103879730e-02 3.603254067584481090e+05
7.359198998748435472e-02 3.563204005006258376e+05
7.369211514392991214e-02 3.523153942428035662e+05
7.379224030037546955e-02 3.483103879849812947e+05
7.389236545682102697e-02 3.443053817271590233e+05
7.399249061326658439e-02 3.403003754693367518e+05
7.409261576971214180e-02 3.362953692115144804e+05
7.419274092615769922e-02 3.322903629536922090e+05
7.429286608260325664e-02 3.282853566958699375e+05
7.439299123904881406e-02 3.242803504380476661e+05
7.449311639549437147e-02 3.202753441802253947e+05
7.459324155193992889e-02 3.162703379224031232e+05
7.469336670838548631e-02 3.122653316645808518e+05
7.479349186483102985e-02 3.082603254067590460e+05
7.489361702127658726e-02 3.042553191489367746e+05
7.499374217772214468e-02 3.002503128911145031e+05
7.509386733416770210e-02 2.962453066332922317e+05
7.519399249061325952e-02 2.922403003754699603e+05
7.529411764705881693e-02 2.882352941176476888e+05
7.539424280350437435e-02 2.842302878598249517e+05
7.549436795994993177e-02 2.802252816020026803e+05
7.559449311639548919e-02 2.762202753441804089e+05
7.569461827284104660e-02 2.722152690863581374e+05
7.579474342928660402e-02 2.682102628285358660e+05
7.589486858573216144e-02 2.642052565707135946e+05
7.599499374217771885e-02 2.602002503128913231e+05
7.609511889862327627e-02 2.561952440550690517e+05
7.619524405506883369e-02 2.521902377972467802e+05
7.629536921151439111e-02 2.481852315394245088e+05
7.639549436795994852e-02 2.441802252816022374e+05
7.649561952440550594e-02 2.401752190237799659e+05
7.659574468085106336e-02 2.361702127659576945e+05
7.669586983729662077e-02 2.321652065081354231e+05
7.679599499374217819e-02 2.281602002503131516e+05
7.689612015018773561e-02 2.241551939924908802e+05
7.699624530663329303e-02 2.201501877346686088e+05
7.709637046307885044e-02 2.161451814768463373e+05
7.719649561952440786e-02 2.121401752190240659e+05
7.729662077596996528e-02 2.081351689612013288e+05
7.739674593241552270e-02 2.041301627033790573e+05
7.749687108886108011e-02 2.001251564455567859e+05
7.759699624530663753e-02 1.961201501877345145e+05
7.769712140175218107e-02 1.921151439299127087e+05
7.779724655819773849e-02 1.881101376720904373e+05
7.789737171464329590e-02 1.841051314142681658e+05
7.799749687108885332e-02 1.801001251564458944e+05
7.809762202753441074e-02 1.760951188986236230e+05
7.819774718397996816e-02 1.720901126408013515e+05
7.829787234042552557e-02 1.680851063829790801e+05
7.839799749687108299e-02 1.640801001251568086e+05
7.849812265331664041e-02 1.600750938673345372e+05
7.859824780976219782e-02 1.560700876095122658e+05
7.869837296620775524e-02 1.520650813516899943e+05
7.879849812265331266e-02 1.480600750938677229e+05
7.889862327909887008e-02 1.440550688360454515e+05
7.899874843554442749e-02 1.400500625782231800e+05
7.909887359198998491e-02 1.360450563204009086e+05
7.919899874843554233e-02 1.320400500625786372e+05
7.929912390488109974e-02 1.280350438047563657e+05
7.939924906132665716e-02 1.240300375469340943e+05
7.949937421777221458e-02 1.200250312891113572e+05
7.959949937421777200e-02 1.160200250312890857e+05
7.969962453066332941e-02 1.120150187734668143e+05
7.979974968710888683e-02 1.080100125156445429e+05
7.989987484355444425e-02 1.040050062578222714e+05
8.000000000000000167e-02 1.000000000000000000e+05
---------------
