field_vs_time
---------------
0.000000000000000000e+00 2.500000000000000000e+06
2.404809619238476905e-10 2.500000000000000000e+06
4.809619238476953810e-10 2.500000000000000000e+06
7.214428857715430714e-10 2.500000000000000000e+06
9.619238476953907619e-10 2.500000000000000000e+06
1.202404809619238452e-09 2.500000000000000000e+06
1.442885771543086143e-09 2.500000000000000000e+06
1.683366733466933833e-09 2.500000000000000000e+06
1.923847695390781524e-09 2.500000000000000000e+06
2.164328657314629214e-09 2.500000000000000000e+06
2.404809619238476905e-09 2.500000000000000000e+06
2.645290581162324595e-09 2.500000000000000000e+06
2.885771543086172286e-09 2.500000000000000000e+06
3.126252505010019976e-09 2.500000000000000000e+06
3.366733466933867667e-09 2.500000000000000000e+06
3.607214428857715357e-09 2.500000000000000000e+06
3.847695390781563048e-09 2.500000000000000000e+06
4.088176352705410738e-09 2.500000000000000000e+06
4.328657314629258429e-09 2.500000000000000000e+06
4.569138276553106119e-09 2.500000000000000000e+06
4.809619238476953810e-09 2.500000000000000000e+06
5.050100200400801500e-09 2.500000000000000000e+06
5.290581162324649190e-09 2.500000000000000000e+06
5.531062124248496881e-09 2.500000000000000000e+06
5.771543086172344571e-09 2.500000000000000000e+06
6.012024048096192262e-09 2.500000000000000000e+06
6.252505010020039952e-09 2.500000000000000000e+06
6.492985971943887643e-09 2.500000000000000000e+06
6.733466933867735333e-09 2.500000000000000000e+06
6.973947895791583024e-09 2.500000000000000000e+06
7.214428857715430714e-09 2.500000000000000000e+06
7.454909819639278405e-09 2.500000000000000000e+06
7.695390781563126095e-09 2.500000000000000000e+06
7.935871743486973786e-09 2.500000000000000000e+06
8.176352705410821476e-09 2.500000000000000000e+06
8.416833667334669167e-09 2.500000000000000000e+06
8.657314629258516857e-09 2.500000000000000000e+06
8.897795591182364548e-09 2.500000000000000000e+06
9.138276553106212238e-09 2.500000000000000000e+06
9.378757515030059929e-09 2.500000000000000000e+06
9.619238476953907619e-09 2.500000000000000000e+06
9.859719438877755310e-09 2.500000000000000000e+06
1.010020040080160300e-08 2.500000000000000000e+06
1.034068136272545069e-08 2.500000000000000000e+06
1.058116232464929838e-08 2.500000000000000000e+06
1.082164328657314607e-08 2.500000000000000000e+06
1.106212424849699376e-08 2.500000000000000000e+06
1.130260521042084145e-08 2.500000000000000000e+06
1.154308617234468914e-08 2.500000000000000000e+06
1.178356713426853683e-08 2.500000000000000000e+06
1.202404809619238452e-08 2.500000000000000000e+06
1.226452905811623221e-08 2.500000000000000000e+06
1.250501002004007990e-08 2.500000000000000000e+06
1.274549098196392760e-08 2.500000000000000000e+06
1.298597194388777529e-08 2.500000000000000000e+06
1.322645290581162298e-08 2.500000000000000000e+06
1.346693386773547067e-08 2.500000000000000000e+06
1.370741482965931836e-08 2.500000000000000000e+06
1.394789579158316605e-08 2.500000000000000000e+06
1.418837675350701374e-08 2.500000000000000000e+06
1.442885771543086143e-08 2.500000000000000000e+06
1.466933867735470912e-08 2.500000000000000000e+06
1.490981963927855681e-08 2.500000000000000000e+06
1.515030060120240285e-08 2.500000000000000000e+06
1.539078156312625219e-08 2.500000000000000000e+06
1.563126252505010154e-08 2.500000000000000000e+06
1.587174348697394757e-08 2.500000000000000000e+06
1.611222444889779361e-08 2.500000000000000000e+06
1.635270541082164295e-08 2.500000000000000000e+06
1.659318637274549230e-08 2.500000000000000000e+06
1.683366733466933833e-08 2.500000000000000000e+06
1.707414829659318437e-08 2.500000000000000000e+06
1.731462925851703371e-08 2.500000000000000000e+06
1.755511022044088306e-08 2.500000000000000000e+06
1.779559118236472910e-08 2.500000000000000000e+06
1.803607214428857513e-08 2.500000000000000000e+06
1.827655310621242448e-08 2.500000000000000000e+06
1.851703406813627382e-08 2.500000000000000000e+06
1.875751503006011986e-08 2.500000000000000000e+06
1.899799599198396589e-08 2.500000000000000000e+06
1.923847695390781524e-08 2.500000000000000000e+06
1.947895791583166458e-08 2.500000000000000000e+06
1.971943887775551062e-08 2.500000000000000000e+06
1.995991983967935666e-08 2.500000000000000000e+06
2.020040080160320600e-08 2.459919839679358993e+06
2.044088176352705534e-08 2.411823647294588853e+06
2.068136272545090138e-08 2.363727454909819644e+06
2.092184368737474742e-08 2.315631262525050435e+06
2.116232464929859676e-08 2.267535070140280761e+06
2.140280561122244611e-08 2.219438877755510621e+06
2.164328657314629214e-08 2.171342685370741412e+06
2.188376753507013818e-08 2.123246492985972203e+06
2.212424849699398752e-08 2.075150300601202529e+06
2.236472945891783687e-08 2.027054108216432855e+06
2.260521042084168290e-08 1.978957915831663646e+06
2.284569138276552894e-08 1.930861723446894437e+06
2.308617234468937829e-08 1.882765531062124297e+06
2.332665330661322763e-08 1.834669338677354623e+06
2.356713426853707367e-08 1.786573146292585414e+06
2.380761523046091970e-08 1.738476953907816205e+06
2.404809619238476905e-08 1.690380761523046298e+06
2.428857715430861839e-08 1.642284569138276391e+06
2.452905811623246443e-08 1.594188376753507182e+06
2.476953907815631046e-08 1.546092184368737973e+06
2.501002004008015981e-08 1.497995991983968066e+06
2.525050100200400915e-08 1.449899799599198159e+06
2.549098196392785519e-08 1.401803607214428950e+06
2.573146292585170123e-08 1.353707414829659741e+06
2.597194388777555057e-08 1.305611222444890067e+06
2.621242484969939992e-08 1.257515030060120160e+06
2.645290581162324595e-08 1.209418837675350951e+06
2.669338677354709199e-08 1.161322645290581742e+06
2.693386773547094133e-08 1.113226452905811835e+06
2.717434869739479068e-08 1.065130260521041928e+06
2.741482965931863671e-08 1.017034068136272719e+06
2.765531062124248275e-08 9.689378757515035104e+05
2.789579158316633210e-08 9.208416833667336032e+05
2.813627254509018144e-08 8.727454909819636960e+05
2.837675350701402748e-08 8.246492985971944872e+05
2.861723446893787351e-08 7.765531062124252785e+05
2.885771543086172286e-08 7.284569138276556041e+05
2.909819639278557220e-08 6.803607214428856969e+05
2.933867735470941824e-08 6.322645290581164882e+05
2.957915831663326427e-08 5.841683366733472794e+05
2.981963927855711362e-08 5.360721442885773722e+05
3.006012024048096296e-08 4.879759519038074650e+05
3.030060120240480569e-08 4.398797595190389547e+05
3.054108216432865504e-08 3.917835671342690475e+05
3.078156312625250438e-08 3.436873747494993731e+05
3.102204408817635373e-08 2.955911823647292331e+05
3.126252505010020307e-08 2.474949899799595587e+05
3.150300601202404580e-08 1.993987975951908156e+05
3.174348697394789514e-08 1.513026052104211412e+05
3.198396793587174449e-08 1.032064128256510012e+05
3.222444889779558722e-08 5.511022044088272378e+04
3.246492985971943656e-08 7.014028056112583727e+03
3.270541082164328590e-08 -4.108216432865709066e+04
3.294589178356713525e-08 -8.917835671342676505e+04
3.318637274549098459e-08 -1.372745490981969051e+05
3.342685370741482732e-08 -1.853707414829651825e+05
3.366733466933867667e-08 -2.334669338677353226e+05
3.390781563126252601e-08 -2.815631262525049970e+05
3.414829659318636874e-08 -3.296593186372737400e+05
3.438877755511021808e-08 -3.777555110220434144e+05
3.462925851703406743e-08 -4.258517034068135545e+05
3.486973947895791677e-08 -4.739478957915832289e+05
3.511022044088176612e-08 -5.220440881763533689e+05
3.535070140280560885e-08 -5.701402805611216463e+05
3.559118236472945819e-08 -6.182364729458917864e+05
3.583166332665330754e-08 -6.663326653306614608e+05
3.607214428857715026e-08 -7.144288577154297382e+05
3.631262525050099961e-08 -7.625250501001998782e+05
3.655310621242484895e-08 -8.106212424849695526e+05
3.679358717434869830e-08 -8.587174348697396927e+05
3.703406813627254764e-08 -9.068136272545093670e+05
3.727454909819639037e-08 -9.549098196392781101e+05
3.751503006012023971e-08 -1.003006012024047785e+06
3.775551102204408906e-08 -1.051102204408817925e+06
3.799599198396793179e-08 -1.099198396793586202e+06
3.823647294589178113e-08 -1.147294589178356342e+06
3.847695390781563048e-08 -1.195390781563126016e+06
3.871743486973947982e-08 -1.243486973947895691e+06
3.895791583166332917e-08 -1.291583166332665831e+06
3.919839679358717189e-08 -1.339679358717434108e+06
3.943887775551102124e-08 -1.387775551102204248e+06
3.967935871743487058e-08 -1.435871743486973923e+06
3.991983967935871331e-08 -1.483967935871742666e+06
4.016032064128256266e-08 -1.532064128256512340e+06
4.040080160320641200e-08 -1.580160320641282480e+06
4.064128256513026134e-08 -1.628256513026052155e+06
4.088176352705411069e-08 -1.676352705410821829e+06
4.112224448897795342e-08 -1.724448897795590572e+06
4.136272545090180276e-08 -1.772545090180360712e+06
4.160320641282565211e-08 -1.820641282565129921e+06
4.184368737474949483e-08 -1.868737474949899130e+06
4.208416833667334418e-08 -1.916833667334668338e+06
4.232464929859719352e-08 -1.964929859719438478e+06
4.256513026052104287e-08 -2.013026052104208618e+06
4.280561122244489221e-08 -2.061122244488978758e+06
4.304609218436873494e-08 -2.109218436873747036e+06
4.328657314629258429e-08 -2.157314629258517176e+06
4.352705410821643363e-08 -2.205410821643286385e+06
4.376753507014027636e-08 -2.253507014028055593e+06
4.400801603206412570e-08 -2.301603206412824802e+06
4.424849699398797505e-08 -2.349699398797594942e+06
4.448897795591182439e-08 -2.397795591182365082e+06
4.472945891783567374e-08 -2.445891783567134291e+06
4.496993987975951646e-08 -2.493987975951903500e+06
4.521042084168336581e-08 -2.542084168336672708e+06
4.545090180360721515e-08 -2.590180360721442848e+06
4.569138276553105788e-08 -2.638276553106211126e+06
4.593186372745490723e-08 -2.686372745490981266e+06
4.617234468937875657e-08 -2.734468937875751406e+06
4.641282565130260592e-08 -2.782565130260521546e+06
4.665330661322645526e-08 -2.830661322645290755e+06
4.689378757515029799e-08 -2.878757515030059963e+06
4.713426853707414733e-08 -2.926853707414829172e+06
4.737474949899799668e-08 -2.974949899799599312e+06
4.761523046092183941e-08 -3.023046092184367590e+06
4.785571142284568875e-08 -3.071142284569137730e+06
4.809619238476953810e-08 -3.119238476953907870e+06
4.833667334669338744e-08 -3.167334669338677078e+06
4.857715430861723678e-08 -3.215430861723447219e+06
4.881763527054107951e-08 -3.263527054108215496e+06
4.905811623246492886e-08 -3.311623246492985636e+06
4.929859719438877820e-08 -3.359719438877755776e+06
4.953907815631262093e-08 -3.407815631262524053e+06
4.977955911823647027e-08 -3.455911823647294194e+06
5.002004008016031962e-08 -3.504008016032063402e+06
5.026052104208416896e-08 -3.552104208416833542e+06
5.050100200400801831e-08 -3.600200400801603682e+06
5.074148296593186104e-08 -3.648296593186371960e+06
5.098196392785571038e-08 -3.696392785571142100e+06
5.122244488977955973e-08 -3.744488977955912240e+06
5.146292585170340245e-08 -3.792585170340680517e+06
5.170340681362725180e-08 -3.840681362725450657e+06
5.194388777555110114e-08 -3.888777555110219866e+06
5.218436873747495049e-08 -3.936873747494990006e+06
5.242484969939879983e-08 -3.984969939879760146e+06
5.266533066132264256e-08 -4.033066132264528424e+06
5.290581162324649190e-08 -4.081162324649298564e+06
5.314629258517034125e-08 -4.129258517034067772e+06
5.338677354709418398e-08 -4.177354709418836981e+06
5.362725450901803332e-08 -4.225450901803606190e+06
5.386773547094188267e-08 -4.273547094188376330e+06
5.410821643286573201e-08 -4.321643286573146470e+06
5.434869739478958136e-08 -4.369739478957916610e+06
5.458917835671342408e-08 -4.417835671342684887e+06
5.482965931863727343e-08 -4.465931863727455027e+06
5.507014028056112277e-08 -4.514028056112224236e+06
5.531062124248496550e-08 -4.562124248496993445e+06
5.555110220440881485e-08 -4.610220440881762654e+06
5.579158316633266419e-08 -4.658316633266532794e+06
5.603206412825651354e-08 -4.706412825651302934e+06
5.627254509018036288e-08 -4.754509018036072142e+06
5.651302605210420561e-08 -4.802605210420841351e+06
5.675350701402805495e-08 -4.850701402805610560e+06
5.699398797595190430e-08 -4.898797595190380700e+06
5.723446893787574702e-08 -4.946893787575148977e+06
5.747494989979959637e-08 -4.994989979959919117e+06
5.771543086172344571e-08 -5.043086172344689257e+06
5.795591182364729506e-08 -5.091182364729458466e+06
5.819639278557114440e-08 -5.139278557114228606e+06
5.843687374749498713e-08 -5.187374749498996884e+06
5.867735470941883648e-08 -5.235470941883767024e+06
5.891783567134268582e-08 -5.283567134268537164e+06
5.915831663326652855e-08 -5.331663326653305441e+06
5.939879759519037789e-08 -5.379759519038075581e+06
5.963927855711422724e-08 -5.427855711422845721e+06
5.987975951903807658e-08 -5.475951903807614930e+06
6.012024048096192593e-08 -5.524048096192385070e+06
6.036072144288577527e-08 -5.572144288577155210e+06
6.060120240480961138e-08 -5.620240480961922556e+06
6.084168336673346073e-08 -5.668336673346691765e+06
6.108216432865731007e-08 -5.716432865731461905e+06
6.132264529058115942e-08 -5.764529058116232045e+06
6.156312625250500876e-08 -5.812625250501001254e+06
6.180360721442885811e-08 -5.860721442885771394e+06
6.204408817635270745e-08 -5.908817635270541534e+06
6.228456913827655680e-08 -5.956913827655311674e+06
6.252505010020040614e-08 -6.005010020040081814e+06
6.276553106212424225e-08 -6.053106212424848229e+06
6.300601202404809160e-08 -6.101202404809618369e+06
6.324649298597194094e-08 -6.149298597194388509e+06
6.348697394789579029e-08 -6.197394789579158649e+06
6.372745490981963963e-08 -6.245490981963926926e+06
6.396793587174348898e-08 -6.293587174348697066e+06
6.420841683366733832e-08 -6.341683366733467206e+06
6.444889779559117443e-08 -6.389779559118235484e+06
6.468937875751502378e-08 -6.437875751503003761e+06
6.492985971943887312e-08 -6.485971943887773901e+06
6.517034068136272246e-08 -6.534068136272544041e+06
6.541082164328657181e-08 -6.582164328657314181e+06
6.565130260521042115e-08 -6.630260521042084321e+06
6.589178356713427050e-08 -6.678356713426854461e+06
6.613226452905811984e-08 -6.726452905811624601e+06
6.637274549098196919e-08 -6.774549098196392879e+06
6.661322645290580530e-08 -6.822645290581161156e+06
6.685370741482965464e-08 -6.870741482965931296e+06
6.709418837675350399e-08 -6.918837675350701436e+06
6.733466933867735333e-08 -6.966933867735469714e+06
6.757515030060120268e-08 -7.015030060120239854e+06
6.781563126252505202e-08 -7.063126252505009994e+06
6.805611222444890137e-08 -7.111222444889780134e+06
6.829659318637273748e-08 -7.159318637274546549e+06
6.853707414829658682e-08 -7.207414829659316689e+06
6.877755511022043617e-08 -7.255511022044086829e+06
6.901803607214428551e-08 -7.303607214428856969e+06
6.925851703406813486e-08 -7.351703406813627109e+06
6.949899799599198420e-08 -7.399799599198397249e+06
6.973947895791583355e-08 -7.447895791583167389e+06
6.997995991983968289e-08 -7.495991983967935666e+06
7.022044088176353224e-08 -7.544088176352705806e+06
7.046092184368736835e-08 -7.592184368737474084e+06
7.070140280561121769e-08 -7.640280561122244224e+06
7.094188376753506704e-08 -7.688376753507012501e+06
7.118236472945891638e-08 -7.736472945891782641e+06
7.142284569138276573e-08 -7.784569138276552781e+06
7.166332665330661507e-08 -7.832665330661322922e+06
7.190380761523046442e-08 -7.880761523046093062e+06
7.214428857715430053e-08 -7.928857715430859476e+06
7.238476953907814987e-08 -7.976953907815629616e+06
7.262525050100199922e-08 -8.025050100200399756e+06
7.286573146292584856e-08 -8.073146292585169896e+06
7.310621242484969790e-08 -8.121242484969940037e+06
7.334669338677354725e-08 -8.169338677354710177e+06
7.358717434869739659e-08 -8.217434869739478454e+06
7.382765531062124594e-08 -8.265531062124248594e+06
7.406813627254509528e-08 -8.313627254509018734e+06
7.430861723446893139e-08 -8.361723446893787012e+06
7.454909819639278074e-08 -8.409819639278555289e+06
7.478957915831663008e-08 -8.457915831663325429e+06
7.503006012024047943e-08 -8.506012024048095569e+06
7.527054108216432877e-08 -8.554108216432865709e+06
7.551102204408817812e-08 -8.602204408817635849e+06
7.575150300601202746e-08 -8.650300601202405989e+06
7.599198396793586357e-08 -8.698396793587172404e+06
7.623246492985971292e-08 -8.746492985971942544e+06
7.647294589178356226e-08 -8.794589178356712684e+06
7.671342685370741161e-08 -8.842685370741482824e+06
7.695390781563126095e-08 -8.890781563126252964e+06
7.719438877755511030e-08 -8.938877755511021242e+06
7.743486973947895964e-08 -8.986973947895791382e+06
7.767535070140280899e-08 -9.035070140280561522e+06
7.791583166332665833e-08 -9.083166332665331662e+06
7.815631262525049444e-08 -9.131262525050098076e+06
7.839679358717434379e-08 -9.179358717434868217e+06
7.863727454909819313e-08 -9.227454909819638357e+06
7.887775551102204248e-08 -9.275551102204408497e+06
7.911823647294589182e-08 -9.323647294589178637e+06
7.935871743486974117e-08 -9.371743486973948777e+06
7.959919839679359051e-08 -9.419839679358718917e+06
7.983967935871742662e-08 -9.467935871743487194e+06
8.008016032064127597e-08 -9.516032064128253609e+06
8.032064128256512531e-08 -9.564128256513025612e+06
8.056112224448897466e-08 -9.612224448897793889e+06
8.080160320641282400e-08 -9.660320641282565892e+06
8.104208416833667334e-08 -9.708416833667334169e+06
8.128256513026052269e-08 -9.756513026052106172e+06
8.152304609218437203e-08 -9.804609218436872587e+06
8.176352705410822138e-08 -9.852705410821644589e+06
8.200400801603205749e-08 -9.900801603206412867e+06
8.224448897795590683e-08 -9.948897795591179281e+06
8.248496993987975618e-08 -9.996993987975953147e+06
8.272545090180360552e-08 -1.004509018036071956e+07
8.296593186372745487e-08 -1.009318637274549156e+07
8.320641282565130421e-08 -1.014128256513025984e+07
8.344689378757515356e-08 -1.018937875751503184e+07
8.368737474949898967e-08 -1.023747494989979826e+07
8.392785571142283901e-08 -1.028557114228456654e+07
8.416833667334668836e-08 -1.033366733466933854e+07
8.440881763527053770e-08 -1.038176352705410682e+07
8.464929859719438705e-08 -1.042985971943887882e+07
8.488977955911823639e-08 -1.047795591182364523e+07
8.513026052104208574e-08 -1.052605210420841910e+07
8.537074148296593508e-08 -1.057414829659318551e+07
8.561122244488978443e-08 -1.062224448897795752e+07
8.585170340681362054e-08 -1.067034068136272579e+07
8.609218436873746988e-08 -1.071843687374749221e+07
8.633266533066131923e-08 -1.076653306613226421e+07
8.657314629258516857e-08 -1.081462925851703249e+07
8.681362725450901792e-08 -1.086272545090180449e+07
8.705410821643286726e-08 -1.091082164328657277e+07
8.729458917835671661e-08 -1.095891783567134477e+07
8.753507014028055272e-08 -1.100701402805611119e+07
8.777555110220440206e-08 -1.105511022044087946e+07
8.801603206412825141e-08 -1.110320641282565147e+07
8.825651302605210075e-08 -1.115130260521041788e+07
8.849699398797595010e-08 -1.119939879759519175e+07
8.873747494989979944e-08 -1.124749498997995816e+07
8.897795591182364878e-08 -1.129559118236473016e+07
8.921843687374749813e-08 -1.134368737474949844e+07
8.945891783567134747e-08 -1.139178356713427044e+07
8.969939879759518358e-08 -1.143987975951903872e+07
8.993987975951903293e-08 -1.148797595190380514e+07
9.018036072144288227e-08 -1.153607214428857714e+07
9.042084168336673162e-08 -1.158416833667334542e+07
9.066132264529058096e-08 -1.163226452905811742e+07
9.090180360721443031e-08 -1.168036072144288383e+07
9.114228456913827965e-08 -1.172845691382765770e+07
9.138276553106211576e-08 -1.177655310621242411e+07
9.162324649298596511e-08 -1.182464929859719239e+07
9.186372745490981445e-08 -1.187274549098196439e+07
9.210420841683366380e-08 -1.192084168336673081e+07
9.234468937875751314e-08 -1.196893787575150467e+07
9.258517034068136249e-08 -1.201703406813627109e+07
9.282565130260521183e-08 -1.206513026052104309e+07
9.306613226452906118e-08 -1.211322645290581137e+07
9.330661322645291052e-08 -1.216132264529058337e+07
9.354709418837674663e-08 -1.220941883767534979e+07
9.378757515030059598e-08 -1.225751503006011806e+07
9.402805611222444532e-08 -1.230561122244489007e+07
9.426853707414829467e-08 -1.235370741482965834e+07
9.450901803607214401e-08 -1.240180360721443035e+07
9.474949899799599336e-08 -1.244989979959919676e+07
9.498997995991984270e-08 -1.249799599198397063e+07
9.523046092184367881e-08 -1.254609218436873704e+07
9.547094188376752816e-08 -1.259418837675350346e+07
9.571142284569137750e-08 -1.264228456913827732e+07
9.595190380761522685e-08 -1.269038076152304374e+07
9.619238476953907619e-08 -1.273847695390781574e+07
9.643286573146292554e-08 -1.278657314629258402e+07
9.667334669338677488e-08 -1.283466933867735602e+07
9.691382765531062422e-08 -1.288276553106212430e+07
9.715430861723447357e-08 -1.293086172344689630e+07
9.739478957915830968e-08 -1.297895791583166271e+07
9.763527054108215902e-08 -1.302705410821643099e+07
9.787575150300600837e-08 -1.307515030060120299e+07
9.811623246492985771e-08 -1.312324649298596941e+07
9.835671342685370706e-08 -1.317134268537074327e+07
9.859719438877755640e-08 -1.321943887775550969e+07
9.883767535070140575e-08 -1.326753507014028169e+07
9.907815631262524186e-08 -1.331563126252504997e+07
9.931863727454909120e-08 -1.336372745490981638e+07
9.955911823647294055e-08 -1.341182364729459025e+07
9.979959919839678989e-08 -1.345991983967935666e+07
1.000400801603206392e-07 -1.350801603206412867e+07
1.002805611222444886e-07 -1.355611222444889694e+07
1.005210420841683379e-07 -1.360420841683366895e+07
1.007615230460921873e-07 -1.365230460921843536e+07
1.010020040080160366e-07 -1.370040080160320923e+07
1.012424849699398727e-07 -1.374849699398797564e+07
1.014829659318637221e-07 -1.379659318637274392e+07
1.017234468937875714e-07 -1.384468937875751592e+07
1.019639278557114208e-07 -1.389278557114228234e+07
1.022044088176352701e-07 -1.394088176352705434e+07
1.024448897795591195e-07 -1.398897795591182262e+07
1.026853707414829688e-07 -1.403707414829659462e+07
1.029258517034068049e-07 -1.408517034068136290e+07
1.031663326653306543e-07 -1.413326653306612931e+07
1.034068136272545036e-07 -1.418136272545090131e+07
1.036472945891783529e-07 -1.422945891783566959e+07
1.038877755511022023e-07 -1.427755511022044346e+07
1.041282565130260516e-07 -1.432565130260520801e+07
1.043687374749499010e-07 -1.437374749498998001e+07
1.046092184368737503e-07 -1.442184368737474829e+07
1.048496993987975997e-07 -1.446993987975952029e+07
1.050901803607214358e-07 -1.451803607214428857e+07
1.053306613226452851e-07 -1.456613226452905685e+07
1.055711422845691345e-07 -1.461422845691382885e+07
1.058116232464929838e-07 -1.466232464929859713e+07
1.060521042084168332e-07 -1.471042084168336913e+07
1.062925851703406825e-07 -1.475851703406813368e+07
1.065330661322645318e-07 -1.480661322645290941e+07
1.067735470941883680e-07 -1.485470941883767396e+07
1.070140280561122173e-07 -1.490280561122244224e+07
1.072545090180360666e-07 -1.495090180360721424e+07
1.074949899799599160e-07 -1.499899799599198252e+07
1.077354709418837653e-07 -1.504709418837675452e+07
1.079759519038076147e-07 -1.509519038076152280e+07
1.082164328657314640e-07 -1.514328657314629480e+07
1.084569138276553134e-07 -1.519138276553106308e+07
1.086973947895791627e-07 -1.523947895791583508e+07
1.089378757515029988e-07 -1.528757515030059963e+07
1.091783567134268482e-07 -1.533567134268536791e+07
1.094188376753506975e-07 -1.538376753507013991e+07
1.096593186372745469e-07 -1.543186372745490819e+07
1.098997995991983962e-07 -1.547995991983968019e+07
1.101402805611222455e-07 -1.552805611222444847e+07
1.103807615230460949e-07 -1.557615230460922047e+07
1.106212424849699310e-07 -1.562424849699398875e+07
1.108617234468937803e-07 -1.567234468937875330e+07
1.111022044088176297e-07 -1.572044088176352903e+07
1.113426853707414790e-07 -1.576853707414829358e+07
1.115831663326653284e-07 -1.581663326653306559e+07
1.118236472945891777e-07 -1.586472945891783386e+07
1.120641282565130271e-07 -1.591282565130260587e+07
1.123046092184368764e-07 -1.596092184368737414e+07
1.125450901803607258e-07 -1.600901803607214615e+07
1.127855711422845619e-07 -1.605711422845691442e+07
1.130260521042084112e-07 -1.610521042084167898e+07
1.132665330661322606e-07 -1.615330661322645470e+07
1.135070140280561099e-07 -1.620140280561121926e+07
1.137474949899799592e-07 -1.624949899799599126e+07
1.139879759519038086e-07 -1.629759519038075954e+07
1.142284569138276579e-07 -1.634569138276553154e+07
1.144689378757514940e-07 -1.639378757515029982e+07
1.147094188376753434e-07 -1.644188376753506809e+07
1.149498997995991927e-07 -1.648997995991984010e+07
1.151903807615230421e-07 -1.653807615230460837e+07
1.154308617234468914e-07 -1.658617234468938038e+07
1.156713426853707408e-07 -1.663426853707414493e+07
1.159118236472945901e-07 -1.668236472945892066e+07
1.161523046092184395e-07 -1.673046092184368521e+07
1.163927855711422888e-07 -1.677855711422845721e+07
1.166332665330661249e-07 -1.682665330661322549e+07
1.168737474949899743e-07 -1.687474949899799377e+07
1.171142284569138236e-07 -1.692284569138276577e+07
1.173547094188376730e-07 -1.697094188376753405e+07
1.175951903807615223e-07 -1.701903807615230605e+07
1.178356713426853716e-07 -1.706713426853707433e+07
1.180761523046092210e-07 -1.711523046092184633e+07
1.183166332665330571e-07 -1.716332665330661088e+07
1.185571142284569064e-07 -1.721142284569137916e+07
1.187975951903807558e-07 -1.725951903807615116e+07
1.190380761523046051e-07 -1.730761523046091944e+07
1.192785571142284545e-07 -1.735571142284569144e+07
1.195190380761522906e-07 -1.740380761523045972e+07
1.197595190380761532e-07 -1.745190380761523172e+07
1.199999999999999893e-07 -1.750000000000000000e+07
---------------
