field_vs_time
---------------
0.000000000000000000e+00 2.500000000000000000e+06
2.404809619238476905e-10 2.500000000000000000e+06
4.809619238476953810e-10 2.500000000000000000e+06
7.214428857715430714e-10 2.500000000000000000e+06
9.619238476953907619e-10 2.500000000000000000e+06
1.202404809619238452e-09 2.500000000000000000e+06
1.442885771543086143e-09 2.500000000000000000e+06
1.683366733466933833e-09 2.500000000000000000e+06
1.923847695390781524e-09 2.500000000000000000e+06
2.164328657314629214e-09 2.500000000000000000e+06
2.404809619238476905e-09 2.500000000000000000e+06
2.645290581162324595e-09 2.500000000000000000e+06
2.885771543086172286e-09 2.500000000000000000e+06
3.126252505010019976e-09 2.500000000000000000e+06
3.366733466933867667e-09 2.500000000000000000e+06
3.607214428857715357e-09 2.500000000000000000e+06
3.847695390781563048e-09 2.500000000000000000e+06
4.088176352705410738e-09 2.500000000000000000e+06
4.328657314629258429e-09 2.500000000000000000e+06
4.569138276553106119e-09 2.500000000000000000e+06
4.809619238476953810e-09 2.500000000000000000e+06
5.050100200400801500e-09 2.500000000000000000e+06
5.290581162324649190e-09 2.500000000000000000e+06
5.531062124248496881e-09 2.500000000000000000e+06
5.771543086172344571e-09 2.500000000000000000e+06
6.012024048096192262e-09 2.500000000000000000e+06
6.252505010020039952e-09 2.500000000000000000e+06
6.492985971943887643e-09 2.500000000000000000e+06
6.733466933867735333e-09 2.500000000000000000e+06
6.973947895791583024e-09 2.500000000000000000e+06
7.214428857715430714e-09 2.500000000000000000e+06
7.454909819639278405e-09 2.500000000000000000e+06
7.695390781563126095e-09 2.500000000000000000e+06
7.935871743486973786e-09 2.500000000000000000e+06
8.176352705410821476e-09 2.500000000000000000e+06
8.416833667334669167e-09 2.500000000000000000e+06
8.657314629258516857e-09 2.500000000000000000e+06
8.897795591182364548e-09 2.500000000000000000e+06
9.138276553106212238e-09 2.500000000000000000e+06
9.378757515030059929e-09 2.500000000000000000e+06
9.619238476953907619e-09 2.500000000000000000e+06
9.859719438877755310e-09 2.500000000000000000e+06
1.010020040080160300e-08 2.500000000000000000e+06
1.034068136272545069e-08 2.500000000000000000e+06
1.058116232464929838e-08 2.500000000000000000e+06
1.082164328657314607e-08 2.500000000000000000e+06
1.106212424849699376e-08 2.500000000000000000e+06
1.130260521042084145e-08 2.500000000000000000e+06
1.154308617234468914e-08 2.500000000000000000e+06
1.178356713426853683e-08 2.500000000000000000e+06
1.202404809619238452e-08 2.500000000000000000e+06
1.226452905811623221e-08 2.500000000000000000e+06
1.250501002004007990e-08 2.500000000000000000e+06
1.274549098196392760e-08 2.500000000000000000e+06
1.298597194388777529e-08 2.500000000000000000e+06
1.322645290581162298e-08 2.500000000000000000e+06
1.346693386773547067e-08 2.500000000000000000e+06
1.370741482965931836e-08 2.500000000000000000e+06
1.394789579158316605e-08 2.500000000000000000e+06
1.418837675350701374e-08 2.500000000000000000e+06
1.442885771543086143e-08 2.500000000000000000e+06
1.466933867735470912e-08 2.500000000000000000e+06
1.490981963927855681e-08 2.500000000000000000e+06
1.515030060120240285e-08 2.500000000000000000e+06
1.539078156312625219e-08 2.500000000000000000e+06
1.563126252505010154e-08 2.500000000000000000e+06
1.587174348697394757e-08 2.500000000000000000e+06
1.611222444889779361e-08 2.500000000000000000e+06
1.635270541082164295e-08 2.500000000000000000e+06
1.659318637274549230e-08 2.500000000000000000e+06
1.683366733466933833e-08 2.500000000000000000e+06
1.707414829659318437e-08 2.500000000000000000e+06
1.731462925851703371e-08 2.500000000000000000e+06
1.755511022044088306e-08 2.500000000000000000e+06
1.779559118236472910e-08 2.500000000000000000e+06
1.803607214428857513e-08 2.500000000000000000e+06
1.827655310621242448e-08 2.500000000000000000e+06
1.851703406813627382e-08 2.500000000000000000e+06
1.875751503006011986e-08 2.500000000000000000e+06
1.899799599198396589e-08 2.500000000000000000e+06
1.923847695390781524e-08 2.500000000000000000e+06
1.947895791583166458e-08 2.500000000000000000e+06
1.971943887775551062e-08 2.500000000000000000e+06
1.995991983967935666e-08 2.500000000000000000e+06
2.020040080160320600e-08 2.469939879759519361e+06
2.044088176352705534e-08 2.433867735470941756e+06
2.068136272545090138e-08 2.397795591182365082e+06
2.092184368737474742e-08 2.361723446893787943e+06
2.116232464929859676e-08 2.325651302605210338e+06
2.140280561122244611e-08 2.289579158316633198e+06
2.164328657314629214e-08 2.253507014028056059e+06
2.188376753507013818e-08 2.217434869739479385e+06
2.212424849699398752e-08 2.181362725450901780e+06
2.236472945891783687e-08 2.145290581162324641e+06
2.260521042084168290e-08 2.109218436873747502e+06
2.284569138276552894e-08 2.073146292585170828e+06
2.308617234468937829e-08 2.037074148296593223e+06
2.332665330661322763e-08 2.001002004008015851e+06
2.356713426853707367e-08 1.964929859719438944e+06
2.380761523046091970e-08 1.928857715430862270e+06
2.404809619238476905e-08 1.892785571142284665e+06
2.428857715430861839e-08 1.856713426853707293e+06
2.452905811623246443e-08 1.820641282565130387e+06
2.476953907815631046e-08 1.784569138276553480e+06
2.501002004008015981e-08 1.748496993987976108e+06
2.525050100200400915e-08 1.712424849699398736e+06
2.549098196392785519e-08 1.676352705410821829e+06
2.573146292585170123e-08 1.640280561122244922e+06
2.597194388777555057e-08 1.604208416833667550e+06
2.621242484969939992e-08 1.568136272545089945e+06
2.645290581162324595e-08 1.532064128256513271e+06
2.669338677354709199e-08 1.495991983967936132e+06
2.693386773547094133e-08 1.459919839679358993e+06
2.717434869739479068e-08 1.423847695390781388e+06
2.741482965931863671e-08 1.387775551102204481e+06
2.765531062124248275e-08 1.351703406813627575e+06
2.789579158316633210e-08 1.315631262525050202e+06
2.813627254509018144e-08 1.279559118236472830e+06
2.837675350701402748e-08 1.243486973947895924e+06
2.861723446893787351e-08 1.207414829659319017e+06
2.885771543086172286e-08 1.171342685370741645e+06
2.909819639278557220e-08 1.135270541082164273e+06
2.933867735470941824e-08 1.099198396793587366e+06
2.957915831663326427e-08 1.063126252505010460e+06
2.981963927855711362e-08 1.027054108216433087e+06
3.006012024048096296e-08 9.909819639278557152e+05
3.030060120240480569e-08 9.549098196392792743e+05
3.054108216432865504e-08 9.188376753507019021e+05
3.078156312625250438e-08 8.827655310621242970e+05
3.102204408817635373e-08 8.466933867735469248e+05
3.126252505010020307e-08 8.106212424849695526e+05
3.150300601202404580e-08 7.745490981963931117e+05
3.174348697394789514e-08 7.384769539078157395e+05
3.198396793587174449e-08 7.024048096192383673e+05
3.222444889779558722e-08 6.663326653306619264e+05
3.246492985971943656e-08 6.302605210420845542e+05
3.270541082164328590e-08 5.941883767535071820e+05
3.294589178356713525e-08 5.581162324649298098e+05
3.318637274549098459e-08 5.220440881763524376e+05
3.342685370741482732e-08 4.859719438877759967e+05
3.366733466933867667e-08 4.498997995991986245e+05
3.390781563126252601e-08 4.138276553106212523e+05
3.414829659318636874e-08 3.777555110220448114e+05
3.438877755511021808e-08 3.416833667334672064e+05
3.462925851703406743e-08 3.056112224448900670e+05
3.486973947895791677e-08 2.695390781563124619e+05
3.511022044088176612e-08 2.334669338677353226e+05
3.535070140280560885e-08 1.973947895791586488e+05
3.559118236472945819e-08 1.613226452905815095e+05
3.583166332665330754e-08 1.252505010020039044e+05
3.607214428857715026e-08 8.917835671342769638e+04
3.631262525050099961e-08 5.310621242485009134e+04
3.655310621242484895e-08 1.703406813627295196e+04
3.679358717434869830e-08 -1.903807615230465308e+04
3.703406813627254764e-08 -5.511022044088225812e+04
3.727454909819639037e-08 -9.118236472945846617e+04
3.751503006012023971e-08 -1.272545090180360712e+05
3.775551102204408906e-08 -1.633266533066132106e+05
3.799599198396793179e-08 -1.993987975951898843e+05
3.823647294589178113e-08 -2.354709418837670237e+05
3.847695390781563048e-08 -2.715430861723446287e+05
3.871743486973947982e-08 -3.076152304609217681e+05
3.895791583166332917e-08 -3.436873747494993731e+05
3.919839679358717189e-08 -3.797595190380755812e+05
3.943887775551102124e-08 -4.158316633266531862e+05
3.967935871743487058e-08 -4.519038076152303256e+05
3.991983967935871331e-08 -4.879759519038069993e+05
4.016032064128256266e-08 -5.240480961923841387e+05
4.040080160320641200e-08 -5.601202404809617437e+05
4.064128256513026134e-08 -5.961923847695393488e+05
4.088176352705411069e-08 -6.322645290581164882e+05
4.112224448897795342e-08 -6.683366733466931619e+05
4.136272545090180276e-08 -7.044088176352703013e+05
4.160320641282565211e-08 -7.404809619238479063e+05
4.184368737474949483e-08 -7.765531062124241143e+05
4.208416833667334418e-08 -8.126252505010017194e+05
4.232464929859719352e-08 -8.486973947895788588e+05
4.256513026052104287e-08 -8.847695390781564638e+05
4.280561122244489221e-08 -9.208416833667336032e+05
4.304609218436873494e-08 -9.569138276553102769e+05
4.328657314629258429e-08 -9.929859719438874163e+05
4.352705410821643363e-08 -1.029058116232465021e+06
4.376753507014027636e-08 -1.065130260521041229e+06
4.400801603206412570e-08 -1.101202404809618834e+06
4.424849699398797505e-08 -1.137274549098195974e+06
4.448897795591182439e-08 -1.173346693386773579e+06
4.472945891783567374e-08 -1.209418837675351184e+06
4.496993987975951646e-08 -1.245490981963927392e+06
4.521042084168336581e-08 -1.281563126252504997e+06
4.545090180360721515e-08 -1.317635270541082136e+06
4.569138276553105788e-08 -1.353707414829658810e+06
4.593186372745490723e-08 -1.389779559118235949e+06
4.617234468937875657e-08 -1.425851703406813554e+06
4.641282565130260592e-08 -1.461923847695390694e+06
4.665330661322645526e-08 -1.497995991983968299e+06
4.689378757515029799e-08 -1.534068136272544507e+06
4.713426853707414733e-08 -1.570140280561122112e+06
4.737474949899799668e-08 -1.606212424849699251e+06
4.761523046092183941e-08 -1.642284569138275925e+06
4.785571142284568875e-08 -1.678356713426853064e+06
4.809619238476953810e-08 -1.714428857715430669e+06
4.833667334669338744e-08 -1.750501002004007809e+06
4.857715430861723678e-08 -1.786573146292585880e+06
4.881763527054107951e-08 -1.822645290581162088e+06
4.905811623246492886e-08 -1.858717434869739227e+06
4.929859719438877820e-08 -1.894789579158316366e+06
4.953907815631262093e-08 -1.930861723446893506e+06
4.977955911823647027e-08 -1.966933867735470645e+06
5.002004008016031962e-08 -2.003006012024047785e+06
5.026052104208416896e-08 -2.039078156312624924e+06
5.050100200400801831e-08 -2.075150300601202995e+06
5.074148296593186104e-08 -2.111222444889779203e+06
5.098196392785571038e-08 -2.147294589178356342e+06
5.122244488977955973e-08 -2.183366733466933481e+06
5.146292585170340245e-08 -2.219438877755510621e+06
5.170340681362725180e-08 -2.255511022044087760e+06
5.194388777555110114e-08 -2.291583166332664900e+06
5.218436873747495049e-08 -2.327655310621242970e+06
5.242484969939879983e-08 -2.363727454909820110e+06
5.266533066132264256e-08 -2.399799599198396318e+06
5.290581162324649190e-08 -2.435871743486973457e+06
5.314629258517034125e-08 -2.471943887775551528e+06
5.338677354709418398e-08 -2.508016032064127736e+06
5.362725450901803332e-08 -2.544088176352704875e+06
5.386773547094188267e-08 -2.580160320641282015e+06
5.410821643286573201e-08 -2.616232464929860085e+06
5.434869739478958136e-08 -2.652304609218437225e+06
5.458917835671342408e-08 -2.688376753507013433e+06
5.482965931863727343e-08 -2.724448897795590572e+06
5.507014028056112277e-08 -2.760521042084168643e+06
5.531062124248496550e-08 -2.796593186372744851e+06
5.555110220440881485e-08 -2.832665330661321990e+06
5.579158316633266419e-08 -2.868737474949899130e+06
5.603206412825651354e-08 -2.904809619238477200e+06
5.627254509018036288e-08 -2.940881763527054340e+06
5.651302605210420561e-08 -2.976953907815630548e+06
5.675350701402805495e-08 -3.013026052104208618e+06
5.699398797595190430e-08 -3.049098196392785758e+06
5.723446893787574702e-08 -3.085170340681361966e+06
5.747494989979959637e-08 -3.121242484969939105e+06
5.771543086172344571e-08 -3.157314629258517176e+06
5.795591182364729506e-08 -3.193386773547094315e+06
5.819639278557114440e-08 -3.229458917835671455e+06
5.843687374749498713e-08 -3.265531062124247663e+06
5.867735470941883648e-08 -3.301603206412825733e+06
5.891783567134268582e-08 -3.337675350701402873e+06
5.915831663326652855e-08 -3.373747494989979081e+06
5.939879759519037789e-08 -3.409819639278556220e+06
5.963927855711422724e-08 -3.445891783567134291e+06
5.987975951903807658e-08 -3.481963927855711430e+06
6.012024048096192593e-08 -3.518036072144288570e+06
6.036072144288577527e-08 -3.554108216432866640e+06
6.060120240480961138e-08 -3.590180360721441917e+06
6.084168336673346073e-08 -3.626252505010019056e+06
6.108216432865731007e-08 -3.662324649298596196e+06
6.132264529058115942e-08 -3.698396793587174267e+06
6.156312625250500876e-08 -3.734468937875751406e+06
6.180360721442885811e-08 -3.770541082164328545e+06
6.204408817635270745e-08 -3.806613226452905685e+06
6.228456913827655680e-08 -3.842685370741483755e+06
6.252505010020040614e-08 -3.878757515030060895e+06
6.276553106212424225e-08 -3.914829659318636172e+06
6.300601202404809160e-08 -3.950901803607213311e+06
6.324649298597194094e-08 -3.986973947895791382e+06
6.348697394789579029e-08 -4.023046092184368521e+06
6.372745490981963963e-08 -4.059118236472945660e+06
6.396793587174348898e-08 -4.095190380761523731e+06
6.420841683366733832e-08 -4.131262525050100870e+06
6.444889779559117443e-08 -4.167334669338676147e+06
6.468937875751502378e-08 -4.203406813627253287e+06
6.492985971943887312e-08 -4.239478957915831357e+06
6.517034068136272246e-08 -4.275551102204408497e+06
6.541082164328657181e-08 -4.311623246492985636e+06
6.565130260521042115e-08 -4.347695390781562775e+06
6.589178356713427050e-08 -4.383767535070140846e+06
6.613226452905811984e-08 -4.419839679358717985e+06
6.637274549098196919e-08 -4.455911823647295125e+06
6.661322645290580530e-08 -4.491983967935870402e+06
6.685370741482965464e-08 -4.528056112224448472e+06
6.709418837675350399e-08 -4.564128256513025612e+06
6.733466933867735333e-08 -4.600200400801602751e+06
6.757515030060120268e-08 -4.636272545090179890e+06
6.781563126252505202e-08 -4.672344689378757961e+06
6.805611222444890137e-08 -4.708416833667335100e+06
6.829659318637273748e-08 -4.744488977955910377e+06
6.853707414829658682e-08 -4.780561122244487517e+06
6.877755511022043617e-08 -4.816633266533065587e+06
6.901803607214428551e-08 -4.852705410821642727e+06
6.925851703406813486e-08 -4.888777555110219866e+06
6.949899799599198420e-08 -4.924849699398797937e+06
6.973947895791583355e-08 -4.960921843687375076e+06
6.997995991983968289e-08 -4.996993987975952215e+06
7.022044088176353224e-08 -5.033066132264529355e+06
7.046092184368736835e-08 -5.069138276553105563e+06
7.070140280561121769e-08 -5.105210420841682702e+06
7.094188376753506704e-08 -5.141282565130259842e+06
7.118236472945891638e-08 -5.177354709418836981e+06
7.142284569138276573e-08 -5.213426853707415052e+06
7.166332665330661507e-08 -5.249498997995992191e+06
7.190380761523046442e-08 -5.285571142284569331e+06
7.214428857715430053e-08 -5.321643286573144607e+06
7.238476953907814987e-08 -5.357715430861722678e+06
7.262525050100199922e-08 -5.393787575150299817e+06
7.286573146292584856e-08 -5.429859719438876957e+06
7.310621242484969790e-08 -5.465931863727455027e+06
7.334669338677354725e-08 -5.502004008016032167e+06
7.358717434869739659e-08 -5.538076152304609306e+06
7.382765531062124594e-08 -5.574148296593186446e+06
7.406813627254509528e-08 -5.610220440881764516e+06
7.430861723446893139e-08 -5.646292585170339793e+06
7.454909819639278074e-08 -5.682364729458916932e+06
7.478957915831663008e-08 -5.718436873747494072e+06
7.503006012024047943e-08 -5.754509018036072142e+06
7.527054108216432877e-08 -5.790581162324649282e+06
7.551102204408817812e-08 -5.826653306613226421e+06
7.575150300601202746e-08 -5.862725450901804492e+06
7.599198396793586357e-08 -5.898797595190379769e+06
7.623246492985971292e-08 -5.934869739478956908e+06
7.647294589178356226e-08 -5.970941883767534047e+06
7.671342685370741161e-08 -6.007014028056111187e+06
7.695390781563126095e-08 -6.043086172344688326e+06
7.719438877755511030e-08 -6.079158316633267328e+06
7.743486973947895964e-08 -6.115230460921844468e+06
7.767535070140280899e-08 -6.151302605210421607e+06
7.791583166332665833e-08 -6.187374749498998746e+06
7.815631262525049444e-08 -6.223446893787574023e+06
7.839679358717434379e-08 -6.259519038076151162e+06
7.863727454909819313e-08 -6.295591182364728302e+06
7.887775551102204248e-08 -6.331663326653305441e+06
7.911823647294589182e-08 -6.367735470941884443e+06
7.935871743486974117e-08 -6.403807615230461583e+06
7.959919839679359051e-08 -6.439879759519038722e+06
7.983967935871742662e-08 -6.475951903807613999e+06
8.008016032064127597e-08 -6.512024048096191138e+06
8.032064128256512531e-08 -6.548096192384770140e+06
8.056112224448897466e-08 -6.584168336673345417e+06
8.080160320641282400e-08 -6.620240480961924419e+06
8.104208416833667334e-08 -6.656312625250499696e+06
8.128256513026052269e-08 -6.692384769539078698e+06
8.152304609218437203e-08 -6.728456913827653974e+06
8.176352705410822138e-08 -6.764529058116234839e+06
8.200400801603205749e-08 -6.800601202404810116e+06
8.224448897795590683e-08 -6.836673346693385392e+06
8.248496993987975618e-08 -6.872745490981964394e+06
8.272545090180360552e-08 -6.908817635270539671e+06
8.296593186372745487e-08 -6.944889779559118673e+06
8.320641282565130421e-08 -6.980961923847693950e+06
8.344689378757515356e-08 -7.017034068136274815e+06
8.368737474949898967e-08 -7.053106212424850091e+06
8.392785571142283901e-08 -7.089178356713425368e+06
8.416833667334668836e-08 -7.125250501002004370e+06
8.440881763527053770e-08 -7.161322645290579647e+06
8.464929859719438705e-08 -7.197394789579158649e+06
8.488977955911823639e-08 -7.233466933867733926e+06
8.513026052104208574e-08 -7.269539078156312928e+06
8.537074148296593508e-08 -7.305611222444890067e+06
8.561122244488978443e-08 -7.341683366733469069e+06
8.585170340681362054e-08 -7.377755511022044346e+06
8.609218436873746988e-08 -7.413827655310619622e+06
8.633266533066131923e-08 -7.449899799599198624e+06
8.657314629258516857e-08 -7.485971943887773901e+06
8.681362725450901792e-08 -7.522044088176352903e+06
8.705410821643286726e-08 -7.558116232464928180e+06
8.729458917835671661e-08 -7.594188376753509045e+06
8.753507014028055272e-08 -7.630260521042084321e+06
8.777555110220440206e-08 -7.666332665330659598e+06
8.801603206412825141e-08 -7.702404809619238600e+06
8.825651302605210075e-08 -7.738476953907813877e+06
8.849699398797595010e-08 -7.774549098196392879e+06
8.873747494989979944e-08 -7.810621242484968156e+06
8.897795591182364878e-08 -7.846693386773549020e+06
8.921843687374749813e-08 -7.882765531062124297e+06
8.945891783567134747e-08 -7.918837675350703299e+06
8.969939879759518358e-08 -7.954909819639278576e+06
8.993987975951903293e-08 -7.990981963927853853e+06
9.018036072144288227e-08 -8.027054108216432855e+06
9.042084168336673162e-08 -8.063126252505008131e+06
9.066132264529058096e-08 -8.099198396793588996e+06
9.090180360721443031e-08 -8.135270541082164273e+06
9.114228456913827965e-08 -8.171342685370743275e+06
9.138276553106211576e-08 -8.207414829659318551e+06
9.162324649298596511e-08 -8.243486973947893828e+06
9.186372745490981445e-08 -8.279559118236472830e+06
9.210420841683366380e-08 -8.315631262525048107e+06
9.234468937875751314e-08 -8.351703406813627109e+06
9.258517034068136249e-08 -8.387775551102204248e+06
9.282565130260521183e-08 -8.423847695390783250e+06
9.306613226452906118e-08 -8.459919839679358527e+06
9.330661322645291052e-08 -8.495991983967937529e+06
9.354709418837674663e-08 -8.532064128256512806e+06
9.378757515030059598e-08 -8.568136272545088083e+06
9.402805611222444532e-08 -8.604208416833667085e+06
9.426853707414829467e-08 -8.640280561122242361e+06
9.450901803607214401e-08 -8.676352705410823226e+06
9.474949899799599336e-08 -8.712424849699398503e+06
9.498997995991984270e-08 -8.748496993987977505e+06
9.523046092184367881e-08 -8.784569138276552781e+06
9.547094188376752816e-08 -8.820641282565128058e+06
9.571142284569137750e-08 -8.856713426853707060e+06
9.595190380761522685e-08 -8.892785571142282337e+06
9.619238476953907619e-08 -8.928857715430863202e+06
9.643286573146292554e-08 -8.964929859719438478e+06
9.667334669338677488e-08 -9.001002004008017480e+06
9.691382765531062422e-08 -9.037074148296592757e+06
9.715430861723447357e-08 -9.073146292585171759e+06
9.739478957915830968e-08 -9.109218436873747036e+06
9.763527054108215902e-08 -9.145290581162322313e+06
9.787575150300600837e-08 -9.181362725450901315e+06
9.811623246492985771e-08 -9.217434869739478454e+06
9.835671342685370706e-08 -9.253507014028057456e+06
9.859719438877755640e-08 -9.289579158316632733e+06
9.883767535070140575e-08 -9.325651302605211735e+06
9.907815631262524186e-08 -9.361723446893787012e+06
9.931863727454909120e-08 -9.397795591182362288e+06
9.955911823647294055e-08 -9.433867735470941290e+06
9.979959919839678989e-08 -9.469939879759516567e+06
1.000400801603206392e-07 -9.506012024048097432e+06
1.002805611222444886e-07 -9.542084168336672708e+06
1.005210420841683379e-07 -9.578156312625251710e+06
1.007615230460921873e-07 -9.614228456913826987e+06
1.010020040080160366e-07 -9.650300601202405989e+06
1.012424849699398727e-07 -9.686372745490981266e+06
1.014829659318637221e-07 -9.722444889779556543e+06
1.017234468937875714e-07 -9.758517034068137407e+06
1.019639278557114208e-07 -9.794589178356712684e+06
1.022044088176352701e-07 -9.830661322645291686e+06
1.024448897795591195e-07 -9.866733466933866963e+06
1.026853707414829688e-07 -9.902805611222445965e+06
1.029258517034068049e-07 -9.938877755511021242e+06
1.031663326653306543e-07 -9.974949899799596518e+06
1.034068136272545036e-07 -1.001102204408817738e+07
1.036472945891783529e-07 -1.004709418837675266e+07
1.038877755511022023e-07 -1.008316633266533166e+07
1.041282565130260516e-07 -1.011923847695390694e+07
1.043687374749499010e-07 -1.015531062124248594e+07
1.046092184368737503e-07 -1.019138276553106122e+07
1.048496993987975997e-07 -1.022745490981964022e+07
1.050901803607214358e-07 -1.026352705410821550e+07
1.053306613226452851e-07 -1.029959919839679264e+07
1.055711422845691345e-07 -1.033567134268537164e+07
1.058116232464929838e-07 -1.037174348697394691e+07
1.060521042084168332e-07 -1.040781563126252592e+07
1.062925851703406825e-07 -1.044388777555110119e+07
1.065330661322645318e-07 -1.047995991983968019e+07
1.067735470941883680e-07 -1.051603206412825547e+07
1.070140280561122173e-07 -1.055210420841683075e+07
1.072545090180360666e-07 -1.058817635270541161e+07
1.074949899799599160e-07 -1.062424849699398689e+07
1.077354709418837653e-07 -1.066032064128256589e+07
1.079759519038076147e-07 -1.069639278557114117e+07
1.082164328657314640e-07 -1.073246492985972017e+07
1.084569138276553134e-07 -1.076853707414829545e+07
1.086973947895791627e-07 -1.080460921843687445e+07
1.089378757515029988e-07 -1.084068136272545159e+07
1.091783567134268482e-07 -1.087675350701402687e+07
1.094188376753506975e-07 -1.091282565130260587e+07
1.096593186372745469e-07 -1.094889779559118114e+07
1.098997995991983962e-07 -1.098496993987976015e+07
1.101402805611222455e-07 -1.102104208416833542e+07
1.103807615230460949e-07 -1.105711422845691442e+07
1.106212424849699310e-07 -1.109318637274548970e+07
1.108617234468937803e-07 -1.112925851703406684e+07
1.111022044088176297e-07 -1.116533066132264584e+07
1.113426853707414790e-07 -1.120140280561122112e+07
1.115831663326653284e-07 -1.123747494989980012e+07
1.118236472945891777e-07 -1.127354709418837540e+07
1.120641282565130271e-07 -1.130961923847695440e+07
1.123046092184368764e-07 -1.134569138276552968e+07
1.125450901803607258e-07 -1.138176352705411054e+07
1.127855711422845619e-07 -1.141783567134268582e+07
1.130260521042084112e-07 -1.145390781563126110e+07
1.132665330661322606e-07 -1.148997995991984010e+07
1.135070140280561099e-07 -1.152605210420841537e+07
1.137474949899799592e-07 -1.156212424849699438e+07
1.139879759519038086e-07 -1.159819639278556965e+07
1.142284569138276579e-07 -1.163426853707415052e+07
1.144689378757514940e-07 -1.167034068136272579e+07
1.147094188376753434e-07 -1.170641282565130107e+07
1.149498997995991927e-07 -1.174248496993988007e+07
1.151903807615230421e-07 -1.177855711422845535e+07
1.154308617234468914e-07 -1.181462925851703435e+07
1.156713426853707408e-07 -1.185070140280560963e+07
1.159118236472945901e-07 -1.188677354709418863e+07
1.161523046092184395e-07 -1.192284569138276577e+07
1.163927855711422888e-07 -1.195891783567134477e+07
1.166332665330661249e-07 -1.199498997995992005e+07
1.168737474949899743e-07 -1.203106212424849533e+07
1.171142284569138236e-07 -1.206713426853707433e+07
1.173547094188376730e-07 -1.210320641282564960e+07
1.175951903807615223e-07 -1.213927855711422861e+07
1.178356713426853716e-07 -1.217535070140280388e+07
1.180761523046092210e-07 -1.221142284569138475e+07
1.183166332665330571e-07 -1.224749498997996002e+07
1.185571142284569064e-07 -1.228356713426853530e+07
1.187975951903807558e-07 -1.231963927855711430e+07
1.190380761523046051e-07 -1.235571142284568958e+07
1.192785571142284545e-07 -1.239178356713426858e+07
1.195190380761522906e-07 -1.242785571142284386e+07
1.197595190380761532e-07 -1.246392785571142472e+07
1.199999999999999893e-07 -1.250000000000000000e+07
---------------
