field_vs_time
---------------
0.000000000000000000e+00 2.500000000000000000e+06
2.404809619238476905e-10 2.500000000000000000e+06
4.809619238476953810e-10 2.500000000000000000e+06
7.214428857715430714e-10 2.500000000000000000e+06
9.619238476953907619e-10 2.500000000000000000e+06
1.202404809619238452e-09 2.500000000000000000e+06
1.442885771543086143e-09 2.500000000000000000e+06
1.683366733466933833e-09 2.500000000000000000e+06
1.923847695390781524e-09 2.500000000000000000e+06
2.164328657314629214e-09 2.500000000000000000e+06
2.404809619238476905e-09 2.500000000000000000e+06
2.645290581162324595e-09 2.500000000000000000e+06
2.885771543086172286e-09 2.500000000000000000e+06
3.126252505010019976e-09 2.500000000000000000e+06
3.366733466933867667e-09 2.500000000000000000e+06
3.607214428857715357e-09 2.500000000000000000e+06
3.847695390781563048e-09 2.500000000000000000e+06
4.088176352705410738e-09 2.500000000000000000e+06
4.328657314629258429e-09 2.500000000000000000e+06
4.569138276553106119e-09 2.500000000000000000e+06
4.809619238476953810e-09 2.500000000000000000e+06
5.050100200400801500e-09 2.500000000000000000e+06
5.290581162324649190e-09 2.500000000000000000e+06
5.531062124248496881e-09 2.500000000000000000e+06
5.771543086172344571e-09 2.500000000000000000e+06
6.012024048096192262e-09 2.500000000000000000e+06
6.252505010020039952e-09 2.500000000000000000e+06
6.492985971943887643e-09 2.500000000000000000e+06
6.733466933867735333e-09 2.500000000000000000e+06
6.973947895791583024e-09 2.500000000000000000e+06
7.214428857715430714e-09 2.500000000000000000e+06
7.454909819639278405e-09 2.500000000000000000e+06
7.695390781563126095e-09 2.500000000000000000e+06
7.935871743486973786e-09 2.500000000000000000e+06
8.176352705410821476e-09 2.500000000000000000e+06
8.416833667334669167e-09 2.500000000000000000e+06
8.657314629258516857e-09 2.500000000000000000e+06
8.897795591182364548e-09 2.500000000000000000e+06
9.138276553106212238e-09 2.500000000000000000e+06
9.378757515030059929e-09 2.500000000000000000e+06
9.619238476953907619e-09 2.500000000000000000e+06
9.859719438877755310e-09 2.500000000000000000e+06
1.010020040080160300e-08 2.500000000000000000e+06
1.034068136272545069e-08 2.500000000000000000e+06
1.058116232464929838e-08 2.500000000000000000e+06
1.082164328657314607e-08 2.500000000000000000e+06
1.106212424849699376e-08 2.500000000000000000e+06
1.130260521042084145e-08 2.500000000000000000e+06
1.154308617234468914e-08 2.500000000000000000e+06
1.178356713426853683e-08 2.500000000000000000e+06
1.202404809619238452e-08 2.500000000000000000e+06
1.226452905811623221e-08 2.500000000000000000e+06
1.250501002004007990e-08 2.500000000000000000e+06
1.274549098196392760e-08 2.500000000000000000e+06
1.298597194388777529e-08 2.500000000000000000e+06
1.322645290581162298e-08 2.500000000000000000e+06
1.346693386773547067e-08 2.500000000000000000e+06
1.370741482965931836e-08 2.500000000000000000e+06
1.394789579158316605e-08 2.500000000000000000e+06
1.418837675350701374e-08 2.500000000000000000e+06
1.442885771543086143e-08 2.500000000000000000e+06
1.466933867735470912e-08 2.500000000000000000e+06
1.490981963927855681e-08 2.500000000000000000e+06
1.515030060120240285e-08 2.500000000000000000e+06
1.539078156312625219e-08 2.500000000000000000e+06
1.563126252505010154e-08 2.500000000000000000e+06
1.587174348697394757e-08 2.500000000000000000e+06
1.611222444889779361e-08 2.500000000000000000e+06
1.635270541082164295e-08 2.500000000000000000e+06
1.659318637274549230e-08 2.500000000000000000e+06
1.683366733466933833e-08 2.500000000000000000e+06
1.707414829659318437e-08 2.500000000000000000e+06
1.731462925851703371e-08 2.500000000000000000e+06
1.755511022044088306e-08 2.500000000000000000e+06
1.779559118236472910e-08 2.500000000000000000e+06
1.803607214428857513e-08 2.500000000000000000e+06
1.827655310621242448e-08 2.500000000000000000e+06
1.851703406813627382e-08 2.500000000000000000e+06
1.875751503006011986e-08 2.500000000000000000e+06
1.899799599198396589e-08 2.500000000000000000e+06
1.923847695390781524e-08 2.500000000000000000e+06
1.947895791583166458e-08 2.500000000000000000e+06
1.971943887775551062e-08 2.500000000000000000e+06
1.995991983967935666e-08 2.500000000000000000e+06
2.020040080160320600e-08 2.479959919839679264e+06
2.044088176352705534e-08 2.455911823647294659e+06
2.068136272545090138e-08 2.431863727454910055e+06
2.092184368737474742e-08 2.407815631262525450e+06
2.116232464929859676e-08 2.383767535070140380e+06
2.140280561122244611e-08 2.359719438877755310e+06
2.164328657314629214e-08 2.335671342685370706e+06
2.188376753507013818e-08 2.311623246492986102e+06
2.212424849699398752e-08 2.287575150300601497e+06
2.236472945891783687e-08 2.263527054108216427e+06
2.260521042084168290e-08 2.239478957915831823e+06
2.284569138276552894e-08 2.215430861723447219e+06
2.308617234468937829e-08 2.191382765531062149e+06
2.332665330661322763e-08 2.167334669338677078e+06
2.356713426853707367e-08 2.143286573146292474e+06
2.380761523046091970e-08 2.119238476953907870e+06
2.404809619238476905e-08 2.095190380761523265e+06
2.428857715430861839e-08 2.071142284569138195e+06
2.452905811623246443e-08 2.047094188376753591e+06
2.476953907815631046e-08 2.023046092184368987e+06
2.501002004008015981e-08 1.998997995991983917e+06
2.525050100200400915e-08 1.974949899799599079e+06
2.549098196392785519e-08 1.950901803607214475e+06
2.573146292585170123e-08 1.926853707414829871e+06
2.597194388777555057e-08 1.902805611222445033e+06
2.621242484969939992e-08 1.878757515030059963e+06
2.645290581162324595e-08 1.854709418837675359e+06
2.669338677354709199e-08 1.830661322645290755e+06
2.693386773547094133e-08 1.806613226452905918e+06
2.717434869739479068e-08 1.782565130260521080e+06
2.741482965931863671e-08 1.758517034068136476e+06
2.765531062124248275e-08 1.734468937875751872e+06
2.789579158316633210e-08 1.710420841683366802e+06
2.813627254509018144e-08 1.686372745490981732e+06
2.837675350701402748e-08 1.662324649298597127e+06
2.861723446893787351e-08 1.638276553106212523e+06
2.885771543086172286e-08 1.614228456913827918e+06
2.909819639278557220e-08 1.590180360721442848e+06
2.933867735470941824e-08 1.566132264529058244e+06
2.957915831663326427e-08 1.542084168336673640e+06
2.981963927855711362e-08 1.518036072144288570e+06
3.006012024048096296e-08 1.493987975951903732e+06
3.030060120240480569e-08 1.469939879759519361e+06
3.054108216432865504e-08 1.445891783567134524e+06
3.078156312625250438e-08 1.421843687374749687e+06
3.102204408817635373e-08 1.397795591182364617e+06
3.126252505010020307e-08 1.373747494989979779e+06
3.150300601202404580e-08 1.349699398797595408e+06
3.174348697394789514e-08 1.325651302605210571e+06
3.198396793587174449e-08 1.301603206412825501e+06
3.222444889779558722e-08 1.277555110220441362e+06
3.246492985971943656e-08 1.253507014028056292e+06
3.270541082164328590e-08 1.229458917835671455e+06
3.294589178356713525e-08 1.205410821643286617e+06
3.318637274549098459e-08 1.181362725450901547e+06
3.342685370741482732e-08 1.157314629258517409e+06
3.366733466933867667e-08 1.133266533066132339e+06
3.390781563126252601e-08 1.109218436873747502e+06
3.414829659318636874e-08 1.085170340681363130e+06
3.438877755511021808e-08 1.061122244488978293e+06
3.462925851703406743e-08 1.037074148296593223e+06
3.486973947895791677e-08 1.013026052104208386e+06
3.511022044088176612e-08 9.889779559118233155e+05
3.535070140280560885e-08 9.649298597194391768e+05
3.559118236472945819e-08 9.408817635270541068e+05
3.583166332665330754e-08 9.168336673346692696e+05
3.607214428857715026e-08 8.927855711422851309e+05
3.631262525050099961e-08 8.687374749499000609e+05
3.655310621242484895e-08 8.446893787575152237e+05
3.679358717434869830e-08 8.206412825651301537e+05
3.703406813627254764e-08 7.965931863727453165e+05
3.727454909819639037e-08 7.725450901803609449e+05
3.751503006012023971e-08 7.484969939879761077e+05
3.775551102204408906e-08 7.244488977955910377e+05
3.799599198396793179e-08 7.004008016032068990e+05
3.823647294589178113e-08 6.763527054108218290e+05
3.847695390781563048e-08 6.523046092184369918e+05
3.871743486973947982e-08 6.282565130260521546e+05
3.895791583166332917e-08 6.042084168336670846e+05
3.919839679358717189e-08 5.801603206412829459e+05
3.943887775551102124e-08 5.561122244488978758e+05
3.967935871743487058e-08 5.320641282565130387e+05
3.991983967935871331e-08 5.080160320641286671e+05
4.016032064128256266e-08 4.839679358717438299e+05
4.040080160320641200e-08 4.599198396793587599e+05
4.064128256513026134e-08 4.358717434869739227e+05
4.088176352705411069e-08 4.118236472945890855e+05
4.112224448897795342e-08 3.877755511022047140e+05
4.136272545090180276e-08 3.637274549098196439e+05
4.160320641282565211e-08 3.396793587174350396e+05
4.184368737474949483e-08 3.156312625250504352e+05
4.208416833667334418e-08 2.915831663326658309e+05
4.232464929859719352e-08 2.675350701402807608e+05
4.256513026052104287e-08 2.434869739478956908e+05
4.280561122244489221e-08 2.194388777555106208e+05
4.304609218436873494e-08 1.953907815631264821e+05
4.328657314629258429e-08 1.713426853707414120e+05
4.352705410821643363e-08 1.472945891783568077e+05
4.376753507014027636e-08 1.232464929859722033e+05
4.400801603206412570e-08 9.919839679358759895e+04
4.424849699398797505e-08 7.515030060120252892e+04
4.448897795591182439e-08 5.110220440881745890e+04
4.472945891783567374e-08 2.705410821643285453e+04
4.496993987975951646e-08 3.006012024048250169e+03
4.521042084168336581e-08 -2.104208416833635420e+04
4.545090180360721515e-08 -4.509018036072142422e+04
4.569138276553105788e-08 -6.913827655310556293e+04
4.593186372745490723e-08 -9.318637274549063295e+04
4.617234468937875657e-08 -1.172344689378757030e+05
4.641282565130260592e-08 -1.412825651302607730e+05
4.665330661322645526e-08 -1.653306613226453774e+05
4.689378757515029799e-08 -1.893787575150299817e+05
4.713426853707414733e-08 -2.134268537074145861e+05
4.737474949899799668e-08 -2.374749498997996561e+05
4.761523046092183941e-08 -2.615230460921837948e+05
4.785571142284568875e-08 -2.855711422845688649e+05
4.809619238476953810e-08 -3.096192384769539349e+05
4.833667334669338744e-08 -3.336673346693385392e+05
4.857715430861723678e-08 -3.577154308617236093e+05
4.881763527054107951e-08 -3.817635270541077480e+05
4.905811623246492886e-08 -4.058116232464928180e+05
4.929859719438877820e-08 -4.298597194388778880e+05
4.953907815631262093e-08 -4.539078156312620267e+05
4.977955911823647027e-08 -4.779559118236470968e+05
5.002004008016031962e-08 -5.020040080160317011e+05
5.026052104208416896e-08 -5.260521042084167711e+05
5.050100200400801831e-08 -5.501002004008018412e+05
5.074148296593186104e-08 -5.741482965931859799e+05
5.098196392785571038e-08 -5.981963927855710499e+05
5.122244488977955973e-08 -6.222444889779561199e+05
5.146292585170340245e-08 -6.462925851703402586e+05
5.170340681362725180e-08 -6.703406813627253287e+05
5.194388777555110114e-08 -6.943887775551099330e+05
5.218436873747495049e-08 -7.184368737474950030e+05
5.242484969939879983e-08 -7.424849699398800731e+05
5.266533066132264256e-08 -7.665330661322642118e+05
5.290581162324649190e-08 -7.905811623246492818e+05
5.314629258517034125e-08 -8.146292585170338862e+05
5.338677354709418398e-08 -8.386773547094184905e+05
5.362725450901803332e-08 -8.627254509018030949e+05
5.386773547094188267e-08 -8.867735470941881649e+05
5.410821643286573201e-08 -9.108216432865732349e+05
5.434869739478958136e-08 -9.348697394789583050e+05
5.458917835671342408e-08 -9.589178356713424437e+05
5.482965931863727343e-08 -9.829659318637275137e+05
5.507014028056112277e-08 -1.007014028056112118e+06
5.531062124248496550e-08 -1.031062124248496722e+06
5.555110220440881485e-08 -1.055110220440881327e+06
5.579158316633266419e-08 -1.079158316633266397e+06
5.603206412825651354e-08 -1.103206412825651467e+06
5.627254509018036288e-08 -1.127254509018036071e+06
5.651302605210420561e-08 -1.151302605210420676e+06
5.675350701402805495e-08 -1.175350701402805280e+06
5.699398797595190430e-08 -1.199398797595190350e+06
5.723446893787574702e-08 -1.223446893787574489e+06
5.747494989979959637e-08 -1.247494989979959559e+06
5.771543086172344571e-08 -1.271543086172344629e+06
5.795591182364729506e-08 -1.295591182364729233e+06
5.819639278557114440e-08 -1.319639278557114303e+06
5.843687374749498713e-08 -1.343687374749498442e+06
5.867735470941883648e-08 -1.367735470941883512e+06
5.891783567134268582e-08 -1.391783567134268582e+06
5.915831663326652855e-08 -1.415831663326652721e+06
5.939879759519037789e-08 -1.439879759519037791e+06
5.963927855711422724e-08 -1.463927855711422861e+06
5.987975951903807658e-08 -1.487975951903807465e+06
6.012024048096192593e-08 -1.512024048096192535e+06
6.036072144288577527e-08 -1.536072144288577605e+06
6.060120240480961138e-08 -1.560120240480961278e+06
6.084168336673346073e-08 -1.584168336673345882e+06
6.108216432865731007e-08 -1.608216432865730952e+06
6.132264529058115942e-08 -1.632264529058116022e+06
6.156312625250500876e-08 -1.656312625250500627e+06
6.180360721442885811e-08 -1.680360721442885697e+06
6.204408817635270745e-08 -1.704408817635270767e+06
6.228456913827655680e-08 -1.728456913827655837e+06
6.252505010020040614e-08 -1.752505010020040907e+06
6.276553106212424225e-08 -1.776553106212424114e+06
6.300601202404809160e-08 -1.800601202404809184e+06
6.324649298597194094e-08 -1.824649298597194254e+06
6.348697394789579029e-08 -1.848697394789579324e+06
6.372745490981963963e-08 -1.872745490981963463e+06
6.396793587174348898e-08 -1.896793587174348533e+06
6.420841683366733832e-08 -1.920841683366733603e+06
6.444889779559117443e-08 -1.944889779559117742e+06
6.468937875751502378e-08 -1.968937875751501881e+06
6.492985971943887312e-08 -1.992985971943886951e+06
6.517034068136272246e-08 -2.017034068136272021e+06
6.541082164328657181e-08 -2.041082164328657091e+06
6.565130260521042115e-08 -2.065130260521042161e+06
6.589178356713427050e-08 -2.089178356713427231e+06
6.613226452905811984e-08 -2.113226452905812301e+06
6.637274549098196919e-08 -2.137274549098196439e+06
6.661322645290580530e-08 -2.161322645290580578e+06
6.685370741482965464e-08 -2.185370741482965648e+06
6.709418837675350399e-08 -2.209418837675350718e+06
6.733466933867735333e-08 -2.233466933867734857e+06
6.757515030060120268e-08 -2.257515030060119927e+06
6.781563126252505202e-08 -2.281563126252504997e+06
6.805611222444890137e-08 -2.305611222444890067e+06
6.829659318637273748e-08 -2.329659318637273274e+06
6.853707414829658682e-08 -2.353707414829658344e+06
6.877755511022043617e-08 -2.377755511022043414e+06
6.901803607214428551e-08 -2.401803607214428484e+06
6.925851703406813486e-08 -2.425851703406813554e+06
6.949899799599198420e-08 -2.449899799599198624e+06
6.973947895791583355e-08 -2.473947895791583695e+06
6.997995991983968289e-08 -2.497995991983967833e+06
7.022044088176353224e-08 -2.522044088176352903e+06
7.046092184368736835e-08 -2.546092184368737042e+06
7.070140280561121769e-08 -2.570140280561122112e+06
7.094188376753506704e-08 -2.594188376753506251e+06
7.118236472945891638e-08 -2.618236472945891321e+06
7.142284569138276573e-08 -2.642284569138276391e+06
7.166332665330661507e-08 -2.666332665330661461e+06
7.190380761523046442e-08 -2.690380761523046531e+06
7.214428857715430053e-08 -2.714428857715429738e+06
7.238476953907814987e-08 -2.738476953907814808e+06
7.262525050100199922e-08 -2.762525050100199878e+06
7.286573146292584856e-08 -2.786573146292584948e+06
7.310621242484969790e-08 -2.810621242484970018e+06
7.334669338677354725e-08 -2.834669338677355088e+06
7.358717434869739659e-08 -2.858717434869739227e+06
7.382765531062124594e-08 -2.882765531062124297e+06
7.406813627254509528e-08 -2.906813627254509367e+06
7.430861723446893139e-08 -2.930861723446893506e+06
7.454909819639278074e-08 -2.954909819639277644e+06
7.478957915831663008e-08 -2.978957915831662714e+06
7.503006012024047943e-08 -3.003006012024047785e+06
7.527054108216432877e-08 -3.027054108216432855e+06
7.551102204408817812e-08 -3.051102204408817925e+06
7.575150300601202746e-08 -3.075150300601202995e+06
7.599198396793586357e-08 -3.099198396793586202e+06
7.623246492985971292e-08 -3.123246492985971272e+06
7.647294589178356226e-08 -3.147294589178356342e+06
7.671342685370741161e-08 -3.171342685370741412e+06
7.695390781563126095e-08 -3.195390781563126482e+06
7.719438877755511030e-08 -3.219438877755510621e+06
7.743486973947895964e-08 -3.243486973947895691e+06
7.767535070140280899e-08 -3.267535070140280761e+06
7.791583166332665833e-08 -3.291583166332665831e+06
7.815631262525049444e-08 -3.315631262525049038e+06
7.839679358717434379e-08 -3.339679358717434108e+06
7.863727454909819313e-08 -3.363727454909819178e+06
7.887775551102204248e-08 -3.387775551102204248e+06
7.911823647294589182e-08 -3.411823647294589318e+06
7.935871743486974117e-08 -3.435871743486974388e+06
7.959919839679359051e-08 -3.459919839679359458e+06
7.983967935871742662e-08 -3.483967935871743597e+06
8.008016032064127597e-08 -3.508016032064126804e+06
8.032064128256512531e-08 -3.532064128256512806e+06
8.056112224448897466e-08 -3.556112224448896945e+06
8.080160320641282400e-08 -3.580160320641282946e+06
8.104208416833667334e-08 -3.604208416833667085e+06
8.128256513026052269e-08 -3.628256513026053086e+06
8.152304609218437203e-08 -3.652304609218436293e+06
8.176352705410822138e-08 -3.676352705410822295e+06
8.200400801603205749e-08 -3.700400801603206433e+06
8.224448897795590683e-08 -3.724448897795589641e+06
8.248496993987975618e-08 -3.748496993987976573e+06
8.272545090180360552e-08 -3.772545090180359781e+06
8.296593186372745487e-08 -3.796593186372745782e+06
8.320641282565130421e-08 -3.820641282565129921e+06
8.344689378757515356e-08 -3.844689378757515922e+06
8.368737474949898967e-08 -3.868737474949899130e+06
8.392785571142283901e-08 -3.892785571142283268e+06
8.416833667334668836e-08 -3.916833667334669270e+06
8.440881763527053770e-08 -3.940881763527053408e+06
8.464929859719438705e-08 -3.964929859719439410e+06
8.488977955911823639e-08 -3.988977955911822617e+06
8.513026052104208574e-08 -4.013026052104209550e+06
8.537074148296593508e-08 -4.037074148296592757e+06
8.561122244488978443e-08 -4.061122244488978758e+06
8.585170340681362054e-08 -4.085170340681362897e+06
8.609218436873746988e-08 -4.109218436873746105e+06
8.633266533066131923e-08 -4.133266533066132106e+06
8.657314629258516857e-08 -4.157314629258516245e+06
8.681362725450901792e-08 -4.181362725450902246e+06
8.705410821643286726e-08 -4.205410821643286385e+06
8.729458917835671661e-08 -4.229458917835672386e+06
8.753507014028055272e-08 -4.253507014028055593e+06
8.777555110220440206e-08 -4.277555110220439732e+06
8.801603206412825141e-08 -4.301603206412825733e+06
8.825651302605210075e-08 -4.325651302605208941e+06
8.849699398797595010e-08 -4.349699398797595873e+06
8.873747494989979944e-08 -4.373747494989979081e+06
8.897795591182364878e-08 -4.397795591182365082e+06
8.921843687374749813e-08 -4.421843687374749221e+06
8.945891783567134747e-08 -4.445891783567135222e+06
8.969939879759518358e-08 -4.469939879759519361e+06
8.993987975951903293e-08 -4.493987975951902568e+06
9.018036072144288227e-08 -4.518036072144288570e+06
9.042084168336673162e-08 -4.542084168336672708e+06
9.066132264529058096e-08 -4.566132264529058710e+06
9.090180360721443031e-08 -4.590180360721441917e+06
9.114228456913827965e-08 -4.614228456913828850e+06
9.138276553106211576e-08 -4.638276553106212057e+06
9.162324649298596511e-08 -4.662324649298596196e+06
9.186372745490981445e-08 -4.686372745490982197e+06
9.210420841683366380e-08 -4.710420841683365405e+06
9.234468937875751314e-08 -4.734468937875752337e+06
9.258517034068136249e-08 -4.758517034068135545e+06
9.282565130260521183e-08 -4.782565130260521546e+06
9.306613226452906118e-08 -4.806613226452905685e+06
9.330661322645291052e-08 -4.830661322645291686e+06
9.354709418837674663e-08 -4.854709418837674893e+06
9.378757515030059598e-08 -4.878757515030059032e+06
9.402805611222444532e-08 -4.902805611222445033e+06
9.426853707414829467e-08 -4.926853707414829172e+06
9.450901803607214401e-08 -4.950901803607215174e+06
9.474949899799599336e-08 -4.974949899799598381e+06
9.498997995991984270e-08 -4.998997995991985314e+06
9.523046092184367881e-08 -5.023046092184368521e+06
9.547094188376752816e-08 -5.047094188376751728e+06
9.571142284569137750e-08 -5.071142284569138661e+06
9.595190380761522685e-08 -5.095190380761521868e+06
9.619238476953907619e-08 -5.119238476953907870e+06
9.643286573146292554e-08 -5.143286573146292008e+06
9.667334669338677488e-08 -5.167334669338678010e+06
9.691382765531062422e-08 -5.191382765531062149e+06
9.715430861723447357e-08 -5.215430861723448150e+06
9.739478957915830968e-08 -5.239478957915831357e+06
9.763527054108215902e-08 -5.263527054108215496e+06
9.787575150300600837e-08 -5.287575150300601497e+06
9.811623246492985771e-08 -5.311623246492984705e+06
9.835671342685370706e-08 -5.335671342685371637e+06
9.859719438877755640e-08 -5.359719438877754845e+06
9.883767535070140575e-08 -5.383767535070140846e+06
9.907815631262524186e-08 -5.407815631262524985e+06
9.931863727454909120e-08 -5.431863727454908192e+06
9.955911823647294055e-08 -5.455911823647295125e+06
9.979959919839678989e-08 -5.479959919839678332e+06
1.000400801603206392e-07 -5.504008016032064334e+06
1.002805611222444886e-07 -5.528056112224448472e+06
1.005210420841683379e-07 -5.552104208416834474e+06
1.007615230460921873e-07 -5.576152304609217681e+06
1.010020040080160366e-07 -5.600200400801604614e+06
1.012424849699398727e-07 -5.624248496993987821e+06
1.014829659318637221e-07 -5.648296593186371960e+06
1.017234468937875714e-07 -5.672344689378757961e+06
1.019639278557114208e-07 -5.696392785571141168e+06
1.022044088176352701e-07 -5.720440881763527170e+06
1.024448897795591195e-07 -5.744488977955911309e+06
1.026853707414829688e-07 -5.768537074148297310e+06
1.029258517034068049e-07 -5.792585170340681449e+06
1.031663326653306543e-07 -5.816633266533064656e+06
1.034068136272545036e-07 -5.840681362725450657e+06
1.036472945891783529e-07 -5.864729458917834796e+06
1.038877755511022023e-07 -5.888777555110221729e+06
1.041282565130260516e-07 -5.912825651302604005e+06
1.043687374749499010e-07 -5.936873747494990006e+06
1.046092184368737503e-07 -5.960921843687374145e+06
1.048496993987975997e-07 -5.984969939879760146e+06
1.050901803607214358e-07 -6.009018036072144285e+06
1.053306613226452851e-07 -6.033066132264528424e+06
1.055711422845691345e-07 -6.057114228456914425e+06
1.058116232464929838e-07 -6.081162324649298564e+06
1.060521042084168332e-07 -6.105210420841684565e+06
1.062925851703406825e-07 -6.129258517034066841e+06
1.065330661322645318e-07 -6.153306613226454705e+06
1.067735470941883680e-07 -6.177354709418836981e+06
1.070140280561122173e-07 -6.201402805611221120e+06
1.072545090180360666e-07 -6.225450901803607121e+06
1.074949899799599160e-07 -6.249498997995991260e+06
1.077354709418837653e-07 -6.273547094188377261e+06
1.079759519038076147e-07 -6.297595190380761400e+06
1.082164328657314640e-07 -6.321643286573147401e+06
1.084569138276553134e-07 -6.345691382765531540e+06
1.086973947895791627e-07 -6.369739478957917541e+06
1.089378757515029988e-07 -6.393787575150299817e+06
1.091783567134268482e-07 -6.417835671342683956e+06
1.094188376753506975e-07 -6.441883767535069957e+06
1.096593186372745469e-07 -6.465931863727454096e+06
1.098997995991983962e-07 -6.489979959919840097e+06
1.101402805611222455e-07 -6.514028056112224236e+06
1.103807615230460949e-07 -6.538076152304610237e+06
1.106212424849699310e-07 -6.562124248496994376e+06
1.108617234468937803e-07 -6.586172344689376652e+06
1.111022044088176297e-07 -6.610220440881764516e+06
1.113426853707414790e-07 -6.634268537074146792e+06
1.115831663326653284e-07 -6.658316633266532794e+06
1.118236472945891777e-07 -6.682364729458916932e+06
1.120641282565130271e-07 -6.706412825651302934e+06
1.123046092184368764e-07 -6.730460921843687072e+06
1.125450901803607258e-07 -6.754509018036073074e+06
1.127855711422845619e-07 -6.778557114228457212e+06
1.130260521042084112e-07 -6.802605210420839489e+06
1.132665330661322606e-07 -6.826653306613227352e+06
1.135070140280561099e-07 -6.850701402805609629e+06
1.137474949899799592e-07 -6.874749498997995630e+06
1.139879759519038086e-07 -6.898797595190379769e+06
1.142284569138276579e-07 -6.922845691382765770e+06
1.144689378757514940e-07 -6.946893787575149909e+06
1.147094188376753434e-07 -6.970941883767534047e+06
1.149498997995991927e-07 -6.994989979959920049e+06
1.151903807615230421e-07 -7.019038076152304187e+06
1.154308617234468914e-07 -7.043086172344690189e+06
1.156713426853707408e-07 -7.067134268537072465e+06
1.159118236472945901e-07 -7.091182364729460329e+06
1.161523046092184395e-07 -7.115230460921842605e+06
1.163927855711422888e-07 -7.139278557114228606e+06
1.166332665330661249e-07 -7.163326653306612745e+06
1.168737474949899743e-07 -7.187374749498996884e+06
1.171142284569138236e-07 -7.211422845691382885e+06
1.173547094188376730e-07 -7.235470941883767024e+06
1.175951903807615223e-07 -7.259519038076153025e+06
1.178356713426853716e-07 -7.283567134268537164e+06
1.180761523046092210e-07 -7.307615230460923165e+06
1.183166332665330571e-07 -7.331663326653305441e+06
1.185571142284569064e-07 -7.355711422845689580e+06
1.187975951903807558e-07 -7.379759519038075581e+06
1.190380761523046051e-07 -7.403807615230459720e+06
1.192785571142284545e-07 -7.427855711422845721e+06
1.195190380761522906e-07 -7.451903807615229860e+06
1.197595190380761532e-07 -7.475951903807615861e+06
1.199999999999999893e-07 -7.500000000000000000e+06
---------------
