field_vs_time
---------------
0.000000000000000000e+00 2.500000000000000000e+06
2.404809619238476905e-10 2.500000000000000000e+06
4.809619238476953810e-10 2.500000000000000000e+06
7.214428857715430714e-10 2.500000000000000000e+06
9.619238476953907619e-10 2.500000000000000000e+06
1.202404809619238452e-09 2.500000000000000000e+06
1.442885771543086143e-09 2.500000000000000000e+06
1.683366733466933833e-09 2.500000000000000000e+06
1.923847695390781524e-09 2.500000000000000000e+06
2.164328657314629214e-09 2.500000000000000000e+06
2.404809619238476905e-09 2.500000000000000000e+06
2.645290581162324595e-09 2.500000000000000000e+06
2.885771543086172286e-09 2.500000000000000000e+06
3.126252505010019976e-09 2.500000000000000000e+06
3.366733466933867667e-09 2.500000000000000000e+06
3.607214428857715357e-09 2.500000000000000000e+06
3.847695390781563048e-09 2.500000000000000000e+06
4.088176352705410738e-09 2.500000000000000000e+06
4.328657314629258429e-09 2.500000000000000000e+06
4.569138276553106119e-09 2.500000000000000000e+06
4.809619238476953810e-09 2.500000000000000000e+06
5.050100200400801500e-09 2.500000000000000000e+06
5.290581162324649190e-09 2.500000000000000000e+06
5.531062124248496881e-09 2.500000000000000000e+06
5.771543086172344571e-09 2.500000000000000000e+06
6.012024048096192262e-09 2.500000000000000000e+06
6.252505010020039952e-09 2.500000000000000000e+06
6.492985971943887643e-09 2.500000000000000000e+06
6.733466933867735333e-09 2.500000000000000000e+06
6.973947895791583024e-09 2.500000000000000000e+06
7.214428857715430714e-09 2.500000000000000000e+06
7.454909819639278405e-09 2.500000000000000000e+06
7.695390781563126095e-09 2.500000000000000000e+06
7.935871743486973786e-09 2.500000000000000000e+06
8.176352705410821476e-09 2.500000000000000000e+06
8.416833667334669167e-09 2.500000000000000000e+06
8.657314629258516857e-09 2.500000000000000000e+06
8.897795591182364548e-09 2.500000000000000000e+06
9.138276553106212238e-09 2.500000000000000000e+06
9.378757515030059929e-09 2.500000000000000000e+06
9.619238476953907619e-09 2.500000000000000000e+06
9.859719438877755310e-09 2.500000000000000000e+06
1.010020040080160300e-08 2.500000000000000000e+06
1.034068136272545069e-08 2.500000000000000000e+06
1.058116232464929838e-08 2.500000000000000000e+06
1.082164328657314607e-08 2.500000000000000000e+06
1.106212424849699376e-08 2.500000000000000000e+06
1.130260521042084145e-08 2.500000000000000000e+06
1.154308617234468914e-08 2.500000000000000000e+06
1.178356713426853683e-08 2.500000000000000000e+06
1.202404809619238452e-08 2.500000000000000000e+06
1.226452905811623221e-08 2.500000000000000000e+06
1.250501002004007990e-08 2.500000000000000000e+06
1.274549098196392760e-08 2.500000000000000000e+06
1.298597194388777529e-08 2.500000000000000000e+06
1.322645290581162298e-08 2.500000000000000000e+06
1.346693386773547067e-08 2.500000000000000000e+06
1.370741482965931836e-08 2.500000000000000000e+06
1.394789579158316605e-08 2.500000000000000000e+06
1.418837675350701374e-08 2.500000000000000000e+06
1.442885771543086143e-08 2.500000000000000000e+06
1.466933867735470912e-08 2.500000000000000000e+06
1.490981963927855681e-08 2.500000000000000000e+06
1.515030060120240285e-08 2.500000000000000000e+06
1.539078156312625219e-08 2.500000000000000000e+06
1.563126252505010154e-08 2.500000000000000000e+06
1.587174348697394757e-08 2.500000000000000000e+06
1.611222444889779361e-08 2.500000000000000000e+06
1.635270541082164295e-08 2.500000000000000000e+06
1.659318637274549230e-08 2.500000000000000000e+06
1.683366733466933833e-08 2.500000000000000000e+06
1.707414829659318437e-08 2.500000000000000000e+06
1.731462925851703371e-08 2.500000000000000000e+06
1.755511022044088306e-08 2.500000000000000000e+06
1.779559118236472910e-08 2.500000000000000000e+06
1.803607214428857513e-08 2.500000000000000000e+06
1.827655310621242448e-08 2.500000000000000000e+06
1.851703406813627382e-08 2.500000000000000000e+06
1.875751503006011986e-08 2.500000000000000000e+06
1.899799599198396589e-08 2.500000000000000000e+06
1.923847695390781524e-08 2.500000000000000000e+06
1.947895791583166458e-08 2.500000000000000000e+06
1.971943887775551062e-08 2.500000000000000000e+06
1.995991983967935666e-08 2.500000000000000000e+06
2.020040080160320600e-08 2.449899799599198624e+06
2.044088176352705534e-08 2.389779559118236415e+06
2.068136272545090138e-08 2.329659318637274671e+06
2.092184368737474742e-08 2.269539078156313393e+06
2.116232464929859676e-08 2.209418837675350718e+06
2.140280561122244611e-08 2.149298597194388509e+06
2.164328657314629214e-08 2.089178356713426998e+06
2.188376753507013818e-08 2.029058116232465487e+06
2.212424849699398752e-08 1.968937875751503278e+06
2.236472945891783687e-08 1.908817635270540835e+06
2.260521042084168290e-08 1.848697394789579324e+06
2.284569138276552894e-08 1.788577154308617814e+06
2.308617234468937829e-08 1.728456913827655371e+06
2.332665330661322763e-08 1.668336673346693162e+06
2.356713426853707367e-08 1.608216432865731651e+06
2.380761523046091970e-08 1.548096192384770140e+06
2.404809619238476905e-08 1.487975951903807931e+06
2.428857715430861839e-08 1.427855711422845488e+06
2.452905811623246443e-08 1.367735470941883978e+06
2.476953907815631046e-08 1.307615230460922467e+06
2.501002004008015981e-08 1.247494989979960257e+06
2.525050100200400915e-08 1.187374749498997815e+06
2.549098196392785519e-08 1.127254509018036304e+06
2.573146292585170123e-08 1.067134268537074793e+06
2.597194388777555057e-08 1.007014028056112351e+06
2.621242484969939992e-08 9.468937875751501415e+05
2.645290581162324595e-08 8.867735470941886306e+05
2.669338677354709199e-08 8.266533066132271197e+05
2.693386773547094133e-08 7.665330661322646774e+05
2.717434869739479068e-08 7.064128256513024680e+05
2.741482965931863671e-08 6.462925851703409571e+05
2.765531062124248275e-08 5.861723446893794462e+05
2.789579158316633210e-08 5.260521042084170040e+05
2.813627254509018144e-08 4.659318637274547946e+05
2.837675350701402748e-08 4.058116232464932837e+05
2.861723446893787351e-08 3.456913827655315399e+05
2.885771543086172286e-08 2.855711422845693305e+05
2.909819639278557220e-08 2.254509018036071211e+05
2.933867735470941824e-08 1.653306613226453774e+05
2.957915831663326427e-08 1.052104208416840993e+05
2.981963927855711362e-08 4.509018036072188988e+04
3.006012024048096296e-08 -1.503006012024078518e+04
3.030060120240480569e-08 -7.515030060120113194e+04
3.054108216432865504e-08 -1.352705410821638070e+05
3.078156312625250438e-08 -1.953907815631260164e+05
3.102204408817635373e-08 -2.555110220440882258e+05
3.126252505010020307e-08 -3.156312625250504352e+05
3.150300601202404580e-08 -3.757515030060112476e+05
3.174348697394789514e-08 -4.358717434869734570e+05
3.198396793587174449e-08 -4.959919839679361321e+05
3.222444889779558722e-08 -5.561122244488964789e+05
3.246492985971943656e-08 -6.162324649298591539e+05
3.270541082164328590e-08 -6.763527054108213633e+05
3.294589178356713525e-08 -7.364729458917835727e+05
3.318637274549098459e-08 -7.965931863727462478e+05
3.342685370741482732e-08 -8.567134268537065946e+05
3.366733466933867667e-08 -9.168336673346692696e+05
3.390781563126252601e-08 -9.769539078156314790e+05
3.414829659318636874e-08 -1.037074148296592291e+06
3.438877755511021808e-08 -1.097194388777554501e+06
3.462925851703406743e-08 -1.157314629258516710e+06
3.486973947895791677e-08 -1.217434869739478920e+06
3.511022044088176612e-08 -1.277555110220441595e+06
3.535070140280560885e-08 -1.337675350701401941e+06
3.559118236472945819e-08 -1.397795591182364617e+06
3.583166332665330754e-08 -1.457915831663326826e+06
3.607214428857715026e-08 -1.518036072144287638e+06
3.631262525050099961e-08 -1.578156312625249848e+06
3.655310621242484895e-08 -1.638276553106212057e+06
3.679358717434869830e-08 -1.698396793587174267e+06
3.703406813627254764e-08 -1.758517034068136476e+06
3.727454909819639037e-08 -1.818637274549097754e+06
3.751503006012023971e-08 -1.878757515030059963e+06
3.775551102204408906e-08 -1.938877755511022173e+06
3.799599198396793179e-08 -1.998997995991982520e+06
3.823647294589178113e-08 -2.059118236472944729e+06
3.847695390781563048e-08 -2.119238476953907870e+06
3.871743486973947982e-08 -2.179358717434870079e+06
3.895791583166332917e-08 -2.239478957915832289e+06
3.919839679358717189e-08 -2.299599198396792635e+06
3.943887775551102124e-08 -2.359719438877754845e+06
3.967935871743487058e-08 -2.419839679358717985e+06
3.991983967935871331e-08 -2.479959919839678332e+06
4.016032064128256266e-08 -2.540080160320640542e+06
4.040080160320641200e-08 -2.600200400801602751e+06
4.064128256513026134e-08 -2.660320641282564960e+06
4.088176352705411069e-08 -2.720440881763527170e+06
4.112224448897795342e-08 -2.780561122244488448e+06
4.136272545090180276e-08 -2.840681362725450657e+06
4.160320641282565211e-08 -2.900801603206412867e+06
4.184368737474949483e-08 -2.960921843687373213e+06
4.208416833667334418e-08 -3.021042084168336354e+06
4.232464929859719352e-08 -3.081162324649298564e+06
4.256513026052104287e-08 -3.141282565130260773e+06
4.280561122244489221e-08 -3.201402805611222982e+06
4.304609218436873494e-08 -3.261523046092183329e+06
4.328657314629258429e-08 -3.321643286573145539e+06
4.352705410821643363e-08 -3.381763527054108679e+06
4.376753507014027636e-08 -3.441883767535069026e+06
4.400801603206412570e-08 -3.502004008016031235e+06
4.424849699398797505e-08 -3.562124248496993445e+06
4.448897795591182439e-08 -3.622244488977955654e+06
4.472945891783567374e-08 -3.682364729458918795e+06
4.496993987975951646e-08 -3.742484969939879142e+06
4.521042084168336581e-08 -3.802605210420841351e+06
4.545090180360721515e-08 -3.862725450901803561e+06
4.569138276553105788e-08 -3.922845691382763907e+06
4.593186372745490723e-08 -3.982965931863727048e+06
4.617234468937875657e-08 -4.043086172344689257e+06
4.641282565130260592e-08 -4.103206412825651467e+06
4.665330661322645526e-08 -4.163326653306613676e+06
4.689378757515029799e-08 -4.223446893787574023e+06
4.713426853707414733e-08 -4.283567134268537164e+06
4.737474949899799668e-08 -4.343687374749499373e+06
4.761523046092183941e-08 -4.403807615230459720e+06
4.785571142284568875e-08 -4.463927855711421929e+06
4.809619238476953810e-08 -4.524048096192384139e+06
4.833667334669338744e-08 -4.584168336673346348e+06
4.857715430861723678e-08 -4.644288577154309489e+06
4.881763527054107951e-08 -4.704408817635269836e+06
4.905811623246492886e-08 -4.764529058116232045e+06
4.929859719438877820e-08 -4.824649298597194254e+06
4.953907815631262093e-08 -4.884769539078155532e+06
4.977955911823647027e-08 -4.944889779559117742e+06
5.002004008016031962e-08 -5.005010020040079951e+06
5.026052104208416896e-08 -5.065130260521042161e+06
5.050100200400801831e-08 -5.125250501002004370e+06
5.074148296593186104e-08 -5.185370741482964717e+06
5.098196392785571038e-08 -5.245490981963927858e+06
5.122244488977955973e-08 -5.305611222444890067e+06
5.146292585170340245e-08 -5.365731462925850414e+06
5.170340681362725180e-08 -5.425851703406812623e+06
5.194388777555110114e-08 -5.485971943887774833e+06
5.218436873747495049e-08 -5.546092184368737973e+06
5.242484969939879983e-08 -5.606212424849700183e+06
5.266533066132264256e-08 -5.666332665330660529e+06
5.290581162324649190e-08 -5.726452905811622739e+06
5.314629258517034125e-08 -5.786573146292584948e+06
5.338677354709418398e-08 -5.846693386773546226e+06
5.362725450901803332e-08 -5.906813627254508436e+06
5.386773547094188267e-08 -5.966933867735469714e+06
5.410821643286573201e-08 -6.027054108216432855e+06
5.434869739478958136e-08 -6.087174348697395995e+06
5.458917835671342408e-08 -6.147294589178355411e+06
5.482965931863727343e-08 -6.207414829659318551e+06
5.507014028056112277e-08 -6.267535070140279830e+06
5.531062124248496550e-08 -6.327655310621241108e+06
5.555110220440881485e-08 -6.387775551102204248e+06
5.579158316633266419e-08 -6.447895791583165526e+06
5.603206412825651354e-08 -6.508016032064128667e+06
5.627254509018036288e-08 -6.568136272545089945e+06
5.651302605210420561e-08 -6.628256513026051223e+06
5.675350701402805495e-08 -6.688376753507014364e+06
5.699398797595190430e-08 -6.748496993987975642e+06
5.723446893787574702e-08 -6.808617234468936920e+06
5.747494989979959637e-08 -6.868737474949898198e+06
5.771543086172344571e-08 -6.928857715430861339e+06
5.795591182364729506e-08 -6.988977955911824480e+06
5.819639278557114440e-08 -7.049098196392785758e+06
5.843687374749498713e-08 -7.109218436873747036e+06
5.867735470941883648e-08 -7.169338677354708314e+06
5.891783567134268582e-08 -7.229458917835671455e+06
5.915831663326652855e-08 -7.289579158316632733e+06
5.939879759519037789e-08 -7.349699398797594011e+06
5.963927855711422724e-08 -7.409819639278557152e+06
5.987975951903807658e-08 -7.469939879759518430e+06
6.012024048096192593e-08 -7.530060120240481570e+06
6.036072144288577527e-08 -7.590180360721442848e+06
6.060120240480961138e-08 -7.650300601202402264e+06
6.084168336673346073e-08 -7.710420841683365405e+06
6.108216432865731007e-08 -7.770541082164326683e+06
6.132264529058115942e-08 -7.830661322645289823e+06
6.156312625250500876e-08 -7.890781563126252964e+06
6.180360721442885811e-08 -7.950901803607214242e+06
6.204408817635270745e-08 -8.011022044088177383e+06
6.228456913827655680e-08 -8.071142284569138661e+06
6.252505010020040614e-08 -8.131262525050101802e+06
6.276553106212424225e-08 -8.191382765531061217e+06
6.300601202404809160e-08 -8.251503006012022495e+06
6.324649298597194094e-08 -8.311623246492985636e+06
6.348697394789579029e-08 -8.371743486973946914e+06
6.372745490981963963e-08 -8.431863727454910055e+06
6.396793587174348898e-08 -8.491983967935871333e+06
6.420841683366733832e-08 -8.552104208416834474e+06
6.444889779559117443e-08 -8.612224448897793889e+06
6.468937875751502378e-08 -8.672344689378755167e+06
6.492985971943887312e-08 -8.732464929859718308e+06
6.517034068136272246e-08 -8.792585170340679586e+06
6.541082164328657181e-08 -8.852705410821642727e+06
6.565130260521042115e-08 -8.912825651302605867e+06
6.589178356713427050e-08 -8.972945891783567145e+06
6.613226452905811984e-08 -9.033066132264530286e+06
6.637274549098196919e-08 -9.093186372745491564e+06
6.661322645290580530e-08 -9.153306613226450980e+06
6.685370741482965464e-08 -9.213426853707414120e+06
6.709418837675350399e-08 -9.273547094188375399e+06
6.733466933867735333e-08 -9.333667334669338539e+06
6.757515030060120268e-08 -9.393787575150299817e+06
6.781563126252505202e-08 -9.453907815631262958e+06
6.805611222444890137e-08 -9.514028056112226099e+06
6.829659318637273748e-08 -9.574148296593183652e+06
6.853707414829658682e-08 -9.634268537074146792e+06
6.877755511022043617e-08 -9.694388777555108070e+06
6.901803607214428551e-08 -9.754509018036071211e+06
6.925851703406813486e-08 -9.814629258517034352e+06
6.949899799599198420e-08 -9.874749498997995630e+06
6.973947895791583355e-08 -9.934869739478958771e+06
6.997995991983968289e-08 -9.994989979959920049e+06
7.022044088176353224e-08 -1.005511022044088319e+07
7.046092184368736835e-08 -1.011523046092184260e+07
7.070140280561121769e-08 -1.017535070140280388e+07
7.094188376753506704e-08 -1.023547094188376702e+07
7.118236472945891638e-08 -1.029559118236472830e+07
7.142284569138276573e-08 -1.035571142284569144e+07
7.166332665330661507e-08 -1.041583166332665458e+07
7.190380761523046442e-08 -1.047595190380761586e+07
7.214428857715430053e-08 -1.053607214428857528e+07
7.238476953907814987e-08 -1.059619238476953655e+07
7.262525050100199922e-08 -1.065631262525049970e+07
7.286573146292584856e-08 -1.071643286573146284e+07
7.310621242484969790e-08 -1.077655310621242411e+07
7.334669338677354725e-08 -1.083667334669338726e+07
7.358717434869739659e-08 -1.089679358717434853e+07
7.382765531062124594e-08 -1.095691382765531167e+07
7.406813627254509528e-08 -1.101703406813627295e+07
7.430861723446893139e-08 -1.107715430861723237e+07
7.454909819639278074e-08 -1.113727454909819551e+07
7.478957915831663008e-08 -1.119739478957915679e+07
7.503006012024047943e-08 -1.125751503006011993e+07
7.527054108216432877e-08 -1.131763527054108121e+07
7.551102204408817812e-08 -1.137775551102204435e+07
7.575150300601202746e-08 -1.143787575150300749e+07
7.599198396793586357e-08 -1.149799599198396504e+07
7.623246492985971292e-08 -1.155811623246492818e+07
7.647294589178356226e-08 -1.161823647294589132e+07
7.671342685370741161e-08 -1.167835671342685260e+07
7.695390781563126095e-08 -1.173847695390781574e+07
7.719438877755511030e-08 -1.179859719438877702e+07
7.743486973947895964e-08 -1.185871743486974016e+07
7.767535070140280899e-08 -1.191883767535070144e+07
7.791583166332665833e-08 -1.197895791583166458e+07
7.815631262525049444e-08 -1.203907815631262399e+07
7.839679358717434379e-08 -1.209919839679358527e+07
7.863727454909819313e-08 -1.215931863727454841e+07
7.887775551102204248e-08 -1.221943887775550969e+07
7.911823647294589182e-08 -1.227955911823647283e+07
7.935871743486974117e-08 -1.233967935871743597e+07
7.959919839679359051e-08 -1.239979959919839725e+07
7.983967935871742662e-08 -1.245991983967935853e+07
8.008016032064127597e-08 -1.252004008016031794e+07
8.032064128256512531e-08 -1.258016032064128295e+07
8.056112224448897466e-08 -1.264028056112224236e+07
8.080160320641282400e-08 -1.270040080160320736e+07
8.104208416833667334e-08 -1.276052104208416678e+07
8.128256513026052269e-08 -1.282064128256513178e+07
8.152304609218437203e-08 -1.288076152304609120e+07
8.176352705410822138e-08 -1.294088176352705620e+07
8.200400801603205749e-08 -1.300100200400801562e+07
8.224448897795590683e-08 -1.306112224448897503e+07
8.248496993987975618e-08 -1.312124248496994004e+07
8.272545090180360552e-08 -1.318136272545089945e+07
8.296593186372745487e-08 -1.324148296593186446e+07
8.320641282565130421e-08 -1.330160320641282387e+07
8.344689378757515356e-08 -1.336172344689379074e+07
8.368737474949898967e-08 -1.342184368737474829e+07
8.392785571142283901e-08 -1.348196392785570771e+07
8.416833667334668836e-08 -1.354208416833667271e+07
8.440881763527053770e-08 -1.360220440881763212e+07
8.464929859719438705e-08 -1.366232464929859899e+07
8.488977955911823639e-08 -1.372244488977955654e+07
8.513026052104208574e-08 -1.378256513026052341e+07
8.537074148296593508e-08 -1.384268537074148282e+07
8.561122244488978443e-08 -1.390280561122244783e+07
8.585170340681362054e-08 -1.396292585170340724e+07
8.609218436873746988e-08 -1.402304609218436480e+07
8.633266533066131923e-08 -1.408316633266533166e+07
8.657314629258516857e-08 -1.414328657314629108e+07
8.681362725450901792e-08 -1.420340681362725608e+07
8.705410821643286726e-08 -1.426352705410821550e+07
8.729458917835671661e-08 -1.432364729458918050e+07
8.753507014028055272e-08 -1.438376753507013991e+07
8.777555110220440206e-08 -1.444388777555109933e+07
8.801603206412825141e-08 -1.450400801603206620e+07
8.825651302605210075e-08 -1.456412825651302189e+07
8.849699398797595010e-08 -1.462424849699398875e+07
8.873747494989979944e-08 -1.468436873747494817e+07
8.897795591182364878e-08 -1.474448897795591503e+07
8.921843687374749813e-08 -1.480460921843687445e+07
8.945891783567134747e-08 -1.486472945891783759e+07
8.969939879759518358e-08 -1.492484969939879701e+07
8.993987975951903293e-08 -1.498496993987975642e+07
9.018036072144288227e-08 -1.504509018036072329e+07
9.042084168336673162e-08 -1.510521042084168270e+07
9.066132264529058096e-08 -1.516533066132264584e+07
9.090180360721443031e-08 -1.522545090180360526e+07
9.114228456913827965e-08 -1.528557114228457212e+07
9.138276553106211576e-08 -1.534569138276553154e+07
9.162324649298596511e-08 -1.540581162324649096e+07
9.186372745490981445e-08 -1.546593186372745410e+07
9.210420841683366380e-08 -1.552605210420841351e+07
9.234468937875751314e-08 -1.558617234468938038e+07
9.258517034068136249e-08 -1.564629258517033979e+07
9.282565130260521183e-08 -1.570641282565130293e+07
9.306613226452906118e-08 -1.576653306613226235e+07
9.330661322645291052e-08 -1.582665330661322922e+07
9.354709418837674663e-08 -1.588677354709418863e+07
9.378757515030059598e-08 -1.594689378757514805e+07
9.402805611222444532e-08 -1.600701402805611119e+07
9.426853707414829467e-08 -1.606713426853707060e+07
9.450901803607214401e-08 -1.612725450901803747e+07
9.474949899799599336e-08 -1.618737474949899688e+07
9.498997995991984270e-08 -1.624749498997996375e+07
9.523046092184367881e-08 -1.630761523046091944e+07
9.547094188376752816e-08 -1.636773547094187886e+07
9.571142284569137750e-08 -1.642785571142284572e+07
9.595190380761522685e-08 -1.648797595190380514e+07
9.619238476953907619e-08 -1.654809619238477200e+07
9.643286573146292554e-08 -1.660821643286573142e+07
9.667334669338677488e-08 -1.666833667334669456e+07
9.691382765531062422e-08 -1.672845691382765397e+07
9.715430861723447357e-08 -1.678857715430862084e+07
9.739478957915830968e-08 -1.684869739478958026e+07
9.763527054108215902e-08 -1.690881763527053967e+07
9.787575150300600837e-08 -1.696893787575150281e+07
9.811623246492985771e-08 -1.702905811623246223e+07
9.835671342685370706e-08 -1.708917835671342909e+07
9.859719438877755640e-08 -1.714929859719438851e+07
9.883767535070140575e-08 -1.720941883767535165e+07
9.907815631262524186e-08 -1.726953907815631106e+07
9.931863727454909120e-08 -1.732965931863727048e+07
9.955911823647294055e-08 -1.738977955911823735e+07
9.979959919839678989e-08 -1.744989979959919676e+07
1.000400801603206392e-07 -1.751002004008015990e+07
1.002805611222444886e-07 -1.757014028056111932e+07
1.005210420841683379e-07 -1.763026052104208618e+07
1.007615230460921873e-07 -1.769038076152304560e+07
1.010020040080160366e-07 -1.775050100200401247e+07
1.012424849699398727e-07 -1.781062124248496816e+07
1.014829659318637221e-07 -1.787074148296592757e+07
1.017234468937875714e-07 -1.793086172344689444e+07
1.019639278557114208e-07 -1.799098196392785385e+07
1.022044088176352701e-07 -1.805110220440882072e+07
1.024448897795591195e-07 -1.811122244488977641e+07
1.026853707414829688e-07 -1.817134268537074327e+07
1.029258517034068049e-07 -1.823146292585170269e+07
1.031663326653306543e-07 -1.829158316633266211e+07
1.034068136272545036e-07 -1.835170340681362897e+07
1.036472945891783529e-07 -1.841182364729458466e+07
1.038877755511022023e-07 -1.847194388777555153e+07
1.041282565130260516e-07 -1.853206412825651094e+07
1.043687374749499010e-07 -1.859218436873747781e+07
1.046092184368737503e-07 -1.865230460921843722e+07
1.048496993987975997e-07 -1.871242484969940037e+07
1.050901803607214358e-07 -1.877254509018035978e+07
1.053306613226452851e-07 -1.883266533066131920e+07
1.055711422845691345e-07 -1.889278557114228606e+07
1.058116232464929838e-07 -1.895290581162324548e+07
1.060521042084168332e-07 -1.901302605210420862e+07
1.062925851703406825e-07 -1.907314629258516803e+07
1.065330661322645318e-07 -1.913326653306613490e+07
1.067735470941883680e-07 -1.919338677354709432e+07
1.070140280561122173e-07 -1.925350701402805373e+07
1.072545090180360666e-07 -1.931362725450901687e+07
1.074949899799599160e-07 -1.937374749498997629e+07
1.077354709418837653e-07 -1.943386773547094315e+07
1.079759519038076147e-07 -1.949398797595190257e+07
1.082164328657314640e-07 -1.955410821643286571e+07
1.084569138276553134e-07 -1.961422845691382512e+07
1.086973947895791627e-07 -1.967434869739479199e+07
1.089378757515029988e-07 -1.973446893787575141e+07
1.091783567134268482e-07 -1.979458917835671082e+07
1.094188376753506975e-07 -1.985470941883767769e+07
1.096593186372745469e-07 -1.991482965931863338e+07
1.098997995991983962e-07 -1.997494989979960024e+07
1.101402805611222455e-07 -2.003507014028055966e+07
1.103807615230460949e-07 -2.009519038076152653e+07
1.106212424849699310e-07 -2.015531062124248594e+07
1.108617234468937803e-07 -2.021543086172344163e+07
1.111022044088176297e-07 -2.027555110220440850e+07
1.113426853707414790e-07 -2.033567134268536791e+07
1.115831663326653284e-07 -2.039579158316633478e+07
1.118236472945891777e-07 -2.045591182364729419e+07
1.120641282565130271e-07 -2.051603206412825733e+07
1.123046092184368764e-07 -2.057615230460921675e+07
1.125450901803607258e-07 -2.063627254509018362e+07
1.127855711422845619e-07 -2.069639278557114303e+07
1.130260521042084112e-07 -2.075651302605210245e+07
1.132665330661322606e-07 -2.081663326653306559e+07
1.135070140280561099e-07 -2.087675350701402500e+07
1.137474949899799592e-07 -2.093687374749499187e+07
1.139879759519038086e-07 -2.099699398797595128e+07
1.142284569138276579e-07 -2.105711422845691442e+07
1.144689378757514940e-07 -2.111723446893787384e+07
1.147094188376753434e-07 -2.117735470941883326e+07
1.149498997995991927e-07 -2.123747494989980012e+07
1.151903807615230421e-07 -2.129759519038075954e+07
1.154308617234468914e-07 -2.135771543086172268e+07
1.156713426853707408e-07 -2.141783567134268209e+07
1.159118236472945901e-07 -2.147795591182364896e+07
1.161523046092184395e-07 -2.153807615230460837e+07
1.163927855711422888e-07 -2.159819639278557524e+07
1.166332665330661249e-07 -2.165831663326653093e+07
1.168737474949899743e-07 -2.171843687374749035e+07
1.171142284569138236e-07 -2.177855711422845721e+07
1.173547094188376730e-07 -2.183867735470941663e+07
1.175951903807615223e-07 -2.189879759519038349e+07
1.178356713426853716e-07 -2.195891783567134291e+07
1.180761523046092210e-07 -2.201903807615230605e+07
1.183166332665330571e-07 -2.207915831663326547e+07
1.185571142284569064e-07 -2.213927855711422488e+07
1.187975951903807558e-07 -2.219939879759519175e+07
1.190380761523046051e-07 -2.225951903807615116e+07
1.192785571142284545e-07 -2.231963927855711430e+07
1.195190380761522906e-07 -2.237975951903807372e+07
1.197595190380761532e-07 -2.243987975951904058e+07
1.199999999999999893e-07 -2.250000000000000000e+07
---------------
