field_vs_time
---------------
0.000000000000000000e+00 2.500000000000000000e+06
2.404809619238476905e-10 2.500000000000000000e+06
4.809619238476953810e-10 2.500000000000000000e+06
7.214428857715430714e-10 2.500000000000000000e+06
9.619238476953907619e-10 2.500000000000000000e+06
1.202404809619238452e-09 2.500000000000000000e+06
1.442885771543086143e-09 2.500000000000000000e+06
1.683366733466933833e-09 2.500000000000000000e+06
1.923847695390781524e-09 2.500000000000000000e+06
2.164328657314629214e-09 2.500000000000000000e+06
2.404809619238476905e-09 2.500000000000000000e+06
2.645290581162324595e-09 2.500000000000000000e+06
2.885771543086172286e-09 2.500000000000000000e+06
3.126252505010019976e-09 2.500000000000000000e+06
3.366733466933867667e-09 2.500000000000000000e+06
3.607214428857715357e-09 2.500000000000000000e+06
3.847695390781563048e-09 2.500000000000000000e+06
4.088176352705410738e-09 2.500000000000000000e+06
4.328657314629258429e-09 2.500000000000000000e+06
4.569138276553106119e-09 2.500000000000000000e+06
4.809619238476953810e-09 2.500000000000000000e+06
5.050100200400801500e-09 2.500000000000000000e+06
5.290581162324649190e-09 2.500000000000000000e+06
5.531062124248496881e-09 2.500000000000000000e+06
5.771543086172344571e-09 2.500000000000000000e+06
6.012024048096192262e-09 2.500000000000000000e+06
6.252505010020039952e-09 2.500000000000000000e+06
6.492985971943887643e-09 2.500000000000000000e+06
6.733466933867735333e-09 2.500000000000000000e+06
6.973947895791583024e-09 2.500000000000000000e+06
7.214428857715430714e-09 2.500000000000000000e+06
7.454909819639278405e-09 2.500000000000000000e+06
7.695390781563126095e-09 2.500000000000000000e+06
7.935871743486973786e-09 2.500000000000000000e+06
8.176352705410821476e-09 2.500000000000000000e+06
8.416833667334669167e-09 2.500000000000000000e+06
8.657314629258516857e-09 2.500000000000000000e+06
8.897795591182364548e-09 2.500000000000000000e+06
9.138276553106212238e-09 2.500000000000000000e+06
9.378757515030059929e-09 2.500000000000000000e+06
9.619238476953907619e-09 2.500000000000000000e+06
9.859719438877755310e-09 2.500000000000000000e+06
1.010020040080160300e-08 2.500000000000000000e+06
1.034068136272545069e-08 2.500000000000000000e+06
1.058116232464929838e-08 2.500000000000000000e+06
1.082164328657314607e-08 2.500000000000000000e+06
1.106212424849699376e-08 2.500000000000000000e+06
1.130260521042084145e-08 2.500000000000000000e+06
1.154308617234468914e-08 2.500000000000000000e+06
1.178356713426853683e-08 2.500000000000000000e+06
1.202404809619238452e-08 2.500000000000000000e+06
1.226452905811623221e-08 2.500000000000000000e+06
1.250501002004007990e-08 2.500000000000000000e+06
1.274549098196392760e-08 2.500000000000000000e+06
1.298597194388777529e-08 2.500000000000000000e+06
1.322645290581162298e-08 2.500000000000000000e+06
1.346693386773547067e-08 2.500000000000000000e+06
1.370741482965931836e-08 2.500000000000000000e+06
1.394789579158316605e-08 2.500000000000000000e+06
1.418837675350701374e-08 2.500000000000000000e+06
1.442885771543086143e-08 2.500000000000000000e+06
1.466933867735470912e-08 2.500000000000000000e+06
1.490981963927855681e-08 2.500000000000000000e+06
1.515030060120240285e-08 2.500000000000000000e+06
1.539078156312625219e-08 2.500000000000000000e+06
1.563126252505010154e-08 2.500000000000000000e+06
1.587174348697394757e-08 2.500000000000000000e+06
1.611222444889779361e-08 2.500000000000000000e+06
1.635270541082164295e-08 2.500000000000000000e+06
1.659318637274549230e-08 2.500000000000000000e+06
1.683366733466933833e-08 2.500000000000000000e+06
1.707414829659318437e-08 2.500000000000000000e+06
1.731462925851703371e-08 2.500000000000000000e+06
1.755511022044088306e-08 2.500000000000000000e+06
1.779559118236472910e-08 2.500000000000000000e+06
1.803607214428857513e-08 2.500000000000000000e+06
1.827655310621242448e-08 2.500000000000000000e+06
1.851703406813627382e-08 2.500000000000000000e+06
1.875751503006011986e-08 2.500000000000000000e+06
1.899799599198396589e-08 2.500000000000000000e+06
1.923847695390781524e-08 2.500000000000000000e+06
1.947895791583166458e-08 2.500000000000000000e+06
1.971943887775551062e-08 2.500000000000000000e+06
1.995991983967935666e-08 2.500000000000000000e+06
2.020040080160320600e-08 2.483967935871743597e+06
2.044088176352705534e-08 2.464729458917835727e+06
2.068136272545090138e-08 2.445490981963927858e+06
2.092184368737474742e-08 2.426252505010020453e+06
2.116232464929859676e-08 2.407014028056112118e+06
2.140280561122244611e-08 2.387775551102204248e+06
2.164328657314629214e-08 2.368537074148296844e+06
2.188376753507013818e-08 2.349298597194388974e+06
2.212424849699398752e-08 2.330060120240481105e+06
2.236472945891783687e-08 2.310821643286573235e+06
2.260521042084168290e-08 2.291583166332665365e+06
2.284569138276552894e-08 2.272344689378757961e+06
2.308617234468937829e-08 2.253106212424849626e+06
2.332665330661322763e-08 2.233867735470941756e+06
2.356713426853707367e-08 2.214629258517034352e+06
2.380761523046091970e-08 2.195390781563126482e+06
2.404809619238476905e-08 2.176152304609218612e+06
2.428857715430861839e-08 2.156913827655310743e+06
2.452905811623246443e-08 2.137675350701402873e+06
2.476953907815631046e-08 2.118436873747495003e+06
2.501002004008015981e-08 2.099198396793587133e+06
2.525050100200400915e-08 2.079959919839679264e+06
2.549098196392785519e-08 2.060721442885771627e+06
2.573146292585170123e-08 2.041482965931863990e+06
2.597194388777555057e-08 2.022244488977956120e+06
2.621242484969939992e-08 2.003006012024048017e+06
2.645290581162324595e-08 1.983767535070140380e+06
2.669338677354709199e-08 1.964529058116232511e+06
2.693386773547094133e-08 1.945290581162324641e+06
2.717434869739479068e-08 1.926052104208416771e+06
2.741482965931863671e-08 1.906813627254509134e+06
2.765531062124248275e-08 1.887575150300601497e+06
2.789579158316633210e-08 1.868336673346693628e+06
2.813627254509018144e-08 1.849098196392785525e+06
2.837675350701402748e-08 1.829859719438877888e+06
2.861723446893787351e-08 1.810621242484970018e+06
2.885771543086172286e-08 1.791382765531062149e+06
2.909819639278557220e-08 1.772144288577154279e+06
2.933867735470941824e-08 1.752905811623246409e+06
2.957915831663326427e-08 1.733667334669339005e+06
2.981963927855711362e-08 1.714428857715430902e+06
3.006012024048096296e-08 1.695190380761523033e+06
3.030060120240480569e-08 1.675951903807615628e+06
3.054108216432865504e-08 1.656713426853707526e+06
3.078156312625250438e-08 1.637474949899799656e+06
3.102204408817635373e-08 1.618236472945891786e+06
3.126252505010020307e-08 1.598997995991983917e+06
3.150300601202404580e-08 1.579759519038076513e+06
3.174348697394789514e-08 1.560521042084168410e+06
3.198396793587174449e-08 1.541282565130260307e+06
3.222444889779558722e-08 1.522044088176352903e+06
3.246492985971943656e-08 1.502805611222445033e+06
3.270541082164328590e-08 1.483567134268537164e+06
3.294589178356713525e-08 1.464328657314629294e+06
3.318637274549098459e-08 1.445090180360721191e+06
3.342685370741482732e-08 1.425851703406813787e+06
3.366733466933867667e-08 1.406613226452905918e+06
3.390781563126252601e-08 1.387374749498998048e+06
3.414829659318636874e-08 1.368136272545090644e+06
3.438877755511021808e-08 1.348897795591182541e+06
3.462925851703406743e-08 1.329659318637274671e+06
3.486973947895791677e-08 1.310420841683366802e+06
3.511022044088176612e-08 1.291182364729458699e+06
3.535070140280560885e-08 1.271943887775551295e+06
3.559118236472945819e-08 1.252705410821643425e+06
3.583166332665330754e-08 1.233466933867735323e+06
3.607214428857715026e-08 1.214228456913827918e+06
3.631262525050099961e-08 1.194989979959920049e+06
3.655310621242484895e-08 1.175751503006012179e+06
3.679358717434869830e-08 1.156513026052104076e+06
3.703406813627254764e-08 1.137274549098196207e+06
3.727454909819639037e-08 1.118036072144288803e+06
3.751503006012023971e-08 1.098797595190380933e+06
3.775551102204408906e-08 1.079559118236472830e+06
3.799599198396793179e-08 1.060320641282565426e+06
3.823647294589178113e-08 1.041082164328657556e+06
3.847695390781563048e-08 1.021843687374749687e+06
3.871743486973947982e-08 1.002605210420841584e+06
3.895791583166332917e-08 9.833667334669337142e+05
3.919839679358717189e-08 9.641282565130263101e+05
3.943887775551102124e-08 9.448897795591184404e+05
3.967935871743487058e-08 9.256513026052103378e+05
3.991983967935871331e-08 9.064128256513029337e+05
4.016032064128256266e-08 8.871743486973950639e+05
4.040080160320641200e-08 8.679358717434869613e+05
4.064128256513026134e-08 8.486973947895790916e+05
4.088176352705411069e-08 8.294589178356712218e+05
4.112224448897795342e-08 8.102204408817638177e+05
4.136272545090180276e-08 7.909819639278557152e+05
4.160320641282565211e-08 7.717434869739478454e+05
4.184368737474949483e-08 7.525050100200404413e+05
4.208416833667334418e-08 7.332665330661325715e+05
4.232464929859719352e-08 7.140280561122244690e+05
4.256513026052104287e-08 6.947895791583165992e+05
4.280561122244489221e-08 6.755511022044087294e+05
4.304609218436873494e-08 6.563126252505013254e+05
4.328657314629258429e-08 6.370741482965932228e+05
4.352705410821643363e-08 6.178356713426853530e+05
4.376753507014027636e-08 5.985971943887779489e+05
4.400801603206412570e-08 5.793587174348700792e+05
4.424849699398797505e-08 5.601202404809619766e+05
4.448897795591182439e-08 5.408817635270541068e+05
4.472945891783567374e-08 5.216432865731462371e+05
4.496993987975951646e-08 5.024048096192386001e+05
4.521042084168336581e-08 4.831663326653307304e+05
4.545090180360721515e-08 4.639278557114228606e+05
4.569138276553105788e-08 4.446893787575154565e+05
4.593186372745490723e-08 4.254509018036073539e+05
4.617234468937875657e-08 4.062124248496994842e+05
4.641282565130260592e-08 3.869739478957913816e+05
4.665330661322645526e-08 3.677354709418835118e+05
4.689378757515029799e-08 3.484969939879761077e+05
4.713426853707414733e-08 3.292585170340682380e+05
4.737474949899799668e-08 3.100200400801603682e+05
4.761523046092183941e-08 2.907815631262529641e+05
4.785571142284568875e-08 2.715430861723450944e+05
4.809619238476953810e-08 2.523046092184367590e+05
4.833667334669338744e-08 2.330661322645288892e+05
4.857715430861723678e-08 2.138276553106210195e+05
4.881763527054107951e-08 1.945891783567136154e+05
4.905811623246492886e-08 1.753507014028057456e+05
4.929859719438877820e-08 1.561122244488978758e+05
4.953907815631262093e-08 1.368737474949904718e+05
4.977955911823647027e-08 1.176352705410826020e+05
5.002004008016031962e-08 9.839679358717426658e+04
5.026052104208416896e-08 7.915831663326639682e+04
5.050100200400801831e-08 5.991983967935852706e+04
5.074148296593186104e-08 4.068136272545112297e+04
5.098196392785571038e-08 2.144288577154325321e+04
5.122244488977955973e-08 2.204408817635383457e+03
5.146292585170340245e-08 -1.703406813627202064e+04
5.170340681362725180e-08 -3.627254509017989039e+04
5.194388777555110114e-08 -5.551102204408822581e+04
5.218436873747495049e-08 -7.474949899799609557e+04
5.242484969939879983e-08 -9.398797595190396532e+04
5.266533066132264256e-08 -1.132264529058113694e+05
5.290581162324649190e-08 -1.324649298597192392e+05
5.314629258517034125e-08 -1.517034068136271089e+05
5.338677354709418398e-08 -1.709418837675345130e+05
5.362725450901803332e-08 -1.901803607214428484e+05
5.386773547094188267e-08 -2.094188376753507182e+05
5.410821643286573201e-08 -2.286573146292585880e+05
5.434869739478958136e-08 -2.478957915831664577e+05
5.458917835671342408e-08 -2.671342685370738618e+05
5.482965931863727343e-08 -2.863727454909817316e+05
5.507014028056112277e-08 -3.056112224448896013e+05
5.531062124248496550e-08 -3.248496993987970054e+05
5.555110220440881485e-08 -3.440881763527053408e+05
5.579158316633266419e-08 -3.633266533066132106e+05
5.603206412825651354e-08 -3.825651302605210803e+05
5.627254509018036288e-08 -4.018036072144289501e+05
5.651302605210420561e-08 -4.210420841683363542e+05
5.675350701402805495e-08 -4.402805611222442240e+05
5.699398797595190430e-08 -4.595190380761520937e+05
5.723446893787574702e-08 -4.787575150300594978e+05
5.747494989979959637e-08 -4.979959919839678332e+05
5.771543086172344571e-08 -5.172344689378757030e+05
5.795591182364729506e-08 -5.364729458917835727e+05
5.819639278557114440e-08 -5.557114228456914425e+05
5.843687374749498713e-08 -5.749498997995988466e+05
5.867735470941883648e-08 -5.941883767535067163e+05
5.891783567134268582e-08 -6.134268537074150518e+05
5.915831663326652855e-08 -6.326653306613224559e+05
5.939879759519037789e-08 -6.519038076152303256e+05
5.963927855711422724e-08 -6.711422845691381954e+05
5.987975951903807658e-08 -6.903807615230460651e+05
6.012024048096192593e-08 -7.096192384769539349e+05
6.036072144288577527e-08 -7.288577154308618046e+05
6.060120240480961138e-08 -7.480961923847687431e+05
6.084168336673346073e-08 -7.673346693386766128e+05
6.108216432865731007e-08 -7.865731462925849482e+05
6.132264529058115942e-08 -8.058116232464928180e+05
6.156312625250500876e-08 -8.250501002004006878e+05
6.180360721442885811e-08 -8.442885771543085575e+05
6.204408817635270745e-08 -8.635270541082164273e+05
6.228456913827655680e-08 -8.827655310621242970e+05
6.252505010020040614e-08 -9.020040080160326324e+05
6.276553106212424225e-08 -9.212424849699395709e+05
6.300601202404809160e-08 -9.404809619238474406e+05
6.324649298597194094e-08 -9.597194388777553104e+05
6.348697394789579029e-08 -9.789579158316631801e+05
6.372745490981963963e-08 -9.981963927855710499e+05
6.396793587174348898e-08 -1.017434869739478920e+06
6.420841683366733832e-08 -1.036673346693387255e+06
6.444889779559117443e-08 -1.055911823647293728e+06
6.468937875751502378e-08 -1.075150300601202063e+06
6.492985971943887312e-08 -1.094388777555109933e+06
6.517034068136272246e-08 -1.113627254509017803e+06
6.541082164328657181e-08 -1.132865731462925673e+06
6.565130260521042115e-08 -1.152104208416833542e+06
6.589178356713427050e-08 -1.171342685370741412e+06
6.613226452905811984e-08 -1.190581162324649747e+06
6.637274549098196919e-08 -1.209819639278557617e+06
6.661322645290580530e-08 -1.229058116232464556e+06
6.685370741482965464e-08 -1.248296593186372425e+06
6.709418837675350399e-08 -1.267535070140280295e+06
6.733466933867735333e-08 -1.286773547094188165e+06
6.757515030060120268e-08 -1.306012024048096035e+06
6.781563126252505202e-08 -1.325250501002003904e+06
6.805611222444890137e-08 -1.344488977955912240e+06
6.829659318637273748e-08 -1.363727454909819178e+06
6.853707414829658682e-08 -1.382965931863727048e+06
6.877755511022043617e-08 -1.402204408817634918e+06
6.901803607214428551e-08 -1.421442885771542788e+06
6.925851703406813486e-08 -1.440681362725450657e+06
6.949899799599198420e-08 -1.459919839679358527e+06
6.973947895791583355e-08 -1.479158316633266862e+06
6.997995991983968289e-08 -1.498396793587174732e+06
7.022044088176353224e-08 -1.517635270541082602e+06
7.046092184368736835e-08 -1.536873747494989540e+06
7.070140280561121769e-08 -1.556112224448897410e+06
7.094188376753506704e-08 -1.575350701402805280e+06
7.118236472945891638e-08 -1.594589178356713150e+06
7.142284569138276573e-08 -1.613827655310621019e+06
7.166332665330661507e-08 -1.633066132264529355e+06
7.190380761523046442e-08 -1.652304609218437225e+06
7.214428857715430053e-08 -1.671543086172344163e+06
7.238476953907814987e-08 -1.690781563126252033e+06
7.262525050100199922e-08 -1.710020040080159903e+06
7.286573146292584856e-08 -1.729258517034067772e+06
7.310621242484969790e-08 -1.748496993987975642e+06
7.334669338677354725e-08 -1.767735470941883512e+06
7.358717434869739659e-08 -1.786973947895791382e+06
7.382765531062124594e-08 -1.806212424849699251e+06
7.406813627254509528e-08 -1.825450901803608052e+06
7.430861723446893139e-08 -1.844689378757514060e+06
7.454909819639278074e-08 -1.863927855711422861e+06
7.478957915831663008e-08 -1.883166332665330730e+06
7.503006012024047943e-08 -1.902404809619238600e+06
7.527054108216432877e-08 -1.921643286573146470e+06
7.551102204408817812e-08 -1.940881763527054340e+06
7.575150300601202746e-08 -1.960120240480962209e+06
7.599198396793586357e-08 -1.979358717434869148e+06
7.623246492985971292e-08 -1.998597194388777018e+06
7.647294589178356226e-08 -2.017835671342684887e+06
7.671342685370741161e-08 -2.037074148296592757e+06
7.695390781563126095e-08 -2.056312625250500627e+06
7.719438877755511030e-08 -2.075551102204408497e+06
7.743486973947895964e-08 -2.094789579158316366e+06
7.767535070140280899e-08 -2.114028056112224236e+06
7.791583166332665833e-08 -2.133266533066133037e+06
7.815631262525049444e-08 -2.152505010020039976e+06
7.839679358717434379e-08 -2.171743486973947845e+06
7.863727454909819313e-08 -2.190981963927855715e+06
7.887775551102204248e-08 -2.210220440881763585e+06
7.911823647294589182e-08 -2.229458917835671455e+06
7.935871743486974117e-08 -2.248697394789579324e+06
7.959919839679359051e-08 -2.267935871743487194e+06
7.983967935871742662e-08 -2.287174348697395064e+06
8.008016032064127597e-08 -2.306412825651301071e+06
8.032064128256512531e-08 -2.325651302605210803e+06
8.056112224448897466e-08 -2.344889779559117742e+06
8.080160320641282400e-08 -2.364128256513026543e+06
8.104208416833667334e-08 -2.383366733466933481e+06
8.128256513026052269e-08 -2.402605210420842282e+06
8.152304609218437203e-08 -2.421843687374749221e+06
8.176352705410822138e-08 -2.441082164328658022e+06
8.200400801603205749e-08 -2.460320641282564960e+06
8.224448897795590683e-08 -2.479559118236471899e+06
8.248496993987975618e-08 -2.498797595190380700e+06
8.272545090180360552e-08 -2.518036072144287638e+06
8.296593186372745487e-08 -2.537274549098196439e+06
8.320641282565130421e-08 -2.556513026052103378e+06
8.344689378757515356e-08 -2.575751503006013110e+06
8.368737474949898967e-08 -2.594989979959920049e+06
8.392785571142283901e-08 -2.614228456913826987e+06
8.416833667334668836e-08 -2.633466933867735788e+06
8.440881763527053770e-08 -2.652705410821642727e+06
8.464929859719438705e-08 -2.671943887775551528e+06
8.488977955911823639e-08 -2.691182364729458466e+06
8.513026052104208574e-08 -2.710420841683367267e+06
8.537074148296593508e-08 -2.729659318637274206e+06
8.561122244488978443e-08 -2.748897795591183007e+06
8.585170340681362054e-08 -2.768136272545089945e+06
8.609218436873746988e-08 -2.787374749498996884e+06
8.633266533066131923e-08 -2.806613226452905685e+06
8.657314629258516857e-08 -2.825851703406812623e+06
8.681362725450901792e-08 -2.845090180360722356e+06
8.705410821643286726e-08 -2.864328657314628363e+06
8.729458917835671661e-08 -2.883567134268538095e+06
8.753507014028055272e-08 -2.902805611222445033e+06
8.777555110220440206e-08 -2.922044088176351972e+06
8.801603206412825141e-08 -2.941282565130260773e+06
8.825651302605210075e-08 -2.960521042084167711e+06
8.849699398797595010e-08 -2.979759519038076513e+06
8.873747494989979944e-08 -2.998997995991983451e+06
8.897795591182364878e-08 -3.018236472945892252e+06
8.921843687374749813e-08 -3.037474949899799190e+06
8.945891783567134747e-08 -3.056713426853707992e+06
8.969939879759518358e-08 -3.075951903807614930e+06
8.993987975951903293e-08 -3.095190380761521868e+06
9.018036072144288227e-08 -3.114428857715430669e+06
9.042084168336673162e-08 -3.133667334669337608e+06
9.066132264529058096e-08 -3.152905811623247340e+06
9.090180360721443031e-08 -3.172144288577154279e+06
9.114228456913827965e-08 -3.191382765531063080e+06
9.138276553106211576e-08 -3.210621242484970018e+06
9.162324649298596511e-08 -3.229859719438876957e+06
9.186372745490981445e-08 -3.249098196392785758e+06
9.210420841683366380e-08 -3.268336673346692696e+06
9.234468937875751314e-08 -3.287575150300601497e+06
9.258517034068136249e-08 -3.306813627254508436e+06
9.282565130260521183e-08 -3.326052104208417237e+06
9.306613226452906118e-08 -3.345290581162324175e+06
9.330661322645291052e-08 -3.364529058116232976e+06
9.354709418837674663e-08 -3.383767535070139915e+06
9.378757515030059598e-08 -3.403006012024046853e+06
9.402805611222444532e-08 -3.422244488977956586e+06
9.426853707414829467e-08 -3.441482965931862593e+06
9.450901803607214401e-08 -3.460721442885772325e+06
9.474949899799599336e-08 -3.479959919839679264e+06
9.498997995991984270e-08 -3.499198396793588065e+06
9.523046092184367881e-08 -3.518436873747495003e+06
9.547094188376752816e-08 -3.537675350701401941e+06
9.571142284569137750e-08 -3.556913827655310743e+06
9.595190380761522685e-08 -3.576152304609217681e+06
9.619238476953907619e-08 -3.595390781563126482e+06
9.643286573146292554e-08 -3.614629258517033421e+06
9.667334669338677488e-08 -3.633867735470942222e+06
9.691382765531062422e-08 -3.653106212424849160e+06
9.715430861723447357e-08 -3.672344689378757961e+06
9.739478957915830968e-08 -3.691583166332664900e+06
9.763527054108215902e-08 -3.710821643286571838e+06
9.787575150300600837e-08 -3.730060120240481570e+06
9.811623246492985771e-08 -3.749298597194388509e+06
9.835671342685370706e-08 -3.768537074148297310e+06
9.859719438877755640e-08 -3.787775551102204248e+06
9.883767535070140575e-08 -3.807014028056113049e+06
9.907815631262524186e-08 -3.826252505010019988e+06
9.931863727454909120e-08 -3.845490981963926926e+06
9.955911823647294055e-08 -3.864729458917835727e+06
9.979959919839678989e-08 -3.883967935871742666e+06
1.000400801603206392e-07 -3.903206412825651467e+06
1.002805611222444886e-07 -3.922444889779558405e+06
1.005210420841683379e-07 -3.941683366733467206e+06
1.007615230460921873e-07 -3.960921843687374145e+06
1.010020040080160366e-07 -3.980160320641283877e+06
1.012424849699398727e-07 -3.999398797595189884e+06
1.014829659318637221e-07 -4.018637274549096823e+06
1.017234468937875714e-07 -4.037875751503006555e+06
1.019639278557114208e-07 -4.057114228456913494e+06
1.022044088176352701e-07 -4.076352705410822295e+06
1.024448897795591195e-07 -4.095591182364729233e+06
1.026853707414829688e-07 -4.114829659318638034e+06
1.029258517034068049e-07 -4.134068136272544973e+06
1.031663326653306543e-07 -4.153306613226451911e+06
1.034068136272545036e-07 -4.172545090180360712e+06
1.036472945891783529e-07 -4.191783567134267651e+06
1.038877755511022023e-07 -4.211022044088176452e+06
1.041282565130260516e-07 -4.230260521042083390e+06
1.043687374749499010e-07 -4.249498997995992191e+06
1.046092184368737503e-07 -4.268737474949899130e+06
1.048496993987975997e-07 -4.287975951903808862e+06
1.050901803607214358e-07 -4.307214428857715800e+06
1.053306613226452851e-07 -4.326452905811621808e+06
1.055711422845691345e-07 -4.345691382765531540e+06
1.058116232464929838e-07 -4.364929859719438478e+06
1.060521042084168332e-07 -4.384168336673347279e+06
1.062925851703406825e-07 -4.403406813627254218e+06
1.065330661322645318e-07 -4.422645290581163019e+06
1.067735470941883680e-07 -4.441883767535069957e+06
1.070140280561122173e-07 -4.461122244488976896e+06
1.072545090180360666e-07 -4.480360721442885697e+06
1.074949899799599160e-07 -4.499599198396792635e+06
1.077354709418837653e-07 -4.518837675350701436e+06
1.079759519038076147e-07 -4.538076152304608375e+06
1.082164328657314640e-07 -4.557314629258517176e+06
1.084569138276553134e-07 -4.576553106212424114e+06
1.086973947895791627e-07 -4.595791583166333847e+06
1.089378757515029988e-07 -4.615030060120240785e+06
1.091783567134268482e-07 -4.634268537074147724e+06
1.094188376753506975e-07 -4.653507014028056525e+06
1.096593186372745469e-07 -4.672745490981963463e+06
1.098997995991983962e-07 -4.691983967935872264e+06
1.101402805611222455e-07 -4.711222444889779203e+06
1.103807615230460949e-07 -4.730460921843688004e+06
1.106212424849699310e-07 -4.749699398797594942e+06
1.108617234468937803e-07 -4.768937875751501881e+06
1.111022044088176297e-07 -4.788176352705410682e+06
1.113426853707414790e-07 -4.807414829659317620e+06
1.115831663326653284e-07 -4.826653306613226421e+06
1.118236472945891777e-07 -4.845891783567133360e+06
1.120641282565130271e-07 -4.865130260521043092e+06
1.123046092184368764e-07 -4.884368737474949099e+06
1.125450901803607258e-07 -4.903607214428858832e+06
1.127855711422845619e-07 -4.922845691382765770e+06
1.130260521042084112e-07 -4.942084168336672708e+06
1.132665330661322606e-07 -4.961322645290581509e+06
1.135070140280561099e-07 -4.980561122244488448e+06
1.137474949899799592e-07 -4.999799599198397249e+06
1.139879759519038086e-07 -5.019038076152304187e+06
1.142284569138276579e-07 -5.038276553106212988e+06
1.144689378757514940e-07 -5.057515030060119927e+06
1.147094188376753434e-07 -5.076753507014026865e+06
1.149498997995991927e-07 -5.095991983967935666e+06
1.151903807615230421e-07 -5.115230460921842605e+06
1.154308617234468914e-07 -5.134468937875751406e+06
1.156713426853707408e-07 -5.153707414829658344e+06
1.159118236472945901e-07 -5.172945891783568077e+06
1.161523046092184395e-07 -5.192184368737475015e+06
1.163927855711422888e-07 -5.211422845691383816e+06
1.166332665330661249e-07 -5.230661322645290755e+06
1.168737474949899743e-07 -5.249899799599197693e+06
1.171142284569138236e-07 -5.269138276553106494e+06
1.173547094188376730e-07 -5.288376753507013433e+06
1.175951903807615223e-07 -5.307615230460922234e+06
1.178356713426853716e-07 -5.326853707414829172e+06
1.180761523046092210e-07 -5.346092184368737973e+06
1.183166332665330571e-07 -5.365330661322644912e+06
1.185571142284569064e-07 -5.384569138276551850e+06
1.187975951903807558e-07 -5.403807615230460651e+06
1.190380761523046051e-07 -5.423046092184367590e+06
1.192785571142284545e-07 -5.442284569138276391e+06
1.195190380761522906e-07 -5.461523046092183329e+06
1.197595190380761532e-07 -5.480761523046093062e+06
1.199999999999999893e-07 -5.500000000000000000e+06
---------------
