field_vs_time
---------------
0.000000000000000000e+00 2.500000000000000000e+06
2.404809619238476905e-10 2.500000000000000000e+06
4.809619238476953810e-10 2.500000000000000000e+06
7.214428857715430714e-10 2.500000000000000000e+06
9.619238476953907619e-10 2.500000000000000000e+06
1.202404809619238452e-09 2.500000000000000000e+06
1.442885771543086143e-09 2.500000000000000000e+06
1.683366733466933833e-09 2.500000000000000000e+06
1.923847695390781524e-09 2.500000000000000000e+06
2.164328657314629214e-09 2.500000000000000000e+06
2.404809619238476905e-09 2.500000000000000000e+06
2.645290581162324595e-09 2.500000000000000000e+06
2.885771543086172286e-09 2.500000000000000000e+06
3.126252505010019976e-09 2.500000000000000000e+06
3.366733466933867667e-09 2.500000000000000000e+06
3.607214428857715357e-09 2.500000000000000000e+06
3.847695390781563048e-09 2.500000000000000000e+06
4.088176352705410738e-09 2.500000000000000000e+06
4.328657314629258429e-09 2.500000000000000000e+06
4.569138276553106119e-09 2.500000000000000000e+06
4.809619238476953810e-09 2.500000000000000000e+06
5.050100200400801500e-09 2.500000000000000000e+06
5.290581162324649190e-09 2.500000000000000000e+06
5.531062124248496881e-09 2.500000000000000000e+06
5.771543086172344571e-09 2.500000000000000000e+06
6.012024048096192262e-09 2.500000000000000000e+06
6.252505010020039952e-09 2.500000000000000000e+06
6.492985971943887643e-09 2.500000000000000000e+06
6.733466933867735333e-09 2.500000000000000000e+06
6.973947895791583024e-09 2.500000000000000000e+06
7.214428857715430714e-09 2.500000000000000000e+06
7.454909819639278405e-09 2.500000000000000000e+06
7.695390781563126095e-09 2.500000000000000000e+06
7.935871743486973786e-09 2.500000000000000000e+06
8.176352705410821476e-09 2.500000000000000000e+06
8.416833667334669167e-09 2.500000000000000000e+06
8.657314629258516857e-09 2.500000000000000000e+06
8.897795591182364548e-09 2.500000000000000000e+06
9.138276553106212238e-09 2.500000000000000000e+06
9.378757515030059929e-09 2.500000000000000000e+06
9.619238476953907619e-09 2.500000000000000000e+06
9.859719438877755310e-09 2.500000000000000000e+06
1.010020040080160300e-08 2.500000000000000000e+06
1.034068136272545069e-08 2.500000000000000000e+06
1.058116232464929838e-08 2.500000000000000000e+06
1.082164328657314607e-08 2.500000000000000000e+06
1.106212424849699376e-08 2.500000000000000000e+06
1.130260521042084145e-08 2.500000000000000000e+06
1.154308617234468914e-08 2.500000000000000000e+06
1.178356713426853683e-08 2.500000000000000000e+06
1.202404809619238452e-08 2.500000000000000000e+06
1.226452905811623221e-08 2.500000000000000000e+06
1.250501002004007990e-08 2.500000000000000000e+06
1.274549098196392760e-08 2.500000000000000000e+06
1.298597194388777529e-08 2.500000000000000000e+06
1.322645290581162298e-08 2.500000000000000000e+06
1.346693386773547067e-08 2.500000000000000000e+06
1.370741482965931836e-08 2.500000000000000000e+06
1.394789579158316605e-08 2.500000000000000000e+06
1.418837675350701374e-08 2.500000000000000000e+06
1.442885771543086143e-08 2.500000000000000000e+06
1.466933867735470912e-08 2.500000000000000000e+06
1.490981963927855681e-08 2.500000000000000000e+06
1.515030060120240285e-08 2.500000000000000000e+06
1.539078156312625219e-08 2.500000000000000000e+06
1.563126252505010154e-08 2.500000000000000000e+06
1.587174348697394757e-08 2.500000000000000000e+06
1.611222444889779361e-08 2.500000000000000000e+06
1.635270541082164295e-08 2.500000000000000000e+06
1.659318637274549230e-08 2.500000000000000000e+06
1.683366733466933833e-08 2.500000000000000000e+06
1.707414829659318437e-08 2.500000000000000000e+06
1.731462925851703371e-08 2.500000000000000000e+06
1.755511022044088306e-08 2.500000000000000000e+06
1.779559118236472910e-08 2.500000000000000000e+06
1.803607214428857513e-08 2.500000000000000000e+06
1.827655310621242448e-08 2.500000000000000000e+06
1.851703406813627382e-08 2.500000000000000000e+06
1.875751503006011986e-08 2.500000000000000000e+06
1.899799599198396589e-08 2.500000000000000000e+06
1.923847695390781524e-08 2.500000000000000000e+06
1.947895791583166458e-08 2.500000000000000000e+06
1.971943887775551062e-08 2.500000000000000000e+06
1.995991983967935666e-08 2.500000000000000000e+06
2.020040080160320600e-08 2.481963927855711430e+06
2.044088176352705534e-08 2.460320641282564960e+06
2.068136272545090138e-08 2.438677354709418956e+06
2.092184368737474742e-08 2.417034068136272952e+06
2.116232464929859676e-08 2.395390781563126482e+06
2.140280561122244611e-08 2.373747494989980012e+06
2.164328657314629214e-08 2.352104208416833542e+06
2.188376753507013818e-08 2.330460921843687538e+06
2.212424849699398752e-08 2.308817635270541068e+06
2.236472945891783687e-08 2.287174348697394598e+06
2.260521042084168290e-08 2.265531062124248594e+06
2.284569138276552894e-08 2.243887775551102590e+06
2.308617234468937829e-08 2.222244488977956120e+06
2.332665330661322763e-08 2.200601202404809650e+06
2.356713426853707367e-08 2.178957915831663646e+06
2.380761523046091970e-08 2.157314629258517176e+06
2.404809619238476905e-08 2.135671342685370706e+06
2.428857715430861839e-08 2.114028056112224236e+06
2.452905811623246443e-08 2.092384769539078232e+06
2.476953907815631046e-08 2.070741482965932228e+06
2.501002004008015981e-08 2.049098196392785758e+06
2.525050100200400915e-08 2.027454909819639288e+06
2.549098196392785519e-08 2.005811623246493051e+06
2.573146292585170123e-08 1.984168336673346814e+06
2.597194388777555057e-08 1.962525050100200344e+06
2.621242484969939992e-08 1.940881763527053874e+06
2.645290581162324595e-08 1.919238476953907870e+06
2.669338677354709199e-08 1.897595190380761866e+06
2.693386773547094133e-08 1.875951903807615396e+06
2.717434869739479068e-08 1.854308617234468926e+06
2.741482965931863671e-08 1.832665330661322689e+06
2.765531062124248275e-08 1.811022044088176452e+06
2.789579158316633210e-08 1.789378757515029982e+06
2.813627254509018144e-08 1.767735470941883745e+06
2.837675350701402748e-08 1.746092184368737508e+06
2.861723446893787351e-08 1.724448897795591503e+06
2.885771543086172286e-08 1.702805611222445033e+06
2.909819639278557220e-08 1.681162324649298564e+06
2.933867735470941824e-08 1.659519038076152559e+06
2.957915831663326427e-08 1.637875751503006089e+06
2.981963927855711362e-08 1.616232464929859852e+06
3.006012024048096296e-08 1.594589178356713383e+06
3.030060120240480569e-08 1.572945891783567611e+06
3.054108216432865504e-08 1.551302605210421141e+06
3.078156312625250438e-08 1.529659318637274671e+06
3.102204408817635373e-08 1.508016032064128201e+06
3.126252505010020307e-08 1.486372745490981732e+06
3.150300601202404580e-08 1.464729458917835960e+06
3.174348697394789514e-08 1.443086172344689490e+06
3.198396793587174449e-08 1.421442885771543020e+06
3.222444889779558722e-08 1.399799599198397249e+06
3.246492985971943656e-08 1.378156312625250779e+06
3.270541082164328590e-08 1.356513026052104309e+06
3.294589178356713525e-08 1.334869739478957839e+06
3.318637274549098459e-08 1.313226452905811369e+06
3.342685370741482732e-08 1.291583166332665598e+06
3.366733466933867667e-08 1.269939879759519128e+06
3.390781563126252601e-08 1.248296593186372658e+06
3.414829659318636874e-08 1.226653306613226887e+06
3.438877755511021808e-08 1.205010020040080417e+06
3.462925851703406743e-08 1.183366733466933947e+06
3.486973947895791677e-08 1.161723446893787477e+06
3.511022044088176612e-08 1.140080160320641007e+06
3.535070140280560885e-08 1.118436873747495236e+06
3.559118236472945819e-08 1.096793587174348766e+06
3.583166332665330754e-08 1.075150300601202296e+06
3.607214428857715026e-08 1.053507014028056525e+06
3.631262525050099961e-08 1.031863727454910055e+06
3.655310621242484895e-08 1.010220440881763585e+06
3.679358717434869830e-08 9.885771543086171150e+05
3.703406813627254764e-08 9.669338677354706451e+05
3.727454909819639037e-08 9.452905811623248737e+05
3.751503006012023971e-08 9.236472945891784038e+05
3.775551102204408906e-08 9.020040080160319339e+05
3.799599198396793179e-08 8.803607214428861625e+05
3.823647294589178113e-08 8.587174348697396927e+05
3.847695390781563048e-08 8.370741482965932228e+05
3.871743486973947982e-08 8.154308617234467529e+05
3.895791583166332917e-08 7.937875751503005158e+05
3.919839679358717189e-08 7.721442885771545116e+05
3.943887775551102124e-08 7.505010020040080417e+05
3.967935871743487058e-08 7.288577154308615718e+05
3.991983967935871331e-08 7.072144288577158004e+05
4.016032064128256266e-08 6.855711422845693305e+05
4.040080160320641200e-08 6.639278557114228606e+05
4.064128256513026134e-08 6.422845691382766236e+05
4.088176352705411069e-08 6.206412825651301537e+05
4.112224448897795342e-08 5.989979959919841494e+05
4.136272545090180276e-08 5.773547094188376796e+05
4.160320641282565211e-08 5.557114228456914425e+05
4.184368737474949483e-08 5.340681362725454383e+05
4.208416833667334418e-08 5.124248496993989684e+05
4.232464929859719352e-08 4.907815631262527313e+05
4.256513026052104287e-08 4.691382765531062614e+05
4.280561122244489221e-08 4.474949899799597915e+05
4.304609218436873494e-08 4.258517034068137873e+05
4.328657314629258429e-08 4.042084168336675502e+05
4.352705410821643363e-08 3.825651302605210803e+05
4.376753507014027636e-08 3.609218436873750761e+05
4.400801603206412570e-08 3.392785571142286062e+05
4.424849699398797505e-08 3.176352705410821363e+05
4.448897795591182439e-08 2.959919839679356664e+05
4.472945891783567374e-08 2.743486973947891966e+05
4.496993987975951646e-08 2.527054108216436580e+05
4.521042084168336581e-08 2.310621242484971881e+05
4.545090180360721515e-08 2.094188376753507182e+05
4.569138276553105788e-08 1.877755511022047140e+05
4.593186372745490723e-08 1.661322645290582441e+05
4.617234468937875657e-08 1.444889779559117742e+05
4.641282565130260592e-08 1.228456913827653043e+05
4.665330661322645526e-08 1.012024048096188344e+05
4.689378757515029799e-08 7.955911823647329584e+04
4.713426853707414733e-08 5.791583166332682595e+04
4.737474949899799668e-08 3.627254509018035606e+04
4.761523046092183941e-08 1.462925851703435183e+04
4.785571142284568875e-08 -7.014028056112118065e+03
4.809619238476953810e-08 -2.865731462925858796e+04
4.833667334669338744e-08 -5.030060120240505785e+04
4.857715430861723678e-08 -7.194388777555106208e+04
4.881763527054107951e-08 -9.358717434869706631e+04
4.905811623246492886e-08 -1.152304609218435362e+05
4.929859719438877820e-08 -1.368737474949900061e+05
4.953907815631262093e-08 -1.585170340681360103e+05
4.977955911823647027e-08 -1.801603206412824802e+05
5.002004008016031962e-08 -2.018036072144289501e+05
5.026052104208416896e-08 -2.234468937875749543e+05
5.050100200400801831e-08 -2.450901803607214242e+05
5.074148296593186104e-08 -2.667334669338674285e+05
5.098196392785571038e-08 -2.883767535070138983e+05
5.122244488977955973e-08 -3.100200400801603682e+05
5.146292585170340245e-08 -3.316633266533063725e+05
5.170340681362725180e-08 -3.533066132264528424e+05
5.194388777555110114e-08 -3.749498997995988466e+05
5.218436873747495049e-08 -3.965931863727453165e+05
5.242484969939879983e-08 -4.182364729458917864e+05
5.266533066132264256e-08 -4.398797595190377906e+05
5.290581162324649190e-08 -4.615230460921842605e+05
5.314629258517034125e-08 -4.831663326653307304e+05
5.338677354709418398e-08 -5.048096192384767346e+05
5.362725450901803332e-08 -5.264529058116227388e+05
5.386773547094188267e-08 -5.480961923847692087e+05
5.410821643286573201e-08 -5.697394789579156786e+05
5.434869739478958136e-08 -5.913827655310621485e+05
5.458917835671342408e-08 -6.130260521042081527e+05
5.482965931863727343e-08 -6.346693386773546226e+05
5.507014028056112277e-08 -6.563126252505010925e+05
5.531062124248496550e-08 -6.779559118236466311e+05
5.555110220440881485e-08 -6.995991983967931010e+05
5.579158316633266419e-08 -7.212424849699395709e+05
5.603206412825651354e-08 -7.428857715430860408e+05
5.627254509018036288e-08 -7.645290581162325107e+05
5.651302605210420561e-08 -7.861723446893785149e+05
5.675350701402805495e-08 -8.078156312625249848e+05
5.699398797595190430e-08 -8.294589178356714547e+05
5.723446893787574702e-08 -8.511022044088169932e+05
5.747494989979959637e-08 -8.727454909819634631e+05
5.771543086172344571e-08 -8.943887775551099330e+05
5.795591182364729506e-08 -9.160320641282564029e+05
5.819639278557114440e-08 -9.376753507014028728e+05
5.843687374749498713e-08 -9.593186372745488770e+05
5.867735470941883648e-08 -9.809619238476953469e+05
5.891783567134268582e-08 -1.002605210420841817e+06
5.915831663326652855e-08 -1.024248496993987355e+06
5.939879759519037789e-08 -1.045891783567133825e+06
5.963927855711422724e-08 -1.067535070140280295e+06
5.987975951903807658e-08 -1.089178356713426765e+06
6.012024048096192593e-08 -1.110821643286573235e+06
6.036072144288577527e-08 -1.132464929859719705e+06
6.060120240480961138e-08 -1.154108216432864778e+06
6.084168336673346073e-08 -1.175751503006011248e+06
6.108216432865731007e-08 -1.197394789579157718e+06
6.132264529058115942e-08 -1.219038076152304187e+06
6.156312625250500876e-08 -1.240681362725450657e+06
6.180360721442885811e-08 -1.262324649298597127e+06
6.204408817635270745e-08 -1.283967935871743597e+06
6.228456913827655680e-08 -1.305611222444890067e+06
6.252505010020040614e-08 -1.327254509018036537e+06
6.276553106212424225e-08 -1.348897795591181610e+06
6.300601202404809160e-08 -1.370541082164328080e+06
6.324649298597194094e-08 -1.392184368737474550e+06
6.348697394789579029e-08 -1.413827655310621019e+06
6.372745490981963963e-08 -1.435470941883767489e+06
6.396793587174348898e-08 -1.457114228456913959e+06
6.420841683366733832e-08 -1.478757515030060429e+06
6.444889779559117443e-08 -1.500400801603205502e+06
6.468937875751502378e-08 -1.522044088176351972e+06
6.492985971943887312e-08 -1.543687374749498442e+06
6.517034068136272246e-08 -1.565330661322644912e+06
6.541082164328657181e-08 -1.586973947895791382e+06
6.565130260521042115e-08 -1.608617234468937851e+06
6.589178356713427050e-08 -1.630260521042084321e+06
6.613226452905811984e-08 -1.651903807615230791e+06
6.637274549098196919e-08 -1.673547094188377261e+06
6.661322645290580530e-08 -1.695190380761522800e+06
6.685370741482965464e-08 -1.716833667334669270e+06
6.709418837675350399e-08 -1.738476953907815740e+06
6.733466933867735333e-08 -1.760120240480962209e+06
6.757515030060120268e-08 -1.781763527054107748e+06
6.781563126252505202e-08 -1.803406813627254218e+06
6.805611222444890137e-08 -1.825050100200400688e+06
6.829659318637273748e-08 -1.846693386773546226e+06
6.853707414829658682e-08 -1.868336673346692696e+06
6.877755511022043617e-08 -1.889979959919839166e+06
6.901803607214428551e-08 -1.911623246492985636e+06
6.925851703406813486e-08 -1.933266533066132106e+06
6.949899799599198420e-08 -1.954909819639278576e+06
6.973947895791583355e-08 -1.976553106212425046e+06
6.997995991983968289e-08 -1.998196392785571516e+06
7.022044088176353224e-08 -2.019839679358717985e+06
7.046092184368736835e-08 -2.041482965931863524e+06
7.070140280561121769e-08 -2.063126252505009994e+06
7.094188376753506704e-08 -2.084769539078155532e+06
7.118236472945891638e-08 -2.106412825651302002e+06
7.142284569138276573e-08 -2.128056112224448472e+06
7.166332665330661507e-08 -2.149699398797594942e+06
7.190380761523046442e-08 -2.171342685370741412e+06
7.214428857715430053e-08 -2.192985971943886951e+06
7.238476953907814987e-08 -2.214629258517033421e+06
7.262525050100199922e-08 -2.236272545090179890e+06
7.286573146292584856e-08 -2.257915831663326360e+06
7.310621242484969790e-08 -2.279559118236472830e+06
7.334669338677354725e-08 -2.301202404809619300e+06
7.358717434869739659e-08 -2.322845691382765770e+06
7.382765531062124594e-08 -2.344488977955912240e+06
7.406813627254509528e-08 -2.366132264529058710e+06
7.430861723446893139e-08 -2.387775551102204248e+06
7.454909819639278074e-08 -2.409418837675349787e+06
7.478957915831663008e-08 -2.431062124248496257e+06
7.503006012024047943e-08 -2.452705410821642727e+06
7.527054108216432877e-08 -2.474348697394789197e+06
7.551102204408817812e-08 -2.495991983967935666e+06
7.575150300601202746e-08 -2.517635270541082136e+06
7.599198396793586357e-08 -2.539278557114227675e+06
7.623246492985971292e-08 -2.560921843687374145e+06
7.647294589178356226e-08 -2.582565130260520615e+06
7.671342685370741161e-08 -2.604208416833667085e+06
7.695390781563126095e-08 -2.625851703406813554e+06
7.719438877755511030e-08 -2.647494989979960024e+06
7.743486973947895964e-08 -2.669138276553106494e+06
7.767535070140280899e-08 -2.690781563126252964e+06
7.791583166332665833e-08 -2.712424849699399434e+06
7.815631262525049444e-08 -2.734068136272544041e+06
7.839679358717434379e-08 -2.755711422845690511e+06
7.863727454909819313e-08 -2.777354709418836981e+06
7.887775551102204248e-08 -2.798997995991983451e+06
7.911823647294589182e-08 -2.820641282565129921e+06
7.935871743486974117e-08 -2.842284569138276391e+06
7.959919839679359051e-08 -2.863927855711422861e+06
7.983967935871742662e-08 -2.885571142284569331e+06
8.008016032064127597e-08 -2.907214428857713938e+06
8.032064128256512531e-08 -2.928857715430862270e+06
8.056112224448897466e-08 -2.950501002004006878e+06
8.080160320641282400e-08 -2.972144288577154279e+06
8.104208416833667334e-08 -2.993787575150299817e+06
8.128256513026052269e-08 -3.015430861723447219e+06
8.152304609218437203e-08 -3.037074148296592757e+06
8.176352705410822138e-08 -3.058717434869740158e+06
8.200400801603205749e-08 -3.080360721442885697e+06
8.224448897795590683e-08 -3.102004008016031235e+06
8.248496993987975618e-08 -3.123647294589178637e+06
8.272545090180360552e-08 -3.145290581162324175e+06
8.296593186372745487e-08 -3.166933867735471576e+06
8.320641282565130421e-08 -3.188577154308617115e+06
8.344689378757515356e-08 -3.210220440881764516e+06
8.368737474949898967e-08 -3.231863727454910055e+06
8.392785571142283901e-08 -3.253507014028054662e+06
8.416833667334668836e-08 -3.275150300601202063e+06
8.440881763527053770e-08 -3.296793587174347602e+06
8.464929859719438705e-08 -3.318436873747495003e+06
8.488977955911823639e-08 -3.340080160320640542e+06
8.513026052104208574e-08 -3.361723446893787943e+06
8.537074148296593508e-08 -3.383366733466933481e+06
8.561122244488978443e-08 -3.405010020040080883e+06
8.585170340681362054e-08 -3.426653306613226421e+06
8.609218436873746988e-08 -3.448296593186371960e+06
8.633266533066131923e-08 -3.469939879759519361e+06
8.657314629258516857e-08 -3.491583166332664900e+06
8.681362725450901792e-08 -3.513226452905812301e+06
8.705410821643286726e-08 -3.534869739478957839e+06
8.729458917835671661e-08 -3.556513026052105241e+06
8.753507014028055272e-08 -3.578156312625249848e+06
8.777555110220440206e-08 -3.599799599198395386e+06
8.801603206412825141e-08 -3.621442885771542788e+06
8.825651302605210075e-08 -3.643086172344688326e+06
8.849699398797595010e-08 -3.664729458917835727e+06
8.873747494989979944e-08 -3.686372745490981266e+06
8.897795591182364878e-08 -3.708016032064128667e+06
8.921843687374749813e-08 -3.729659318637274206e+06
8.945891783567134747e-08 -3.751302605210421607e+06
8.969939879759518358e-08 -3.772945891783567145e+06
8.993987975951903293e-08 -3.794589178356712684e+06
9.018036072144288227e-08 -3.816232464929860085e+06
9.042084168336673162e-08 -3.837875751503005624e+06
9.066132264529058096e-08 -3.859519038076153025e+06
9.090180360721443031e-08 -3.881162324649297632e+06
9.114228456913827965e-08 -3.902805611222445965e+06
9.138276553106211576e-08 -3.924448897795590572e+06
9.162324649298596511e-08 -3.946092184368736111e+06
9.186372745490981445e-08 -3.967735470941883512e+06
9.210420841683366380e-08 -3.989378757515029050e+06
9.234468937875751314e-08 -4.011022044088176452e+06
9.258517034068136249e-08 -4.032665330661321990e+06
9.282565130260521183e-08 -4.054308617234469391e+06
9.306613226452906118e-08 -4.075951903807614930e+06
9.330661322645291052e-08 -4.097595190380762331e+06
9.354709418837674663e-08 -4.119238476953907870e+06
9.378757515030059598e-08 -4.140881763527053408e+06
9.402805611222444532e-08 -4.162525050100200810e+06
9.426853707414829467e-08 -4.184168336673346348e+06
9.450901803607214401e-08 -4.205811623246493749e+06
9.474949899799599336e-08 -4.227454909819638357e+06
9.498997995991984270e-08 -4.249098196392786689e+06
9.523046092184367881e-08 -4.270741482965931296e+06
9.547094188376752816e-08 -4.292384769539076835e+06
9.571142284569137750e-08 -4.314028056112224236e+06
9.595190380761522685e-08 -4.335671342685369775e+06
9.619238476953907619e-08 -4.357314629258517176e+06
9.643286573146292554e-08 -4.378957915831662714e+06
9.667334669338677488e-08 -4.400601202404810116e+06
9.691382765531062422e-08 -4.422244488977955654e+06
9.715430861723447357e-08 -4.443887775551103055e+06
9.739478957915830968e-08 -4.465531062124248594e+06
9.763527054108215902e-08 -4.487174348697394133e+06
9.787575150300600837e-08 -4.508817635270541534e+06
9.811623246492985771e-08 -4.530460921843686141e+06
9.835671342685370706e-08 -4.552104208416834474e+06
9.859719438877755640e-08 -4.573747494989979081e+06
9.883767535070140575e-08 -4.595390781563127413e+06
9.907815631262524186e-08 -4.617034068136272021e+06
9.931863727454909120e-08 -4.638677354709417559e+06
9.955911823647294055e-08 -4.660320641282564960e+06
9.979959919839678989e-08 -4.681963927855710499e+06
1.000400801603206392e-07 -4.703607214428857900e+06
1.002805611222444886e-07 -4.725250501002003439e+06
1.005210420841683379e-07 -4.746893787575150840e+06
1.007615230460921873e-07 -4.768537074148296379e+06
1.010020040080160366e-07 -4.790180360721443780e+06
1.012424849699398727e-07 -4.811823647294589318e+06
1.014829659318637221e-07 -4.833466933867733926e+06
1.017234468937875714e-07 -4.855110220440882258e+06
1.019639278557114208e-07 -4.876753507014026865e+06
1.022044088176352701e-07 -4.898396793587175198e+06
1.024448897795591195e-07 -4.920040080160319805e+06
1.026853707414829688e-07 -4.941683366733468138e+06
1.029258517034068049e-07 -4.963326653306612745e+06
1.031663326653306543e-07 -4.984969939879758283e+06
1.034068136272545036e-07 -5.006613226452905685e+06
1.036472945891783529e-07 -5.028256513026051223e+06
1.038877755511022023e-07 -5.049899799599198624e+06
1.041282565130260516e-07 -5.071543086172344163e+06
1.043687374749499010e-07 -5.093186372745491564e+06
1.046092184368737503e-07 -5.114829659318637103e+06
1.048496993987975997e-07 -5.136472945891784504e+06
1.050901803607214358e-07 -5.158116232464930043e+06
1.053306613226452851e-07 -5.179759519038074650e+06
1.055711422845691345e-07 -5.201402805611222982e+06
1.058116232464929838e-07 -5.223046092184367590e+06
1.060521042084168332e-07 -5.244689378757515922e+06
1.062925851703406825e-07 -5.266332665330660529e+06
1.065330661322645318e-07 -5.287975951903808862e+06
1.067735470941883680e-07 -5.309619238476953469e+06
1.070140280561122173e-07 -5.331262525050099008e+06
1.072545090180360666e-07 -5.352905811623246409e+06
1.074949899799599160e-07 -5.374549098196391948e+06
1.077354709418837653e-07 -5.396192384769539349e+06
1.079759519038076147e-07 -5.417835671342684887e+06
1.082164328657314640e-07 -5.439478957915832289e+06
1.084569138276553134e-07 -5.461122244488977827e+06
1.086973947895791627e-07 -5.482765531062125228e+06
1.089378757515029988e-07 -5.504408817635270767e+06
1.091783567134268482e-07 -5.526052104208415374e+06
1.094188376753506975e-07 -5.547695390781563707e+06
1.096593186372745469e-07 -5.569338677354708314e+06
1.098997995991983962e-07 -5.590981963927856646e+06
1.101402805611222455e-07 -5.612625250501001254e+06
1.103807615230460949e-07 -5.634268537074148655e+06
1.106212424849699310e-07 -5.655911823647294194e+06
1.108617234468937803e-07 -5.677555110220439732e+06
1.111022044088176297e-07 -5.699198396793587133e+06
1.113426853707414790e-07 -5.720841683366732672e+06
1.115831663326653284e-07 -5.742484969939880073e+06
1.118236472945891777e-07 -5.764128256513025612e+06
1.120641282565130271e-07 -5.785771543086173013e+06
1.123046092184368764e-07 -5.807414829659318551e+06
1.125450901803607258e-07 -5.829058116232465953e+06
1.127855711422845619e-07 -5.850701402805611491e+06
1.130260521042084112e-07 -5.872344689378756098e+06
1.132665330661322606e-07 -5.893987975951904431e+06
1.135070140280561099e-07 -5.915631262525049970e+06
1.137474949899799592e-07 -5.937274549098197371e+06
1.139879759519038086e-07 -5.958917835671342909e+06
1.142284569138276579e-07 -5.980561122244490311e+06
1.144689378757514940e-07 -6.002204408817635849e+06
1.147094188376753434e-07 -6.023847695390779525e+06
1.149498997995991927e-07 -6.045490981963928789e+06
1.151903807615230421e-07 -6.067134268537072465e+06
1.154308617234468914e-07 -6.088777555110219866e+06
1.156713426853707408e-07 -6.110420841683365405e+06
1.159118236472945901e-07 -6.132064128256512806e+06
1.161523046092184395e-07 -6.153707414829658344e+06
1.163927855711422888e-07 -6.175350701402805746e+06
1.166332665330661249e-07 -6.196993987975951284e+06
1.168737474949899743e-07 -6.218637274549096823e+06
1.171142284569138236e-07 -6.240280561122244224e+06
1.173547094188376730e-07 -6.261923847695389763e+06
1.175951903807615223e-07 -6.283567134268537164e+06
1.178356713426853716e-07 -6.305210420841682702e+06
1.180761523046092210e-07 -6.326853707414830104e+06
1.183166332665330571e-07 -6.348496993987975642e+06
1.185571142284569064e-07 -6.370140280561121181e+06
1.187975951903807558e-07 -6.391783567134268582e+06
1.190380761523046051e-07 -6.413426853707414120e+06
1.192785571142284545e-07 -6.435070140280561522e+06
1.195190380761522906e-07 -6.456713426853707060e+06
1.197595190380761532e-07 -6.478356713426854461e+06
1.199999999999999893e-07 -6.500000000000000000e+06
---------------
