field_vs_time
---------------
0.000000000000000000e+00 2.500000000000000000e+06
2.404809619238476905e-10 2.500000000000000000e+06
4.809619238476953810e-10 2.500000000000000000e+06
7.214428857715430714e-10 2.500000000000000000e+06
9.619238476953907619e-10 2.500000000000000000e+06
1.202404809619238452e-09 2.500000000000000000e+06
1.442885771543086143e-09 2.500000000000000000e+06
1.683366733466933833e-09 2.500000000000000000e+06
1.923847695390781524e-09 2.500000000000000000e+06
2.164328657314629214e-09 2.500000000000000000e+06
2.404809619238476905e-09 2.500000000000000000e+06
2.645290581162324595e-09 2.500000000000000000e+06
2.885771543086172286e-09 2.500000000000000000e+06
3.126252505010019976e-09 2.500000000000000000e+06
3.366733466933867667e-09 2.500000000000000000e+06
3.607214428857715357e-09 2.500000000000000000e+06
3.847695390781563048e-09 2.500000000000000000e+06
4.088176352705410738e-09 2.500000000000000000e+06
4.328657314629258429e-09 2.500000000000000000e+06
4.569138276553106119e-09 2.500000000000000000e+06
4.809619238476953810e-09 2.500000000000000000e+06
5.050100200400801500e-09 2.500000000000000000e+06
5.290581162324649190e-09 2.500000000000000000e+06
5.531062124248496881e-09 2.500000000000000000e+06
5.771543086172344571e-09 2.500000000000000000e+06
6.012024048096192262e-09 2.500000000000000000e+06
6.252505010020039952e-09 2.500000000000000000e+06
6.492985971943887643e-09 2.500000000000000000e+06
6.733466933867735333e-09 2.500000000000000000e+06
6.973947895791583024e-09 2.500000000000000000e+06
7.214428857715430714e-09 2.500000000000000000e+06
7.454909819639278405e-09 2.500000000000000000e+06
7.695390781563126095e-09 2.500000000000000000e+06
7.935871743486973786e-09 2.500000000000000000e+06
8.176352705410821476e-09 2.500000000000000000e+06
8.416833667334669167e-09 2.500000000000000000e+06
8.657314629258516857e-09 2.500000000000000000e+06
8.897795591182364548e-09 2.500000000000000000e+06
9.138276553106212238e-09 2.500000000000000000e+06
9.378757515030059929e-09 2.500000000000000000e+06
9.619238476953907619e-09 2.500000000000000000e+06
9.859719438877755310e-09 2.500000000000000000e+06
1.010020040080160300e-08 2.500000000000000000e+06
1.034068136272545069e-08 2.500000000000000000e+06
1.058116232464929838e-08 2.500000000000000000e+06
1.082164328657314607e-08 2.500000000000000000e+06
1.106212424849699376e-08 2.500000000000000000e+06
1.130260521042084145e-08 2.500000000000000000e+06
1.154308617234468914e-08 2.500000000000000000e+06
1.178356713426853683e-08 2.500000000000000000e+06
1.202404809619238452e-08 2.500000000000000000e+06
1.226452905811623221e-08 2.500000000000000000e+06
1.250501002004007990e-08 2.500000000000000000e+06
1.274549098196392760e-08 2.500000000000000000e+06
1.298597194388777529e-08 2.500000000000000000e+06
1.322645290581162298e-08 2.500000000000000000e+06
1.346693386773547067e-08 2.500000000000000000e+06
1.370741482965931836e-08 2.500000000000000000e+06
1.394789579158316605e-08 2.500000000000000000e+06
1.418837675350701374e-08 2.500000000000000000e+06
1.442885771543086143e-08 2.500000000000000000e+06
1.466933867735470912e-08 2.500000000000000000e+06
1.490981963927855681e-08 2.500000000000000000e+06
1.515030060120240285e-08 2.500000000000000000e+06
1.539078156312625219e-08 2.500000000000000000e+06
1.563126252505010154e-08 2.500000000000000000e+06
1.587174348697394757e-08 2.500000000000000000e+06
1.611222444889779361e-08 2.500000000000000000e+06
1.635270541082164295e-08 2.500000000000000000e+06
1.659318637274549230e-08 2.500000000000000000e+06
1.683366733466933833e-08 2.500000000000000000e+06
1.707414829659318437e-08 2.500000000000000000e+06
1.731462925851703371e-08 2.500000000000000000e+06
1.755511022044088306e-08 2.500000000000000000e+06
1.779559118236472910e-08 2.500000000000000000e+06
1.803607214428857513e-08 2.500000000000000000e+06
1.827655310621242448e-08 2.500000000000000000e+06
1.851703406813627382e-08 2.500000000000000000e+06
1.875751503006011986e-08 2.500000000000000000e+06
1.899799599198396589e-08 2.500000000000000000e+06
1.923847695390781524e-08 2.500000000000000000e+06
1.947895791583166458e-08 2.500000000000000000e+06
1.971943887775551062e-08 2.500000000000000000e+06
1.995991983967935666e-08 2.500000000000000000e+06
2.020040080160320600e-08 2.485971943887775764e+06
2.044088176352705534e-08 2.469138276553106029e+06
2.068136272545090138e-08 2.452304609218436759e+06
2.092184368737474742e-08 2.435470941883767489e+06
2.116232464929859676e-08 2.418637274549098220e+06
2.140280561122244611e-08 2.401803607214428950e+06
2.164328657314629214e-08 2.384969939879759680e+06
2.188376753507013818e-08 2.368136272545090411e+06
2.212424849699398752e-08 2.351302605210420676e+06
2.236472945891783687e-08 2.334468937875751406e+06
2.260521042084168290e-08 2.317635270541082136e+06
2.284569138276552894e-08 2.300801603206412867e+06
2.308617234468937829e-08 2.283967935871743597e+06
2.332665330661322763e-08 2.267134268537074327e+06
2.356713426853707367e-08 2.250300601202405058e+06
2.380761523046091970e-08 2.233466933867735788e+06
2.404809619238476905e-08 2.216633266533066053e+06
2.428857715430861839e-08 2.199799599198396783e+06
2.452905811623246443e-08 2.182965931863727514e+06
2.476953907815631046e-08 2.166132264529058244e+06
2.501002004008015981e-08 2.149298597194388974e+06
2.525050100200400915e-08 2.132464929859719239e+06
2.549098196392785519e-08 2.115631262525049970e+06
2.573146292585170123e-08 2.098797595190380700e+06
2.597194388777555057e-08 2.081963927855711430e+06
2.621242484969939992e-08 2.065130260521042161e+06
2.645290581162324595e-08 2.048296593186372891e+06
2.669338677354709199e-08 2.031462925851703621e+06
2.693386773547094133e-08 2.014629258517034119e+06
2.717434869739479068e-08 1.997795591182364617e+06
2.741482965931863671e-08 1.980961923847695347e+06
2.765531062124248275e-08 1.964128256513026077e+06
2.789579158316633210e-08 1.947294589178356808e+06
2.813627254509018144e-08 1.930460921843687305e+06
2.837675350701402748e-08 1.913627254509018268e+06
2.861723446893787351e-08 1.896793587174348999e+06
2.885771543086172286e-08 1.879959919839679264e+06
2.909819639278557220e-08 1.863126252505009994e+06
2.933867735470941824e-08 1.846292585170340724e+06
2.957915831663326427e-08 1.829458917835671455e+06
2.981963927855711362e-08 1.812625250501002185e+06
3.006012024048096296e-08 1.795791583166332450e+06
3.030060120240480569e-08 1.778957915831663646e+06
3.054108216432865504e-08 1.762124248496994143e+06
3.078156312625250438e-08 1.745290581162324641e+06
3.102204408817635373e-08 1.728456913827655371e+06
3.126252505010020307e-08 1.711623246492985869e+06
3.150300601202404580e-08 1.694789579158316832e+06
3.174348697394789514e-08 1.677955911823647330e+06
3.198396793587174449e-08 1.661122244488977827e+06
3.222444889779558722e-08 1.644288577154309023e+06
3.246492985971943656e-08 1.627454909819639521e+06
3.270541082164328590e-08 1.610621242484970018e+06
3.294589178356713525e-08 1.593787575150300516e+06
3.318637274549098459e-08 1.576953907815631013e+06
3.342685370741482732e-08 1.560120240480962209e+06
3.366733466933867667e-08 1.543286573146292707e+06
3.390781563126252601e-08 1.526452905811623204e+06
3.414829659318636874e-08 1.509619238476954168e+06
3.438877755511021808e-08 1.492785571142284665e+06
3.462925851703406743e-08 1.475951903807615396e+06
3.486973947895791677e-08 1.459118236472945893e+06
3.511022044088176612e-08 1.442284569138276391e+06
3.535070140280560885e-08 1.425450901803607354e+06
3.559118236472945819e-08 1.408617234468937851e+06
3.583166332665330754e-08 1.391783567134268582e+06
3.607214428857715026e-08 1.374949899799599545e+06
3.631262525050099961e-08 1.358116232464930043e+06
3.655310621242484895e-08 1.341282565130260540e+06
3.679358717434869830e-08 1.324448897795591038e+06
3.703406813627254764e-08 1.307615230460921768e+06
3.727454909819639037e-08 1.290781563126252731e+06
3.751503006012023971e-08 1.273947895791583229e+06
3.775551102204408906e-08 1.257114228456913726e+06
3.799599198396793179e-08 1.240280561122244690e+06
3.823647294589178113e-08 1.223446893787575420e+06
3.847695390781563048e-08 1.206613226452905918e+06
3.871743486973947982e-08 1.189779559118236415e+06
3.895791583166332917e-08 1.172945891783566913e+06
3.919839679358717189e-08 1.156112224448898109e+06
3.943887775551102124e-08 1.139278557114228606e+06
3.967935871743487058e-08 1.122444889779559104e+06
3.991983967935871331e-08 1.105611222444890067e+06
4.016032064128256266e-08 1.088777555110220565e+06
4.040080160320641200e-08 1.071943887775551295e+06
4.064128256513026134e-08 1.055110220440881792e+06
4.088176352705411069e-08 1.038276553106212290e+06
4.112224448897795342e-08 1.021442885771543253e+06
4.136272545090180276e-08 1.004609218436873751e+06
4.160320641282565211e-08 9.877755511022044811e+05
4.184368737474949483e-08 9.709418837675354443e+05
4.208416833667334418e-08 9.541082164328659419e+05
4.232464929859719352e-08 9.372745490981964394e+05
4.256513026052104287e-08 9.204408817635269370e+05
4.280561122244489221e-08 9.036072144288576674e+05
4.304609218436873494e-08 8.867735470941886306e+05
4.328657314629258429e-08 8.699398797595191281e+05
4.352705410821643363e-08 8.531062124248496257e+05
4.376753507014027636e-08 8.362725450901805889e+05
4.400801603206412570e-08 8.194388777555113193e+05
4.424849699398797505e-08 8.026052104208418168e+05
4.448897795591182439e-08 7.857715430861723144e+05
4.472945891783567374e-08 7.689378757515028119e+05
4.496993987975951646e-08 7.521042084168337751e+05
4.521042084168336581e-08 7.352705410821645055e+05
4.545090180360721515e-08 7.184368737474950030e+05
4.569138276553105788e-08 7.016032064128259663e+05
4.593186372745490723e-08 6.847695390781564638e+05
4.617234468937875657e-08 6.679358717434869613e+05
4.641282565130260592e-08 6.511022044088176917e+05
4.665330661322645526e-08 6.342685370741481893e+05
4.689378757515029799e-08 6.174348697394791525e+05
4.713426853707414733e-08 6.006012024048096500e+05
4.737474949899799668e-08 5.837675350701401476e+05
4.761523046092183941e-08 5.669338677354713436e+05
4.785571142284568875e-08 5.501002004008018412e+05
4.809619238476953810e-08 5.332665330661323387e+05
4.833667334669338744e-08 5.164328657314628363e+05
4.857715430861723678e-08 4.995991983967935666e+05
4.881763527054107951e-08 4.827655310621245299e+05
4.905811623246492886e-08 4.659318637274550274e+05
4.929859719438877820e-08 4.490981963927855249e+05
4.953907815631262093e-08 4.322645290581164882e+05
4.977955911823647027e-08 4.154308617234472185e+05
5.002004008016031962e-08 3.985971943887774833e+05
5.026052104208416896e-08 3.817635270541082136e+05
5.050100200400801831e-08 3.649298597194389440e+05
5.074148296593186104e-08 3.480961923847696744e+05
5.098196392785571038e-08 3.312625250501004048e+05
5.122244488977955973e-08 3.144288577154306695e+05
5.146292585170340245e-08 2.975951903807618655e+05
5.170340681362725180e-08 2.807615230460925959e+05
5.194388777555110114e-08 2.639278557114228606e+05
5.218436873747495049e-08 2.470941883767535910e+05
5.242484969939879983e-08 2.302605210420838557e+05
5.266533066132264256e-08 2.134268537074150518e+05
5.290581162324649190e-08 1.965931863727457821e+05
5.314629258517034125e-08 1.797595190380760469e+05
5.338677354709418398e-08 1.629258517034072429e+05
5.362725450901803332e-08 1.460921843687375076e+05
5.386773547094188267e-08 1.292585170340682380e+05
5.410821643286573201e-08 1.124248496993989684e+05
5.434869739478958136e-08 9.559118236472923309e+04
5.458917835671342408e-08 7.875751503006042913e+04
5.482965931863727343e-08 6.192384769539069384e+04
5.507014028056112277e-08 4.509018036072142422e+04
5.531062124248496550e-08 2.825651302605262026e+04
5.555110220440881485e-08 1.142284569138288498e+04
5.579158316633266419e-08 -5.410821643286384642e+03
5.603206412825651354e-08 -2.224448897795611992e+04
5.627254509018036288e-08 -3.907815631262538955e+04
5.651302605210420561e-08 -5.591182364729419351e+04
5.675350701402805495e-08 -7.274549098196392879e+04
5.699398797595190430e-08 -8.957915831663319841e+04
5.723446893787574702e-08 -1.064128256513024680e+05
5.747494989979959637e-08 -1.232464929859717377e+05
5.771543086172344571e-08 -1.400801603206410073e+05
5.795591182364729506e-08 -1.569138276553107426e+05
5.819639278557114440e-08 -1.737474949899800122e+05
5.843687374749498713e-08 -1.905811623246492818e+05
5.867735470941883648e-08 -2.074148296593185514e+05
5.891783567134268582e-08 -2.242484969939878210e+05
5.915831663326652855e-08 -2.410821643286570907e+05
5.939879759519037789e-08 -2.579158316633263603e+05
5.963927855711422724e-08 -2.747494989979960956e+05
5.987975951903807658e-08 -2.915831663326653652e+05
6.012024048096192593e-08 -3.084168336673346348e+05
6.036072144288577527e-08 -3.252505010020043701e+05
6.060120240480961138e-08 -3.420841683366727084e+05
6.084168336673346073e-08 -3.589178356713424437e+05
6.108216432865731007e-08 -3.757515030060117133e+05
6.132264529058115942e-08 -3.925851703406809829e+05
6.156312625250500876e-08 -4.094188376753507182e+05
6.180360721442885811e-08 -4.262525050100199878e+05
6.204408817635270745e-08 -4.430861723446897231e+05
6.228456913827655680e-08 -4.599198396793589927e+05
6.252505010020040614e-08 -4.767535070140282623e+05
6.276553106212424225e-08 -4.935871743486970663e+05
6.300601202404809160e-08 -5.104208416833663359e+05
6.324649298597194094e-08 -5.272545090180356055e+05
6.348697394789579029e-08 -5.440881763527053408e+05
6.372745490981963963e-08 -5.609218436873746105e+05
6.396793587174348898e-08 -5.777555110220443457e+05
6.420841683366733832e-08 -5.945891783567136154e+05
6.444889779559117443e-08 -6.114228456913819537e+05
6.468937875751502378e-08 -6.282565130260516889e+05
6.492985971943887312e-08 -6.450901803607209586e+05
6.517034068136272246e-08 -6.619238476953906938e+05
6.541082164328657181e-08 -6.787575150300599635e+05
6.565130260521042115e-08 -6.955911823647292331e+05
6.589178356713427050e-08 -7.124248496993989684e+05
6.613226452905811984e-08 -7.292585170340682380e+05
6.637274549098196919e-08 -7.460921843687379733e+05
6.661322645290580530e-08 -7.629258517034063116e+05
6.685370741482965464e-08 -7.797595190380755812e+05
6.709418837675350399e-08 -7.965931863727453165e+05
6.733466933867735333e-08 -8.134268537074145861e+05
6.757515030060120268e-08 -8.302605210420843214e+05
6.781563126252505202e-08 -8.470941883767535910e+05
6.805611222444890137e-08 -8.639278557114228606e+05
6.829659318637273748e-08 -8.807615230460916646e+05
6.853707414829658682e-08 -8.975951903807609342e+05
6.877755511022043617e-08 -9.144288577154306695e+05
6.901803607214428551e-08 -9.312625250500999391e+05
6.925851703406813486e-08 -9.480961923847692087e+05
6.949899799599198420e-08 -9.649298597194389440e+05
6.973947895791583355e-08 -9.817635270541082136e+05
6.997995991983968289e-08 -9.985971943887779489e+05
7.022044088176353224e-08 -1.015430861723447219e+06
7.046092184368736835e-08 -1.032264529058115557e+06
7.070140280561121769e-08 -1.049098196392785292e+06
7.094188376753506704e-08 -1.065931863727454562e+06
7.118236472945891638e-08 -1.082765531062124297e+06
7.142284569138276573e-08 -1.099599198396793567e+06
7.166332665330661507e-08 -1.116432865731462836e+06
7.190380761523046442e-08 -1.133266533066132572e+06
7.214428857715430053e-08 -1.150100200400800910e+06
7.238476953907814987e-08 -1.166933867735470645e+06
7.262525050100199922e-08 -1.183767535070139915e+06
7.286573146292584856e-08 -1.200601202404809184e+06
7.310621242484969790e-08 -1.217434869739478920e+06
7.334669338677354725e-08 -1.234268537074148189e+06
7.358717434869739659e-08 -1.251102204408817925e+06
7.382765531062124594e-08 -1.267935871743487194e+06
7.406813627254509528e-08 -1.284769539078156464e+06
7.430861723446893139e-08 -1.301603206412825268e+06
7.454909819639278074e-08 -1.318436873747494537e+06
7.478957915831663008e-08 -1.335270541082164273e+06
7.503006012024047943e-08 -1.352104208416833542e+06
7.527054108216432877e-08 -1.368937875751502812e+06
7.551102204408817812e-08 -1.385771543086172547e+06
7.575150300601202746e-08 -1.402605210420841817e+06
7.599198396793586357e-08 -1.419438877755510621e+06
7.623246492985971292e-08 -1.436272545090179890e+06
7.647294589178356226e-08 -1.453106212424849160e+06
7.671342685370741161e-08 -1.469939879759518895e+06
7.695390781563126095e-08 -1.486773547094188165e+06
7.719438877755511030e-08 -1.503607214428857900e+06
7.743486973947895964e-08 -1.520440881763527170e+06
7.767535070140280899e-08 -1.537274549098196439e+06
7.791583166332665833e-08 -1.554108216432866175e+06
7.815631262525049444e-08 -1.570941883767534513e+06
7.839679358717434379e-08 -1.587775551102204248e+06
7.863727454909819313e-08 -1.604609218436873518e+06
7.887775551102204248e-08 -1.621442885771542788e+06
7.911823647294589182e-08 -1.638276553106212523e+06
7.935871743486974117e-08 -1.655110220440881792e+06
7.959919839679359051e-08 -1.671943887775551528e+06
7.983967935871742662e-08 -1.688777555110220332e+06
8.008016032064127597e-08 -1.705611222444889136e+06
8.032064128256512531e-08 -1.722444889779559337e+06
8.056112224448897466e-08 -1.739278557114227675e+06
8.080160320641282400e-08 -1.756112224448897876e+06
8.104208416833667334e-08 -1.772945891783566214e+06
8.128256513026052269e-08 -1.789779559118237346e+06
8.152304609218437203e-08 -1.806613226452905685e+06
8.176352705410822138e-08 -1.823446893787575886e+06
8.200400801603205749e-08 -1.840280561122244224e+06
8.224448897795590683e-08 -1.857114228456912562e+06
8.248496993987975618e-08 -1.873947895791583695e+06
8.272545090180360552e-08 -1.890781563126252033e+06
8.296593186372745487e-08 -1.907615230460922234e+06
8.320641282565130421e-08 -1.924448897795590572e+06
8.344689378757515356e-08 -1.941282565130260773e+06
8.368737474949898967e-08 -1.958116232464930043e+06
8.392785571142283901e-08 -1.974949899799598381e+06
8.416833667334668836e-08 -1.991783567134268582e+06
8.440881763527053770e-08 -2.008617234468936920e+06
8.464929859719438705e-08 -2.025450901803607121e+06
8.488977955911823639e-08 -2.042284569138276391e+06
8.513026052104208574e-08 -2.059118236472946592e+06
8.537074148296593508e-08 -2.075951903807614930e+06
8.561122244488978443e-08 -2.092785571142285131e+06
8.585170340681362054e-08 -2.109619238476953469e+06
8.609218436873746988e-08 -2.126452905811622739e+06
8.633266533066131923e-08 -2.143286573146292940e+06
8.657314629258516857e-08 -2.160120240480961278e+06
8.681362725450901792e-08 -2.176953907815631479e+06
8.705410821643286726e-08 -2.193787575150299817e+06
8.729458917835671661e-08 -2.210621242484970950e+06
8.753507014028055272e-08 -2.227454909819639288e+06
8.777555110220440206e-08 -2.244288577154307626e+06
8.801603206412825141e-08 -2.261122244488977827e+06
8.825651302605210075e-08 -2.277955911823646165e+06
8.849699398797595010e-08 -2.294789579158317298e+06
8.873747494989979944e-08 -2.311623246492985636e+06
8.897795591182364878e-08 -2.328456913827655837e+06
8.921843687374749813e-08 -2.345290581162324175e+06
8.945891783567134747e-08 -2.362124248496994376e+06
8.969939879759518358e-08 -2.378957915831663646e+06
8.993987975951903293e-08 -2.395791583166331984e+06
9.018036072144288227e-08 -2.412625250501002185e+06
9.042084168336673162e-08 -2.429458917835670523e+06
9.066132264529058096e-08 -2.446292585170340724e+06
9.090180360721443031e-08 -2.463126252505009994e+06
9.114228456913827965e-08 -2.479959919839680195e+06
9.138276553106211576e-08 -2.496793587174348533e+06
9.162324649298596511e-08 -2.513627254509016871e+06
9.186372745490981445e-08 -2.530460921843687072e+06
9.210420841683366380e-08 -2.547294589178356342e+06
9.234468937875751314e-08 -2.564128256513026543e+06
9.258517034068136249e-08 -2.580961923847694881e+06
9.282565130260521183e-08 -2.597795591182365082e+06
9.306613226452906118e-08 -2.614629258517033421e+06
9.330661322645291052e-08 -2.631462925851704553e+06
9.354709418837674663e-08 -2.648296593186372891e+06
9.378757515030059598e-08 -2.665130260521041229e+06
9.402805611222444532e-08 -2.681963927855711430e+06
9.426853707414829467e-08 -2.698797595190379769e+06
9.450901803607214401e-08 -2.715631262525050901e+06
9.474949899799599336e-08 -2.732464929859719239e+06
9.498997995991984270e-08 -2.749298597194389440e+06
9.523046092184367881e-08 -2.766132264529057778e+06
9.547094188376752816e-08 -2.782965931863726117e+06
9.571142284569137750e-08 -2.799799599198397249e+06
9.595190380761522685e-08 -2.816633266533065587e+06
9.619238476953907619e-08 -2.833466933867735788e+06
9.643286573146292554e-08 -2.850300601202404127e+06
9.667334669338677488e-08 -2.867134268537074327e+06
9.691382765531062422e-08 -2.883967935871743597e+06
9.715430861723447357e-08 -2.900801603206413798e+06
9.739478957915830968e-08 -2.917635270541082136e+06
9.763527054108215902e-08 -2.934468937875750475e+06
9.787575150300600837e-08 -2.951302605210420676e+06
9.811623246492985771e-08 -2.968136272545089945e+06
9.835671342685370706e-08 -2.984969939879760146e+06
9.859719438877755640e-08 -3.001803607214428484e+06
9.883767535070140575e-08 -3.018637274549098685e+06
9.907815631262524186e-08 -3.035470941883767024e+06
9.931863727454909120e-08 -3.052304609218436293e+06
9.955911823647294055e-08 -3.069138276553106494e+06
9.979959919839678989e-08 -3.085971943887774833e+06
1.000400801603206392e-07 -3.102805611222445033e+06
1.002805611222444886e-07 -3.119639278557113372e+06
1.005210420841683379e-07 -3.136472945891784504e+06
1.007615230460921873e-07 -3.153306613226452842e+06
1.010020040080160366e-07 -3.170140280561123043e+06
1.012424849699398727e-07 -3.186973947895791382e+06
1.014829659318637221e-07 -3.203807615230459720e+06
1.017234468937875714e-07 -3.220641282565130852e+06
1.019639278557114208e-07 -3.237474949899799190e+06
1.022044088176352701e-07 -3.254308617234469391e+06
1.024448897795591195e-07 -3.271142284569137730e+06
1.026853707414829688e-07 -3.287975951903807931e+06
1.029258517034068049e-07 -3.304809619238477200e+06
1.031663326653306543e-07 -3.321643286573145539e+06
1.034068136272545036e-07 -3.338476953907815740e+06
1.036472945891783529e-07 -3.355310621242484078e+06
1.038877755511022023e-07 -3.372144288577154279e+06
1.041282565130260516e-07 -3.388977955911823548e+06
1.043687374749499010e-07 -3.405811623246493749e+06
1.046092184368737503e-07 -3.422645290581162088e+06
1.048496993987975997e-07 -3.439478957915832289e+06
1.050901803607214358e-07 -3.456312625250500627e+06
1.053306613226452851e-07 -3.473146292585169896e+06
1.055711422845691345e-07 -3.489979959919840097e+06
1.058116232464929838e-07 -3.506813627254508436e+06
1.060521042084168332e-07 -3.523647294589178637e+06
1.062925851703406825e-07 -3.540480961923846975e+06
1.065330661322645318e-07 -3.557314629258518107e+06
1.067735470941883680e-07 -3.574148296593186446e+06
1.070140280561122173e-07 -3.590981963927854784e+06
1.072545090180360666e-07 -3.607815631262524985e+06
1.074949899799599160e-07 -3.624649298597193323e+06
1.077354709418837653e-07 -3.641482965931864455e+06
1.079759519038076147e-07 -3.658316633266532794e+06
1.082164328657314640e-07 -3.675150300601202995e+06
1.084569138276553134e-07 -3.691983967935871333e+06
1.086973947895791627e-07 -3.708817635270541534e+06
1.089378757515029988e-07 -3.725651302605210803e+06
1.091783567134268482e-07 -3.742484969939879142e+06
1.094188376753506975e-07 -3.759318637274549343e+06
1.096593186372745469e-07 -3.776152304609217681e+06
1.098997995991983962e-07 -3.792985971943887882e+06
1.101402805611222455e-07 -3.809819639278557152e+06
1.103807615230460949e-07 -3.826653306613227352e+06
1.106212424849699310e-07 -3.843486973947895691e+06
1.108617234468937803e-07 -3.860320641282564029e+06
1.111022044088176297e-07 -3.877154308617234230e+06
1.113426853707414790e-07 -3.893987975951903500e+06
1.115831663326653284e-07 -3.910821643286573701e+06
1.118236472945891777e-07 -3.927655310621242039e+06
1.120641282565130271e-07 -3.944488977955912240e+06
1.123046092184368764e-07 -3.961322645290580578e+06
1.125450901803607258e-07 -3.978156312625250779e+06
1.127855711422845619e-07 -3.994989979959920049e+06
1.130260521042084112e-07 -4.011823647294588387e+06
1.132665330661322606e-07 -4.028657314629258588e+06
1.135070140280561099e-07 -4.045490981963926926e+06
1.137474949899799592e-07 -4.062324649298597127e+06
1.139879759519038086e-07 -4.079158316633266397e+06
1.142284569138276579e-07 -4.095991983967936598e+06
1.144689378757514940e-07 -4.112825651302604936e+06
1.147094188376753434e-07 -4.129659318637273274e+06
1.149498997995991927e-07 -4.146492985971943475e+06
1.151903807615230421e-07 -4.163326653306612745e+06
1.154308617234468914e-07 -4.180160320641282946e+06
1.156713426853707408e-07 -4.196993987975951284e+06
1.159118236472945901e-07 -4.213827655310621485e+06
1.161523046092184395e-07 -4.230661322645289823e+06
1.163927855711422888e-07 -4.247494989979960956e+06
1.166332665330661249e-07 -4.264328657314629294e+06
1.168737474949899743e-07 -4.281162324649297632e+06
1.171142284569138236e-07 -4.297995991983967833e+06
1.173547094188376730e-07 -4.314829659318636172e+06
1.175951903807615223e-07 -4.331663326653307304e+06
1.178356713426853716e-07 -4.348496993987975642e+06
1.180761523046092210e-07 -4.365330661322645843e+06
1.183166332665330571e-07 -4.382164328657314181e+06
1.185571142284569064e-07 -4.398997995991982520e+06
1.187975951903807558e-07 -4.415831663326653652e+06
1.190380761523046051e-07 -4.432665330661321990e+06
1.192785571142284545e-07 -4.449498997995992191e+06
1.195190380761522906e-07 -4.466332665330660529e+06
1.197595190380761532e-07 -4.483166332665330730e+06
1.199999999999999893e-07 -4.500000000000000000e+06
---------------
