BOLSIG+ version: 11/2019
Collision input data:
--------------------------------------------------
Ar                                                              
SigloDataBase-LXCat-04Jun2013.txt
How to reference in publications:
1) Yamabe, Buckman, and Phelps, Phys. Rev. 27, 1345 (1983). Revised Oct 1997
2) PHELPS database,http://www.lxcat.laplace.univ-tlse.fr, retrieved June 4, 2013.
 
 
 
 Transport coefficients
A1     Mean energy (eV)                                                
A2     Mobility *N (1/m/V/s)                                           
A6     Diffusion coefficient *N (1/m/s)                                
A11    Energy mobility *N (1/m/V/s)                                    
A12    Energy diffusion coef. *N (1/m/s)                               
A13    Total collision freq. /N (m3/s)                                 
A14    Momentum frequency /N (m3/s)                                    
A16    Total ionization freq. /N (m3/s)                                
A18    Townsend ioniz. coef. alpha/N (m2)                              
A20    Power /N (eV m3/s)                                              
A21    Elastic power loss /N (eV m3/s)                                 
A22    Inelastic power loss /N (eV m3/s)                               
A23    Growth power /N (eV m3/s)                                       
A27    Maximum energy                                                  
A28    # of iterations                                                 
A29    # of grid trials                                                
          R#    E/N (Td)      A1          A2          A6         A11         A12         A13         A14         A16         A18         A20         A21         A22         A23         A27         A28         A29    
           1   2.000       3.470      0.1787E+25  0.9907E+25  0.2669E+25  0.7608E+25  0.5703E-13  0.9842E-13   0.000       0.000      0.7148E-17  0.7148E-17  0.5625E-23   0.000       12.38       4.000       1.000    
           2   2.102       3.554      0.1720E+25  0.9771E+25  0.2569E+25  0.7510E+25  0.5918E-13  0.1022E-12   0.000       0.000      0.7599E-17  0.7600E-17  0.2518E-22   0.000       14.80       8.000       2.000    
           3   2.407       3.792      0.1549E+25  0.9415E+25  0.2313E+25  0.7249E+25  0.6544E-13  0.1135E-12   0.000       0.000      0.8979E-17  0.8979E-17  0.8354E-21   0.000       14.80       4.000       1.000    
           4   2.916       4.149      0.1337E+25  0.8939E+25  0.1995E+25  0.6894E+25  0.7540E-13  0.1315E-12   0.000       0.000      0.1137E-16  0.1134E-16  0.3396E-19   0.000       14.80       4.000       1.000    
           5   3.629       4.563      0.1150E+25  0.8464E+25  0.1708E+25  0.6526E+25  0.8777E-13  0.1530E-12   0.000       0.000      0.1514E-16  0.1455E-16  0.5954E-18   0.000       14.80       4.000       1.000    
           6   4.546       4.914      0.1049E+25  0.8133E+25  0.1524E+25  0.6246E+25  0.9898E-13  0.1677E-12  0.5692E-30  0.1194E-33  0.2167E-16  0.1773E-16  0.3936E-17  0.2797E-29   17.68       8.000       2.000    
           7   5.666       5.129      0.1030E+25  0.7986E+25  0.1441E+25  0.6085E+25  0.1062E-12  0.1708E-12  0.3695E-27  0.6335E-31  0.3305E-16  0.1999E-16  0.1307E-16  0.1895E-26   17.68       4.000       1.000    
           8   6.989       5.246      0.1041E+25  0.7936E+25  0.1408E+25  0.6001E+25  0.1103E-12  0.1690E-12  0.4537E-25  0.6238E-29  0.5084E-16  0.2139E-16  0.2945E-16  0.2380E-24   17.68       4.000       1.000    
           9   8.517       5.321      0.1051E+25  0.7912E+25  0.1392E+25  0.5951E+25  0.1129E-12  0.1674E-12  0.1728E-23  0.1931E-27  0.7623E-16  0.2234E-16  0.5388E-16  0.9193E-23   17.68       4.000       1.000    
          10   10.25       5.382      0.1053E+25  0.7886E+25  0.1379E+25  0.5913E+25  0.1150E-12  0.1670E-12  0.2887E-22  0.2676E-26  0.1106E-15  0.2311E-16  0.8747E-16  0.1554E-21   21.11       8.000       2.000    
          11   12.18       5.440      0.1048E+25  0.7855E+25  0.1367E+25  0.5881E+25  0.1169E-12  0.1679E-12  0.2662E-21  0.2086E-25  0.1555E-15  0.2381E-16  0.1317E-15  0.1448E-20   21.11       4.000       1.000    
          12   14.32       5.500      0.1037E+25  0.7818E+25  0.1353E+25  0.5851E+25  0.1187E-12  0.1696E-12  0.1593E-20  0.1073E-24  0.2126E-15  0.2450E-16  0.1881E-15  0.8759E-20   21.11       4.000       1.000    
          13   16.66       5.562      0.1023E+25  0.7775E+25  0.1337E+25  0.5821E+25  0.1206E-12  0.1720E-12  0.6904E-20  0.4051E-24  0.2839E-15  0.2519E-16  0.2587E-15  0.3840E-19   21.11       4.000       1.000    
          14   19.21       5.627      0.1006E+25  0.7729E+25  0.1322E+25  0.5792E+25  0.1225E-12  0.1748E-12  0.2343E-19  0.1212E-23  0.3714E-15  0.2589E-16  0.3453E-15  0.1318E-18   21.11       4.000       1.000    
          15   21.96       5.694      0.9892E+24  0.7680E+25  0.1306E+25  0.5764E+25  0.1245E-12  0.1778E-12  0.6586E-19  0.3032E-23  0.4770E-15  0.2662E-16  0.4500E-15  0.3750E-18   25.19       8.000       2.000    
          16   24.91       5.763      0.9717E+24  0.7631E+25  0.1290E+25  0.5737E+25  0.1265E-12  0.1810E-12  0.1595E-18  0.6590E-23  0.6030E-15  0.2736E-16  0.5747E-15  0.9193E-18   25.19       4.000       1.000    
          17   28.07       5.835      0.9544E+24  0.7581E+25  0.1274E+25  0.5710E+25  0.1285E-12  0.1843E-12  0.3432E-18  0.1281E-22  0.7519E-15  0.2812E-16  0.7218E-15  0.2003E-17   25.19       4.000       1.000    
          18   31.43       5.907      0.9377E+24  0.7532E+25  0.1258E+25  0.5685E+25  0.1305E-12  0.1876E-12  0.6711E-18  0.2277E-22  0.9262E-15  0.2890E-16  0.8933E-15  0.3965E-17   25.19       4.000       1.000    
          19   34.99       5.981      0.9217E+24  0.7484E+25  0.1243E+25  0.5661E+25  0.1326E-12  0.1908E-12  0.1213E-17  0.3762E-22  0.1129E-14  0.2968E-16  0.1092E-14  0.7256E-17   25.19       4.000       1.000    
          20   38.76       6.055      0.9066E+24  0.7436E+25  0.1229E+25  0.5639E+25  0.1346E-12  0.1940E-12  0.2055E-17  0.5848E-22  0.1362E-14  0.3047E-16  0.1319E-14  0.1244E-16   30.06       8.000       2.000    
          21   42.73       6.130      0.8925E+24  0.7390E+25  0.1215E+25  0.5618E+25  0.1366E-12  0.1971E-12  0.3297E-17  0.8644E-22  0.1630E-14  0.3127E-16  0.1578E-14  0.2021E-16   30.06       4.000       1.000    
          22   46.91       6.205      0.8793E+24  0.7345E+25  0.1202E+25  0.5598E+25  0.1386E-12  0.2000E-12  0.5050E-17  0.1224E-21  0.1935E-14  0.3208E-16  0.1871E-14  0.3133E-16   30.06       4.000       1.000    
          23   51.28       6.280      0.8671E+24  0.7300E+25  0.1190E+25  0.5580E+25  0.1406E-12  0.2028E-12  0.7438E-17  0.1673E-21  0.2280E-14  0.3288E-16  0.2201E-14  0.4671E-16   30.06       4.000       1.000    
          24   55.87       6.354      0.8557E+24  0.7257E+25  0.1179E+25  0.5563E+25  0.1425E-12  0.2055E-12  0.1059E-16  0.2215E-21  0.2671E-14  0.3369E-16  0.2570E-14  0.6730E-16   30.06       4.000       1.000    
          25   60.65       6.429      0.8452E+24  0.7215E+25  0.1168E+25  0.5548E+25  0.1444E-12  0.2081E-12  0.1465E-16  0.2857E-21  0.3109E-14  0.3449E-16  0.2981E-14  0.9416E-16   35.85       9.000       2.000    
          26   65.64       6.503      0.8355E+24  0.7173E+25  0.1158E+25  0.5535E+25  0.1462E-12  0.2105E-12  0.1975E-16  0.3601E-21  0.3600E-14  0.3530E-16  0.3436E-14  0.1284E-15   35.85       5.000       1.000    
          27   70.83       6.577      0.8264E+24  0.7132E+25  0.1148E+25  0.5523E+25  0.1481E-12  0.2128E-12  0.2604E-16  0.4448E-21  0.4146E-14  0.3609E-16  0.3939E-14  0.1713E-15   35.85       5.000       1.000    
          28   76.23       6.650      0.8179E+24  0.7092E+25  0.1140E+25  0.5512E+25  0.1499E-12  0.2150E-12  0.3367E-16  0.5400E-21  0.4753E-14  0.3689E-16  0.4492E-14  0.2239E-15   35.85       5.000       1.000    
          29   81.83       6.723      0.8101E+24  0.7052E+25  0.1132E+25  0.5503E+25  0.1516E-12  0.2171E-12  0.4279E-16  0.6454E-21  0.5425E-14  0.3768E-16  0.5099E-14  0.2877E-15   35.85       5.000       1.000    
          30   87.64       6.796      0.8027E+24  0.7012E+25  0.1124E+25  0.5495E+25  0.1533E-12  0.2191E-12  0.5354E-16  0.7611E-21  0.6165E-14  0.3847E-16  0.5762E-14  0.3639E-15   42.75       10.00       2.000    
          31   93.64       6.869      0.7957E+24  0.6972E+25  0.1117E+25  0.5489E+25  0.1550E-12  0.2210E-12  0.6609E-16  0.8869E-21  0.6978E-14  0.3926E-16  0.6485E-14  0.4539E-15   42.75       5.000       1.000    
          32   99.86       6.941      0.7892E+24  0.6933E+25  0.1110E+25  0.5484E+25  0.1567E-12  0.2229E-12  0.8057E-16  0.1022E-20  0.7869E-14  0.4004E-16  0.7270E-14  0.5593E-15   42.75       5.000       1.000    
          33   106.3       7.013      0.7830E+24  0.6895E+25  0.1104E+25  0.5481E+25  0.1583E-12  0.2246E-12  0.9715E-16  0.1168E-20  0.8843E-14  0.4081E-16  0.8121E-14  0.6814E-15   42.75       5.000       1.000    
          34   112.9       7.086      0.7771E+24  0.6856E+25  0.1098E+25  0.5479E+25  0.1599E-12  0.2263E-12  0.1160E-15  0.1322E-20  0.9904E-14  0.4159E-16  0.9040E-14  0.8218E-15   42.75       5.000       1.000    
          35   119.7       7.158      0.7716E+24  0.6819E+25  0.1093E+25  0.5478E+25  0.1614E-12  0.2280E-12  0.1372E-15  0.1485E-20  0.1106E-13  0.4236E-16  0.1003E-13  0.9821E-15   50.96       10.00       2.000    
          36   126.7       7.230      0.7662E+24  0.6782E+25  0.1088E+25  0.5479E+25  0.1629E-12  0.2295E-12  0.1610E-15  0.1658E-20  0.1231E-13  0.4313E-16  0.1110E-13  0.1164E-14   50.96       5.000       1.000    
          37   134.0       7.303      0.7611E+24  0.6746E+25  0.1083E+25  0.5481E+25  0.1644E-12  0.2311E-12  0.1875E-15  0.1839E-20  0.1366E-13  0.4390E-16  0.1225E-13  0.1369E-14   50.96       5.000       1.000    
          38   141.4       7.376      0.7562E+24  0.6711E+25  0.1079E+25  0.5484E+25  0.1659E-12  0.2326E-12  0.2169E-15  0.2028E-20  0.1512E-13  0.4467E-16  0.1348E-13  0.1600E-14   50.96       5.000       1.000    
          39   149.0       7.449      0.7515E+24  0.6676E+25  0.1075E+25  0.5489E+25  0.1673E-12  0.2340E-12  0.2493E-15  0.2226E-20  0.1669E-13  0.4544E-16  0.1479E-13  0.1857E-14   50.96       6.000       1.000    
          40   156.9       7.522      0.7470E+24  0.6643E+25  0.1071E+25  0.5496E+25  0.1687E-12  0.2355E-12  0.2849E-15  0.2431E-20  0.1838E-13  0.4620E-16  0.1619E-13  0.2143E-14   60.75       12.00       2.000    
          41   164.9       7.596      0.7426E+24  0.6610E+25  0.1067E+25  0.5503E+25  0.1701E-12  0.2369E-12  0.3238E-15  0.2644E-20  0.2020E-13  0.4697E-16  0.1769E-13  0.2460E-14   60.75       6.000       1.000    
          42   173.2       7.670      0.7383E+24  0.6578E+25  0.1064E+25  0.5513E+25  0.1715E-12  0.2382E-12  0.3663E-15  0.2865E-20  0.2214E-13  0.4774E-16  0.1928E-13  0.2810E-14   60.75       6.000       1.000    
          43   181.6       7.745      0.7342E+24  0.6548E+25  0.1061E+25  0.5523E+25  0.1728E-12  0.2396E-12  0.4125E-15  0.3093E-20  0.2422E-13  0.4851E-16  0.2097E-13  0.3195E-14   60.75       6.000       1.000    
          44   190.3       7.821      0.7302E+24  0.6518E+25  0.1058E+25  0.5535E+25  0.1742E-12  0.2409E-12  0.4625E-15  0.3329E-20  0.2644E-13  0.4928E-16  0.2277E-13  0.3617E-14   72.41       12.00       2.000    
          45   199.1       7.897      0.7262E+24  0.6490E+25  0.1055E+25  0.5549E+25  0.1755E-12  0.2422E-12  0.5165E-15  0.3572E-20  0.2880E-13  0.5006E-16  0.2467E-13  0.4079E-14   72.41       6.000       1.000    
          46   208.2       7.974      0.7224E+24  0.6463E+25  0.1052E+25  0.5564E+25  0.1768E-12  0.2435E-12  0.5748E-15  0.3821E-20  0.3131E-13  0.5084E-16  0.2668E-13  0.4583E-14   72.41       6.000       1.000    
          47   217.5       8.052      0.7187E+24  0.6436E+25  0.1050E+25  0.5580E+25  0.1780E-12  0.2447E-12  0.6373E-15  0.4078E-20  0.3399E-13  0.5162E-16  0.2880E-13  0.5132E-14   72.41       6.000       1.000    
          48   226.9       8.131      0.7151E+24  0.6412E+25  0.1047E+25  0.5598E+25  0.1793E-12  0.2460E-12  0.7045E-15  0.4341E-20  0.3682E-13  0.5241E-16  0.3104E-13  0.5728E-14   72.41       6.000       1.000    
          49   236.6       8.211      0.7115E+24  0.6388E+25  0.1045E+25  0.5618E+25  0.1805E-12  0.2472E-12  0.7763E-15  0.4611E-20  0.3983E-13  0.5320E-16  0.3340E-13  0.6375E-14   86.29       12.00       2.000    
          50   246.5       8.293      0.7080E+24  0.6365E+25  0.1042E+25  0.5639E+25  0.1818E-12  0.2484E-12  0.8530E-15  0.4888E-20  0.4301E-13  0.5400E-16  0.3589E-13  0.7074E-14   86.29       6.000       1.000    
          51   256.6       8.375      0.7046E+24  0.6344E+25  0.1040E+25  0.5662E+25  0.1830E-12  0.2496E-12  0.9348E-15  0.5171E-20  0.4638E-13  0.5481E-16  0.3850E-13  0.7829E-14   86.29       6.000       1.000    
          52   266.9       8.458      0.7012E+24  0.6323E+25  0.1038E+25  0.5687E+25  0.1842E-12  0.2508E-12  0.1022E-14  0.5460E-20  0.4993E-13  0.5562E-16  0.4124E-13  0.8643E-14   86.29       6.000       1.000    
          53   277.3       8.543      0.6979E+24  0.6304E+25  0.1036E+25  0.5713E+25  0.1854E-12  0.2520E-12  0.1114E-14  0.5756E-20  0.5368E-13  0.5644E-16  0.4411E-13  0.9519E-14   86.29       6.000       1.000    
          54   288.0       8.629      0.6947E+24  0.6286E+25  0.1034E+25  0.5740E+25  0.1866E-12  0.2532E-12  0.1212E-14  0.6058E-20  0.5764E-13  0.5727E-16  0.4712E-13  0.1046E-13   86.29       6.000       1.000    
          55   298.9       8.717      0.6916E+24  0.6269E+25  0.1032E+25  0.5770E+25  0.1878E-12  0.2543E-12  0.1316E-14  0.6366E-20  0.6179E-13  0.5811E-16  0.5027E-13  0.1147E-13   102.8       12.00       2.000    
          56   310.0       8.806      0.6884E+24  0.6253E+25  0.1030E+25  0.5801E+25  0.1889E-12  0.2555E-12  0.1426E-14  0.6680E-20  0.6617E-13  0.5896E-16  0.5356E-13  0.1255E-13   102.8       6.000       1.000    
          57   321.3       8.896      0.6854E+24  0.6238E+25  0.1029E+25  0.5834E+25  0.1901E-12  0.2566E-12  0.1541E-14  0.6999E-20  0.7077E-13  0.5982E-16  0.5699E-13  0.1371E-13   102.8       6.000       1.000    
          58   332.8       8.988      0.6824E+24  0.6225E+25  0.1027E+25  0.5869E+25  0.1912E-12  0.2577E-12  0.1664E-14  0.7325E-20  0.7559E-13  0.6069E-16  0.6058E-13  0.1495E-13   102.8       6.000       1.000    
          59   344.5       9.082      0.6794E+24  0.6212E+25  0.1025E+25  0.5905E+25  0.1924E-12  0.2589E-12  0.1792E-14  0.7656E-20  0.8066E-13  0.6157E-16  0.6432E-13  0.1628E-13   102.8       6.000       1.000    
          60   356.5       9.178      0.6765E+24  0.6201E+25  0.1024E+25  0.5944E+25  0.1935E-12  0.2600E-12  0.1927E-14  0.7992E-20  0.8596E-13  0.6246E-16  0.6821E-13  0.1769E-13   122.5       11.00       2.000    
          61   368.6       9.275      0.6737E+24  0.6191E+25  0.1022E+25  0.5984E+25  0.1946E-12  0.2611E-12  0.2069E-14  0.8334E-20  0.9152E-13  0.6336E-16  0.7226E-13  0.1919E-13   122.5       6.000       1.000    
          62   380.9       9.374      0.6709E+24  0.6182E+25  0.1020E+25  0.6026E+25  0.1958E-12  0.2622E-12  0.2219E-14  0.8682E-20  0.9733E-13  0.6428E-16  0.7647E-13  0.2080E-13   122.5       6.000       1.000    
          63   393.4       9.475      0.6681E+24  0.6174E+25  0.1019E+25  0.6071E+25  0.1969E-12  0.2632E-12  0.2375E-14  0.9034E-20  0.1034E-12  0.6521E-16  0.8085E-13  0.2250E-13   122.5       6.000       1.000    
          64   406.1       9.579      0.6654E+24  0.6168E+25  0.1017E+25  0.6117E+25  0.1980E-12  0.2643E-12  0.2538E-14  0.9392E-20  0.1098E-12  0.6616E-16  0.8539E-13  0.2431E-13   122.5       6.000       1.000    
          65   419.1       9.684      0.6628E+24  0.6162E+25  0.1016E+25  0.6165E+25  0.1991E-12  0.2654E-12  0.2709E-14  0.9755E-20  0.1164E-12  0.6712E-16  0.9010E-13  0.2624E-13   146.0       12.00       2.000    
          66   432.2       9.791      0.6602E+24  0.6158E+25  0.1014E+25  0.6216E+25  0.2002E-12  0.2664E-12  0.2888E-14  0.1012E-19  0.1233E-12  0.6810E-16  0.9498E-13  0.2828E-13   146.0       6.000       1.000    
          67   445.6       9.900      0.6576E+24  0.6155E+25  0.1013E+25  0.6268E+25  0.2013E-12  0.2675E-12  0.3075E-14  0.1049E-19  0.1305E-12  0.6909E-16  0.1000E-12  0.3044E-13   146.0       5.000       1.000    
          68   459.1       10.01      0.6551E+24  0.6153E+25  0.1011E+25  0.6323E+25  0.2024E-12  0.2685E-12  0.3270E-14  0.1087E-19  0.1381E-12  0.7010E-16  0.1053E-12  0.3274E-13   146.0       5.000       1.000    
          69   472.8       10.13      0.6526E+24  0.6153E+25  0.1010E+25  0.6380E+25  0.2034E-12  0.2695E-12  0.3472E-14  0.1125E-19  0.1459E-12  0.7112E-16  0.1107E-12  0.3516E-13   146.0       6.000       1.000    
          70   486.8       10.24      0.6502E+24  0.6154E+25  0.1008E+25  0.6439E+25  0.2045E-12  0.2705E-12  0.3683E-14  0.1164E-19  0.1541E-12  0.7216E-16  0.1163E-12  0.3773E-13   146.0       6.000       1.000    
          71   500.9       10.36      0.6478E+24  0.6156E+25  0.1007E+25  0.6500E+25  0.2056E-12  0.2715E-12  0.3903E-14  0.1203E-19  0.1626E-12  0.7322E-16  0.1220E-12  0.4044E-13   173.9       12.00       2.000    
          72   515.3       10.48      0.6454E+24  0.6159E+25  0.1005E+25  0.6563E+25  0.2066E-12  0.2725E-12  0.4131E-14  0.1242E-19  0.1714E-12  0.7430E-16  0.1280E-12  0.4331E-13   173.9       6.000       1.000    
          73   529.9       10.61      0.6431E+24  0.6164E+25  0.1004E+25  0.6629E+25  0.2077E-12  0.2735E-12  0.4368E-14  0.1282E-19  0.1806E-12  0.7540E-16  0.1342E-12  0.4633E-13   173.9       6.000       1.000    
          74   544.6       10.73      0.6408E+24  0.6170E+25  0.1002E+25  0.6698E+25  0.2087E-12  0.2745E-12  0.4614E-14  0.1322E-19  0.1901E-12  0.7652E-16  0.1405E-12  0.4952E-13   173.9       6.000       1.000    
          75   559.6       10.86      0.6386E+24  0.6177E+25  0.1001E+25  0.6768E+25  0.2098E-12  0.2754E-12  0.4869E-14  0.1363E-19  0.2000E-12  0.7765E-16  0.1470E-12  0.5288E-13   173.9       6.000       1.000    
          76   574.8       10.99      0.6364E+24  0.6186E+25  0.9992E+24  0.6841E+25  0.2108E-12  0.2764E-12  0.5133E-14  0.1403E-19  0.2102E-12  0.7881E-16  0.1537E-12  0.5643E-13   207.2       11.00       2.000    
          77   590.1       11.13      0.6342E+24  0.6196E+25  0.9977E+24  0.6917E+25  0.2118E-12  0.2773E-12  0.5407E-14  0.1445E-19  0.2209E-12  0.7999E-16  0.1606E-12  0.6016E-13   207.2       6.000       1.000    
          78   605.7       11.26      0.6321E+24  0.6207E+25  0.9961E+24  0.6995E+25  0.2129E-12  0.2783E-12  0.5689E-14  0.1486E-19  0.2319E-12  0.8119E-16  0.1677E-12  0.6409E-13   207.2       6.000       1.000    
          79   621.5       11.40      0.6300E+24  0.6220E+25  0.9946E+24  0.7075E+25  0.2139E-12  0.2792E-12  0.5982E-14  0.1528E-19  0.2433E-12  0.8241E-16  0.1750E-12  0.6822E-13   207.2       6.000       1.000    
          80   637.5       11.55      0.6279E+24  0.6235E+25  0.9931E+24  0.7158E+25  0.2149E-12  0.2801E-12  0.6284E-14  0.1570E-19  0.2552E-12  0.8365E-16  0.1825E-12  0.7256E-13   207.2       6.000       1.000    
          81   653.7       11.69      0.6258E+24  0.6250E+25  0.9916E+24  0.7244E+25  0.2159E-12  0.2810E-12  0.6595E-14  0.1612E-19  0.2674E-12  0.8492E-16  0.1902E-12  0.7712E-13   207.2       5.000       1.000    
          82   670.1       11.84      0.6238E+24  0.6268E+25  0.9900E+24  0.7332E+25  0.2169E-12  0.2819E-12  0.6917E-14  0.1655E-19  0.2801E-12  0.8621E-16  0.1981E-12  0.8191E-13   246.8       11.00       2.000    
          83   686.7       11.99      0.6218E+24  0.6286E+25  0.9885E+24  0.7423E+25  0.2179E-12  0.2828E-12  0.7248E-14  0.1697E-19  0.2932E-12  0.8752E-16  0.2062E-12  0.8693E-13   246.8       6.000       1.000    
          84   703.5       12.15      0.6199E+24  0.6307E+25  0.9869E+24  0.7516E+25  0.2189E-12  0.2837E-12  0.7589E-14  0.1740E-19  0.3068E-12  0.8885E-16  0.2145E-12  0.9220E-13   246.8       6.000       1.000    
          85   720.5       12.31      0.6179E+24  0.6328E+25  0.9853E+24  0.7612E+25  0.2198E-12  0.2846E-12  0.7940E-14  0.1784E-19  0.3208E-12  0.9021E-16  0.2230E-12  0.9772E-13   246.8       7.000       1.000    
          86   737.7       12.47      0.6160E+24  0.6351E+25  0.9836E+24  0.7710E+25  0.2208E-12  0.2855E-12  0.8302E-14  0.1827E-19  0.3352E-12  0.9160E-16  0.2316E-12  0.1035E-12   246.8       7.000       1.000    
          87   755.1       12.63      0.6141E+24  0.6376E+25  0.9820E+24  0.7811E+25  0.2218E-12  0.2864E-12  0.8673E-14  0.1870E-19  0.3502E-12  0.9301E-16  0.2405E-12  0.1096E-12   246.8       7.000       1.000    
          88   772.7       12.80      0.6123E+24  0.6402E+25  0.9803E+24  0.7915E+25  0.2227E-12  0.2873E-12  0.9054E-14  0.1914E-19  0.3656E-12  0.9445E-16  0.2496E-12  0.1159E-12   294.0       14.00       2.000    
          89   790.5       12.97      0.6104E+24  0.6430E+25  0.9786E+24  0.8021E+25  0.2237E-12  0.2881E-12  0.9446E-14  0.1958E-19  0.3815E-12  0.9591E-16  0.2588E-12  0.1225E-12   294.0       7.000       1.000    
          90   808.6       13.15      0.6086E+24  0.6459E+25  0.9769E+24  0.8130E+25  0.2246E-12  0.2890E-12  0.9848E-14  0.2001E-19  0.3979E-12  0.9740E-16  0.2683E-12  0.1295E-12   294.0       7.000       1.000    
          91   826.8       13.33      0.6067E+24  0.6490E+25  0.9752E+24  0.8241E+25  0.2255E-12  0.2899E-12  0.1026E-13  0.2045E-19  0.4148E-12  0.9892E-16  0.2779E-12  0.1367E-12   294.0       7.000       1.000    
          92   845.2       13.51      0.6049E+24  0.6522E+25  0.9734E+24  0.8355E+25  0.2264E-12  0.2907E-12  0.1068E-13  0.2089E-19  0.4322E-12  0.1005E-15  0.2878E-12  0.1443E-12   294.0       7.000       1.000    
          93   863.9       13.69      0.6032E+24  0.6556E+25  0.9716E+24  0.8472E+25  0.2274E-12  0.2916E-12  0.1111E-13  0.2133E-19  0.4501E-12  0.1020E-15  0.2978E-12  0.1522E-12   294.0       7.000       1.000    
          94   882.7       13.88      0.6014E+24  0.6592E+25  0.9698E+24  0.8591E+25  0.2283E-12  0.2925E-12  0.1156E-13  0.2177E-19  0.4686E-12  0.1036E-15  0.3080E-12  0.1604E-12   350.2       14.00       2.000    
          95   901.7       14.07      0.5996E+24  0.6629E+25  0.9680E+24  0.8713E+25  0.2292E-12  0.2933E-12  0.1201E-13  0.2221E-19  0.4876E-12  0.1053E-15  0.3184E-12  0.1690E-12   350.2       7.000       1.000    
          96   921.0       14.27      0.5979E+24  0.6667E+25  0.9661E+24  0.8837E+25  0.2301E-12  0.2942E-12  0.1247E-13  0.2265E-19  0.5071E-12  0.1069E-15  0.3290E-12  0.1780E-12   350.2       7.000       1.000    
          97   940.4       14.47      0.5961E+24  0.6707E+25  0.9642E+24  0.8964E+25  0.2309E-12  0.2950E-12  0.1294E-13  0.2309E-19  0.5272E-12  0.1086E-15  0.3398E-12  0.1873E-12   350.2       7.000       1.000    
          98   960.1       14.68      0.5944E+24  0.6749E+25  0.9623E+24  0.9093E+25  0.2318E-12  0.2959E-12  0.1343E-13  0.2353E-19  0.5479E-12  0.1103E-15  0.3508E-12  0.1971E-12   350.2       7.000       1.000    
          99   979.9       14.88      0.5927E+24  0.6792E+25  0.9603E+24  0.9225E+25  0.2327E-12  0.2967E-12  0.1392E-13  0.2396E-19  0.5692E-12  0.1121E-15  0.3619E-12  0.2072E-12   350.2       7.000       1.000    
         100   1000.       15.09      0.5910E+24  0.6837E+25  0.9583E+24  0.9359E+25  0.2335E-12  0.2976E-12  0.1442E-13  0.2440E-19  0.5910E-12  0.1139E-15  0.3732E-12  0.2177E-12   350.2       7.000       1.000    
 
 
Rate coefficients (m3/s)
 C1    Ar    Effective (momentum)                                
 C2    Ar    Excitation    11.50 eV                              
 C3    Ar    Ionization    15.80 eV                              
          R#    E/N (Td) Energy (eV)      C1          C2          C3    
           1   2.000       3.470      0.5703E-13  0.4891E-24   0.000    
           2   2.102       3.554      0.5918E-13  0.2189E-23   0.000    
           3   2.407       3.792      0.6544E-13  0.7264E-22   0.000    
           4   2.916       4.149      0.7540E-13  0.2953E-20   0.000    
           5   3.629       4.563      0.8777E-13  0.5177E-19   0.000    
           6   4.546       4.914      0.9898E-13  0.3422E-18  0.5692E-30
           7   5.666       5.129      0.1062E-12  0.1136E-17  0.3695E-27
           8   6.989       5.246      0.1103E-12  0.2561E-17  0.4537E-25
           9   8.517       5.321      0.1129E-12  0.4686E-17  0.1728E-23
          10   10.25       5.382      0.1150E-12  0.7606E-17  0.2887E-22
          11   12.18       5.440      0.1169E-12  0.1145E-16  0.2662E-21
          12   14.32       5.500      0.1187E-12  0.1636E-16  0.1593E-20
          13   16.66       5.562      0.1206E-12  0.2249E-16  0.6904E-20
          14   19.21       5.627      0.1225E-12  0.3000E-16  0.2343E-19
          15   21.96       5.694      0.1245E-12  0.3904E-16  0.6586E-19
          16   24.91       5.763      0.1265E-12  0.4976E-16  0.1595E-18
          17   28.07       5.835      0.1285E-12  0.6229E-16  0.3432E-18
          18   31.43       5.907      0.1305E-12  0.7676E-16  0.6711E-18
          19   34.99       5.981      0.1326E-12  0.9326E-16  0.1213E-17
          20   38.76       6.055      0.1346E-12  0.1119E-15  0.2055E-17
          21   42.73       6.130      0.1366E-12  0.1327E-15  0.3297E-17
          22   46.91       6.205      0.1386E-12  0.1558E-15  0.5050E-17
          23   51.28       6.280      0.1406E-12  0.1812E-15  0.7438E-17
          24   55.87       6.354      0.1425E-12  0.2089E-15  0.1059E-16
          25   60.65       6.429      0.1444E-12  0.2391E-15  0.1465E-16
          26   65.64       6.503      0.1462E-12  0.2717E-15  0.1975E-16
          27   70.83       6.577      0.1481E-12  0.3068E-15  0.2604E-16
          28   76.23       6.650      0.1499E-12  0.3444E-15  0.3367E-16
          29   81.83       6.723      0.1516E-12  0.3846E-15  0.4279E-16
          30   87.64       6.796      0.1533E-12  0.4275E-15  0.5354E-16
          31   93.64       6.869      0.1550E-12  0.4731E-15  0.6609E-16
          32   99.86       6.941      0.1567E-12  0.5215E-15  0.8057E-16
          33   106.3       7.013      0.1583E-12  0.5727E-15  0.9715E-16
          34   112.9       7.086      0.1599E-12  0.6268E-15  0.1160E-15
          35   119.7       7.158      0.1614E-12  0.6839E-15  0.1372E-15
          36   126.7       7.230      0.1629E-12  0.7441E-15  0.1610E-15
          37   134.0       7.303      0.1644E-12  0.8073E-15  0.1875E-15
          38   141.4       7.376      0.1659E-12  0.8739E-15  0.2169E-15
          39   149.0       7.449      0.1673E-12  0.9436E-15  0.2493E-15
          40   156.9       7.522      0.1687E-12  0.1017E-14  0.2849E-15
          41   164.9       7.596      0.1701E-12  0.1093E-14  0.3238E-15
          42   173.2       7.670      0.1715E-12  0.1173E-14  0.3663E-15
          43   181.6       7.745      0.1728E-12  0.1257E-14  0.4125E-15
          44   190.3       7.821      0.1742E-12  0.1345E-14  0.4625E-15
          45   199.1       7.897      0.1755E-12  0.1436E-14  0.5165E-15
          46   208.2       7.974      0.1768E-12  0.1530E-14  0.5748E-15
          47   217.5       8.052      0.1780E-12  0.1629E-14  0.6373E-15
          48   226.9       8.131      0.1793E-12  0.1732E-14  0.7045E-15
          49   236.6       8.211      0.1805E-12  0.1838E-14  0.7763E-15
          50   246.5       8.293      0.1818E-12  0.1949E-14  0.8530E-15
          51   256.6       8.375      0.1830E-12  0.2063E-14  0.9348E-15
          52   266.9       8.458      0.1842E-12  0.2182E-14  0.1022E-14
          53   277.3       8.543      0.1854E-12  0.2305E-14  0.1114E-14
          54   288.0       8.629      0.1866E-12  0.2432E-14  0.1212E-14
          55   298.9       8.717      0.1878E-12  0.2563E-14  0.1316E-14
          56   310.0       8.806      0.1889E-12  0.2698E-14  0.1426E-14
          57   321.3       8.896      0.1901E-12  0.2838E-14  0.1541E-14
          58   332.8       8.988      0.1912E-12  0.2982E-14  0.1664E-14
          59   344.5       9.082      0.1924E-12  0.3131E-14  0.1792E-14
          60   356.5       9.178      0.1935E-12  0.3283E-14  0.1927E-14
          61   368.6       9.275      0.1946E-12  0.3440E-14  0.2069E-14
          62   380.9       9.374      0.1958E-12  0.3602E-14  0.2219E-14
          63   393.4       9.475      0.1969E-12  0.3767E-14  0.2375E-14
          64   406.1       9.579      0.1980E-12  0.3938E-14  0.2538E-14
          65   419.1       9.684      0.1991E-12  0.4112E-14  0.2709E-14
          66   432.2       9.791      0.2002E-12  0.4291E-14  0.2888E-14
          67   445.6       9.900      0.2013E-12  0.4474E-14  0.3075E-14
          68   459.1       10.01      0.2024E-12  0.4662E-14  0.3270E-14
          69   472.8       10.13      0.2034E-12  0.4854E-14  0.3472E-14
          70   486.8       10.24      0.2045E-12  0.5050E-14  0.3683E-14
          71   500.9       10.36      0.2056E-12  0.5250E-14  0.3903E-14
          72   515.3       10.48      0.2066E-12  0.5455E-14  0.4131E-14
          73   529.9       10.61      0.2077E-12  0.5664E-14  0.4368E-14
          74   544.6       10.73      0.2087E-12  0.5877E-14  0.4614E-14
          75   559.6       10.86      0.2098E-12  0.6094E-14  0.4869E-14
          76   574.8       10.99      0.2108E-12  0.6315E-14  0.5133E-14
          77   590.1       11.13      0.2118E-12  0.6540E-14  0.5407E-14
          78   605.7       11.26      0.2129E-12  0.6769E-14  0.5689E-14
          79   621.5       11.40      0.2139E-12  0.7003E-14  0.5982E-14
          80   637.5       11.55      0.2149E-12  0.7239E-14  0.6284E-14
          81   653.7       11.69      0.2159E-12  0.7480E-14  0.6595E-14
          82   670.1       11.84      0.2169E-12  0.7724E-14  0.6917E-14
          83   686.7       11.99      0.2179E-12  0.7972E-14  0.7248E-14
          84   703.5       12.15      0.2189E-12  0.8224E-14  0.7589E-14
          85   720.5       12.31      0.2198E-12  0.8478E-14  0.7940E-14
          86   737.7       12.47      0.2208E-12  0.8737E-14  0.8302E-14
          87   755.1       12.63      0.2218E-12  0.8998E-14  0.8673E-14
          88   772.7       12.80      0.2227E-12  0.9263E-14  0.9054E-14
          89   790.5       12.97      0.2237E-12  0.9530E-14  0.9446E-14
          90   808.6       13.15      0.2246E-12  0.9800E-14  0.9848E-14
          91   826.8       13.33      0.2255E-12  0.1007E-13  0.1026E-13
          92   845.2       13.51      0.2264E-12  0.1035E-13  0.1068E-13
          93   863.9       13.69      0.2274E-12  0.1063E-13  0.1111E-13
          94   882.7       13.88      0.2283E-12  0.1091E-13  0.1156E-13
          95   901.7       14.07      0.2292E-12  0.1119E-13  0.1201E-13
          96   921.0       14.27      0.2301E-12  0.1148E-13  0.1247E-13
          97   940.4       14.47      0.2309E-12  0.1177E-13  0.1294E-13
          98   960.1       14.68      0.2318E-12  0.1205E-13  0.1343E-13
          99   979.9       14.88      0.2327E-12  0.1235E-13  0.1392E-13
         100   1000.       15.09      0.2335E-12  0.1264E-13  0.1442E-13
 
 
