field_vs_time
----------------------------------
0.000000000000000000e+00 0.000000000000000000e+00
2.881355932203389773e-10 7.203389830508474461e+02
5.762711864406779547e-10 1.440677966101694892e+03
8.644067796610168803e-10 2.161016949152542111e+03
1.152542372881355909e-09 2.881355932203389784e+03
1.440677966101694938e-09 3.601694915254237458e+03
1.728813559322033761e-09 4.322033898305084222e+03
2.016949152542372996e-09 5.000000000000000000e+03
2.305084745762711819e-09 5.000000000000000000e+03
2.593220338983050641e-09 5.000000000000000000e+03
2.881355932203389877e-09 5.000000000000000000e+03
3.169491525423728699e-09 5.000000000000000000e+03
3.457627118644067521e-09 5.000000000000000000e+03
3.745762711864406757e-09 5.000000000000000000e+03
4.033898305084745993e-09 5.000000000000000000e+03
4.322033898305084402e-09 5.000000000000000000e+03
4.610169491525423637e-09 5.000000000000000000e+03
4.898305084745762873e-09 5.000000000000000000e+03
5.186440677966101282e-09 5.000000000000000000e+03
5.474576271186440518e-09 5.000000000000000000e+03
5.762711864406779754e-09 5.000000000000000000e+03
6.050847457627118162e-09 5.000000000000000000e+03
6.338983050847457398e-09 5.000000000000000000e+03
6.627118644067796634e-09 5.000000000000000000e+03
6.915254237288135043e-09 5.000000000000000000e+03
7.203389830508474278e-09 5.000000000000000000e+03
7.491525423728813514e-09 5.000000000000000000e+03
7.779661016949152750e-09 5.000000000000000000e+03
8.067796610169491986e-09 5.000000000000000000e+03
8.355932203389829567e-09 5.000000000000000000e+03
8.644067796610168803e-09 5.000000000000000000e+03
8.932203389830508039e-09 5.000000000000000000e+03
9.220338983050847275e-09 5.000000000000000000e+03
9.508474576271186511e-09 5.000000000000000000e+03
9.796610169491525746e-09 5.000000000000000000e+03
1.008474576271186498e-08 5.000000000000000000e+03
1.037288135593220256e-08 5.000000000000000000e+03
1.066101694915254180e-08 5.000000000000000000e+03
1.094915254237288104e-08 5.000000000000000000e+03
1.123728813559322027e-08 5.000000000000000000e+03
1.152542372881355951e-08 5.000000000000000000e+03
1.181355932203389874e-08 5.000000000000000000e+03
1.210169491525423632e-08 0.000000000000000000e+00
1.238983050847457556e-08 0.000000000000000000e+00
1.267796610169491480e-08 0.000000000000000000e+00
1.296610169491525403e-08 0.000000000000000000e+00
1.325423728813559327e-08 0.000000000000000000e+00
1.354237288135593250e-08 0.000000000000000000e+00
1.383050847457627009e-08 0.000000000000000000e+00
1.411864406779660932e-08 0.000000000000000000e+00
1.440677966101694856e-08 0.000000000000000000e+00
1.469491525423728779e-08 0.000000000000000000e+00
1.498305084745762703e-08 0.000000000000000000e+00
1.527118644067796461e-08 0.000000000000000000e+00
1.555932203389830550e-08 0.000000000000000000e+00
1.584745762711864308e-08 0.000000000000000000e+00
1.613559322033898397e-08 0.000000000000000000e+00
1.642372881355932155e-08 0.000000000000000000e+00
1.671186440677965913e-08 0.000000000000000000e+00
1.700000000000000002e-08 0.000000000000000000e+00
-----------------------------------------------------
