field_vs_time
---------------
0.000000000000000000e+00 0.000000000000000000e+00
4.693877551020407907e-10 -2.873793002915451652e+05
9.387755102040815814e-10 -5.747586005830903305e+05
1.408163265306122372e-09 -8.621379008746355539e+05
1.877551020408163163e-09 -1.149517201166180661e+06
2.346938775510203953e-09 -1.436896501457725884e+06
2.816326530612244744e-09 -1.724275801749271108e+06
3.285714285714285535e-09 -2.011655102040816098e+06
3.755102040816326326e-09 -2.299034402332361322e+06
4.224489795918367530e-09 -2.586413702623906545e+06
4.693877551020407907e-09 -2.873793002915451769e+06
5.163265306122448284e-09 -3.161172303206996527e+06
5.632653061224489488e-09 -3.448551603498542216e+06
6.102040816326530693e-09 -3.735930903790087439e+06
6.571428571428571070e-09 -4.023310204081632197e+06
7.040816326530611447e-09 -4.285700000000000000e+06
7.510204081632652651e-09 -4.285700000000000000e+06
7.979591836734693855e-09 -4.285700000000000000e+06
8.448979591836735060e-09 -4.285700000000000000e+06
8.918367346938774610e-09 -4.285700000000000000e+06
9.387755102040815814e-09 -4.285700000000000000e+06
9.857142857142857018e-09 -4.285700000000000000e+06
1.032653061224489657e-08 -4.285700000000000000e+06
1.079591836734693777e-08 -4.285700000000000000e+06
1.126530612244897898e-08 -4.285700000000000000e+06
1.173469387755102018e-08 -4.285700000000000000e+06
1.220408163265306139e-08 -4.285700000000000000e+06
1.267346938775510094e-08 -4.285700000000000000e+06
1.314285714285714214e-08 -4.285700000000000000e+06
1.361224489795918334e-08 -4.285700000000000000e+06
1.408163265306122289e-08 -4.285700000000000000e+06
1.455102040816326410e-08 -4.285700000000000000e+06
1.502040816326530530e-08 -4.285700000000000000e+06
1.548979591836734485e-08 -4.285700000000000000e+06
1.595918367346938771e-08 -4.285700000000000000e+06
1.642857142857142726e-08 -4.285700000000000000e+06
1.689795918367347012e-08 -4.285700000000000000e+06
1.736734693877550967e-08 -4.285700000000000000e+06
1.783673469387754922e-08 -4.285700000000000000e+06
1.830612244897959208e-08 -4.285700000000000000e+06
1.877551020408163163e-08 -4.285700000000000000e+06
1.924489795918367118e-08 -4.285700000000000000e+06
1.971428571428571404e-08 -4.285700000000000000e+06
2.018367346938775359e-08 -4.285700000000000000e+06
2.065306122448979314e-08 -4.285700000000000000e+06
2.112244897959183599e-08 -4.285700000000000000e+06
2.159183673469387554e-08 -4.285700000000000000e+06
2.206122448979591840e-08 -4.285700000000000000e+06
2.253061224489795795e-08 -4.285700000000000000e+06
2.300000000000000081e-08 -4.285700000000000000e+06
---------------
